2.198019064962863922e-02 1.143711153417825699e-02 7.535666227340698242e-01
6.554464995861053467e-02 -1.145261339843273163e-03 7.501354217529296875e-01
6.346534937620162964e-02 -1.407955307513475418e-02 7.495245337486267090e-01
8.460731059312820435e-02 -4.320499300956726074e-02 7.490437626838684082e-01
1.197537779808044434e-01 -5.350364744663238525e-02 8.335725665092468262e-01
2.024268954992294312e-01 -5.389183014631271362e-02 9.454746842384338379e-01
2.652705907821655273e-01 -3.638119250535964966e-02 9.586288332939147949e-01
3.095296621322631836e-01 -4.366674646735191345e-02 9.173958301544189453e-01
3.254679143428802490e-01 -3.793751448392868042e-02 8.451396226882934570e-01
3.728305399417877197e-01 -2.183590829372406006e-02 8.485370874404907227e-01
4.481847286224365234e-01 -1.828521490097045898e-02 8.913874030113220215e-01
4.995486140251159668e-01 -1.729510724544525146e-02 8.752180337905883789e-01
5.378551483154296875e-01 -1.679933629930019379e-03 8.195942640304565430e-01
5.603858828544616699e-01 3.238579258322715759e-03 7.557321786880493164e-01
5.530908107757568359e-01 1.853069663047790527e-02 6.992397904396057129e-01
5.349474549293518066e-01 1.272769086062908173e-02 6.194390058517456055e-01
5.275898575782775879e-01 7.955984212458133698e-03 5.491088032722473145e-01
5.328164696693420410e-01 -9.691489860415458679e-03 4.658694565296173096e-01
5.598568916320800781e-01 -3.827508538961410522e-02 4.581860899925231934e-01
5.477465391159057617e-01 -4.423630982637405396e-02 4.619666934013366699e-01
5.130133032798767090e-01 -3.463959693908691406e-02 3.985349237918853760e-01
4.619192481040954590e-01 -3.511064872145652771e-02 3.275383114814758301e-01
4.895722866058349609e-01 -4.454872012138366699e-02 3.213793337345123291e-01
6.357811093330383301e-01 -4.117381945252418518e-02 3.340181112289428711e-01
6.044899821281433105e-01 -3.635651618242263794e-02 2.878507077693939209e-01
5.155769586563110352e-01 -3.713392838835716248e-02 2.330654263496398926e-01
5.087712407112121582e-01 -3.044001385569572449e-02 2.153739333152770996e-01
6.061478257179260254e-01 -2.132547087967395782e-02 2.368807494640350342e-01
7.216522097587585449e-01 -2.123157121241092682e-02 2.410743683576583862e-01
7.568353414535522461e-01 -2.216249331831932068e-02 2.139220088720321655e-01
7.650601267814636230e-01 -2.806767635047435760e-02 1.717781722545623779e-01
7.675603032112121582e-01 -3.574070334434509277e-02 1.373770087957382202e-01
7.953652143478393555e-01 -2.961770817637443542e-02 1.214515715837478638e-01
8.832370638847351074e-01 -2.460134960711002350e-02 9.798127412796020508e-02
9.452265501022338867e-01 -2.638574689626693726e-02 6.350109726190567017e-02
9.609608054161071777e-01 -2.412017434835433960e-02 3.091949597001075745e-02
9.874649643898010254e-01 -1.772142015397548676e-02 7.672954350709915161e-03
1.032906532287597656e+00 -6.104105152189731598e-03 -1.124137267470359802e-02
1.110197901725769043e+00 -2.051395922899246216e-02 -1.841981895267963409e-02
1.136151432991027832e+00 -3.510334342718124390e-02 -3.570376709103584290e-02
1.134599208831787109e+00 -3.551764786243438721e-02 -5.064222961664199829e-02
1.141267061233520508e+00 -3.566069900989532471e-02 -7.422463595867156982e-02
1.143595457077026367e+00 -3.407566994428634644e-02 -9.494246542453765869e-02
1.143447399139404297e+00 -2.826632559299468994e-02 -1.050825417041778564e-01
1.139245390892028809e+00 -2.628866769373416901e-02 -1.206404939293861389e-01
1.096060156822204590e+00 -3.425171226263046265e-02 -1.356088221073150635e-01
1.064609646797180176e+00 -4.315980523824691772e-02 -1.429370343685150146e-01
1.058344602584838867e+00 -4.909393563866615295e-02 -1.473796218633651733e-01
1.054401159286499023e+00 -4.817336425185203552e-02 -1.569004505872726440e-01
1.072432518005371094e+00 -4.949332401156425476e-02 -1.691830903291702271e-01
1.075337529182434082e+00 -4.654671996831893921e-02 -1.777811497449874878e-01
1.066919684410095215e+00 -3.870081156492233276e-02 -1.806351840496063232e-01
1.063363075256347656e+00 -2.471150644123554230e-02 -1.810344159603118896e-01
1.069510579109191895e+00 -1.692352071404457092e-02 -1.863458305597305298e-01
1.052250504493713379e+00 -1.445452123880386353e-02 -1.940869390964508057e-01
1.034451723098754883e+00 -1.019257865846157074e-02 -1.937580555677413940e-01
1.015302538871765137e+00 -4.898548126220703125e-03 -1.855949759483337402e-01
1.001024246215820312e+00 -6.283652968704700470e-03 -1.810242831707000732e-01
9.900993108749389648e-01 -4.462323151528835297e-03 -1.792622804641723633e-01
9.535635113716125488e-01 -7.012247107923030853e-03 -1.642337292432785034e-01
9.409850239753723145e-01 -1.039248984307050705e-02 -1.694664806127548218e-01
9.281860589981079102e-01 -1.319631095975637436e-02 -1.692011058330535889e-01
9.238643646240234375e-01 1.984033733606338501e-03 -1.692902147769927979e-01
9.274412989616394043e-01 2.497154287993907928e-03 -1.735117435455322266e-01
9.105545878410339355e-01 -1.022764481604099274e-03 -1.654309332370758057e-01
9.170389175415039062e-01 1.467511989176273346e-03 -1.651263833045959473e-01
9.103363752365112305e-01 -1.436628401279449463e-03 -1.544669419527053833e-01
8.732082843780517578e-01 -1.141048036515712738e-02 -1.376499235630035400e-01
8.355701565742492676e-01 -1.129560358822345734e-02 -1.270324885845184326e-01
8.166884779930114746e-01 -1.750934496521949768e-02 -1.290342807769775391e-01
7.792267203330993652e-01 -2.590157836675643921e-02 -1.204828619956970215e-01
7.633454203605651855e-01 -1.927582919597625732e-02 -1.139442026615142822e-01
7.566537261009216309e-01 -2.980602532625198364e-02 -1.146725863218307495e-01
8.128028512001037598e-01 -3.360885381698608398e-02 -1.294481158256530762e-01
8.617136478424072266e-01 -3.577167913317680359e-02 -1.471611559391021729e-01
8.738735318183898926e-01 -3.498417511582374573e-02 -1.544694751501083374e-01
8.539447188377380371e-01 -1.227421313524246216e-02 -1.556152552366256714e-01
8.185154199600219727e-01 -2.412645146250724792e-03 -1.594044566154479980e-01
8.587999939918518066e-01 -7.998652756214141846e-03 -1.681793183088302612e-01
8.897721767425537109e-01 -6.093290634453296661e-03 -1.683900058269500732e-01
9.094176888465881348e-01 -3.170913085341453552e-03 -1.661147177219390869e-01
9.133403897285461426e-01 -6.482186727225780487e-03 -1.610274910926818848e-01
9.288108944892883301e-01 -3.840605728328227997e-03 -1.570659279823303223e-01
9.480113983154296875e-01 7.888138294219970703e-03 -1.525656580924987793e-01
9.363086223602294922e-01 -3.683830611407756805e-03 -1.576378941535949707e-01
9.511222243309020996e-01 -1.700356230139732361e-02 -1.667129844427108765e-01
9.195524454116821289e-01 4.836081527173519135e-03 -1.686492115259170532e-01
8.700219988822937012e-01 3.037876449525356293e-02 -1.476591378450393677e-01
8.243166804313659668e-01 1.198685262352228165e-02 -1.621153503656387329e-01
8.533037900924682617e-01 -1.240864302963018417e-02 -1.921797692775726318e-01
8.310856223106384277e-01 -9.530416689813137054e-03 -1.798901557922363281e-01
8.510603308677673340e-01 -5.330247804522514343e-03 -1.769520193338394165e-01
8.636386990547180176e-01 1.052262634038925171e-02 -1.714878231287002563e-01
1.000162839889526367e+00 3.453084081411361694e-02 -1.662332117557525635e-01
1.044315695762634277e+00 -9.192923083901405334e-03 -1.646115183830261230e-01
1.038270831108093262e+00 -1.463423389941453934e-02 -1.902158707380294800e-01
9.685714840888977051e-01 2.298139780759811401e-02 -1.950216144323348999e-01
9.452360868453979492e-01 1.975706033408641815e-02 -1.776597201824188232e-01
9.837199449539184570e-01 1.930194348096847534e-02 -1.928892284631729126e-01
9.964808821678161621e-01 4.360629245638847351e-03 -2.252255380153656006e-01
9.686260223388671875e-01 -3.219280019402503967e-02 -2.291897535324096680e-01
8.631227612495422363e-01 -2.869030460715293884e-02 -2.307839691638946533e-01
8.649467825889587402e-01 -1.519907265901565552e-03 -2.345568686723709106e-01
7.818484306335449219e-01 2.911473996937274933e-02 -2.117583155632019043e-01
6.997228860855102539e-01 3.620667010545730591e-02 -1.739641427993774414e-01
7.705212235450744629e-01 3.649451583623886108e-02 -1.650505512952804565e-01
8.292395472526550293e-01 3.060168027877807617e-02 -1.779696941375732422e-01
8.772549033164978027e-01 2.714195288717746735e-02 -2.052005082368850708e-01
8.677295446395874023e-01 2.137657999992370605e-02 -2.534109950065612793e-01
9.364686608314514160e-01 5.121709778904914856e-03 -2.757853865623474121e-01
9.659731388092041016e-01 -1.656819693744182587e-02 -2.814276814460754395e-01
9.499473571777343750e-01 -3.324466571211814880e-02 -2.801322042942047119e-01
9.161552786827087402e-01 -3.404501825571060181e-02 -2.678477764129638672e-01
8.921304345130920410e-01 -4.225300252437591553e-02 -2.739689052104949951e-01
8.400560021400451660e-01 -5.137385800480842590e-02 -2.720022797584533691e-01
8.262943625450134277e-01 -5.799402296543121338e-02 -2.741484940052032471e-01
8.154534101486206055e-01 -6.803041696548461914e-02 -2.779355645179748535e-01
7.643220424652099609e-01 -6.076803803443908691e-02 -2.821997702121734619e-01
7.436548471450805664e-01 -4.981862753629684448e-02 -2.720696926116943359e-01
7.420254945755004883e-01 -3.925561159849166870e-02 -2.700836360454559326e-01
7.684881687164306641e-01 -2.972521260380744934e-02 -2.851167023181915283e-01
7.851001620292663574e-01 -2.915247157216072083e-02 -2.929106056690216064e-01
7.845984697341918945e-01 -3.026674874126911163e-02 -2.843916714191436768e-01
7.937395572662353516e-01 -2.324996143579483032e-02 -2.848677337169647217e-01
8.840019702911376953e-01 -1.928800716996192932e-02 -3.092458248138427734e-01
8.798193335533142090e-01 -1.696904562413692474e-02 -3.146338462829589844e-01
8.318115472793579102e-01 -1.253201626241207123e-03 -3.305913209915161133e-01
8.436273932456970215e-01 1.976440660655498505e-03 -3.361110985279083252e-01
8.863680958747863770e-01 2.158328890800476074e-03 -3.408040702342987061e-01
9.176775813102722168e-01 -1.956893503665924072e-02 -3.542341887950897217e-01
9.400877952575683594e-01 -2.756604738533496857e-02 -3.650963604450225830e-01
9.224322438240051270e-01 -3.018700331449508667e-02 -3.730664551258087158e-01
9.112819433212280273e-01 -2.389011532068252563e-02 -3.978849649429321289e-01
9.218989610671997070e-01 -1.326937787234783173e-02 -4.085687994956970215e-01
9.361518621444702148e-01 -8.353467099368572235e-03 -4.118888378143310547e-01
9.650875926017761230e-01 -7.266282103955745697e-03 -4.103014171123504639e-01
9.757464528083801270e-01 -9.332206100225448608e-04 -4.163018763065338135e-01
9.752607345581054688e-01 -6.382474675774574280e-04 -4.107621312141418457e-01
9.648543596267700195e-01 -6.558324210345745087e-03 -4.015662074089050293e-01
9.457148313522338867e-01 -9.038388729095458984e-03 -4.071609079837799072e-01
9.213081002235412598e-01 -3.118978813290596008e-03 -4.008131325244903564e-01
8.959786891937255859e-01 -6.887338124215602875e-03 -3.961989879608154297e-01
8.794080018997192383e-01 -1.379959471523761749e-02 -3.950188755989074707e-01
8.564515709877014160e-01 -1.759970188140869141e-02 -3.835549652576446533e-01
8.627539277076721191e-01 -2.048536017537117004e-02 -3.975695073604583740e-01
8.857696652412414551e-01 -5.266357213258743286e-03 -4.225665926933288574e-01
8.918567895889282227e-01 2.099727280437946320e-03 -4.297240674495697021e-01
9.265326261520385742e-01 7.011274341493844986e-03 -4.320595562458038330e-01
9.285878539085388184e-01 9.102085605263710022e-03 -4.263495802879333496e-01
9.362139105796813965e-01 1.459913421422243118e-02 -4.214940667152404785e-01
9.450837969779968262e-01 1.852546259760856628e-02 -4.289230406284332275e-01
9.456028938293457031e-01 2.190610021352767944e-02 -4.429154396057128906e-01
9.253968596458435059e-01 2.713991887867450714e-02 -4.455339014530181885e-01
8.989698886871337891e-01 2.898248285055160522e-02 -4.432116448879241943e-01
8.930705785751342773e-01 2.680757269263267517e-02 -4.418452084064483643e-01
9.233617782592773438e-01 2.557110227644443512e-02 -4.506070315837860107e-01
9.491084814071655273e-01 3.028889745473861694e-02 -4.587979614734649658e-01
9.496748447418212891e-01 2.956797555088996887e-02 -4.666696488857269287e-01
9.480327367782592773e-01 2.736482769250869751e-02 -4.749487340450286865e-01
9.534042477607727051e-01 3.008028119802474976e-02 -4.831385016441345215e-01
9.626319408416748047e-01 3.431665897369384766e-02 -4.896476268768310547e-01
9.703013896942138672e-01 2.544034458696842194e-02 -4.974924623966217041e-01
9.841498732566833496e-01 2.154744230210781097e-02 -5.173468589782714844e-01
9.919426441192626953e-01 2.169850654900074005e-02 -5.382074713706970215e-01
9.887982010841369629e-01 1.792111247777938843e-02 -5.424925088882446289e-01
9.913306236267089844e-01 1.514144055545330048e-02 -5.456526279449462891e-01
9.768890738487243652e-01 1.394572667777538300e-02 -5.494163036346435547e-01
9.616593718528747559e-01 1.190566737204790115e-02 -5.561370849609375000e-01
9.403921961784362793e-01 1.299256086349487305e-02 -5.533354282379150391e-01
9.291641712188720703e-01 1.029261760413646698e-02 -5.503200292587280273e-01
9.103540778160095215e-01 1.263892278075218201e-02 -5.519533157348632812e-01
8.936723470687866211e-01 1.260977331548929214e-02 -5.485521554946899414e-01
8.882515430450439453e-01 1.122630015015602112e-02 -5.435394644737243652e-01
8.793988823890686035e-01 6.012594327330589294e-03 -5.461027622222900391e-01
8.751003146171569824e-01 7.730499841272830963e-03 -5.556271076202392578e-01
8.791759610176086426e-01 9.208623319864273071e-03 -5.652177929878234863e-01
8.841943144798278809e-01 1.054779626429080963e-02 -5.604034066200256348e-01
8.836939930915832520e-01 9.815141558647155762e-03 -5.611307621002197266e-01
8.859534859657287598e-01 2.367877401411533356e-03 -5.706453323364257812e-01
8.772001862525939941e-01 4.231472499668598175e-03 -5.716909170150756836e-01
8.758497238159179688e-01 4.608407616615295410e-03 -5.729796290397644043e-01
9.056838750839233398e-01 4.749629646539688110e-03 -5.867081880569458008e-01
9.051042795181274414e-01 4.885181784629821777e-03 -5.818191170692443848e-01
9.074191451072692871e-01 4.964030347764492035e-03 -5.732827186584472656e-01
8.915423750877380371e-01 1.153675559908151627e-02 -5.627407431602478027e-01
8.554046750068664551e-01 2.060115709900856018e-02 -5.452059507369995117e-01
8.350479602813720703e-01 3.722505271434783936e-02 -5.261117219924926758e-01
8.557163476943969727e-01 4.625819250941276550e-02 -5.323303341865539551e-01
8.625348210334777832e-01 5.633293092250823975e-02 -5.274699926376342773e-01
8.556656241416931152e-01 7.197287678718566895e-02 -5.241981744766235352e-01
8.200355768203735352e-01 7.316733896732330322e-02 -5.057558417320251465e-01
7.862896919250488281e-01 7.187964022159576416e-02 -4.840756058692932129e-01
7.826399803161621094e-01 8.812700212001800537e-02 -4.889811277389526367e-01
7.669744491577148438e-01 1.032015234231948853e-01 -4.899818897247314453e-01
7.496483922004699707e-01 1.196867674589157104e-01 -4.850185513496398926e-01
7.358494997024536133e-01 1.349390596151351929e-01 -4.770052731037139893e-01
7.139997482299804688e-01 1.548479497432708740e-01 -4.711758494377136230e-01
6.732422709465026855e-01 1.731711626052856445e-01 -4.610585868358612061e-01
6.630356907844543457e-01 1.785051077604293823e-01 -4.794349372386932373e-01
7.442754507064819336e-01 1.588996648788452148e-01 -5.386430621147155762e-01
7.839748859405517578e-01 1.408689469099044800e-01 -5.670805573463439941e-01
7.430811524391174316e-01 1.393703967332839966e-01 -5.501720309257507324e-01
7.120895981788635254e-01 1.305384635925292969e-01 -5.272178053855895996e-01
7.207649350166320801e-01 1.000655889511108398e-01 -5.306026339530944824e-01
7.201602458953857422e-01 9.649036824703216553e-02 -5.354274511337280273e-01
7.634382843971252441e-01 8.567606657743453979e-02 -5.624067187309265137e-01
8.195579051971435547e-01 8.018060028553009033e-02 -5.845711231231689453e-01
8.726120591163635254e-01 6.312862038612365723e-02 -6.031680107116699219e-01
8.867302536964416504e-01 5.265350639820098877e-02 -6.150332689285278320e-01
8.573533892631530762e-01 4.429940134286880493e-02 -6.078094840049743652e-01
8.396524786949157715e-01 4.421419650316238403e-02 -5.979065895080566406e-01
8.069843053817749023e-01 3.922604396939277649e-02 -5.845754742622375488e-01
7.969416975975036621e-01 3.913146629929542542e-02 -5.890647768974304199e-01
7.632942795753479004e-01 3.617466986179351807e-02 -5.756297707557678223e-01
6.832559108734130859e-01 3.860562667250633240e-02 -5.384576916694641113e-01
5.518072247505187988e-01 4.297874495387077332e-02 -4.662681818008422852e-01
5.013756155967712402e-01 2.857264690101146698e-02 -4.262501597404479980e-01
5.005606412887573242e-01 2.556837536394596100e-02 -4.282938838005065918e-01
5.501533150672912598e-01 1.631360314786434174e-02 -4.569214582443237305e-01
6.261487007141113281e-01 7.222332060337066650e-03 -5.030180215835571289e-01
6.660273075103759766e-01 1.486860029399394989e-02 -5.374556183815002441e-01
6.873061060905456543e-01 1.038936898112297058e-02 -5.564335584640502930e-01
6.503909230232238770e-01 -4.824977368116378784e-03 -5.303949713706970215e-01
5.828208923339843750e-01 -1.104156672954559326e-02 -4.867162108421325684e-01
5.702661275863647461e-01 -1.195981912314891815e-02 -4.750866293907165527e-01
5.642388463020324707e-01 -1.427787169814109802e-02 -4.737168550491333008e-01
5.606088042259216309e-01 -1.321773603558540344e-02 -4.787054061889648438e-01
5.611230134963989258e-01 -1.097335666418075562e-02 -4.817154109477996826e-01
5.552854537963867188e-01 -1.342169940471649170e-02 -4.764120876789093018e-01
5.504584908485412598e-01 -1.413088291883468628e-02 -4.757253825664520264e-01
5.313649177551269531e-01 -1.261299103498458862e-02 -4.608893096446990967e-01
5.172886848449707031e-01 -1.050908304750919342e-02 -4.497283399105072021e-01
5.064509510993957520e-01 -5.099093541502952576e-03 -4.388702809810638428e-01
5.077450275421142578e-01 1.774122938513755798e-03 -4.414570033550262451e-01
5.175750255584716797e-01 5.787346512079238892e-03 -4.527805149555206299e-01
5.035972595214843750e-01 6.649093702435493469e-03 -4.356366991996765137e-01
4.986748397350311279e-01 9.587178006768226624e-03 -4.321001470088958740e-01
5.000074505805969238e-01 1.341393124312162399e-02 -4.329749345779418945e-01
4.955000579357147217e-01 1.607777737081050873e-02 -4.275162816047668457e-01
4.882787466049194336e-01 2.013873681426048279e-02 -4.200964570045471191e-01
5.070855021476745605e-01 2.015851251780986786e-02 -4.407975673675537109e-01
5.383703708648681641e-01 1.977222412824630737e-02 -4.634003341197967529e-01
5.556387305259704590e-01 2.192013338208198547e-02 -4.744343459606170654e-01
5.690737366676330566e-01 1.680771820247173309e-02 -4.983766674995422363e-01
5.852547287940979004e-01 1.594483479857444763e-02 -5.079004168510437012e-01
6.325714588165283203e-01 2.398035489022731781e-02 -5.385058522224426270e-01
6.292163133621215820e-01 2.227597869932651520e-02 -5.410521626472473145e-01
6.620239615440368652e-01 1.764727197587490082e-02 -5.629498958587646484e-01
6.375527977943420410e-01 1.944391056895256042e-02 -5.341127514839172363e-01
6.047484874725341797e-01 1.358382031321525574e-02 -4.969592988491058350e-01
6.132891178131103516e-01 1.045557297766208649e-02 -5.014891624450683594e-01
6.258528232574462891e-01 9.689452126622200012e-03 -5.064311623573303223e-01
6.551222801208496094e-01 8.199596777558326721e-03 -5.168815255165100098e-01
6.860325336456298828e-01 9.029341861605644226e-03 -5.456330180168151855e-01
6.818580031394958496e-01 1.726478710770606995e-02 -5.582183003425598145e-01
6.294223666191101074e-01 3.045846335589885712e-02 -5.182215571403503418e-01
6.214358806610107422e-01 3.395143151283264160e-02 -5.132308602333068848e-01
6.355172395706176758e-01 1.583445258438587189e-02 -5.181472301483154297e-01
6.350471377372741699e-01 1.183975487947463989e-02 -5.256980657577514648e-01
6.246941685676574707e-01 2.361227571964263916e-02 -5.211353898048400879e-01
6.223227977752685547e-01 3.927908092737197876e-02 -5.217707157135009766e-01
6.151503920555114746e-01 4.955219477415084839e-02 -5.159875750541687012e-01
6.213343143463134766e-01 5.267022550106048584e-02 -5.134219527244567871e-01
6.696001291275024414e-01 4.936989024281501770e-02 -5.401754379272460938e-01
7.157074213027954102e-01 4.231452196836471558e-02 -5.745737552642822266e-01
7.160679101943969727e-01 2.672723308205604553e-02 -5.614939332008361816e-01
6.959954500198364258e-01 2.147427760064601898e-02 -5.416043996810913086e-01
6.964080333709716797e-01 2.473171614110469818e-02 -5.482528209686279297e-01
6.786161065101623535e-01 2.743778005242347717e-02 -5.355348587036132812e-01
6.602891087532043457e-01 2.919049188494682312e-02 -5.176386237144470215e-01
6.562914848327636719e-01 3.198044374585151672e-02 -5.177086591720581055e-01
6.681761741638183594e-01 3.747304528951644897e-02 -5.345851778984069824e-01
6.749529242515563965e-01 3.812084347009658813e-02 -5.416519045829772949e-01
6.749052405357360840e-01 3.677887469530105591e-02 -5.419244170188903809e-01
6.762403845787048340e-01 3.721858188509941101e-02 -5.430313348770141602e-01
6.729331612586975098e-01 3.570725023746490479e-02 -5.421965718269348145e-01
6.720545291900634766e-01 3.249846398830413818e-02 -5.463513731956481934e-01
6.901022195816040039e-01 2.783485502004623413e-02 -5.622054338455200195e-01
7.010711431503295898e-01 2.490664273500442505e-02 -5.700588226318359375e-01
6.958211064338684082e-01 2.829321660101413727e-02 -5.646534562110900879e-01
6.920824646949768066e-01 3.460370749235153198e-02 -5.604058504104614258e-01
6.807816028594970703e-01 3.835925459861755371e-02 -5.462822914123535156e-01
6.827391982078552246e-01 3.925167769193649292e-02 -5.466357469558715820e-01
6.886386275291442871e-01 4.238083958625793457e-02 -5.538687705993652344e-01
6.784656643867492676e-01 4.635824635624885559e-02 -5.422131419181823730e-01
6.871051192283630371e-01 4.644894227385520935e-02 -5.452301502227783203e-01
7.099311351776123047e-01 4.317519068717956543e-02 -5.626515150070190430e-01
7.259214520454406738e-01 4.021991789340972900e-02 -5.754672288894653320e-01
7.170963883399963379e-01 3.940754383802413940e-02 -5.705255866050720215e-01
7.015140652656555176e-01 4.141651093959808350e-02 -5.604969859123229980e-01
6.891701817512512207e-01 4.433870315551757812e-02 -5.521404147148132324e-01
6.928212642669677734e-01 4.437046870589256287e-02 -5.576342940330505371e-01
7.020298242568969727e-01 4.509780928492546082e-02 -5.656951069831848145e-01
7.014271616935729980e-01 4.514732211828231812e-02 -5.662189722061157227e-01
7.103754281997680664e-01 3.762281313538551331e-02 -5.793043375015258789e-01
7.466322779655456543e-01 3.219052031636238098e-02 -6.084331870079040527e-01
7.782175540924072266e-01 3.549115359783172607e-02 -6.287589073181152344e-01
7.794941663742065430e-01 4.054257646203041077e-02 -6.291341781616210938e-01
7.590859532356262207e-01 4.620796069502830505e-02 -6.163334846496582031e-01
7.439808249473571777e-01 4.575419425964355469e-02 -6.062371134757995605e-01
7.636420130729675293e-01 4.142380133271217346e-02 -6.207008361816406250e-01
7.889937162399291992e-01 4.166713356971740723e-02 -6.382671594619750977e-01
7.854388356208801270e-01 4.531957209110260010e-02 -6.355690956115722656e-01
7.674896717071533203e-01 4.894409328699111938e-02 -6.250662803649902344e-01
7.632246613502502441e-01 5.295561626553535461e-02 -6.235499978065490723e-01
7.640862464904785156e-01 5.454135313630104065e-02 -6.250479221343994141e-01
7.765663266181945801e-01 5.329529568552970886e-02 -6.362157464027404785e-01
7.920987010002136230e-01 4.910890012979507446e-02 -6.496828198432922363e-01
7.952572703361511230e-01 4.525505751371383667e-02 -6.515096426010131836e-01
7.960468530654907227e-01 4.397459700703620911e-02 -6.522984504699707031e-01
8.019542694091796875e-01 4.272245615720748901e-02 -6.571379899978637695e-01
8.005697131156921387e-01 4.524380713701248169e-02 -6.557640433311462402e-01
7.912183403968811035e-01 4.789735376834869385e-02 -6.447108983993530273e-01
7.807627916336059570e-01 5.240547284483909607e-02 -6.345443725585937500e-01
7.772779464721679688e-01 5.716659501194953918e-02 -6.280066967010498047e-01
7.742567658424377441e-01 5.869063735008239746e-02 -6.228129863739013672e-01
7.766369581222534180e-01 5.507794767618179321e-02 -6.242592930793762207e-01
7.899187207221984863e-01 5.136773735284805298e-02 -6.303462386131286621e-01
7.955006361007690430e-01 5.371237546205520630e-02 -6.341052651405334473e-01
7.931151986122131348e-01 5.387780442833900452e-02 -6.326457262039184570e-01
7.816511392593383789e-01 5.573123320937156677e-02 -6.230977773666381836e-01
7.778325676918029785e-01 5.454202741384506226e-02 -6.187341809272766113e-01
7.783582210540771484e-01 5.141086131334304810e-02 -6.187639832496643066e-01
7.812480926513671875e-01 5.320005118846893311e-02 -6.199939250946044922e-01
7.963047027587890625e-01 5.673279613256454468e-02 -6.293361783027648926e-01
8.006553053855895996e-01 5.935589224100112915e-02 -6.330392360687255859e-01
8.067710399627685547e-01 5.600317567586898804e-02 -6.362673044204711914e-01
8.119008541107177734e-01 5.459610000252723694e-02 -6.415372490882873535e-01
8.202314376831054688e-01 5.660016462206840515e-02 -6.501954793930053711e-01
8.157913088798522949e-01 5.524053052067756653e-02 -6.465573906898498535e-01
7.893157005310058594e-01 5.481109023094177246e-02 -6.284216046333312988e-01
7.595558166503906250e-01 5.591885745525360107e-02 -6.111568808555603027e-01
7.419296503067016602e-01 5.426379293203353882e-02 -6.011466383934020996e-01
7.522121071815490723e-01 4.935297369956970215e-02 -6.098998188972473145e-01
7.631422877311706543e-01 4.406039789319038391e-02 -6.166973710060119629e-01
7.737640142440795898e-01 4.121864587068557739e-02 -6.223763227462768555e-01
7.774677276611328125e-01 4.221192747354507446e-02 -6.248743534088134766e-01
7.783334851264953613e-01 4.435560479760169983e-02 -6.266210675239562988e-01
7.731213569641113281e-01 4.313779249787330627e-02 -6.213015317916870117e-01
7.677941322326660156e-01 4.206793010234832764e-02 -6.165859699249267578e-01
7.895600795745849609e-01 4.123212397098541260e-02 -6.326996088027954102e-01
7.955003976821899414e-01 4.097106307744979858e-02 -6.352811455726623535e-01
7.933768033981323242e-01 4.108575731515884399e-02 -6.333063840866088867e-01
7.962337732315063477e-01 4.082807898521423340e-02 -6.355912685394287109e-01
7.958244681358337402e-01 4.120907932519912720e-02 -6.335114836692810059e-01
8.084991574287414551e-01 4.004251956939697266e-02 -6.443884372711181641e-01
8.087661266326904297e-01 4.215826839208602905e-02 -6.503857970237731934e-01
7.745603322982788086e-01 3.668660670518875122e-02 -6.291781067848205566e-01
7.557223439216613770e-01 3.295595943927764893e-02 -6.154189109802246094e-01
7.785626053810119629e-01 3.810956701636314392e-02 -6.296799778938293457e-01
8.064022064208984375e-01 4.518618434667587280e-02 -6.458774805068969727e-01
8.181960582733154297e-01 4.953864216804504395e-02 -6.515426039695739746e-01
8.214255571365356445e-01 5.094728618860244751e-02 -6.542620658874511719e-01
8.241612911224365234e-01 5.035343766212463379e-02 -6.573920249938964844e-01
8.313484787940979004e-01 4.989699646830558777e-02 -6.632304191589355469e-01
8.188627958297729492e-01 4.755495116114616394e-02 -6.575295329093933105e-01
7.827661633491516113e-01 4.476875066757202148e-02 -6.318299770355224609e-01
7.482586503028869629e-01 3.839644044637680054e-02 -6.027978062629699707e-01
7.419435977935791016e-01 3.735185414552688599e-02 -5.920318961143493652e-01
7.398607730865478516e-01 3.326776623725891113e-02 -5.850161910057067871e-01
7.402955889701843262e-01 3.153757750988006592e-02 -5.834359526634216309e-01
7.533099055290222168e-01 3.338684886693954468e-02 -5.943824052810668945e-01
7.613793015480041504e-01 3.533523157238960266e-02 -6.016817688941955566e-01
7.865152359008789062e-01 3.762880340218544006e-02 -6.185975074768066406e-01
7.912724614143371582e-01 3.886639326810836792e-02 -6.221168637275695801e-01
7.784425020217895508e-01 3.342863172292709351e-02 -6.070111393928527832e-01
7.437137961387634277e-01 2.846922539174556732e-02 -5.772157907485961914e-01
7.220467329025268555e-01 3.043149411678314209e-02 -5.641135573387145996e-01
7.508037686347961426e-01 3.926045447587966919e-02 -5.890297889709472656e-01
7.593491077423095703e-01 4.517865553498268127e-02 -5.980216264724731445e-01
7.625297307968139648e-01 4.313164949417114258e-02 -6.038470864295959473e-01
7.755048871040344238e-01 3.930642455816268921e-02 -6.163105964660644531e-01
7.901849150657653809e-01 4.649363085627555847e-02 -6.154559850692749023e-01
7.723224163055419922e-01 4.536956921219825745e-02 -6.047895550727844238e-01
7.702977657318115234e-01 4.496215656399726868e-02 -6.056187748908996582e-01
7.894972562789916992e-01 4.375496879220008850e-02 -6.163564324378967285e-01
8.216001987457275391e-01 4.271721839904785156e-02 -6.356514096260070801e-01
8.516604900360107422e-01 4.847124591469764709e-02 -6.532879471778869629e-01
8.601927757263183594e-01 5.163487792015075684e-02 -6.564159393310546875e-01
8.530727028846740723e-01 5.156070366501808167e-02 -6.490133404731750488e-01
8.478484153747558594e-01 5.438819155097007751e-02 -6.443656086921691895e-01
8.387882113456726074e-01 5.834052711725234985e-02 -6.372275352478027344e-01
8.249893188476562500e-01 5.996040999889373779e-02 -6.246138811111450195e-01
8.083997964859008789e-01 6.053357198834419250e-02 -6.134117245674133301e-01
7.994260191917419434e-01 6.215701997280120850e-02 -6.080672740936279297e-01
8.073610663414001465e-01 6.598265469074249268e-02 -6.145696640014648438e-01
8.149293065071105957e-01 7.001801580190658569e-02 -6.220830082893371582e-01
8.079177737236022949e-01 7.174384593963623047e-02 -6.159196496009826660e-01
7.882097363471984863e-01 7.114935666322708130e-02 -5.924502015113830566e-01
7.643335461616516113e-01 6.819062680006027222e-02 -5.710794329643249512e-01
7.583023309707641602e-01 6.558881700038909912e-02 -5.683731436729431152e-01
7.753360271453857422e-01 6.534309685230255127e-02 -5.840554833412170410e-01
7.851495742797851562e-01 6.677694618701934814e-02 -5.936743021011352539e-01
7.664048671722412109e-01 7.258229702711105347e-02 -5.755912661552429199e-01
7.157503962516784668e-01 7.228737324476242065e-02 -5.333402156829833984e-01
6.982379555702209473e-01 7.028619945049285889e-02 -5.218850970268249512e-01
7.113016247749328613e-01 7.119045406579971313e-02 -5.313815474510192871e-01
7.164646387100219727e-01 6.588460505008697510e-02 -5.333723425865173340e-01
7.111768722534179688e-01 6.578941643238067627e-02 -5.204202532768249512e-01
6.905853152275085449e-01 6.076363474130630493e-02 -4.978202581405639648e-01
6.578422188758850098e-01 5.587659776210784912e-02 -4.747499227523803711e-01
6.473065614700317383e-01 4.835986346006393433e-02 -4.678857326507568359e-01
6.600335240364074707e-01 4.458224028348922729e-02 -4.740712940692901611e-01
6.735405921936035156e-01 4.402068629860877991e-02 -4.792349338531494141e-01
6.767937541007995605e-01 4.159341380000114441e-02 -4.796828329563140869e-01
6.778574585914611816e-01 3.819752857089042664e-02 -4.824184775352478027e-01
6.768698096275329590e-01 3.723104670643806458e-02 -4.818957149982452393e-01
6.656541228294372559e-01 3.689346462488174438e-02 -4.755798578262329102e-01
6.484060287475585938e-01 3.504612669348716736e-02 -4.658181071281433105e-01
6.315180063247680664e-01 3.384887427091598511e-02 -4.534013271331787109e-01
6.314261555671691895e-01 3.653572872281074524e-02 -4.505536258220672607e-01
6.373425722122192383e-01 4.062784463167190552e-02 -4.529927372932434082e-01
6.465678215026855469e-01 4.640688374638557434e-02 -4.562857747077941895e-01
6.475794911384582520e-01 4.821058735251426697e-02 -4.577424824237823486e-01
6.487957835197448730e-01 4.920532926917076111e-02 -4.636552333831787109e-01
6.507741212844848633e-01 5.132013186812400818e-02 -4.670387804508209229e-01
6.620812416076660156e-01 5.040279775857925415e-02 -4.767819941043853760e-01
6.705253124237060547e-01 4.548241198062896729e-02 -4.858556687831878662e-01
6.698654890060424805e-01 4.061853885650634766e-02 -4.863891899585723877e-01
6.754575967788696289e-01 3.662803769111633301e-02 -4.936380088329315186e-01
6.626620292663574219e-01 3.605594113469123840e-02 -4.939012229442596436e-01
6.477340459823608398e-01 3.340138867497444153e-02 -4.873519837856292725e-01
6.252802014350891113e-01 2.784962207078933716e-02 -4.713557064533233643e-01
6.139237880706787109e-01 3.583857417106628418e-02 -4.648695886135101318e-01
6.169100999832153320e-01 4.101458564400672913e-02 -4.643826484680175781e-01
6.441410779953002930e-01 4.059672355651855469e-02 -4.811232388019561768e-01
6.634731292724609375e-01 3.725480660796165466e-02 -4.957625567913055420e-01
6.846280694007873535e-01 3.294160217046737671e-02 -5.110015869140625000e-01
6.849910616874694824e-01 3.512549772858619690e-02 -5.146692395210266113e-01
6.639702320098876953e-01 4.282896593213081360e-02 -5.004453659057617188e-01
6.932780742645263672e-01 4.476400837302207947e-02 -5.115011930465698242e-01
7.478036284446716309e-01 4.352077841758728027e-02 -5.376633405685424805e-01
7.751973271369934082e-01 4.355324804782867432e-02 -5.509675145149230957e-01
7.925937175750732422e-01 4.588172957301139832e-02 -5.547204613685607910e-01
7.940418720245361328e-01 4.911042749881744385e-02 -5.496845841407775879e-01
7.867585420608520508e-01 4.762931540608406067e-02 -5.457509756088256836e-01
7.607833743095397949e-01 4.448200017213821411e-02 -5.282223224639892578e-01
7.256428003311157227e-01 4.353669658303260803e-02 -5.034759640693664551e-01
7.102694511413574219e-01 4.473221674561500549e-02 -4.900802671909332275e-01
6.944483518600463867e-01 4.538336023688316345e-02 -4.762440025806427002e-01
6.760241985321044922e-01 4.253644123673439026e-02 -4.620622098445892334e-01
6.932401657104492188e-01 3.735470771789550781e-02 -4.685471951961517334e-01
7.038500905036926270e-01 3.800048306584358215e-02 -4.769510328769683838e-01
6.581578254699707031e-01 4.046519100666046143e-02 -4.570516645908355713e-01
6.500790715217590332e-01 4.059777036309242249e-02 -4.552559256553649902e-01
6.892196536064147949e-01 3.701185435056686401e-02 -4.723233580589294434e-01
7.053102850914001465e-01 4.024598747491836548e-02 -4.790046215057373047e-01
6.806925535202026367e-01 4.488759487867355347e-02 -4.691271781921386719e-01
6.753192543983459473e-01 4.614199325442314148e-02 -4.713183343410491943e-01
6.989781856536865234e-01 4.372188076376914978e-02 -4.862534403800964355e-01
7.107908129692077637e-01 4.156489297747612000e-02 -4.936603605747222900e-01
7.155005931854248047e-01 4.218925535678863525e-02 -4.982528984546661377e-01
6.912886500358581543e-01 4.314303398132324219e-02 -4.870108366012573242e-01
6.710262894630432129e-01 4.576897993683815002e-02 -4.773076176643371582e-01
6.371374726295471191e-01 4.690937697887420654e-02 -4.575946629047393799e-01
6.294032335281372070e-01 4.699321091175079346e-02 -4.446473717689514160e-01
6.435508728027343750e-01 4.895527660846710205e-02 -4.457764923572540283e-01
6.878439188003540039e-01 5.229744315147399902e-02 -4.653317332267761230e-01
7.107809185981750488e-01 5.160072818398475647e-02 -4.678186476230621338e-01
7.031434178352355957e-01 5.126567184925079346e-02 -4.570645391941070557e-01
6.966521739959716797e-01 5.021757259964942932e-02 -4.551886916160583496e-01
7.245947122573852539e-01 5.028142780065536499e-02 -4.768799245357513428e-01
7.795451879501342773e-01 5.338169634342193604e-02 -5.119929313659667969e-01
7.974762320518493652e-01 5.620987340807914734e-02 -5.288946628570556641e-01
7.974145412445068359e-01 6.204826012253761292e-02 -5.308867096900939941e-01
7.811489105224609375e-01 6.105958670377731323e-02 -5.218625068664550781e-01
7.969679236412048340e-01 6.065059453248977661e-02 -5.360022187232971191e-01
8.285351991653442383e-01 6.337480992078781128e-02 -5.559300780296325684e-01
8.783872127532958984e-01 7.047840207815170288e-02 -5.812262296676635742e-01
9.316973090171813965e-01 7.910861074924468994e-02 -6.136683225631713867e-01
9.662390351295471191e-01 8.818072825670242310e-02 -6.387709379196166992e-01
9.881980419158935547e-01 9.019248187541961670e-02 -6.587885618209838867e-01
9.971987605094909668e-01 9.462963044643402100e-02 -6.718157529830932617e-01
9.871121048927307129e-01 1.024002358317375183e-01 -6.687299609184265137e-01
9.519417285919189453e-01 1.016093045473098755e-01 -6.420575976371765137e-01
9.320816993713378906e-01 1.011970117688179016e-01 -6.284901499748229980e-01
9.725545048713684082e-01 1.103138327598571777e-01 -6.597138643264770508e-01
1.004545688629150391e+00 1.209012418985366821e-01 -6.855051517486572266e-01
9.807537794113159180e-01 1.124488487839698792e-01 -6.653046011924743652e-01
9.211879968643188477e-01 6.948250532150268555e-02 -6.152045726776123047e-01
9.273565411567687988e-01 5.974376574158668518e-02 -6.202639937400817871e-01
9.460479021072387695e-01 8.285573869943618774e-02 -6.448860764503479004e-01
9.909681677818298340e-01 1.007974818348884583e-01 -6.736983656883239746e-01
1.014052271842956543e+00 1.108168065547943115e-01 -6.872040629386901855e-01
1.000280857086181641e+00 1.100945621728897095e-01 -6.743683218955993652e-01
1.000035762786865234e+00 1.140441969037055969e-01 -6.706279516220092773e-01
1.017187356948852539e+00 1.206117495894432068e-01 -6.760264039039611816e-01
1.025998473167419434e+00 1.220994293689727783e-01 -6.813707351684570312e-01
1.024584770202636719e+00 1.216898933053016663e-01 -6.773263812065124512e-01
1.021235346794128418e+00 1.171246021986007690e-01 -6.686082482337951660e-01
1.026511907577514648e+00 1.163536608219146729e-01 -6.657698750495910645e-01
1.038746595382690430e+00 1.151980459690093994e-01 -6.673119068145751953e-01
1.034137487411499023e+00 1.108807474374771118e-01 -6.587319970130920410e-01
1.020897030830383301e+00 1.036563888192176819e-01 -6.484468579292297363e-01
1.035745263099670410e+00 1.042544394731521606e-01 -6.540125608444213867e-01
1.043327450752258301e+00 1.119352132081985474e-01 -6.489976644515991211e-01
1.048819422721862793e+00 1.115629076957702637e-01 -6.463961601257324219e-01
1.064046859741210938e+00 1.168634444475173950e-01 -6.468901634216308594e-01
1.059733152389526367e+00 1.190161257982254028e-01 -6.417303681373596191e-01
1.034879446029663086e+00 1.161286309361457825e-01 -6.319340467453002930e-01
1.000988006591796875e+00 1.141366809606552124e-01 -6.177835464477539062e-01
9.730749130249023438e-01 1.080544218420982361e-01 -6.037243008613586426e-01
9.409362077713012695e-01 1.005636602640151978e-01 -5.873265862464904785e-01
9.312142729759216309e-01 9.433346241712570190e-02 -5.805897116661071777e-01
9.276270866394042969e-01 8.935228735208511353e-02 -5.759572982788085938e-01
9.329299330711364746e-01 9.265087544918060303e-02 -5.748224258422851562e-01
9.358347058296203613e-01 8.773315697908401489e-02 -5.721971988677978516e-01
9.169927835464477539e-01 7.983513176441192627e-02 -5.577555894851684570e-01
9.056065678596496582e-01 7.804625481367111206e-02 -5.534234642982482910e-01
8.971648216247558594e-01 7.615247368812561035e-02 -5.470096468925476074e-01
9.069401621818542480e-01 7.344609498977661133e-02 -5.496624112129211426e-01
9.127473235130310059e-01 7.345806807279586792e-02 -5.536450147628784180e-01
9.188153743743896484e-01 7.063416391611099243e-02 -5.560534596443176270e-01
9.308263659477233887e-01 6.862843036651611328e-02 -5.602539777755737305e-01
9.171337485313415527e-01 6.224696338176727295e-02 -5.518600940704345703e-01
8.909597992897033691e-01 5.440977215766906738e-02 -5.366447567939758301e-01
8.725263476371765137e-01 5.348914116621017456e-02 -5.285100936889648438e-01
8.996083140373229980e-01 6.863213330507278442e-02 -5.508767366409301758e-01
9.101139903068542480e-01 7.822877168655395508e-02 -5.661575198173522949e-01
9.130471944808959961e-01 7.943829149007797241e-02 -5.656753778457641602e-01
9.340267181396484375e-01 7.644326984882354736e-02 -5.676848292350769043e-01
9.415960907936096191e-01 7.824368774890899658e-02 -5.690016150474548340e-01
9.291332960128784180e-01 8.011868596076965332e-02 -5.598761439323425293e-01
9.384972453117370605e-01 8.596861362457275391e-02 -5.633985400199890137e-01
9.188007116317749023e-01 7.985214889049530029e-02 -5.557913780212402344e-01
8.837330937385559082e-01 7.936683297157287598e-02 -5.403532385826110840e-01
8.754157423973083496e-01 7.158213853836059570e-02 -5.256785750389099121e-01
8.438005447387695312e-01 6.401475518941879272e-02 -5.097743272781372070e-01
7.987713813781738281e-01 6.400523334741592407e-02 -4.896333813667297363e-01
7.905363440513610840e-01 6.639828532934188843e-02 -4.763047695159912109e-01
7.929955124855041504e-01 6.986109912395477295e-02 -4.732396602630615234e-01
8.324748277664184570e-01 8.283640444278717041e-02 -4.878827035427093506e-01
8.573309779167175293e-01 9.252670407295227051e-02 -4.972325563430786133e-01
8.535513281822204590e-01 9.113688766956329346e-02 -4.988698363304138184e-01
8.779273033142089844e-01 8.847154676914215088e-02 -5.090493559837341309e-01
8.829853534698486328e-01 9.299986064434051514e-02 -5.026186108589172363e-01
9.077723622322082520e-01 1.000445410609245300e-01 -5.098865032196044922e-01
9.180585145950317383e-01 9.994824230670928955e-02 -5.151536464691162109e-01
9.037840962409973145e-01 1.004736721515655518e-01 -5.067744851112365723e-01
8.978376388549804688e-01 1.015361696481704712e-01 -5.004155635833740234e-01
9.214741587638854980e-01 9.883950650691986084e-02 -5.080889463424682617e-01
9.853264689445495605e-01 9.477381408214569092e-02 -5.417768955230712891e-01
1.016809582710266113e+00 9.465411305427551270e-02 -5.619173049926757812e-01
1.009583353996276855e+00 9.168242663145065308e-02 -5.536879897117614746e-01
9.799301624298095703e-01 8.787272125482559204e-02 -5.442125797271728516e-01
9.823182821273803711e-01 8.876989036798477173e-02 -5.559827685356140137e-01
9.710736870765686035e-01 8.546654134988784790e-02 -5.554670691490173340e-01
9.469420313835144043e-01 8.404268324375152588e-02 -5.410720109939575195e-01
9.492058157920837402e-01 8.813752979040145874e-02 -5.407405495643615723e-01
9.448924064636230469e-01 8.896269649267196655e-02 -5.356764793395996094e-01
9.369674921035766602e-01 8.589336276054382324e-02 -5.286057591438293457e-01
9.902396798133850098e-01 8.660164475440979004e-02 -5.569588541984558105e-01
1.005423426628112793e+00 9.431718289852142334e-02 -5.669434070587158203e-01
9.686153531074523926e-01 9.278962761163711548e-02 -5.529139637947082520e-01
9.186701178550720215e-01 8.073699474334716797e-02 -5.215673446655273438e-01
8.897643089294433594e-01 7.221978157758712769e-02 -5.023753643035888672e-01
8.871296048164367676e-01 6.805767863988876343e-02 -5.019578337669372559e-01
8.786289095878601074e-01 6.494525074958801270e-02 -5.005692839622497559e-01
8.895915150642395020e-01 5.894027277827262878e-02 -5.121805667877197266e-01
9.000923037528991699e-01 6.154415756464004517e-02 -5.291839241981506348e-01
9.095801115036010742e-01 6.293997913599014282e-02 -5.345693826675415039e-01
9.684973955154418945e-01 6.663307547569274902e-02 -5.651475191116333008e-01
1.002865552902221680e+00 6.639958918094635010e-02 -5.710368156433105469e-01
9.923350214958190918e-01 6.125349551439285278e-02 -5.608899593353271484e-01
9.762253761291503906e-01 6.197863072156906128e-02 -5.692744851112365723e-01
9.586910605430603027e-01 5.714261531829833984e-02 -5.649780035018920898e-01
9.513083100318908691e-01 5.425408110022544861e-02 -5.486856102943420410e-01
9.412936568260192871e-01 5.331064388155937195e-02 -5.243425965309143066e-01
9.638828635215759277e-01 5.599083378911018372e-02 -5.275804996490478516e-01
9.928573369979858398e-01 5.983917415142059326e-02 -5.416054725646972656e-01
1.010894179344177246e+00 5.780348926782608032e-02 -5.534853935241699219e-01
1.036909222602844238e+00 5.754349380731582642e-02 -5.696941614151000977e-01
1.058781147003173828e+00 6.054621562361717224e-02 -5.794546008110046387e-01
1.059005856513977051e+00 6.385174393653869629e-02 -5.794216990470886230e-01
1.038399696350097656e+00 6.452018022537231445e-02 -5.705484151840209961e-01
1.012525439262390137e+00 6.169721856713294983e-02 -5.598728656768798828e-01
9.800020456314086914e-01 6.119545176625251770e-02 -5.390755534172058105e-01
9.621472358703613281e-01 6.052146852016448975e-02 -5.263854265213012695e-01
9.737504720687866211e-01 6.069349125027656555e-02 -5.262901782989501953e-01
1.000668048858642578e+00 6.235709786415100098e-02 -5.301423668861389160e-01
9.976683855056762695e-01 5.736855044960975647e-02 -5.392754673957824707e-01
9.951562881469726562e-01 5.751530081033706665e-02 -5.561659932136535645e-01
1.022544026374816895e+00 5.751754716038703918e-02 -5.772193074226379395e-01
1.078337550163269043e+00 5.933987349271774292e-02 -6.084554791450500488e-01
1.078939080238342285e+00 6.688050925731658936e-02 -6.132096052169799805e-01
1.054837465286254883e+00 8.041414618492126465e-02 -5.948042273521423340e-01
1.050757646560668945e+00 9.951561689376831055e-02 -5.694880485534667969e-01
1.073536038398742676e+00 9.843882918357849121e-02 -5.630694627761840820e-01
1.106450796127319336e+00 9.850062429904937744e-02 -5.691400170326232910e-01
1.125696182250976562e+00 9.824009239673614502e-02 -5.988653898239135742e-01
1.120165109634399414e+00 8.248509466648101807e-02 -5.979893207550048828e-01
1.063456654548645020e+00 5.175155401229858398e-02 -5.799833536148071289e-01
1.014054298400878906e+00 4.399224370718002319e-02 -5.687303543090820312e-01
9.861842393875122070e-01 6.053845211863517761e-02 -5.610108971595764160e-01
9.709475636482238770e-01 6.440226733684539795e-02 -5.403974652290344238e-01
9.606660604476928711e-01 6.135275587439537048e-02 -5.413397550582885742e-01
1.001080632209777832e+00 6.763732433319091797e-02 -5.630049109458923340e-01
1.009113788604736328e+00 6.155770272016525269e-02 -5.666557550430297852e-01
9.966419339179992676e-01 8.034686744213104248e-02 -5.720112323760986328e-01
9.963670969009399414e-01 8.780723810195922852e-02 -5.712015628814697266e-01
9.940879344940185547e-01 9.411735832691192627e-02 -5.616272687911987305e-01
9.485062956809997559e-01 7.541340589523315430e-02 -5.247337222099304199e-01
9.716868996620178223e-01 7.172439992427825928e-02 -5.402145385742187500e-01
1.035663962364196777e+00 9.291283786296844482e-02 -5.744721293449401855e-01
1.072150111198425293e+00 1.130543649196624756e-01 -5.884374976158142090e-01
1.085023760795593262e+00 9.836269915103912354e-02 -5.895512104034423828e-01
1.076251149177551270e+00 6.912226229906082153e-02 -5.780548453330993652e-01
1.068896770477294922e+00 6.113423407077789307e-02 -5.762721896171569824e-01
1.081271767616271973e+00 4.508913308382034302e-02 -5.797379016876220703e-01
1.056940913200378418e+00 4.760412871837615967e-02 -5.812380313873291016e-01
1.032337188720703125e+00 5.255152657628059387e-02 -5.819104313850402832e-01
1.057516574859619141e+00 6.475339829921722412e-02 -5.976431965827941895e-01
1.056521773338317871e+00 7.100225985050201416e-02 -5.831027030944824219e-01
1.093498587608337402e+00 8.046021312475204468e-02 -5.912476181983947754e-01
1.166543245315551758e+00 9.773799031972885132e-02 -6.372579932212829590e-01
1.167546629905700684e+00 9.506542980670928955e-02 -6.473143100738525391e-01
1.152773141860961914e+00 9.444755315780639648e-02 -6.309932470321655273e-01
1.129051804542541504e+00 9.354244917631149292e-02 -6.173509955406188965e-01
1.111236214637756348e+00 8.656328916549682617e-02 -6.070173978805541992e-01
1.132493019104003906e+00 8.121382445096969604e-02 -6.198769211769104004e-01
1.121867299079895020e+00 7.929794490337371826e-02 -5.959267020225524902e-01
1.112473368644714355e+00 6.030999869108200073e-02 -5.859396457672119141e-01
1.139681339263916016e+00 6.629543751478195190e-02 -6.100617647171020508e-01
1.099332571029663086e+00 6.608472764492034912e-02 -5.926842093467712402e-01
1.093131065368652344e+00 6.220948696136474609e-02 -5.881335735321044922e-01
1.113242149353027344e+00 5.686447024345397949e-02 -6.077965497970581055e-01
1.131044268608093262e+00 5.303375050425529480e-02 -6.262478828430175781e-01
1.125185847282409668e+00 5.652627348899841309e-02 -6.288963556289672852e-01
1.073289752006530762e+00 5.310345441102981567e-02 -5.950741171836853027e-01
9.894071817398071289e-01 4.041785001754760742e-02 -5.483804345130920410e-01
9.346715807914733887e-01 3.950388729572296143e-02 -5.164406299591064453e-01
9.300227165222167969e-01 4.440120607614517212e-02 -5.107111930847167969e-01
9.523503780364990234e-01 5.636303871870040894e-02 -5.287389159202575684e-01
1.018007636070251465e+00 6.136770918965339661e-02 -5.596045851707458496e-01
1.068954229354858398e+00 5.651930719614028931e-02 -5.731680393218994141e-01
1.049383401870727539e+00 4.413153976202011108e-02 -5.588348507881164551e-01
1.036227941513061523e+00 3.971961140632629395e-02 -5.501262545585632324e-01
1.077405333518981934e+00 4.726814478635787964e-02 -5.748898983001708984e-01
1.057148933410644531e+00 4.890114068984985352e-02 -5.749017596244812012e-01
1.009852051734924316e+00 4.618141055107116699e-02 -5.536448955535888672e-01
9.714351892471313477e-01 4.020202532410621643e-02 -5.332095623016357422e-01
9.167575240135192871e-01 4.168555513024330139e-02 -5.071250796318054199e-01
9.332548379898071289e-01 4.643991589546203613e-02 -5.164706110954284668e-01
9.525329470634460449e-01 5.854557454586029053e-02 -5.250974893569946289e-01
9.681194424629211426e-01 5.336458981037139893e-02 -5.246831178665161133e-01
9.949607253074645996e-01 4.732610285282135010e-02 -5.307092666625976562e-01
9.844447970390319824e-01 4.224073514342308044e-02 -5.312315225601196289e-01
9.822336435317993164e-01 4.040201753377914429e-02 -5.295680165290832520e-01
9.941897988319396973e-01 4.163742810487747192e-02 -5.288945436477661133e-01
9.804226160049438477e-01 3.422747552394866943e-02 -5.200757980346679688e-01
9.644710421562194824e-01 3.413447737693786621e-02 -5.132392644882202148e-01
9.707297086715698242e-01 4.237113147974014282e-02 -5.126028656959533691e-01
9.443333148956298828e-01 4.699388146400451660e-02 -4.930633604526519775e-01
9.098265171051025391e-01 4.206877946853637695e-02 -4.735794961452484131e-01
9.345161914825439453e-01 3.564381599426269531e-02 -4.805351197719573975e-01
9.792867302894592285e-01 3.251970186829566956e-02 -5.017389059066772461e-01
9.978718757629394531e-01 3.724131733179092407e-02 -5.093862414360046387e-01
9.887208342552185059e-01 3.455725312232971191e-02 -5.037928223609924316e-01
1.002323627471923828e+00 3.543942049145698547e-02 -5.034232139587402344e-01
1.014227151870727539e+00 4.038907587528228760e-02 -5.065786838531494141e-01
1.020865678787231445e+00 4.396071285009384155e-02 -5.098719000816345215e-01
1.023897528648376465e+00 4.575711116194725037e-02 -5.089337825775146484e-01
1.016183495521545410e+00 4.026696085929870605e-02 -5.050808787345886230e-01
9.944742918014526367e-01 3.415836393833160400e-02 -4.945945441722869873e-01
1.004446864128112793e+00 4.249250516295433044e-02 -5.061357617378234863e-01
1.021199464797973633e+00 3.747568279504776001e-02 -5.159867405891418457e-01
1.004642248153686523e+00 3.460727632045745850e-02 -5.103387832641601562e-01
9.710053205490112305e-01 3.720229864120483398e-02 -4.973554909229278564e-01
9.730117321014404297e-01 3.626582771539688110e-02 -4.969080388545989990e-01
1.002663969993591309e+00 3.039334341883659363e-02 -5.068943500518798828e-01
1.035549521446228027e+00 3.250588849186897278e-02 -5.191709399223327637e-01
1.004986286163330078e+00 2.050941623747348785e-02 -4.910939931869506836e-01
1.016080260276794434e+00 2.219578996300697327e-02 -4.970989525318145752e-01
1.012568831443786621e+00 4.038994386792182922e-02 -5.059007406234741211e-01
9.881392717361450195e-01 4.510411247611045837e-02 -4.963403344154357910e-01
9.816246628761291504e-01 4.175652563571929932e-02 -4.896319806575775146e-01
9.634426832199096680e-01 3.585115820169448853e-02 -4.779390990734100342e-01
9.685881733894348145e-01 3.088129498064517975e-02 -4.772852361202239990e-01
9.680731296539306641e-01 2.501749619841575623e-02 -4.751558899879455566e-01
9.662168025970458984e-01 2.200672402977943420e-02 -4.714539051055908203e-01
9.696027040481567383e-01 1.905671693384647369e-02 -4.747166633605957031e-01
9.725479483604431152e-01 1.650198549032211304e-02 -4.773436784744262695e-01
9.796937704086303711e-01 1.790496148169040680e-02 -4.772000908851623535e-01
9.800547957420349121e-01 1.706744357943534851e-02 -4.761618971824645996e-01
9.716806411743164062e-01 1.518480852246284485e-02 -4.737482070922851562e-01
9.670599102973937988e-01 1.420085132122039795e-02 -4.724377095699310303e-01
9.622738361358642578e-01 1.669510640203952789e-02 -4.697954356670379639e-01
9.712811112403869629e-01 2.105473354458808899e-02 -4.760374724864959717e-01
9.850298762321472168e-01 2.227888628840446472e-02 -4.848284721374511719e-01
9.971478581428527832e-01 2.360770851373672485e-02 -4.929712116718292236e-01
1.012303113937377930e+00 2.404764294624328613e-02 -5.044405460357666016e-01
1.027831912040710449e+00 2.479862794280052185e-02 -5.099225640296936035e-01
1.041842818260192871e+00 2.555791288614273071e-02 -5.084609985351562500e-01
1.010140776634216309e+00 2.198483422398567200e-02 -4.918181002140045166e-01
9.919919967651367188e-01 1.725947484374046326e-02 -4.906397461891174316e-01
9.865365624427795410e-01 1.643098890781402588e-02 -4.894254207611083984e-01
9.795461297035217285e-01 1.772962138056755066e-02 -4.868087172508239746e-01
9.601470828056335449e-01 1.218299940228462219e-02 -4.773987531661987305e-01
9.408741593360900879e-01 1.217626035213470459e-03 -4.656134247779846191e-01
9.469969272613525391e-01 2.070562914013862610e-03 -4.620733857154846191e-01
1.001153588294982910e+00 6.632933393120765686e-03 -4.833864271640777588e-01
1.033778786659240723e+00 8.439226076006889343e-03 -4.955880045890808105e-01
9.368492960929870605e-01 3.483012318611145020e-03 -4.486665129661560059e-01
9.158658981323242188e-01 2.951813861727714539e-03 -4.456498622894287109e-01
9.768156409263610840e-01 7.686377502977848053e-03 -4.625199139118194580e-01
1.018338322639465332e+00 1.400680094957351685e-02 -4.748911559581756592e-01
1.005840897560119629e+00 1.272997539490461349e-02 -4.661028683185577393e-01
1.017704129219055176e+00 1.656499505043029785e-02 -4.825702011585235596e-01
9.981017112731933594e-01 1.194687653332948685e-02 -4.865754842758178711e-01
9.953198432922363281e-01 9.643004275858402252e-03 -4.843902289867401123e-01
1.027741909027099609e+00 1.369216106832027435e-02 -4.886094331741333008e-01
9.925441741943359375e-01 1.509290188550949097e-02 -4.728966653347015381e-01
9.612101316452026367e-01 1.562608964741230011e-02 -4.592968225479125977e-01
9.959377050399780273e-01 1.476769242435693741e-02 -4.801895618438720703e-01
1.022388100624084473e+00 1.528797671198844910e-02 -4.921042621135711670e-01
1.019818902015686035e+00 1.561705395579338074e-02 -4.837785661220550537e-01
1.048559069633483887e+00 2.243996225297451019e-02 -4.885747134685516357e-01
9.970450997352600098e-01 2.190690115094184875e-02 -4.753530025482177734e-01
9.824395775794982910e-01 1.920626312494277954e-02 -4.763391911983489990e-01
1.009681701660156250e+00 1.890998706221580505e-02 -4.811077117919921875e-01
1.001020669937133789e+00 1.892398297786712646e-02 -4.675306379795074463e-01
9.915175437927246094e-01 1.672962494194507599e-02 -4.551204442977905273e-01
1.004248976707458496e+00 1.971422135829925537e-02 -4.630380570888519287e-01
1.007838129997253418e+00 2.268300764262676239e-02 -4.662411212921142578e-01
1.017647385597229004e+00 2.692739665508270264e-02 -4.690314829349517822e-01
9.909025430679321289e-01 2.397093921899795532e-02 -4.604215919971466064e-01
1.005719661712646484e+00 3.307260200381278992e-02 -4.743463397026062012e-01
1.051948308944702148e+00 4.490090906620025635e-02 -5.071661472320556641e-01
1.077233076095581055e+00 4.785204678773880005e-02 -5.209642648696899414e-01
1.110293030738830566e+00 4.485052824020385742e-02 -5.281382799148559570e-01
1.139382362365722656e+00 4.284185916185379028e-02 -5.287140607833862305e-01
1.122229218482971191e+00 4.008900374174118042e-02 -5.245145559310913086e-01
1.102380633354187012e+00 3.975836187601089478e-02 -5.257954597473144531e-01
1.101686120033264160e+00 3.591743111610412598e-02 -5.180989503860473633e-01
1.101575970649719238e+00 2.912039309740066528e-02 -5.111712813377380371e-01
1.099867463111877441e+00 2.966806106269359589e-02 -5.045369267463684082e-01
1.086062788963317871e+00 2.825360000133514404e-02 -4.914616942405700684e-01
1.094385623931884766e+00 3.469020873308181763e-02 -4.964565038681030273e-01
1.130539298057556152e+00 4.106495901942253113e-02 -5.032252669334411621e-01
1.101828098297119141e+00 3.601054474711418152e-02 -4.942449331283569336e-01
1.139077901840209961e+00 3.624424710869789124e-02 -5.144774913787841797e-01
1.125142931938171387e+00 3.649261966347694397e-02 -5.144710540771484375e-01
1.119021058082580566e+00 3.772181272506713867e-02 -5.042169690132141113e-01
1.097961425781250000e+00 3.940101712942123413e-02 -4.924404919147491455e-01
1.074251890182495117e+00 3.903814405202865601e-02 -4.810045957565307617e-01
1.079236388206481934e+00 3.886760398745536804e-02 -4.828135967254638672e-01
1.093870282173156738e+00 3.724290803074836731e-02 -4.863938689231872559e-01
1.092887997627258301e+00 3.432444483041763306e-02 -4.832262396812438965e-01
1.106230974197387695e+00 3.217249736189842224e-02 -4.878292381763458252e-01
1.105333089828491211e+00 3.703461587429046631e-02 -4.862468242645263672e-01
1.055672764778137207e+00 3.802153840661048889e-02 -4.684122800827026367e-01
1.078517436981201172e+00 3.544488921761512756e-02 -4.761655032634735107e-01
1.078437209129333496e+00 4.157280176877975464e-02 -4.769432842731475830e-01
1.067637562751770020e+00 4.163616523146629333e-02 -4.741328358650207520e-01
1.054472446441650391e+00 3.988365083932876587e-02 -4.651595950126647949e-01
1.042407393455505371e+00 4.113195091485977173e-02 -4.599745869636535645e-01
1.035101652145385742e+00 4.302950948476791382e-02 -4.574959278106689453e-01
1.034580826759338379e+00 4.549624770879745483e-02 -4.577405154705047607e-01
1.024920582771301270e+00 4.721895977854728699e-02 -4.575041234493255615e-01
1.016355156898498535e+00 4.939100146293640137e-02 -4.581257402896881104e-01
1.019063115119934082e+00 4.830832406878471375e-02 -4.601221680641174316e-01
1.025776863098144531e+00 4.566782340407371521e-02 -4.631722271442413330e-01
1.008360147476196289e+00 4.227310419082641602e-02 -4.533486962318420410e-01
1.003874063491821289e+00 3.875908255577087402e-02 -4.515283107757568359e-01
9.995649456977844238e-01 4.045255109667778015e-02 -4.509532749652862549e-01
9.883055090904235840e-01 4.168072342872619629e-02 -4.479913413524627686e-01
9.869322776794433594e-01 4.195320606231689453e-02 -4.486450850963592529e-01
9.942675232887268066e-01 4.555536806583404541e-02 -4.543264210224151611e-01
9.911535382270812988e-01 4.806968569755554199e-02 -4.585510492324829102e-01
9.886229038238525391e-01 4.743954539299011230e-02 -4.601734280586242676e-01
9.892060756683349609e-01 4.767683148384094238e-02 -4.629746079444885254e-01
9.941627979278564453e-01 4.651378840208053589e-02 -4.636129140853881836e-01
9.960659742355346680e-01 4.426116496324539185e-02 -4.608027040958404541e-01
9.764363765716552734e-01 4.249258711934089661e-02 -4.535072445869445801e-01
9.535366296768188477e-01 4.238116741180419922e-02 -4.508054852485656738e-01
9.417217969894409180e-01 4.276389628648757935e-02 -4.532861411571502686e-01
9.527087807655334473e-01 4.323133453726768494e-02 -4.607160687446594238e-01
9.812816977500915527e-01 4.276265949010848999e-02 -4.708691835403442383e-01
1.017051696777343750e+00 4.652367532253265381e-02 -4.790876805782318115e-01
1.016338467597961426e+00 3.607876971364021301e-02 -4.769846200942993164e-01
1.028578042984008789e+00 3.315785527229309082e-02 -4.856821000576019287e-01
9.807573556900024414e-01 3.272476419806480408e-02 -4.797839224338531494e-01
9.733762741088867188e-01 4.591781273484230042e-02 -4.966866374015808105e-01
9.764412641525268555e-01 5.522020906209945679e-02 -4.940682351589202881e-01
9.875925779342651367e-01 5.407118797302246094e-02 -4.881622195243835449e-01
9.823409914970397949e-01 5.146318674087524414e-02 -4.813803136348724365e-01
9.736238121986389160e-01 5.009341984987258911e-02 -4.807097017765045166e-01
9.813134670257568359e-01 4.931218177080154419e-02 -4.875843822956085205e-01
9.933543205261230469e-01 5.043686553835868835e-02 -4.911674261093139648e-01
1.009623646736145020e+00 5.095331370830535889e-02 -4.958733320236206055e-01
1.021759152412414551e+00 4.696937650442123413e-02 -5.019337534904479980e-01
1.040424346923828125e+00 4.608928784728050232e-02 -5.079315900802612305e-01
1.059003353118896484e+00 4.747066274285316467e-02 -5.226758122444152832e-01
1.112856984138488770e+00 4.630609601736068726e-02 -5.577607154846191406e-01
1.120637297630310059e+00 3.855227306485176086e-02 -5.692577958106994629e-01
1.067395329475402832e+00 2.586704306304454803e-02 -5.434847474098205566e-01
1.058534383773803711e+00 2.716719359159469604e-02 -5.329099297523498535e-01
1.057681441307067871e+00 3.320105373859405518e-02 -5.166609287261962891e-01
1.036015152931213379e+00 3.413143754005432129e-02 -5.047372579574584961e-01
1.019557118415832520e+00 3.334686532616615295e-02 -5.001229047775268555e-01
9.973050355911254883e-01 3.252875059843063354e-02 -4.880078732967376709e-01
9.803545475006103516e-01 3.158985823392868042e-02 -4.807632863521575928e-01
9.730244278907775879e-01 3.373557329177856445e-02 -4.754721522331237793e-01
9.598472118377685547e-01 3.616333380341529846e-02 -4.636045098304748535e-01
9.378513693809509277e-01 3.292841091752052307e-02 -4.504041075706481934e-01
9.116633534431457520e-01 2.775716781616210938e-02 -4.309507310390472412e-01
9.034457206726074219e-01 2.382165752351284027e-02 -4.200352430343627930e-01
8.938349485397338867e-01 2.529137395322322845e-02 -4.111354053020477295e-01
8.889850378036499023e-01 2.397184260189533234e-02 -4.053542017936706543e-01
8.908836245536804199e-01 2.549017220735549927e-02 -4.003616273403167725e-01
8.868396878242492676e-01 2.623678371310234070e-02 -3.988973498344421387e-01
8.928206562995910645e-01 2.453866228461265564e-02 -4.055064916610717773e-01
9.052954912185668945e-01 2.068761922419071198e-02 -4.066441059112548828e-01
9.044903516769409180e-01 2.027370966970920563e-02 -4.047767519950866699e-01
9.088041186332702637e-01 2.038360387086868286e-02 -4.087028205394744873e-01
9.074754714965820312e-01 2.053241804242134094e-02 -4.105798900127410889e-01
9.080341458320617676e-01 2.172257564961910248e-02 -4.166690707206726074e-01
9.017916917800903320e-01 2.121056430041790009e-02 -4.188222885131835938e-01
9.153363108634948730e-01 2.093304321169853210e-02 -4.265211522579193115e-01
9.170194864273071289e-01 2.072111703455448151e-02 -4.313013553619384766e-01
8.966497778892517090e-01 1.897506415843963623e-02 -4.198569953441619873e-01
8.948239684104919434e-01 1.715956628322601318e-02 -4.236029982566833496e-01
8.917224407196044922e-01 1.531676948070526123e-02 -4.236714541912078857e-01
8.933586478233337402e-01 1.344615034759044647e-02 -4.251574277877807617e-01
9.059007763862609863e-01 1.184633374214172363e-02 -4.292527437210083008e-01
9.127253890037536621e-01 1.112019643187522888e-02 -4.297681748867034912e-01
9.249476194381713867e-01 1.089910417795181274e-02 -4.349670708179473877e-01
9.278891086578369141e-01 8.729644119739532471e-03 -4.371901452541351318e-01
9.295217990875244141e-01 9.416613727807998657e-03 -4.382994472980499268e-01
9.309024214744567871e-01 1.027443259954452515e-02 -4.400960505008697510e-01
9.238308072090148926e-01 9.554088115692138672e-03 -4.377692043781280518e-01
9.283217191696166992e-01 9.214147925376892090e-03 -4.380256533622741699e-01
9.349104762077331543e-01 5.903646349906921387e-03 -4.415101408958435059e-01
9.377369880676269531e-01 3.733113408088684082e-05 -4.419758617877960205e-01
9.460114240646362305e-01 2.810768783092498779e-04 -4.423466622829437256e-01
9.273229241371154785e-01 9.872019290924072266e-05 -4.352241754531860352e-01
9.131537079811096191e-01 -2.809531986713409424e-03 -4.299184679985046387e-01
8.917251229286193848e-01 -5.963638424873352051e-03 -4.151649475097656250e-01
8.668351173400878906e-01 -9.719237685203552246e-03 -3.982218205928802490e-01
9.013957381248474121e-01 -6.846114993095397949e-03 -3.993403017520904541e-01
9.129615426063537598e-01 -8.749257773160934448e-03 -4.063545167446136475e-01
9.120301604270935059e-01 -1.232652738690376282e-02 -4.129297733306884766e-01
8.835698962211608887e-01 -3.434598445892333984e-03 -4.013967514038085938e-01
8.556054234504699707e-01 -5.417905747890472412e-03 -3.718338906764984131e-01
8.561244010925292969e-01 -5.721312016248703003e-03 -3.673099875450134277e-01
8.534824252128601074e-01 -7.497396320104598999e-03 -3.655662238597869873e-01
8.581289052963256836e-01 -1.088886335492134094e-02 -3.670017421245574951e-01
8.562183380126953125e-01 -1.211427897214889526e-02 -3.621463775634765625e-01
8.544480204582214355e-01 -1.052433624863624573e-02 -3.580798804759979248e-01
8.534631133079528809e-01 -5.457062274217605591e-03 -3.548367917537689209e-01
8.550656437873840332e-01 -1.893542706966400146e-03 -3.553580045700073242e-01
8.582680225372314453e-01 -9.086355566978454590e-05 -3.592807352542877197e-01
8.656229972839355469e-01 2.346191555261611938e-03 -3.649680018424987793e-01
8.651816844940185547e-01 1.903202384710311890e-03 -3.649048507213592529e-01
8.605698347091674805e-01 1.350056380033493042e-03 -3.633341789245605469e-01
8.501006364822387695e-01 3.130123019218444824e-03 -3.620081245899200439e-01
8.539439439773559570e-01 4.775259643793106079e-03 -3.628483414649963379e-01
8.469623327255249023e-01 2.618104219436645508e-03 -3.655765354633331299e-01
8.499200344085693359e-01 5.379918962717056274e-03 -3.728701770305633545e-01
8.510136604309082031e-01 6.786402314901351929e-03 -3.768528401851654053e-01
8.660060763359069824e-01 8.727107197046279907e-03 -3.870601952075958252e-01
8.834941387176513672e-01 1.222060248255729675e-02 -3.949602544307708740e-01
8.879911899566650391e-01 1.090928167104721069e-02 -3.965649306774139404e-01
8.903533220291137695e-01 6.695300340652465820e-03 -4.022972881793975830e-01
8.944290280342102051e-01 9.715180844068527222e-03 -4.045457541942596436e-01
9.017870426177978516e-01 1.261319965124130249e-02 -4.088158607482910156e-01
9.093820452690124512e-01 1.207944005727767944e-02 -4.124923050403594971e-01
8.939709663391113281e-01 6.808172911405563354e-03 -4.091646671295166016e-01
8.787510991096496582e-01 5.393635481595993042e-03 -4.051156342029571533e-01
8.894719481468200684e-01 7.109127938747406006e-03 -4.097043871879577637e-01
8.925948143005371094e-01 1.070894300937652588e-02 -4.061037898063659668e-01
8.846033215522766113e-01 1.334251835942268372e-02 -3.956657052040100098e-01
8.655880689620971680e-01 1.090939342975616455e-02 -3.848790824413299561e-01
8.476865887641906738e-01 1.160719618201255798e-02 -3.768220841884613037e-01
8.377326130867004395e-01 1.472944766283035278e-02 -3.759558796882629395e-01
8.309620022773742676e-01 1.625516638159751892e-02 -3.793972432613372803e-01
8.144028782844543457e-01 1.691075786948204041e-02 -3.775700926780700684e-01
8.038810491561889648e-01 1.929425448179244995e-02 -3.802041113376617432e-01
7.793589234352111816e-01 1.766895502805709839e-02 -3.840681910514831543e-01
7.379966378211975098e-01 2.017268352210521698e-02 -3.873658180236816406e-01
6.908691525459289551e-01 1.665786281228065491e-02 -3.813219368457794189e-01
6.765695214271545410e-01 1.173869892954826355e-02 -3.756635189056396484e-01
7.257687449455261230e-01 1.961576193571090698e-02 -4.052937328815460205e-01
7.528938055038452148e-01 3.164067119359970093e-02 -4.569457173347473145e-01
7.817718982696533203e-01 4.141923785209655762e-02 -4.880456924438476562e-01
8.246471285820007324e-01 5.939039215445518494e-02 -5.346367955207824707e-01
8.570313453674316406e-01 6.365648657083511353e-02 -5.855160355567932129e-01
8.939302563667297363e-01 6.362440437078475952e-02 -6.455063223838806152e-01
8.672460913658142090e-01 6.436134874820709229e-02 -6.480304002761840820e-01
8.509529232978820801e-01 6.342719495296478271e-02 -6.537515521049499512e-01
8.291638493537902832e-01 7.264065742492675781e-02 -6.682625412940979004e-01
7.526071667671203613e-01 7.105042040348052979e-02 -6.179916262626647949e-01
6.537255644798278809e-01 6.636242568492889404e-02 -5.830705761909484863e-01
5.526009202003479004e-01 6.418866664171218872e-02 -5.126685500144958496e-01
4.884364008903503418e-01 5.513997003436088562e-02 -4.588845968246459961e-01
4.386835396289825439e-01 4.776243120431900024e-02 -4.376057386398315430e-01
3.982554674148559570e-01 7.169607281684875488e-02 -4.097112417221069336e-01
4.144999086856842041e-01 9.159879386425018311e-02 -4.580056369304656982e-01
4.186506569385528564e-01 9.426079690456390381e-02 -4.914312958717346191e-01
4.026518464088439941e-01 8.417837321758270264e-02 -5.068685412406921387e-01
4.059474170207977295e-01 6.877016276121139526e-02 -5.494406223297119141e-01
4.184877276420593262e-01 6.032931432127952576e-02 -6.013020873069763184e-01
3.733382523059844971e-01 5.592903494834899902e-02 -5.719809532165527344e-01
3.191041648387908936e-01 4.388418048620223999e-02 -5.260725617408752441e-01
3.032664954662322998e-01 4.844626411795616150e-02 -5.147420763969421387e-01
3.177458941936492920e-01 7.153198868036270142e-02 -5.855276584625244141e-01
2.901969552040100098e-01 9.120688587427139282e-02 -5.757457613945007324e-01
2.862197160720825195e-01 1.085721254348754883e-01 -5.834135413169860840e-01
2.891575992107391357e-01 9.740151464939117432e-02 -6.627802252769470215e-01
2.555786967277526855e-01 7.933647930622100830e-02 -6.773869991302490234e-01
1.813117563724517822e-01 5.436560139060020447e-02 -6.379622817039489746e-01
1.640354990959167480e-01 3.939388692378997803e-02 -6.395751237869262695e-01
1.555097401142120361e-01 4.755891487002372742e-02 -6.687064170837402344e-01
1.524721980094909668e-01 4.223009571433067322e-02 -7.111135125160217285e-01
1.522848010063171387e-01 4.185330495238304138e-02 -7.559387683868408203e-01
1.704393476247787476e-01 5.707762017846107483e-02 -8.651975393295288086e-01
1.499278694391250610e-01 5.272108688950538635e-02 -9.464675188064575195e-01
1.127914711833000183e-01 4.794425889849662781e-02 -9.516590833663940430e-01
9.893627464771270752e-02 5.415513738989830017e-02 -9.859551787376403809e-01
9.423677623271942139e-02 7.178425788879394531e-02 -1.025475144386291504e+00
7.588007301092147827e-02 7.017064839601516724e-02 -1.021479964256286621e+00
5.176306143403053284e-02 6.337514519691467285e-02 -1.007936716079711914e+00
3.361250460147857666e-02 6.975993514060974121e-02 -9.722821116447448730e-01
9.537324309349060059e-03 7.807642221450805664e-02 -9.405743479728698730e-01
-1.198139227926731110e-02 9.731246531009674072e-02 -9.806996583938598633e-01
-5.770289897918701172e-02 1.108331084251403809e-01 -1.048916816711425781e+00
-1.177172139286994934e-01 1.258782148361206055e-01 -1.106768012046813965e+00
-1.638956815004348755e-01 1.264996677637100220e-01 -1.080403923988342285e+00
-1.779716014862060547e-01 1.181637793779373169e-01 -1.001360177993774414e+00
-1.935313194990158081e-01 9.570430964231491089e-02 -9.644302725791931152e-01
-2.165539860725402832e-01 8.894424885511398315e-02 -9.442683458328247070e-01
-2.531000077724456787e-01 9.413994103670120239e-02 -1.013869762420654297e+00
-3.114750087261199951e-01 1.089071929454803467e-01 -1.128914475440979004e+00
-3.400946557521820068e-01 1.081753671169281006e-01 -1.162825465202331543e+00
-3.757042586803436279e-01 1.082995980978012085e-01 -1.162433266639709473e+00
-3.943839073181152344e-01 9.791719913482666016e-02 -1.105819821357727051e+00
-3.833274245262145996e-01 6.839942187070846558e-02 -9.872125387191772461e-01
-3.644238114356994629e-01 4.962879791855812073e-02 -8.685886859893798828e-01
-3.501384854316711426e-01 5.445468053221702576e-02 -7.816172838211059570e-01
-3.725995421409606934e-01 5.515215545892715454e-02 -7.568526864051818848e-01
-4.489923119544982910e-01 8.246970176696777344e-02 -8.324522972106933594e-01
-5.361946821212768555e-01 9.361437708139419556e-02 -8.858867287635803223e-01
-5.539840459823608398e-01 9.494252502918243408e-02 -8.456894755363464355e-01
-5.534992218017578125e-01 8.684293925762176514e-02 -7.933903932571411133e-01
-5.520887374877929688e-01 7.435938715934753418e-02 -7.558568120002746582e-01
-5.495244264602661133e-01 7.210581004619598389e-02 -7.230278849601745605e-01
-5.137779116630554199e-01 6.527822464704513550e-02 -6.556370854377746582e-01
-5.431933403015136719e-01 6.859406083822250366e-02 -6.581625938415527344e-01
-5.690494179725646973e-01 8.325040340423583984e-02 -6.689927577972412109e-01
-5.813665986061096191e-01 8.593165874481201172e-02 -6.531914472579956055e-01
-5.730597376823425293e-01 8.749798685312271118e-02 -6.025429964065551758e-01
-5.713866949081420898e-01 8.067057281732559204e-02 -5.556995868682861328e-01
-6.340447664260864258e-01 8.458039909601211548e-02 -5.662103295326232910e-01
-6.644828915596008301e-01 8.394241333007812500e-02 -5.527160763740539551e-01
-6.823578476905822754e-01 8.870545029640197754e-02 -5.425964593887329102e-01
-7.091396450996398926e-01 8.710579574108123779e-02 -5.340897440910339355e-01
-7.406648993492126465e-01 9.407396614551544189e-02 -5.190819501876831055e-01
-7.623240947723388672e-01 8.824672549962997437e-02 -4.967461526393890381e-01
-7.611666917800903320e-01 8.006976544857025146e-02 -4.550787806510925293e-01
-7.140876054763793945e-01 7.198256254196166992e-02 -4.002145528793334961e-01
-6.987019777297973633e-01 6.794523447751998901e-02 -3.686576485633850098e-01
-7.451512813568115234e-01 7.015582174062728882e-02 -3.567166328430175781e-01
-8.150535821914672852e-01 7.950002700090408325e-02 -3.567262589931488037e-01
-9.010997414588928223e-01 8.492915332317352295e-02 -3.699331879615783691e-01
-9.910460710525512695e-01 9.130855649709701538e-02 -3.740824460983276367e-01
-1.039376974105834961e+00 8.849647641181945801e-02 -3.605481982231140137e-01
-1.050739169120788574e+00 7.702826708555221558e-02 -3.354893922805786133e-01
-1.049462914466857910e+00 6.473413109779357910e-02 -3.062229752540588379e-01
-1.040881633758544922e+00 5.635231360793113708e-02 -2.794025540351867676e-01
-1.043920516967773438e+00 6.022290885448455811e-02 -2.677381932735443115e-01
-1.036029100418090820e+00 6.697780638933181763e-02 -2.487751543521881104e-01
-1.014746546745300293e+00 7.672727853059768677e-02 -2.361713349819183350e-01
-1.019452571868896484e+00 7.615132629871368408e-02 -2.298465967178344727e-01
-1.058559179306030273e+00 7.747403532266616821e-02 -2.171556651592254639e-01
-1.063379406929016113e+00 8.285202085971832275e-02 -2.046577483415603638e-01
-1.067034244537353516e+00 8.538762480020523071e-02 -1.946371048688888550e-01
-1.071398973464965820e+00 8.068253099918365479e-02 -1.777110993862152100e-01
-1.082864761352539062e+00 7.542996108531951904e-02 -1.615649014711380005e-01
-1.056421399116516113e+00 7.570999860763549805e-02 -1.453424096107482910e-01
-1.014424920082092285e+00 7.831012457609176636e-02 -1.336089670658111572e-01
-1.000101447105407715e+00 8.339007943868637085e-02 -1.230285912752151489e-01
-9.867107272148132324e-01 8.462902903556823730e-02 -1.128461360931396484e-01
-9.909332394599914551e-01 8.016806840896606445e-02 -1.089128926396369934e-01
-9.823125004768371582e-01 7.669498026371002197e-02 -1.021276414394378662e-01
-9.827588796615600586e-01 7.935300469398498535e-02 -1.033454164862632751e-01
-1.007302522659301758e+00 8.618557453155517578e-02 -1.010808944702148438e-01
-9.973927736282348633e-01 8.381688594818115234e-02 -8.830048143863677979e-02
-9.867748618125915527e-01 8.391702175140380859e-02 -7.999505102634429932e-02
-9.784497618675231934e-01 8.514407277107238770e-02 -7.763183861970901489e-02
-9.696075320243835449e-01 7.774566113948822021e-02 -8.038923144340515137e-02
-9.615526795387268066e-01 7.776907086372375488e-02 -8.200534433126449585e-02
-9.252821207046508789e-01 8.070868253707885742e-02 -8.061191439628601074e-02
-8.807206153869628906e-01 7.386432588100433350e-02 -8.072737604379653931e-02
-8.563707470893859863e-01 6.881311535835266113e-02 -8.068738877773284912e-02
-8.688387870788574219e-01 6.999753415584564209e-02 -8.185216784477233887e-02
-8.647680878639221191e-01 6.828647106885910034e-02 -8.103246986865997314e-02
-8.461066484451293945e-01 6.522843241691589355e-02 -7.935533672571182251e-02
-8.437494039535522461e-01 6.157930940389633179e-02 -7.902205735445022583e-02
-8.425886034965515137e-01 5.530642345547676086e-02 -7.573775947093963623e-02
-8.367668986320495605e-01 5.225858837366104126e-02 -7.251098752021789551e-02
-8.308939337730407715e-01 5.165367200970649719e-02 -7.306394726037979126e-02
-8.171818852424621582e-01 4.976906254887580872e-02 -7.203857600688934326e-02
-7.936755418777465820e-01 4.344301298260688782e-02 -7.189273834228515625e-02
-7.871863842010498047e-01 3.801224380731582642e-02 -7.091295719146728516e-02
-8.083956837654113770e-01 3.878016024827957153e-02 -6.385587900876998901e-02
-8.290419578552246094e-01 4.092241451144218445e-02 -6.076424568891525269e-02
-8.566578030586242676e-01 3.905357420444488525e-02 -5.750609561800956726e-02
-8.801668882369995117e-01 4.049608856439590454e-02 -5.608088523149490356e-02
-8.686473965644836426e-01 3.908659517765045166e-02 -5.357689037919044495e-02
-8.587577939033508301e-01 4.004358127713203430e-02 -5.027414113283157349e-02
-8.555437922477722168e-01 4.158448800444602966e-02 -4.696968570351600647e-02
-8.576387166976928711e-01 3.949334844946861267e-02 -4.231141507625579834e-02
-8.583725690841674805e-01 3.561900556087493896e-02 -3.454843163490295410e-02
-8.592905402183532715e-01 2.872298471629619598e-02 -2.221555262804031372e-02
-8.665217161178588867e-01 2.715552225708961487e-02 -1.097101625055074692e-02
-8.857728242874145508e-01 3.158146515488624573e-02 -6.976265925914049149e-03
-9.065988063812255859e-01 4.078162834048271179e-02 7.367282174527645111e-03
-9.201254248619079590e-01 4.709502309560775757e-02 2.683608792722225189e-02
-9.460738897323608398e-01 4.718638956546783447e-02 5.177272856235504150e-02
-9.447492957115173340e-01 4.779753088951110840e-02 6.766203045845031738e-02
-9.439548850059509277e-01 4.652495309710502625e-02 8.383177220821380615e-02
-9.587382674217224121e-01 3.908454254269599915e-02 1.038199290633201599e-01
-9.295894503593444824e-01 2.604427188634872437e-02 1.166161969304084778e-01
-8.509788513183593750e-01 1.050481945276260376e-02 1.262168884277343750e-01
-8.639633059501647949e-01 8.910566568374633789e-03 1.534467935562133789e-01
-9.244781732559204102e-01 1.934871263802051544e-02 2.028841972351074219e-01
-9.482662081718444824e-01 2.257626503705978394e-02 2.468779981136322021e-01
-9.489349126815795898e-01 1.889714039862155914e-02 2.853456437587738037e-01
-1.016727447509765625e+00 2.813210524618625641e-02 3.227508068084716797e-01
-1.043371081352233887e+00 2.634056843817234039e-02 3.532676100730895996e-01
-1.009619235992431641e+00 1.933560147881507874e-02 3.733423352241516113e-01
-9.726078510284423828e-01 1.302545238286256790e-02 3.950298428535461426e-01
-9.320282340049743652e-01 2.017846331000328064e-02 4.152054488658905029e-01
-8.706788420677185059e-01 3.290246427059173584e-02 4.245139062404632568e-01
-8.557571172714233398e-01 3.964883834123611450e-02 4.532730281352996826e-01
-8.099617958068847656e-01 2.006765455007553101e-02 4.695731997489929199e-01
-7.457290887832641602e-01 9.423136711120605469e-03 4.773589074611663818e-01
-7.875580787658691406e-01 3.363426774740219116e-02 5.422061085700988770e-01
-8.453840613365173340e-01 3.280099108815193176e-02 6.279091238975524902e-01
-8.647567629814147949e-01 1.778306066989898682e-02 6.933650970458984375e-01
-8.407226204872131348e-01 1.244710385799407959e-02 7.167429327964782715e-01
-7.967623472213745117e-01 1.020401529967784882e-02 7.285069227218627930e-01
-7.563673853874206543e-01 3.851146670058369637e-03 7.387241721153259277e-01
-7.440905570983886719e-01 -5.384922027587890625e-03 7.756006717681884766e-01
-7.123776078224182129e-01 -1.288328599184751511e-02 7.945917844772338867e-01
-6.785632967948913574e-01 -1.573709025979042053e-02 8.005706071853637695e-01
-6.262360811233520508e-01 -1.955184526741504669e-02 7.929012775421142578e-01
-5.482717156410217285e-01 -2.263920009136199951e-02 7.583814263343811035e-01
-5.583379268646240234e-01 -8.623254485428333282e-03 8.223260641098022461e-01
-5.818378329277038574e-01 -1.685078442096710205e-02 9.165472388267517090e-01
-5.542619228363037109e-01 -2.237806096673011780e-02 9.361014962196350098e-01
-5.171268582344055176e-01 -1.482644677162170410e-02 9.447094202041625977e-01
-4.887048900127410889e-01 -1.443530432879924774e-02 9.550241231918334961e-01
-4.654741287231445312e-01 -1.766924187541007996e-02 9.628362655639648438e-01
-4.466039240360260010e-01 -1.923202909529209137e-02 9.879456758499145508e-01
-4.399883449077606201e-01 -2.077908441424369812e-02 1.040972709655761719e+00
-4.175672531127929688e-01 -2.739463001489639282e-02 1.073220610618591309e+00
-3.773462176322937012e-01 -3.092220053076744080e-02 1.081867456436157227e+00
-3.337573707103729248e-01 -2.958187833428382874e-02 1.082637906074523926e+00
-2.820787131786346436e-01 -2.766167372465133667e-02 1.034954071044921875e+00
-2.360297143459320068e-01 -3.032540716230869293e-02 1.015991687774658203e+00
-1.976203471422195435e-01 -4.443321749567985535e-02 1.047484874725341797e+00
-1.690964847803115845e-01 -3.869581595063209534e-02 1.087494730949401855e+00
-1.404023319482803345e-01 -3.036786988377571106e-02 1.090983986854553223e+00
-1.032438427209854126e-01 -2.781398035585880280e-02 1.074733853340148926e+00
-6.796523928642272949e-02 -2.340044081211090088e-02 1.122900843620300293e+00
-3.119726479053497314e-02 -2.663586661219596863e-02 1.093892335891723633e+00
-1.017071306705474854e-03 -3.377253189682960510e-02 1.110864758491516113e+00
3.897701948881149292e-02 -4.462482780218124390e-02 1.150382399559020996e+00
8.449914306402206421e-02 -5.796647444367408752e-02 1.148537874221801758e+00
1.261894255876541138e-01 -6.128470599651336670e-02 1.130396604537963867e+00
1.674590855836868286e-01 -6.538376212120056152e-02 1.072713613510131836e+00
2.149432003498077393e-01 -6.903472542762756348e-02 1.075422883033752441e+00
2.581876516342163086e-01 -7.963886111974716187e-02 1.073237180709838867e+00
3.014287650585174561e-01 -8.379112184047698975e-02 1.088242411613464355e+00
3.456929922103881836e-01 -8.752224594354629517e-02 1.100403666496276855e+00
3.850963413715362549e-01 -8.898603171110153198e-02 1.110357046127319336e+00
4.152141809463500977e-01 -8.549872785806655884e-02 1.098461747169494629e+00
4.371469616889953613e-01 -8.128678798675537109e-02 1.079068541526794434e+00
4.571432173252105713e-01 -7.878648489713668823e-02 1.064009308815002441e+00
4.779989421367645264e-01 -7.555992901325225830e-02 1.059400439262390137e+00
5.027876496315002441e-01 -7.688198983669281006e-02 1.055716514587402344e+00
5.292639732360839844e-01 -7.989277690649032593e-02 1.053764939308166504e+00
5.534473061561584473e-01 -7.554184645414352417e-02 1.055360794067382812e+00
5.661637783050537109e-01 -6.652721017599105835e-02 1.043362975120544434e+00
5.731872320175170898e-01 -6.175649538636207581e-02 1.010302424430847168e+00
5.737330913543701172e-01 -5.688374489545822144e-02 9.705020189285278320e-01
5.856413245201110840e-01 -5.709519609808921814e-02 9.682224988937377930e-01
5.883845090866088867e-01 -5.934494733810424805e-02 9.597513079643249512e-01
5.772774219512939453e-01 -4.855886846780776978e-02 9.407410025596618652e-01
5.673083066940307617e-01 -4.583474248647689819e-02 9.284870028495788574e-01
5.656649470329284668e-01 -4.574843123555183411e-02 9.257775545120239258e-01
5.700525641441345215e-01 -4.451785981655120850e-02 9.356968402862548828e-01
5.830446481704711914e-01 -4.090759158134460449e-02 9.527187943458557129e-01
5.931087732315063477e-01 -4.217335581779479980e-02 9.680517315864562988e-01
5.978537201881408691e-01 -4.517915099859237671e-02 9.766048789024353027e-01
5.961043238639831543e-01 -4.545410349965095520e-02 9.759807586669921875e-01
5.940200090408325195e-01 -4.726047441363334656e-02 9.724604487419128418e-01
5.952435135841369629e-01 -5.292375013232231140e-02 9.704209566116333008e-01
5.973824858665466309e-01 -5.663834139704704285e-02 9.616591930389404297e-01
