-2.142984233796596527e-02 -5.350658297538757324e-02 1.055066227912902832e+00
-1.333649549633264542e-02 -6.167889386415481567e-02 1.062974333763122559e+00
-1.104218326508998871e-02 -6.354977935552597046e-02 1.061515569686889648e+00
-1.006365753710269928e-02 -6.006142124533653259e-02 1.045842409133911133e+00
-3.793196519836783409e-03 -5.720726028084754944e-02 1.034603118896484375e+00
5.910115782171487808e-03 -5.920877307653427124e-02 1.032937169075012207e+00
2.791326027363538742e-03 -5.195105448365211487e-02 1.034318566322326660e+00
5.848625674843788147e-03 -3.675961866974830627e-02 9.849218130111694336e-01
6.296731531620025635e-03 -1.598194986581802368e-02 9.065513014793395996e-01
-4.371318034827709198e-03 -1.191587187349796295e-02 8.801860809326171875e-01
-1.169080287218093872e-02 -1.685436256229877472e-02 8.972022533416748047e-01
4.900617059320211411e-03 -3.810007125139236450e-02 9.346206784248352051e-01
-1.213736366480588913e-02 -4.879473894834518433e-02 9.495245814323425293e-01
-2.408887725323438644e-03 -4.887710139155387878e-02 9.647143483161926270e-01
-1.508655212819576263e-02 -3.039873018860816956e-02 9.746306538581848145e-01
-4.849377274513244629e-02 -2.201061695814132690e-03 9.338766932487487793e-01
-5.318722501397132874e-02 3.195359185338020325e-02 8.039067983627319336e-01
-6.181875243782997131e-02 3.585019707679748535e-02 7.288268208503723145e-01
-4.708777740597724915e-02 2.594393119215965271e-02 8.681396245956420898e-01
-2.186431549489498138e-02 -8.293413557112216949e-03 9.956548810005187988e-01
-4.780048038810491562e-03 -3.341396804898977280e-03 9.970209598541259766e-01
6.238809786736965179e-03 8.325973525643348694e-03 8.933044672012329102e-01
4.453071579337120056e-02 -3.410962969064712524e-02 8.521485924720764160e-01
2.433535642921924591e-02 -2.341735176742076874e-02 8.094547390937805176e-01
2.316586673259735107e-03 3.586290637031197548e-03 6.691966652870178223e-01
1.291311159729957581e-02 3.866223245859146118e-02 6.746905446052551270e-01
1.786694489419460297e-02 -9.656222537159919739e-04 7.478697896003723145e-01
1.315395627170801163e-02 -4.788478463888168335e-02 7.032085657119750977e-01
-4.296666476875543594e-03 -2.349439263343811035e-02 6.302134394645690918e-01
-5.316261202096939087e-03 -4.022598266601562500e-02 6.594623327255249023e-01
-1.121043134480714798e-02 -9.016565047204494476e-03 8.022633194923400879e-01
-4.035096243023872375e-02 1.876818202435970306e-02 7.634600400924682617e-01
-8.841857314109802246e-03 -8.885925635695457458e-03 6.098608970642089844e-01
-3.335053101181983948e-02 1.496268250048160553e-02 8.495016098022460938e-01
-5.831034108996391296e-02 2.815616875886917114e-02 8.935866951942443848e-01
-3.343003988265991211e-02 1.081987097859382629e-02 7.845093011856079102e-01
-3.673422336578369141e-02 1.435094792395830154e-02 8.339665532112121582e-01
-3.322101384401321411e-02 5.551858805119991302e-03 8.961256742477416992e-01
-4.931220039725303650e-02 3.746544942259788513e-02 9.117297530174255371e-01
-3.675254434347152710e-02 5.396890267729759216e-02 8.375663161277770996e-01
-1.883909292519092560e-02 5.568454414606094360e-02 8.007295131683349609e-01
-2.188150398433208466e-02 5.220271646976470947e-02 8.834028244018554688e-01
-1.083376817405223846e-03 1.822938024997711182e-02 9.417789578437805176e-01
1.138807646930217743e-02 1.295330002903938293e-04 9.498185515403747559e-01
1.898482814431190491e-02 4.550633020699024200e-03 9.583237171173095703e-01
2.501151338219642639e-02 8.759662508964538574e-03 1.010990977287292480e+00
2.705182135105133057e-02 7.686123251914978027e-03 9.867073297500610352e-01
2.314625307917594910e-02 7.344748824834823608e-03 9.664211273193359375e-01
1.655300520360469818e-02 -5.640857852995395660e-03 8.816931247711181641e-01
1.095263287425041199e-04 2.212246879935264587e-03 8.642121553421020508e-01
1.897307485342025757e-02 -1.584410853683948517e-02 8.438655138015747070e-01
-5.255951546132564545e-03 9.928800165653228760e-03 7.674674987792968750e-01
-5.400444939732551575e-02 5.080093070864677429e-02 8.013210892677307129e-01
-7.199931889772415161e-02 8.780352026224136353e-02 7.582757472991943359e-01
-7.145157456398010254e-02 9.417933970689773560e-02 7.914698123931884766e-01
-5.869010090827941895e-02 8.675794303417205811e-02 8.498311638832092285e-01
-5.792166665196418762e-02 9.006585925817489624e-02 8.693969249725341797e-01
-5.230536311864852905e-02 6.906010210514068604e-02 8.682177662849426270e-01
-4.086848348379135132e-02 4.490594565868377686e-02 8.330358266830444336e-01
-3.079761937260627747e-02 1.459558308124542236e-02 8.593693971633911133e-01
-1.991900801658630371e-02 5.375073291361331940e-03 8.882514238357543945e-01
-8.898512460291385651e-03 1.504241488873958588e-03 8.751938343048095703e-01
-2.090487815439701080e-02 7.169445045292377472e-03 9.321961998939514160e-01
-2.814436331391334534e-02 7.280572317540645599e-03 9.641235470771789551e-01
-3.548156842589378357e-02 1.920004561543464661e-02 9.611666202545166016e-01
-2.682972326874732971e-02 1.171225775033235550e-02 9.587164521217346191e-01
-1.978129334747791290e-02 7.363968994468450546e-03 9.479576945304870605e-01
-3.030102699995040894e-02 1.801019720733165741e-02 9.461879730224609375e-01
-4.835388064384460449e-02 2.469745837152004242e-02 9.583419561386108398e-01
-4.693353176116943359e-02 2.871922776103019714e-02 9.969873428344726562e-01
-4.594398289918899536e-02 3.730461746454238892e-02 1.011056661605834961e+00
-4.335358366370201111e-02 4.034858196973800659e-02 9.487354159355163574e-01
-2.955335751175880432e-02 3.817411512136459351e-02 8.770498633384704590e-01
-1.247876789420843124e-02 2.860520966351032257e-02 8.893769979476928711e-01
-7.702891714870929718e-03 2.355841733515262604e-02 9.380065798759460449e-01
-2.858999744057655334e-02 3.458387032151222229e-02 8.910843729972839355e-01
-2.548476867377758026e-02 2.476943284273147583e-02 8.846603631973266602e-01
-1.238525100052356720e-02 2.053815312683582306e-02 8.913200497627258301e-01
-1.655628532171249390e-02 2.962033450603485107e-02 9.237640500068664551e-01
-2.552806027233600616e-02 3.267539665102958679e-02 8.967554569244384766e-01
-2.712565474212169647e-02 3.735775873064994812e-02 8.798813223838806152e-01
-4.868986457586288452e-02 5.484471842646598816e-02 9.343979358673095703e-01
-4.136746004223823547e-02 4.338158667087554932e-02 9.043731689453125000e-01
-2.655533701181411743e-02 1.860065385699272156e-02 8.764858841896057129e-01
-2.820905484259128571e-02 8.372753858566284180e-03 8.607279658317565918e-01
-3.609605506062507629e-02 1.196772698312997818e-02 8.622488379478454590e-01
-3.650543093681335449e-02 2.011404372751712799e-02 8.368739485740661621e-01
-2.826264314353466034e-02 1.564740762114524841e-02 8.772639632225036621e-01
-2.453698776662349701e-02 2.767198532819747925e-02 8.923166990280151367e-01
-2.776145935058593750e-02 2.491411566734313965e-02 8.655216097831726074e-01
-4.271937161684036255e-02 2.601768262684345245e-02 8.687649965286254883e-01
-3.922579437494277954e-02 2.811799570918083191e-02 8.042593002319335938e-01
-3.583393618464469910e-02 2.899428270757198334e-02 8.404449224472045898e-01
-3.623716905713081360e-02 2.207248471677303314e-02 8.187065720558166504e-01
-3.883421421051025391e-02 1.497417967766523361e-02 8.058738112449645996e-01
-5.037930235266685486e-02 2.173525094985961914e-02 8.512769937515258789e-01
-3.151520341634750366e-02 2.351051382720470428e-02 8.565804362297058105e-01
-2.047541737556457520e-02 1.783018000423908234e-02 7.919410467147827148e-01
-2.349576354026794434e-02 6.621686276048421860e-03 8.090593814849853516e-01
-6.862870417535305023e-03 -3.647149726748466492e-02 7.459393739700317383e-01
-1.705912128090858459e-02 -6.448359787464141846e-02 7.548899650573730469e-01
-1.432457100600004196e-02 -5.690906941890716553e-02 6.379276514053344727e-01
-3.756316006183624268e-02 -3.204110637307167053e-02 5.606728196144104004e-01
-6.132035329937934875e-02 -7.753760088235139847e-03 6.089976429939270020e-01
-3.644405677914619446e-02 -5.204183049499988556e-03 6.510086655616760254e-01
-1.740297488868236542e-02 -4.374467767775058746e-03 7.856633663177490234e-01
-2.912798896431922913e-02 8.864850737154483795e-03 7.900938391685485840e-01
-3.126878291368484497e-02 6.822088267654180527e-03 7.323484420776367188e-01
-2.518886141479015350e-02 1.679236814379692078e-02 6.930683851242065430e-01
-1.391205657273530960e-02 2.501484565436840057e-02 6.639279723167419434e-01
-1.354036666452884674e-02 3.376415744423866272e-02 6.730735898017883301e-01
-2.617686986923217773e-03 2.672181278467178345e-02 7.304789423942565918e-01
3.702229354530572891e-03 2.364051528275012970e-02 6.374904513359069824e-01
6.251850165426731110e-03 3.558426350355148315e-02 6.352313160896301270e-01
-1.994369179010391235e-02 6.861138343811035156e-02 7.585346102714538574e-01
-5.148846656084060669e-02 7.530112564563751221e-02 8.006779551506042480e-01
-5.516789853572845459e-02 4.731493070721626282e-02 8.176971077919006348e-01
-4.589760676026344299e-02 3.270467743277549744e-02 7.874073982238769531e-01
-2.517822012305259705e-02 3.121818415820598602e-02 8.084564805030822754e-01
-1.292504463344812393e-02 2.435333095490932465e-02 8.356623053550720215e-01
-6.714553106576204300e-03 2.107918635010719299e-02 8.258544802665710449e-01
-1.450414396822452545e-02 1.803865283727645874e-02 7.579085826873779297e-01
-1.787917129695415497e-02 2.353223599493503571e-02 7.308288216590881348e-01
4.092645831406116486e-03 2.416383847594261169e-02 7.284796237945556641e-01
-8.201584219932556152e-03 4.858554154634475708e-02 6.967815756797790527e-01
9.801521897315979004e-03 2.915802597999572754e-02 6.413089632987976074e-01
1.334524806588888168e-02 4.769384860992431641e-02 6.669635176658630371e-01
1.191640924662351608e-02 2.756637707352638245e-02 6.385955810546875000e-01
3.861266188323497772e-03 2.442509308457374573e-02 6.656643748283386230e-01
6.388194859027862549e-03 4.457258060574531555e-02 5.169584155082702637e-01
2.336163818836212158e-02 1.419764012098312378e-02 4.115715920925140381e-01
3.006964921951293945e-02 3.623250871896743774e-03 7.063415050506591797e-01
7.403689902275800705e-03 9.649571031332015991e-03 8.995342254638671875e-01
-3.251974936574697495e-03 4.650293849408626556e-03 8.297206163406372070e-01
-1.775733381509780884e-02 -1.034548040479421616e-02 6.050367355346679688e-01
-8.280157111585140228e-03 1.499859383329749107e-03 5.870338082313537598e-01
-5.318366363644599915e-02 1.476617809385061264e-02 5.838761329650878906e-01
-5.623277649283409119e-02 -1.490076258778572083e-02 7.777522206306457520e-01
-2.896630950272083282e-02 2.335211494937539101e-03 6.833029985427856445e-01
-1.097680162638425827e-02 -1.631578989326953888e-02 5.484386086463928223e-01
-1.393639389425516129e-02 -1.797856204211711884e-02 5.440003871917724609e-01
-1.359889749437570572e-02 1.661458984017372131e-02 5.220951437950134277e-01
-1.592898741364479065e-02 2.237587235867977142e-02 5.554375648498535156e-01
-1.356433704495429993e-02 1.385920797474682331e-03 6.077365279197692871e-01
1.686420664191246033e-02 1.236691512167453766e-02 5.842350125312805176e-01
-1.849115639925003052e-02 3.301702812314033508e-02 5.838393568992614746e-01
5.875955801457166672e-03 4.475136287510395050e-03 7.362517714500427246e-01
-7.619995623826980591e-03 -6.945141591131687164e-03 8.428379297256469727e-01
-5.718775093555450439e-02 3.056852892041206360e-02 9.679942727088928223e-01
-4.586223885416984558e-02 4.109989851713180542e-03 9.975375533103942871e-01
-2.997501939535140991e-02 1.169810444116592407e-02 1.040009856224060059e+00
-2.010106481611728668e-02 8.606627583503723145e-03 1.042824745178222656e+00
-1.780523359775543213e-02 1.665827818214893341e-02 1.018735885620117188e+00
-1.210197154432535172e-02 2.079064399003982544e-02 9.618728160858154297e-01
-2.601492777466773987e-02 3.057086281478404999e-02 9.278118610382080078e-01
-1.649093069136142731e-02 1.775390654802322388e-02 9.786853790283203125e-01
-1.548580452799797058e-02 3.126294817775487900e-03 1.026353478431701660e+00
-1.592217944562435150e-02 -9.963238611817359924e-03 1.024459838867187500e+00
-6.236646324396133423e-03 -5.936651024967432022e-03 9.769656658172607422e-01
-8.853341452777385712e-03 5.872529000043869019e-03 8.841942548751831055e-01
-1.096371654421091080e-02 1.056567393243312836e-02 8.224874734878540039e-01
-3.052283776924014091e-03 5.165704060345888138e-03 8.094725012779235840e-01
1.394707127474248409e-03 1.034879358485341072e-03 8.326488733291625977e-01
1.438936777412891388e-02 -1.086180005222558975e-02 8.456003069877624512e-01
1.608952693641185760e-02 -1.454833056777715683e-02 8.791889548301696777e-01
4.755926318466663361e-03 -1.915566041134297848e-03 9.109274744987487793e-01
-4.212631378322839737e-03 8.592688478529453278e-03 9.386442303657531738e-01
-1.280546840280294418e-02 1.458828337490558624e-02 9.413786530494689941e-01
-8.280862122774124146e-03 2.681112848222255707e-03 9.593140482902526855e-01
-1.476862933486700058e-02 8.805101737380027771e-03 9.592907428741455078e-01
-6.937706377357244492e-03 -9.132103063166141510e-03 9.130013585090637207e-01
1.589759998023509979e-02 -3.170496970415115356e-02 9.195574522018432617e-01
1.606555655598640442e-02 -3.686243295669555664e-02 9.045279026031494141e-01
1.777584850788116455e-02 -3.479637205600738525e-02 9.470685124397277832e-01
-4.122642334550619125e-03 -3.234688192605972290e-02 9.728344678878784180e-01
1.912090554833412170e-02 -5.343616753816604614e-02 9.553864598274230957e-01
8.968210779130458832e-03 -2.593338675796985626e-02 9.180356860160827637e-01
-1.159055065363645554e-02 -4.490613937377929688e-03 8.904759883880615234e-01
-1.960049755871295929e-02 6.009067874401807785e-03 8.526882529258728027e-01
-9.063724428415298462e-03 -4.810825921595096588e-04 8.696306347846984863e-01
2.831698581576347351e-02 -2.000304311513900757e-02 8.569286465644836426e-01
2.147370576858520508e-02 -2.189484238624572754e-02 8.990066051483154297e-01
4.023719578981399536e-02 -5.836358666419982910e-02 9.863238930702209473e-01
3.273166343569755554e-02 -7.757420092821121216e-02 1.010405659675598145e+00
2.515599876642227173e-02 -5.321075394749641418e-02 9.821254611015319824e-01
1.286110840737819672e-02 -3.475862368941307068e-02 8.907706141471862793e-01
1.695224083960056305e-02 -5.234789103269577026e-02 8.941079378128051758e-01
-1.299427449703216553e-02 -2.418467961251735687e-02 8.800263404846191406e-01
-1.160368416458368301e-02 -1.531478948891162872e-02 8.020750284194946289e-01
-1.746657304465770721e-02 1.351074595004320145e-02 7.972616553306579590e-01
-1.946474052965641022e-02 7.502784952521324158e-03 7.597417831420898438e-01
1.326916273683309555e-03 -2.280920930206775665e-02 7.885735034942626953e-01
2.469664998352527618e-02 -3.936590999364852905e-02 7.556428313255310059e-01
2.424351871013641357e-02 -3.533103689551353455e-02 8.053827285766601562e-01
1.898358762264251709e-02 -2.588763274252414703e-02 9.392340779304504395e-01
2.161158621311187744e-02 -3.940715640783309937e-02 9.782118201255798340e-01
2.652202546596527100e-02 -4.852235317230224609e-02 9.173795580863952637e-01
3.601957485079765320e-02 -5.212004855275154114e-02 8.572804927825927734e-01
4.382435232400894165e-02 -3.464475646615028381e-02 7.647026181221008301e-01
3.922368213534355164e-02 -5.321683362126350403e-02 7.257903218269348145e-01
3.836794570088386536e-02 -8.125397562980651855e-02 7.745452523231506348e-01
2.870897576212882996e-02 -8.604466170072555542e-02 8.208394050598144531e-01
2.578958868980407715e-02 -6.762327998876571655e-02 8.536551594734191895e-01
3.175645135343074799e-03 -2.929587289690971375e-02 8.837762475013732910e-01
-2.190997079014778137e-02 -1.117007713764905930e-02 9.193179011344909668e-01
-2.445380389690399170e-02 -9.281551465392112732e-04 9.676595926284790039e-01
1.122576463967561722e-02 3.395050019025802612e-02 9.663111567497253418e-01
4.730318486690521240e-02 -1.622238382697105408e-02 9.419003725051879883e-01
6.709682941436767578e-02 -8.953073620796203613e-02 9.165745377540588379e-01
6.203487142920494080e-02 -8.953029662370681763e-02 8.709059953689575195e-01
3.238359093666076660e-02 -5.826061964035034180e-02 9.112820625305175781e-01
1.371118705719709396e-02 -1.850441843271255493e-02 9.638202190399169922e-01
1.300830300897359848e-02 -1.087411306798458099e-02 9.119306206703186035e-01
-1.148067973554134369e-02 2.924097236245870590e-03 8.795281052589416504e-01
6.095473654568195343e-03 -2.814619243144989014e-02 8.694751858711242676e-01
5.424127914011478424e-03 -1.148301828652620316e-02 9.524412751197814941e-01
-2.605896629393100739e-02 1.916990056633949280e-02 9.543900489807128906e-01
-4.630002379417419434e-02 4.166484996676445007e-02 9.211008548736572266e-01
-9.830840863287448883e-03 5.883974488824605942e-03 8.573495745658874512e-01
9.407167322933673859e-03 -9.708913974463939667e-03 8.348340988159179688e-01
2.177453227341175079e-02 -1.896152086555957794e-02 8.706698417663574219e-01
8.346981368958950043e-03 -5.738734733313322067e-03 8.544189333915710449e-01
-5.154131911695003510e-03 -1.750986836850643158e-02 9.440441131591796875e-01
-1.745745912194252014e-02 -4.841421917080879211e-02 9.463422894477844238e-01
-9.060166776180267334e-03 -5.514593422412872314e-02 8.939826488494873047e-01
-3.199362661689519882e-03 2.539895102381706238e-02 8.776251077651977539e-01
4.999407567083835602e-03 2.283889986574649811e-02 8.837740421295166016e-01
1.878671348094940186e-02 1.621900126338005066e-03 8.835184574127197266e-01
1.008004602044820786e-02 -2.895675785839557648e-02 8.106424212455749512e-01
-3.165324032306671143e-02 -9.722206741571426392e-03 8.386428356170654297e-01
-4.624821245670318604e-02 7.286670617759227753e-03 7.815019488334655762e-01
-3.395643457770347595e-02 1.445248723030090332e-03 7.618166804313659668e-01
-2.383843809366226196e-02 1.033476367592811584e-02 7.523154616355895996e-01
-2.665998600423336029e-02 1.053836289793252945e-02 7.542060017585754395e-01
-3.114515915513038635e-02 2.211155369877815247e-04 7.923221588134765625e-01
-2.958584390580654144e-02 -1.979691907763481140e-02 8.267165422439575195e-01
-7.289613131433725357e-03 -4.804129898548126221e-02 9.027016758918762207e-01
-1.119839865714311600e-02 -4.569542407989501953e-02 9.334177374839782715e-01
-2.230717241764068604e-02 -1.405250281095504761e-02 1.017019152641296387e+00
-3.683388605713844299e-02 2.745888754725456238e-02 9.319040775299072266e-01
-4.733752459287643433e-02 1.576611027121543884e-02 9.387772083282470703e-01
-4.371586069464683533e-02 -2.836493775248527527e-03 9.261156916618347168e-01
-2.946983091533184052e-02 -2.368276938796043396e-02 9.725543856620788574e-01
-1.321377605199813843e-02 -3.356333076953887939e-02 1.016786456108093262e+00
-7.890988141298294067e-03 -3.175887838006019592e-02 9.703515768051147461e-01
-1.096154679544270039e-03 -2.892944216728210449e-02 9.799314737319946289e-01
1.070244051516056061e-02 -2.222618833184242249e-02 1.035602807998657227e+00
2.748125419020652771e-02 -1.042735390365123749e-02 1.025696396827697754e+00
1.188565883785486221e-02 2.001152373850345612e-03 1.118936181068420410e+00
-1.776617579162120819e-02 1.167569868266582489e-02 1.028338551521301270e+00
-2.759692445397377014e-02 -4.892709665000438690e-03 8.891540169715881348e-01
-2.053658664226531982e-02 -6.938997190445661545e-03 8.909193873405456543e-01
-1.335997413843870163e-02 1.714357640594244003e-04 9.277590513229370117e-01
-1.484514446929097176e-03 -1.728569529950618744e-02 8.992444276809692383e-01
-1.122505217790603638e-02 -1.983646303415298462e-02 8.465858101844787598e-01
-1.552004367113113403e-02 -7.916453294456005096e-03 8.438299298286437988e-01
-2.495801262557506561e-02 8.046713657677173615e-03 8.221083879470825195e-01
-2.562555670738220215e-02 -2.778742928057909012e-03 7.709797620773315430e-01
-1.602510362863540649e-02 -1.299010217189788818e-02 7.497556209564208984e-01
-2.566233091056346893e-02 2.800751943141222000e-03 7.439252138137817383e-01
-4.017585888504981995e-02 -6.710913497954607010e-03 7.903637886047363281e-01
-3.990978002548217773e-02 -1.446519512683153152e-03 8.461017012596130371e-01
-3.299097344279289246e-02 5.487722344696521759e-03 8.253960609436035156e-01
-2.535296417772769928e-02 -1.018096320331096649e-02 8.542446494102478027e-01
-3.430465981364250183e-02 -1.434971671551465988e-02 8.949016332626342773e-01
-4.240012913942337036e-02 -2.095692791044712067e-03 8.217488527297973633e-01
-4.216482490301132202e-02 6.633822806179523468e-03 8.160885572433471680e-01
-2.705044671893119812e-02 4.069730639457702637e-02 9.110108613967895508e-01
-2.989050932228565216e-02 4.378917068243026733e-02 9.193885326385498047e-01
-2.264380827546119690e-02 3.240847960114479065e-02 9.652535319328308105e-01
3.871252760291099548e-03 9.335298091173171997e-03 9.323484301567077637e-01
2.461648080497980118e-03 -1.697962917387485504e-02 8.787574172019958496e-01
-1.932253129780292511e-02 2.987282583490014076e-03 7.356921434402465820e-01
5.226384382694959641e-03 1.821517013013362885e-03 6.316783428192138672e-01
2.356464602053165436e-02 -1.400863938033580780e-02 6.974104642868041992e-01
4.291591048240661621e-02 -3.268311172723770142e-02 7.876880764961242676e-01
3.407087177038192749e-02 -1.390172820538282394e-02 8.037740588188171387e-01
2.297307923436164856e-02 1.576189324259757996e-02 8.461936712265014648e-01
1.074623037129640579e-02 6.158090662211179733e-03 8.523541092872619629e-01
7.166030816733837128e-03 -8.302800357341766357e-03 7.113758921623229980e-01
1.133080758154392242e-02 -2.575313486158847809e-02 7.108187675476074219e-01
1.638568565249443054e-02 -2.468858845531940460e-02 7.654946446418762207e-01
8.293635211884975433e-03 -5.446672905236482620e-03 7.153311371803283691e-01
1.666182652115821838e-02 -6.539514288306236267e-04 6.605412364006042480e-01
3.431316465139389038e-02 -2.076666615903377533e-02 6.835346221923828125e-01
1.953057944774627686e-02 -2.688717097043991089e-03 6.740528941154479980e-01
-1.636836864054203033e-02 1.093732472509145737e-02 6.466557383537292480e-01
-1.571974717080593109e-02 7.681891787797212601e-03 7.059673666954040527e-01
-5.446691997349262238e-03 -3.022773936390876770e-02 7.883098721504211426e-01
1.982226967811584473e-02 -6.409317255020141602e-02 7.825129628181457520e-01
5.580877512693405151e-02 -9.352853894233703613e-02 6.974136829376220703e-01
7.636034488677978516e-02 -8.978878706693649292e-02 7.456235289573669434e-01
4.506143555045127869e-02 -4.486554116010665894e-02 9.709345102310180664e-01
3.837027773261070251e-02 -4.200350865721702576e-02 9.605667591094970703e-01
2.604931965470314026e-02 -3.178894892334938049e-02 8.144055604934692383e-01
1.359963137656450272e-02 -9.476298466324806213e-03 6.766882538795471191e-01
3.949613776057958603e-03 -6.368091329932212830e-03 6.260169148445129395e-01
2.888109534978866577e-03 -4.221183713525533676e-03 6.361209154129028320e-01
6.541478447616100311e-03 -6.096361204981803894e-03 6.440810561180114746e-01
9.084521792829036713e-03 -1.250569894909858704e-02 6.603698134422302246e-01
8.654214441776275635e-03 -1.702255941927433014e-02 6.761139035224914551e-01
8.346427232027053833e-03 -1.712345890700817108e-02 6.644374132156372070e-01
7.589193526655435562e-03 -1.518764719367027283e-02 6.567887663841247559e-01
6.884676869958639145e-03 -1.327450387179851532e-02 6.598079204559326172e-01
8.332846686244010925e-03 -1.358510181307792664e-02 6.595485806465148926e-01
7.326074410229921341e-03 -9.960291907191276550e-03 6.302765011787414551e-01
7.222321582958102226e-04 -3.064411226660013199e-03 5.709580779075622559e-01
-4.197594244033098221e-03 -2.011435339227318764e-03 5.278663635253906250e-01
-3.851570654660463333e-03 -3.248772816732525826e-03 5.079834461212158203e-01
-7.512998767197132111e-03 -2.557366155087947845e-03 4.971866011619567871e-01
-9.300896897912025452e-03 -3.456599079072475433e-03 4.827449023723602295e-01
-7.908160798251628876e-03 -1.110973674803972244e-02 4.874494075775146484e-01
-1.079740095883607864e-02 -1.433712709695100784e-02 4.983717799186706543e-01
-1.307691354304552078e-02 -1.542259193956851959e-02 5.068910121917724609e-01
-8.165093138813972473e-03 -1.916182041168212891e-02 4.987343847751617432e-01
2.385776024311780930e-03 -2.846939861774444580e-02 5.022112131118774414e-01
4.459341056644916534e-03 -3.412611782550811768e-02 5.234912037849426270e-01
3.690064768306910992e-04 -3.353729844093322754e-02 5.608004927635192871e-01
-7.906807586550712585e-04 -3.464488312602043152e-02 6.273635625839233398e-01
-6.362756248563528061e-04 -3.782363981008529663e-02 6.880084872245788574e-01
-3.910528495907783508e-03 -2.905507944524288177e-02 7.486988306045532227e-01
-1.208906341344118118e-02 -1.549884676933288574e-02 7.563080191612243652e-01
-1.316500920802354813e-02 -7.718320004642009735e-03 6.901583075523376465e-01
-1.217313576489686966e-02 7.941958028823137283e-05 6.348437666893005371e-01
-2.050332725048065186e-02 8.559792302548885345e-03 6.188509464263916016e-01
-2.769206836819648743e-02 2.070339769124984741e-02 6.765084266662597656e-01
-3.190457075834274292e-02 2.744396962225437164e-02 6.738789081573486328e-01
-4.632217437028884888e-02 3.645462170243263245e-02 6.568112373352050781e-01
-5.565698072314262390e-02 3.897219896316528320e-02 6.634497046470642090e-01
-5.304362624883651733e-02 3.165822103619575500e-02 7.049801349639892578e-01
-5.346978455781936646e-02 3.169857338070869446e-02 7.471718192100524902e-01
-4.856784269213676453e-02 2.653725631535053253e-02 8.162902593612670898e-01
-6.166111305356025696e-02 -7.210806943476200104e-04 8.588729500770568848e-01
-4.077536240220069885e-02 1.279727555811405182e-03 8.451415896415710449e-01
-3.265907987952232361e-02 1.754111796617507935e-02 8.897469043731689453e-01
-4.923700541257858276e-02 2.778845094144344330e-02 9.435737133026123047e-01
-6.163078919053077698e-02 3.164763376116752625e-02 9.495247602462768555e-01
-6.675034016370773315e-02 1.231249608099460602e-02 1.006027340888977051e+00
-5.714217573404312134e-02 6.574238184839487076e-03 1.037593007087707520e+00
-3.007042407989501953e-02 -1.253629103302955627e-02 9.943308830261230469e-01
-3.986483067274093628e-02 -4.962431266903877258e-03 9.684933423995971680e-01
-6.301509588956832886e-02 1.391785126179456711e-02 9.430782198905944824e-01
-4.501026123762130737e-02 1.385109499096870422e-02 8.796926140785217285e-01
-2.985778264701366425e-02 -7.183162495493888855e-03 9.649568796157836914e-01
-1.825464703142642975e-02 -3.335496783256530762e-02 1.126184105873107910e+00
-1.282220520079135895e-02 -3.088668547570705414e-02 1.132843136787414551e+00
-1.203414145857095718e-02 -2.847930416464805603e-02 1.126573443412780762e+00
-2.622555708512663841e-03 -3.435698151588439941e-02 1.121037364006042480e+00
4.012323915958404541e-03 -3.955398499965667725e-02 1.123806238174438477e+00
5.812413990497589111e-03 -3.777063637971878052e-02 1.143985867500305176e+00
1.936197979375720024e-03 -3.052117303013801575e-02 1.141503572463989258e+00
-2.187312580645084381e-03 -3.425918892025947571e-02 1.156462550163269043e+00
-6.267475429922342300e-03 -3.314650431275367737e-02 1.166242241859436035e+00
-8.609089069068431854e-03 -2.690208889544010162e-02 1.175626397132873535e+00
-1.691559143364429474e-02 -9.697832167148590088e-03 1.175444006919860840e+00
-2.241599559783935547e-02 -3.828366752713918686e-03 1.189237952232360840e+00
-2.060798555612564087e-02 -6.847742944955825806e-03 1.194368362426757812e+00
-2.150364592671394348e-02 -1.090807653963565826e-02 1.178870439529418945e+00
-2.487454004585742950e-02 -1.011486165225505829e-02 1.158482193946838379e+00
-2.551771700382232666e-02 -1.376122701913118362e-02 1.164928793907165527e+00
-1.874297484755516052e-02 -2.616641111671924591e-02 1.181501269340515137e+00
-1.551595330238342285e-02 -4.401281476020812988e-02 1.199311256408691406e+00
-1.795291341841220856e-02 -3.976086154580116272e-02 1.210703611373901367e+00
-1.547497138381004333e-02 -3.427974879741668701e-02 1.225542545318603516e+00
-1.498175226151943207e-02 -2.861840836703777313e-02 1.212259292602539062e+00
-1.788404956459999084e-02 -3.191757202148437500e-02 1.204984068870544434e+00
-1.729617640376091003e-02 -3.164722770452499390e-02 1.179693698883056641e+00
-1.584536582231521606e-02 -2.437128126621246338e-02 1.193226099014282227e+00
-1.322715077549219131e-02 -3.489370271563529968e-02 1.168300628662109375e+00
-1.738547347486019135e-02 -3.422845900058746338e-02 1.175805807113647461e+00
-1.502721942961215973e-02 -2.004040032625198364e-02 1.196922659873962402e+00
-8.815352804958820343e-03 -1.646259799599647522e-02 1.162374973297119141e+00
-8.481215685606002808e-03 -1.637704670429229736e-02 1.148972868919372559e+00
-1.085781026631593704e-02 -2.476579509675502777e-02 1.147731900215148926e+00
-9.231050498783588409e-03 -1.464385818690061569e-02 1.071881175041198730e+00
1.833127462305128574e-03 -1.234454754739999771e-02 9.774043560028076172e-01
2.796948188915848732e-03 -8.384991437196731567e-03 9.475947022438049316e-01
-3.408749122172594070e-03 -7.222433574497699738e-03 9.914761185646057129e-01
-2.077328041195869446e-03 -1.439010724425315857e-02 1.039896011352539062e+00
4.628180526196956635e-03 -3.510700166225433350e-02 1.117688775062561035e+00
3.293517045676708221e-03 -4.590053856372833252e-02 1.152731299400329590e+00
-8.109046146273612976e-03 -3.872185572981834412e-02 1.180155754089355469e+00
-1.163874566555023193e-02 -3.827184438705444336e-02 1.174138545989990234e+00
-1.976826973259449005e-02 -3.462387993931770325e-02 1.144097685813903809e+00
-2.774243056774139404e-02 -1.315600890666246414e-02 1.086360454559326172e+00
-1.448996178805828094e-02 -2.108015678822994232e-02 1.102089643478393555e+00
-1.762777380645275116e-02 -2.361296862363815308e-02 1.107875943183898926e+00
-3.142102807760238647e-02 -1.638398878276348114e-02 1.095503687858581543e+00
-2.886945381760597229e-02 -3.565023839473724365e-02 1.081685304641723633e+00
-9.220560081303119659e-03 -4.142949357628822327e-02 1.116659402847290039e+00
-1.083436515182256699e-02 -2.342630550265312195e-02 1.099357843399047852e+00
-7.866470143198966980e-03 -1.915715821087360382e-02 1.085947871208190918e+00
-5.058619193732738495e-03 -1.939631626009941101e-02 1.095806121826171875e+00
-7.969038560986518860e-03 -2.634283900260925293e-02 1.097866177558898926e+00
-1.049137953668832779e-02 -2.446495369076728821e-02 1.099160552024841309e+00
-1.375386677682399750e-02 -2.489321492612361908e-02 1.114496588706970215e+00
-2.641973271965980530e-02 -1.243712566792964935e-02 1.143038511276245117e+00
-2.898542955517768860e-02 -3.241154365241527557e-03 1.154087901115417480e+00
-2.601942606270313263e-02 -1.371173560619354248e-02 1.154461979866027832e+00
-2.222547680139541626e-02 -2.719958499073982239e-02 1.173226594924926758e+00
-1.845496147871017456e-02 -2.597366273403167725e-02 1.185749053955078125e+00
-1.867145299911499023e-02 -4.161652550101280212e-02 1.172710180282592773e+00
-3.245459496974945068e-02 -4.431411623954772949e-02 1.085644245147705078e+00
-1.390026323497295380e-02 -3.705878183245658875e-02 1.109117269515991211e+00
4.998301155865192413e-03 -3.373571112751960754e-02 1.104143619537353516e+00
6.455549038946628571e-03 -3.287317603826522827e-02 1.137421846389770508e+00
4.862327128648757935e-03 -4.287635535001754761e-02 1.182252526283264160e+00
3.666815580800175667e-03 -4.163391888141632080e-02 1.210526943206787109e+00
-1.772214658558368683e-03 -2.437799796462059021e-02 1.179484248161315918e+00
-7.778116036206483841e-03 -1.608971878886222839e-02 1.194419741630554199e+00
-9.835272096097469330e-03 -1.508572418242692947e-02 1.205959558486938477e+00
-1.653811335563659668e-02 -9.849942289292812347e-03 1.228655815124511719e+00
-2.598943375051021576e-02 -1.888712169602513313e-03 1.223791837692260742e+00
-3.498332574963569641e-02 6.300370674580335617e-03 1.201927900314331055e+00
-2.948741614818572998e-02 -4.954400938004255295e-03 1.173797488212585449e+00
-2.834441326558589935e-02 -1.858462020754814148e-02 1.111667633056640625e+00
-2.671088278293609619e-02 -1.797293126583099365e-02 1.087400674819946289e+00
-2.980256825685501099e-02 -3.693336620926856995e-03 1.092338800430297852e+00
-2.772583998739719391e-02 -2.132754400372505188e-02 1.131304621696472168e+00
-1.175231765955686569e-02 -4.289016127586364746e-02 1.186917424201965332e+00
-1.855054683983325958e-02 -3.951370716094970703e-02 1.179251074790954590e+00
-1.352139562368392944e-02 -4.839874058961868286e-02 1.191772699356079102e+00
-9.265914559364318848e-03 -5.599462985992431641e-02 1.199580311775207520e+00
-9.013591334223747253e-03 -5.838350206613540649e-02 1.169747471809387207e+00
-1.812622509896755219e-02 -5.230171233415603638e-02 1.134565234184265137e+00
-3.065856918692588806e-02 -3.927821666002273560e-02 1.094064474105834961e+00
-2.335704118013381958e-02 -4.139791429042816162e-02 1.083339452743530273e+00
-1.531744934618473053e-02 -3.343194350600242615e-02 1.099510788917541504e+00
-1.720251888036727905e-02 -2.704398892819881439e-02 1.111942410469055176e+00
-7.143346592783927917e-03 -3.693067282438278198e-02 1.112386703491210938e+00
-7.651152554899454117e-03 -3.056205064058303833e-02 1.089034557342529297e+00
-1.913619972765445709e-02 -2.161007001996040344e-02 1.080653071403503418e+00
-2.144739404320716858e-02 -2.628242783248424530e-02 1.096954941749572754e+00
-1.629658043384552002e-02 -3.712195158004760742e-02 1.125611424446105957e+00
-1.123508531600236893e-02 -4.458567127585411072e-02 1.147094011306762695e+00
-1.917894370853900909e-02 -4.281787201762199402e-02 1.153562664985656738e+00
-2.623685449361801147e-02 -3.459659218788146973e-02 1.139624953269958496e+00
-2.572393603622913361e-02 -2.824774757027626038e-02 1.142579436302185059e+00
-1.890016347169876099e-02 -3.057257831096649170e-02 1.171198964118957520e+00
-2.566794864833354950e-02 -3.589895740151405334e-02 1.184616327285766602e+00
-2.720952592790126801e-02 -3.945212438702583313e-02 1.221388697624206543e+00
-3.070535697042942047e-02 -3.131138533353805542e-02 1.164562463760375977e+00
-2.678357809782028198e-02 -2.995421364903450012e-02 1.071065783500671387e+00
-1.883351616561412811e-02 -3.257925808429718018e-02 1.071058154106140137e+00
-1.493445690721273422e-02 -3.929537534713745117e-02 1.079718947410583496e+00
-1.704245060682296753e-02 -4.508993029594421387e-02 1.067269206047058105e+00
-2.157070487737655640e-02 -4.452417045831680298e-02 1.045169115066528320e+00
-3.361520916223526001e-02 -3.007419779896736145e-02 1.030460596084594727e+00
-4.060160368680953979e-02 -2.081008628010749817e-02 1.005284905433654785e+00
-4.663502797484397888e-02 -1.193515583872795105e-02 9.685686230659484863e-01
-5.901690945029258728e-02 -9.633218869566917419e-04 9.539241194725036621e-01
-5.249394476413726807e-02 -9.862879291176795959e-03 9.400318264961242676e-01
-4.620178416371345520e-02 -1.263291388750076294e-02 8.551083803176879883e-01
-4.039997234940528870e-02 -1.905982010066509247e-02 8.578529953956604004e-01
-1.319209858775138855e-02 -4.826763179153203964e-03 8.755330443382263184e-01
-1.036771852523088455e-02 2.537550171837210655e-03 7.991276979446411133e-01
-2.677254751324653625e-02 1.264701224863529205e-02 7.345321774482727051e-01
-3.710240498185157776e-02 -1.022801920771598816e-02 7.211830019950866699e-01
-4.544192180037498474e-02 9.556321427226066589e-03 6.369681358337402344e-01
-3.597131371498107910e-02 1.448795199394226074e-03 7.175515294075012207e-01
-2.623352594673633575e-02 -1.803483814001083374e-02 8.051800727844238281e-01
-1.364606432616710663e-02 -2.087468095123767853e-02 8.300505280494689941e-01
1.338801812380552292e-04 -8.686942979693412781e-03 6.789494156837463379e-01
1.434574462473392487e-02 -2.009061351418495178e-02 6.326090097427368164e-01
-6.654870230704545975e-04 -9.598349221050739288e-03 7.101085186004638672e-01
1.846946310251951218e-03 -2.170510590076446533e-02 8.792781233787536621e-01
-4.079150501638650894e-03 -1.709321700036525726e-02 9.813292622566223145e-01
-1.236990001052618027e-02 -6.281062494963407516e-03 1.056093931198120117e+00
1.541570760309696198e-02 -3.240511566400527954e-02 1.176799058914184570e+00
1.195910014212131500e-02 -2.242494560778141022e-02 1.071504831314086914e+00
-4.069838905707001686e-04 1.026825606822967529e-02 8.534555435180664062e-01
-1.416533067822456360e-02 1.412062346935272217e-02 7.045332789421081543e-01
-4.015611484646797180e-02 -1.824859157204627991e-02 5.687364339828491211e-01
-3.613483533263206482e-02 -4.952219873666763306e-02 5.224137306213378906e-01
8.819764479994773865e-04 -5.149275809526443481e-02 6.070520281791687012e-01
-1.556540559977293015e-02 -2.725193463265895844e-02 6.640190482139587402e-01
-3.633416816592216492e-02 -2.834262698888778687e-02 5.853904485702514648e-01
-1.616103947162628174e-02 -1.925620250403881073e-02 5.779042243957519531e-01
7.960882969200611115e-03 1.897837966680526733e-02 6.849802732467651367e-01
2.661836706101894379e-02 -5.648533813655376434e-03 9.513920545578002930e-01
5.426192656159400940e-02 -9.106487967073917389e-03 1.175228238105773926e+00
4.656346514821052551e-02 -3.429775312542915344e-02 1.185673117637634277e+00
8.651337586343288422e-03 -5.882519856095314026e-02 1.019279122352600098e+00
-1.684422837570309639e-03 -6.627982854843139648e-02 9.358555674552917480e-01
8.237724192440509796e-03 -5.389375612139701843e-02 9.020727276802062988e-01
1.185359619557857513e-02 -5.245202779769897461e-02 8.399052023887634277e-01
7.353745400905609131e-03 -5.508416518568992615e-02 8.742989897727966309e-01
2.979385666549205780e-03 -3.407663851976394653e-02 9.564939141273498535e-01
-2.940815640613436699e-03 -1.351607614196836948e-03 9.672499299049377441e-01
-6.308464799076318741e-04 7.991772145032882690e-03 9.590038061141967773e-01
6.474220193922519684e-03 3.256368683651089668e-03 9.187213182449340820e-01
5.827314686030149460e-03 1.671238429844379425e-02 8.999243974685668945e-01
5.251672118902206421e-03 1.851106435060501099e-02 8.731224536895751953e-01
-1.387700717896223068e-02 3.264268487691879272e-02 9.344574213027954102e-01
-2.036034874618053436e-02 3.626159578561782837e-02 9.724805355072021484e-01
-2.446380071341991425e-02 4.614059254527091980e-02 1.024837374687194824e+00
-1.798688434064388275e-02 4.518310725688934326e-02 1.075579881668090820e+00
-1.816248148679733276e-02 5.205552652478218079e-02 1.116580486297607422e+00
-2.176593244075775146e-02 5.645978078246116638e-02 1.089104652404785156e+00
-3.116239234805107117e-02 4.592407494783401489e-02 1.054250001907348633e+00
-3.196576610207557678e-02 4.307162389159202576e-02 1.024091243743896484e+00
-3.570030629634857178e-02 5.285809561610221863e-02 1.054007649421691895e+00
-3.089365735650062561e-02 5.386482179164886475e-02 1.070020079612731934e+00
-2.386174350976943970e-02 4.208614677190780640e-02 1.039187431335449219e+00
-2.385202422738075256e-02 3.627019375562667847e-02 9.947797656059265137e-01
-7.323512341827154160e-03 1.171704009175300598e-02 9.717471599578857422e-01
1.534812990576028824e-02 -5.190173629671335220e-03 9.189468026161193848e-01
2.479751966893672943e-02 -4.078843072056770325e-02 9.191138744354248047e-01
1.548049133270978928e-02 -1.596568152308464050e-02 8.520042896270751953e-01
-1.268239971250295639e-02 1.869682781398296356e-02 9.688175320625305176e-01
-1.649252697825431824e-02 1.796722225844860077e-02 9.225715398788452148e-01
-2.553095109760761261e-03 1.979223685339093208e-03 9.132750630378723145e-01
-6.170641165226697922e-03 -1.670873537659645081e-02 8.156731724739074707e-01
-9.950270876288414001e-03 -2.039941959083080292e-02 8.843094110488891602e-01
-1.566522568464279175e-02 1.168720796704292297e-02 8.593423962593078613e-01
-1.419321075081825256e-02 7.440402172505855560e-03 8.683099746704101562e-01
4.051260184496641159e-03 -1.687374338507652283e-02 8.631486296653747559e-01
1.797861047089099884e-02 -2.600718103349208832e-02 8.692369461059570312e-01
3.330263495445251465e-02 -4.237380623817443848e-02 9.051923751831054688e-01
3.918236121535301208e-02 -4.250683262944221497e-02 8.813951611518859863e-01
3.510252386331558228e-02 -3.946545720100402832e-02 8.252014517784118652e-01
2.431307360529899597e-02 -2.480462938547134399e-02 8.320899009704589844e-01
2.397046238183975220e-02 -3.643091022968292236e-02 7.994447946548461914e-01
2.252129465341567993e-02 -2.626312524080276489e-02 8.024157881736755371e-01
4.057046025991439819e-03 -5.738900043070316315e-03 7.627586126327514648e-01
-7.574121467769145966e-03 5.691940896213054657e-03 7.077941894531250000e-01
5.677350331097841263e-03 3.068494144827127457e-03 6.635890007019042969e-01
2.339598536491394043e-02 -1.941861957311630249e-02 7.514145374298095703e-01
3.696850314736366272e-02 -5.127925425767898560e-02 8.179913163185119629e-01
4.119018465280532837e-02 -7.044380903244018555e-02 8.281577229499816895e-01
3.808508813381195068e-02 -6.993766129016876221e-02 8.237218856811523438e-01
4.384791478514671326e-02 -7.314740121364593506e-02 8.084615468978881836e-01
5.452412366867065430e-02 -8.699721843004226685e-02 7.806617617607116699e-01
5.299716442823410034e-02 -7.427100092172622681e-02 7.816184759140014648e-01
5.134670808911323547e-02 -5.959033221006393433e-02 7.915243506431579590e-01
3.761655092239379883e-02 -3.955797106027603149e-02 8.084318637847900391e-01
1.226761192083358765e-02 -3.230571374297142029e-02 8.242640495300292969e-01
1.614901050925254822e-02 -3.831043094396591187e-02 8.386585116386413574e-01
3.475514426827430725e-02 -4.810129478573799133e-02 8.495587110519409180e-01
4.918398335576057434e-02 -8.318128436803817749e-02 8.541901111602783203e-01
5.295532196760177612e-02 -8.623153716325759888e-02 8.489997386932373047e-01
4.055477678775787354e-02 -6.769287586212158203e-02 9.039993286132812500e-01
7.810345385223627090e-03 8.070494048297405243e-03 8.121621012687683105e-01
-2.700672484934329987e-05 4.200411960482597351e-02 7.625341415405273438e-01
-1.173588633537292480e-02 3.931454569101333618e-02 8.252092599868774414e-01
-2.983058989048004150e-02 3.730575740337371826e-02 8.499875664710998535e-01
-4.243635386228561401e-02 2.637645229697227478e-02 9.179524779319763184e-01
-4.110184311866760254e-02 1.902492716908454895e-03 8.736042380332946777e-01
-1.513052359223365784e-02 -3.836296498775482178e-03 8.133906722068786621e-01
-1.323223672807216644e-02 -2.197315916419029236e-03 7.579839229583740234e-01
2.808998571708798409e-03 -3.057384397834539413e-03 7.509776353836059570e-01
1.579863205552101135e-02 -4.315569531172513962e-03 7.619785666465759277e-01
2.986648865044116974e-02 -8.413828909397125244e-03 7.637103796005249023e-01
2.709366939961910248e-02 -1.003373228013515472e-02 8.077886700630187988e-01
8.362886495888233185e-03 -5.067784804850816727e-03 8.861286044120788574e-01
-2.057736506685614586e-03 -1.062277331948280334e-02 9.168288707733154297e-01
-2.999856835231184959e-03 -1.370739936828613281e-02 9.012969136238098145e-01
1.426917617209255695e-03 -1.306967064738273621e-02 8.693796992301940918e-01
3.974020946770906448e-03 -8.076459169387817383e-03 8.521085381507873535e-01
-6.067604757845401764e-03 2.610278315842151642e-04 6.914209723472595215e-01
-3.058484382927417755e-02 1.528529450297355652e-02 6.339850425720214844e-01
-2.435316145420074463e-02 8.355010300874710083e-03 5.572831630706787109e-01
-6.219601258635520935e-03 -1.603268273174762726e-02 5.787424445152282715e-01
-1.292991917580366135e-02 -7.873944006860256195e-03 6.942364573478698730e-01
-1.098902709782123566e-02 3.545931540429592133e-04 7.617540955543518066e-01
-8.556340821087360382e-03 6.058981642127037048e-03 8.450169563293457031e-01
-1.252839528024196625e-02 -4.247645847499370575e-04 8.088309168815612793e-01
-2.327421866357326508e-02 6.576913408935070038e-03 8.716037869453430176e-01
-2.907974086701869965e-02 2.218428999185562134e-03 9.297637343406677246e-01
-3.287423774600028992e-02 2.799562644213438034e-03 9.750921726226806641e-01
-3.744229674339294434e-02 5.284808110445737839e-03 8.965567350387573242e-01
-3.785864263772964478e-02 1.486586127430200577e-02 9.333565831184387207e-01
-3.956511244177818298e-02 2.584062889218330383e-02 9.276107549667358398e-01
-3.820949420332908630e-02 3.576577454805374146e-02 9.915084242820739746e-01
-3.382150456309318542e-02 1.286790426820516586e-02 9.280390143394470215e-01
-3.518830984830856323e-02 1.302599348127841949e-02 9.180052876472473145e-01
-3.810609132051467896e-02 1.665595732629299164e-02 1.008589386940002441e+00
-9.924929589033126831e-03 9.090183302760124207e-03 1.188284039497375488e+00
-5.611968226730823517e-03 1.708556525409221649e-02 1.077670335769653320e+00
1.043819915503263474e-02 1.351154502481222153e-02 1.088597059249877930e+00
1.625381782650947571e-02 3.269603475928306580e-04 1.133467793464660645e+00
9.551785886287689209e-03 -7.086673751473426819e-03 1.128249406814575195e+00
6.311053410172462463e-03 2.342804521322250366e-02 9.858346581459045410e-01
2.373540960252285004e-02 2.608652599155902863e-02 9.466490745544433594e-01
4.344553500413894653e-02 -2.749311178922653198e-02 1.147359728813171387e+00
2.750877290964126587e-02 -3.273361176252365112e-02 1.232704877853393555e+00
-1.218493469059467316e-02 -2.306812442839145660e-03 1.101675510406494141e+00
-1.749289408326148987e-02 1.689384132623672485e-02 9.624934792518615723e-01
-2.907379530370235443e-02 3.361506760120391846e-02 9.822018742561340332e-01
-4.421750456094741821e-02 3.472989425063133240e-02 9.746071100234985352e-01
-2.384774759411811829e-02 1.659084297716617584e-02 9.222019910812377930e-01
2.577322348952293396e-02 -1.498137600719928741e-02 9.423887133598327637e-01
2.653847075998783112e-02 -7.697711698710918427e-03 1.076881170272827148e+00
1.824227906763553619e-02 6.490991450846195221e-03 1.104084253311157227e+00
9.943702258169651031e-03 2.690948173403739929e-02 1.101771831512451172e+00
5.836363416165113449e-03 4.086649417877197266e-02 1.093909502029418945e+00
1.099269837141036987e-02 3.035032749176025391e-02 1.147666692733764648e+00
1.088426541537046432e-02 1.929251849651336670e-02 1.165545940399169922e+00
1.518999226391315460e-02 -1.789736747741699219e-02 1.151814699172973633e+00
1.380553282797336578e-02 -2.479662746191024780e-02 1.132254004478454590e+00
1.100834459066390991e-02 -4.515455290675163269e-02 1.164581060409545898e+00
-8.774479851126670837e-03 -5.734790489077568054e-02 1.141892313957214355e+00
-9.615962393581867218e-03 -4.814485460519790649e-02 1.123393893241882324e+00
-8.088684640824794769e-03 -4.946191608905792236e-02 1.111597657203674316e+00
-1.378479413688182831e-02 -5.014533922076225281e-02 1.131802797317504883e+00
-9.655285626649856567e-03 -2.475359290838241577e-02 9.745499491691589355e-01
-4.212381318211555481e-03 -8.227265439927577972e-03 7.711576819419860840e-01
-6.153349298983812332e-03 -1.442756596952676773e-02 7.869333028793334961e-01
3.165278118103742599e-03 -3.192762285470962524e-02 8.698419332504272461e-01
-1.022762246429920197e-02 -1.571609079837799072e-02 8.249680995941162109e-01
-2.449619059916585684e-04 5.208502989262342453e-05 8.351442813873291016e-01
1.580944051966071129e-03 1.048641279339790344e-02 8.695830702781677246e-01
-3.708337247371673584e-02 3.762547671794891357e-02 9.547466039657592773e-01
-4.082094132900238037e-02 5.875603482127189636e-02 9.353810548782348633e-01
-3.897625952959060669e-02 2.415324747562408447e-02 8.460566401481628418e-01
-2.183448756113648415e-03 -2.314529567956924438e-02 8.034921288490295410e-01
1.516393572092056274e-02 -4.872632399201393127e-02 7.567763924598693848e-01
2.266529947519302368e-02 -3.730154410004615784e-02 7.033497691154479980e-01
1.688694581389427185e-02 -2.265675179660320282e-02 7.629051208496093750e-01
1.585417985916137695e-02 -3.329141810536384583e-02 8.871256709098815918e-01
7.427108939737081528e-03 -2.949992939829826355e-02 8.730880022048950195e-01
1.482961699366569519e-02 -2.877523005008697510e-02 7.440308332443237305e-01
-2.224299684166908264e-02 -1.525393500924110413e-02 8.260564804077148438e-01
-3.922871872782707214e-02 -1.268268749117851257e-02 8.798629045486450195e-01
-3.287972509860992432e-02 -2.021443098783493042e-02 8.629706501960754395e-01
-4.882686212658882141e-02 8.565204218029975891e-03 8.079963922500610352e-01
-4.350105300545692444e-02 2.752862405031919479e-03 9.609218835830688477e-01
-1.149482186883687973e-02 5.259615369141101837e-03 9.718738794326782227e-01
-1.534898532554507256e-03 -8.581003174185752869e-03 9.488652944564819336e-01
9.769113734364509583e-03 -3.112788125872612000e-02 9.270690083503723145e-01
3.555943723767995834e-03 -5.876372754573822021e-02 9.157497882843017578e-01
8.108472451567649841e-03 -5.220806598663330078e-02 9.345747828483581543e-01
1.709063723683357239e-02 -2.781702950596809387e-02 9.200611114501953125e-01
2.721579745411872864e-02 -9.545635432004928589e-03 9.285720586776733398e-01
6.351391319185495377e-03 9.319660253822803497e-03 8.209028244018554688e-01
-1.508334092795848846e-02 2.935195527970790863e-02 7.329073548316955566e-01
-5.145094357430934906e-03 1.769203878939151764e-02 6.074733138084411621e-01
-2.226844057440757751e-02 3.756607323884963989e-02 5.791296958923339844e-01
-2.511573210358619690e-02 7.726873736828565598e-03 5.918357968330383301e-01
-1.602138578891754150e-02 -9.209511335939168930e-04 6.240330934524536133e-01
-2.333853766322135925e-02 -2.767698606476187706e-03 7.901597023010253906e-01
-1.514613442122936249e-02 -2.059171721339225769e-02 9.352315068244934082e-01
5.028391256928443909e-03 -2.328583970665931702e-02 8.814889192581176758e-01
-8.895296603441238403e-03 -2.735571004450321198e-03 8.836545944213867188e-01
-1.294949278235435486e-02 2.473359182476997375e-02 7.991403937339782715e-01
-2.672310918569564819e-02 2.127655595541000366e-02 7.730899453163146973e-01
-2.510095015168190002e-02 1.863060332834720612e-02 8.123435974121093750e-01
-2.714864723384380341e-02 4.384566470980644226e-02 8.800478577613830566e-01
-4.769537225365638733e-02 4.018103703856468201e-02 9.692674875259399414e-01
-2.596274204552173615e-02 8.997065946459770203e-03 1.005159974098205566e+00
-2.247636765241622925e-02 2.363833226263523102e-02 9.029291272163391113e-01
-4.748448356986045837e-02 6.262581050395965576e-02 8.048584461212158203e-01
-2.242929488420486450e-02 4.427428543567657471e-02 8.725497722625732422e-01
-1.023478806018829346e-02 1.896730437874794006e-02 1.010556101799011230e+00
-1.208236999809741974e-02 2.308633364737033844e-02 1.043015003204345703e+00
1.120954006910324097e-02 2.936310833320021629e-03 9.280949831008911133e-01
1.758178509771823883e-02 -1.283972524106502533e-03 8.533381819725036621e-01
1.557182893157005310e-02 -3.457892686128616333e-03 7.182110548019409180e-01
1.537682861089706421e-02 -2.660338208079338074e-02 7.477753162384033203e-01
1.440794020891189575e-02 -2.416596002876758575e-02 7.755803465843200684e-01
4.591267090290784836e-03 -1.576767489314079285e-02 7.652796506881713867e-01
-3.203158266842365265e-03 -7.654597982764244080e-03 7.610108256340026855e-01
-1.855257898569107056e-03 -1.193220168352127075e-02 7.680284976959228516e-01
-2.900821156799793243e-03 -1.342092268168926239e-02 7.671426534652709961e-01
-9.036155417561531067e-03 -1.214256882667541504e-02 7.586313486099243164e-01
-2.059029042720794678e-02 -3.553383983671665192e-03 7.669290900230407715e-01
-3.196026757359504700e-02 1.021438185125589371e-02 8.250031471252441406e-01
-4.741764441132545471e-02 -6.420973222702741623e-04 8.283905386924743652e-01
-3.671417012810707092e-02 -6.804272532463073730e-03 8.461025953292846680e-01
-2.144534699618816376e-02 -2.657054737210273743e-02 8.221503496170043945e-01
-1.029246114194393158e-02 -2.450979501008987427e-02 8.022815585136413574e-01
5.581637378782033920e-03 -1.060537714511156082e-02 7.233034968376159668e-01
6.316938437521457672e-03 -1.192685216665267944e-02 6.733343601226806641e-01
-3.886077087372541428e-03 9.190593846142292023e-05 6.748608350753784180e-01
-1.927358098328113556e-02 1.620840467512607574e-02 6.728522777557373047e-01
-2.173872292041778564e-02 7.520477753132581711e-03 7.649735808372497559e-01
-3.329491615295410156e-02 8.892010897397994995e-03 7.938234210014343262e-01
-3.796758502721786499e-02 1.393955107778310776e-02 7.977443933486938477e-01
-2.973346039652824402e-02 9.505623951554298401e-03 7.884275913238525391e-01
-1.848840340971946716e-02 4.992486909031867981e-03 7.822974920272827148e-01
-8.180390112102031708e-03 -6.312379147857427597e-03 7.846364974975585938e-01
-7.066738791763782501e-03 -7.975885644555091858e-03 7.755165100097656250e-01
-6.499430164694786072e-03 -9.423114359378814697e-03 7.741441130638122559e-01
-6.801409646868705750e-03 -9.190823882818222046e-03 7.717774510383605957e-01
-7.412393577396869659e-03 -8.730858564376831055e-03 7.702348828315734863e-01
-8.046703413128852844e-03 -8.027028292417526245e-03 7.699412703514099121e-01
-8.779690600931644440e-03 -7.406160701066255569e-03 7.703079581260681152e-01
-9.474487975239753723e-03 -6.809679791331291199e-03 7.708163857460021973e-01
-1.210324000567197800e-02 -5.076944828033447266e-03 7.683249115943908691e-01
-1.680443994700908661e-02 -1.492896117269992828e-03 7.698625922203063965e-01
-2.169344946742057800e-02 3.950375597923994064e-03 7.731714844703674316e-01
-2.526851370930671692e-02 7.580911274999380112e-03 7.684276700019836426e-01
-2.524667419493198395e-02 1.525511592626571655e-02 7.423903942108154297e-01
-1.589744538068771362e-02 -6.075981538742780685e-03 6.873624920845031738e-01
-1.642297208309173584e-02 -1.833054586313664913e-03 7.036883234977722168e-01
-1.493001542985439301e-02 -5.374941043555736542e-03 8.219757080078125000e-01
4.036718513816595078e-03 -2.007113024592399597e-02 8.969588875770568848e-01
-7.628913037478923798e-03 -5.457060411572456360e-03 8.784608244895935059e-01
-9.754411876201629639e-03 -5.678229499608278275e-03 8.439087867736816406e-01
-1.062119286507368088e-02 -4.257099702954292297e-03 8.286870121955871582e-01
-7.444665301591157913e-03 -6.510864943265914917e-03 8.077454566955566406e-01
-9.714760817587375641e-03 -7.459869608283042908e-03 7.935962080955505371e-01
-1.852529495954513550e-02 3.033798886463046074e-03 7.960455417633056641e-01
-2.420958131551742554e-02 6.134315859526395798e-03 8.123256564140319824e-01
-2.509815059602260590e-02 6.263331510126590729e-03 8.090538382530212402e-01
-2.240000292658805847e-02 1.110831089317798615e-02 8.035552501678466797e-01
-1.650691218674182892e-02 5.531540606170892715e-03 7.943387627601623535e-01
-1.547624170780181885e-02 1.849955879151821136e-05 7.978902459144592285e-01
-1.084798574447631836e-02 2.438743598759174347e-03 7.800906896591186523e-01
-6.492626853287220001e-03 -5.640826188027858734e-03 7.781732082366943359e-01
-8.777812123298645020e-03 -1.561481505632400513e-03 7.860308885574340820e-01
-1.034633163362741470e-02 8.256206288933753967e-03 8.186723589897155762e-01
-1.397238206118345261e-02 1.188468746840953827e-02 8.334339261054992676e-01
-1.857236400246620178e-02 1.017539110034704208e-02 8.344999551773071289e-01
-2.189687266945838928e-02 3.614262212067842484e-03 8.391967415809631348e-01
-2.228731475770473480e-02 -2.640299499034881592e-05 8.257689476013183594e-01
-1.883452385663986206e-02 -5.648833699524402618e-03 7.930104136466979980e-01
-2.119706757366657257e-02 -5.267529748380184174e-03 7.787827849388122559e-01
-2.571779862046241760e-02 6.796736270189285278e-04 7.801274061203002930e-01
-2.996583655476570129e-02 1.860793493688106537e-02 8.240671157836914062e-01
-4.456614702939987183e-02 3.796891868114471436e-02 8.514423370361328125e-01
-5.759880691766738892e-02 3.655544668436050415e-02 8.747437000274658203e-01
-4.917391017079353333e-02 2.016299590468406677e-02 8.541407585144042969e-01
-3.237567469477653503e-02 -2.318080514669418335e-04 8.459549546241760254e-01
-2.301333658397197723e-02 -7.993688806891441345e-03 8.455356955528259277e-01
-1.458241418004035950e-02 -2.547309733927249908e-02 7.295842766761779785e-01
-1.289640367031097412e-02 -1.378262042999267578e-02 6.151080131530761719e-01
1.026747515425086021e-03 7.126294076442718506e-03 5.878285169601440430e-01
2.922543324530124664e-03 2.627773955464363098e-02 6.645586490631103516e-01
-2.239177189767360687e-02 2.545560151338577271e-02 7.404463291168212891e-01
-4.104667901992797852e-02 3.900253400206565857e-02 8.660635352134704590e-01
-3.125788643956184387e-02 4.619129002094268799e-02 7.732411623001098633e-01
1.694785896688699722e-04 3.068077564239501953e-02 6.518528461456298828e-01
1.816354505717754364e-02 2.177238650619983673e-02 7.039106488227844238e-01
3.163160756230354309e-02 -2.096972055733203888e-02 7.496342658996582031e-01
1.408086344599723816e-02 -1.642677932977676392e-02 6.296293735504150391e-01
-1.328822970390319824e-02 1.302667893469333649e-02 5.130810737609863281e-01
-1.755164936184883118e-02 1.027557346969842911e-02 4.389250874519348145e-01
-2.697053924202919006e-02 9.813411161303520203e-03 4.398196637630462646e-01
-2.811341732740402222e-02 2.991323359310626984e-03 4.024653136730194092e-01
-4.572295397520065308e-02 2.916640369221568108e-03 4.169607460498809814e-01
-1.814812980592250824e-02 1.969804242253303528e-02 5.332130193710327148e-01
1.489027123898267746e-02 1.079225167632102966e-02 6.357188820838928223e-01
4.141463898122310638e-03 -1.589182764291763306e-02 7.319819927215576172e-01
-2.308468893170356750e-02 -4.286723211407661438e-02 5.815486311912536621e-01
-3.845220431685447693e-02 -9.273862466216087341e-03 4.461445510387420654e-01
-5.258360505104064941e-02 -1.100320648401975632e-02 5.489532351493835449e-01
-7.259284704923629761e-02 -6.858771666884422302e-03 5.847866535186767578e-01
-7.943404465913772583e-02 3.490964695811271667e-02 6.741529107093811035e-01
-4.946070164442062378e-02 4.921346902847290039e-02 7.644248008728027344e-01
-1.803632825613021851e-02 1.129802875220775604e-02 6.913384795188903809e-01
-4.411102086305618286e-02 2.455586753785610199e-02 4.055005609989166260e-01
-4.645052924752235413e-02 1.346983294934034348e-02 2.494731843471527100e-01
-6.053844839334487915e-02 8.970218896865844727e-02 2.267363667488098145e-01
-5.587643012404441833e-02 1.057440936565399170e-01 3.214248418807983398e-01
-4.419973865151405334e-02 7.637196779251098633e-02 4.481838345527648926e-01
-2.916212752461433411e-02 5.382348597049713135e-02 5.538237690925598145e-01
-1.658134534955024719e-02 -1.888778433203697205e-02 6.192405819892883301e-01
6.822635419666767120e-03 -3.396793082356452942e-02 6.111151576042175293e-01
-1.870092935860157013e-03 -1.259931363165378571e-02 7.424771189689636230e-01
-1.157621014863252640e-02 -1.936401426792144775e-02 6.857528090476989746e-01
-4.394438583403825760e-03 -2.828178182244300842e-02 6.253751516342163086e-01
7.391928229480981827e-03 -2.073247171938419342e-02 7.696874737739562988e-01
2.742136083543300629e-02 -6.465918570756912231e-02 8.285467028617858887e-01
3.404519334435462952e-02 -7.133522629737854004e-02 8.234437108039855957e-01
4.700483381748199463e-02 -7.842149585485458374e-02 8.876180648803710938e-01
4.151692613959312439e-02 -4.777212440967559814e-02 8.695033192634582520e-01
2.636494487524032593e-02 -1.915272884070873260e-02 8.770057559013366699e-01
1.938565447926521301e-02 -3.160284459590911865e-02 8.995479345321655273e-01
2.722373977303504944e-02 -4.440439492464065552e-02 9.228138327598571777e-01
3.389324247837066650e-02 -3.119554556906223297e-02 8.710831999778747559e-01
2.801510691642761230e-02 -2.392256632447242737e-02 9.191131591796875000e-01
1.346848905086517334e-02 -1.790195144712924957e-02 9.836601018905639648e-01
5.906919017434120178e-03 -3.506030887365341187e-02 1.036754012107849121e+00
1.606207899749279022e-02 -5.568229779601097107e-02 1.040882945060729980e+00
1.899143494665622711e-02 -6.981550157070159912e-02 1.099779009819030762e+00
7.435685489326715469e-03 -7.871816307306289673e-02 1.153819799423217773e+00
5.021148826926946640e-03 -6.481269747018814087e-02 1.117591381072998047e+00
1.891192165203392506e-03 -6.024644151329994202e-02 1.175571441650390625e+00
9.315180592238903046e-03 -7.287067919969558716e-02 1.191047906875610352e+00
1.814102940261363983e-02 -4.859339445829391479e-02 1.092908620834350586e+00
1.928959041833877563e-02 -4.575908184051513672e-03 9.925863146781921387e-01
3.473629057407379150e-02 -3.076886013150215149e-02 1.121852755546569824e+00
2.779405936598777771e-02 -2.968911454081535339e-02 1.194695591926574707e+00
1.856271736323833466e-02 -3.245171159505844116e-02 1.133090972900390625e+00
5.688088131137192249e-04 -3.141866624355316162e-02 1.110997438430786133e+00
2.206254284828901291e-03 -4.107991978526115417e-02 1.203849554061889648e+00
1.415165141224861145e-02 -5.196990072727203369e-02 1.159251689910888672e+00
1.718578487634658813e-02 -5.808963254094123840e-02 1.089198470115661621e+00
3.265510778874158859e-03 -4.047379270195960999e-02 1.114202380180358887e+00
-6.446078419685363770e-03 -3.392885625362396240e-02 1.199639201164245605e+00
-5.944123491644859314e-03 -2.083059772849082947e-02 1.198480010032653809e+00
-8.685633540153503418e-03 -7.258613593876361847e-03 1.126945734024047852e+00
4.956096410751342773e-03 -2.943894453346729279e-02 1.150932073593139648e+00
1.522720791399478912e-02 -4.452583566308021545e-02 1.156304717063903809e+00
-1.603006012737751007e-02 3.152710851281881332e-03 1.175592303276062012e+00
-3.186710923910140991e-02 1.354667730629444122e-02 1.174123644828796387e+00
-3.070652484893798828e-02 2.458550967276096344e-03 1.135565161705017090e+00
-1.889606937766075134e-02 -8.230105042457580566e-03 1.147457242012023926e+00
1.758397556841373444e-02 -3.014899976551532745e-02 1.136791944503784180e+00
2.251802384853363037e-02 -4.453519731760025024e-02 1.209892630577087402e+00
1.171020604670047760e-02 -3.110020607709884644e-02 1.181641817092895508e+00
1.149288378655910492e-03 -3.354216367006301880e-02 1.225530982017517090e+00
-1.729242317378520966e-02 -2.347060851752758026e-02 1.328658103942871094e+00
-3.214947879314422607e-02 -1.365013420581817627e-02 1.340699076652526855e+00
-2.132830023765563965e-02 -5.370164662599563599e-02 1.339975833892822266e+00
5.497792270034551620e-03 -5.723520368337631226e-02 1.283029437065124512e+00
7.896913215517997742e-03 -4.648030549287796021e-02 1.221915245056152344e+00
1.488352008163928986e-02 -4.794629663228988647e-02 1.135356068611145020e+00
1.453958917409181595e-02 -3.849831596016883850e-02 1.132062435150146484e+00
3.578811511397361755e-02 -3.833591938018798828e-02 1.093557238578796387e+00
4.060430079698562622e-02 -4.841284826397895813e-02 1.142880678176879883e+00
2.380803972482681274e-02 -4.612939804792404175e-02 1.230324029922485352e+00
3.889277111738920212e-03 -2.884203195571899414e-02 1.243262052536010742e+00
3.680561669170856476e-03 -4.146754741668701172e-02 1.195749282836914062e+00
1.443796046078205109e-02 -5.876713246107101440e-02 1.144035696983337402e+00
1.473001390695571899e-02 -6.346970796585083008e-02 1.153117299079895020e+00
3.610406443476676941e-02 -7.980825006961822510e-02 1.165209174156188965e+00
5.063778162002563477e-02 -1.051764190196990967e-01 1.171385288238525391e+00
3.278465569019317627e-02 -8.561399579048156738e-02 1.127483248710632324e+00
3.337747603654861450e-02 -8.761683851480484009e-02 1.117664337158203125e+00
2.037920430302619934e-02 -6.496419012546539307e-02 1.113706827163696289e+00
1.740963943302631378e-02 -5.268931016325950623e-02 1.031236886978149414e+00
3.876566886901855469e-02 -5.820994079113006592e-02 1.060092806816101074e+00
3.705997392535209656e-02 -4.879738762974739075e-02 1.020359873771667480e+00
3.190179541707038879e-02 -5.261684954166412354e-02 1.116469740867614746e+00
2.135308459401130676e-02 -5.925315245985984802e-02 1.157029747962951660e+00
1.817991770803928375e-02 -4.717898741364479065e-02 1.154648184776306152e+00
2.305958606302738190e-02 -5.993955582380294800e-02 1.199203968048095703e+00
4.046759009361267090e-02 -7.166947424411773682e-02 1.182023286819458008e+00
4.285360500216484070e-02 -7.871262729167938232e-02 1.141236424446105957e+00
3.404663503170013428e-02 -6.456291675567626953e-02 1.168151736259460449e+00
1.893710903823375702e-02 -6.545642763376235962e-02 1.218146085739135742e+00
1.690096780657768250e-02 -6.076311320066452026e-02 1.159093856811523438e+00
3.158988058567047119e-02 -6.403476744890213013e-02 1.065958738327026367e+00
4.751312360167503357e-02 -7.659387588500976562e-02 1.050806045532226562e+00
5.479169636964797974e-02 -6.676487624645233154e-02 1.050326466560363770e+00
4.877953231334686279e-02 -5.332098901271820068e-02 1.090347766876220703e+00
4.710573330521583557e-02 -6.324423104524612427e-02 1.169526934623718262e+00
1.984747871756553650e-02 -6.257728487253189087e-02 1.202028274536132812e+00
5.638431292027235031e-03 -5.465287342667579651e-02 1.236668467521667480e+00
1.348316203802824020e-02 -5.238423869013786316e-02 1.160227656364440918e+00
1.810886338353157043e-02 -5.896621569991111755e-02 1.160820007324218750e+00
1.643175259232521057e-02 -4.596842825412750244e-02 1.174178838729858398e+00
8.387510664761066437e-03 -4.681720212101936340e-02 1.201197981834411621e+00
1.641952805221080780e-02 -5.776849761605262756e-02 1.182906031608581543e+00
2.798970602452754974e-02 -5.001569166779518127e-02 1.185188055038452148e+00
3.416745364665985107e-02 -3.474633023142814636e-02 1.088401198387145996e+00
3.490870818495750427e-02 -5.770506337285041809e-02 1.147978425025939941e+00
5.355070531368255615e-02 -7.447984069585800171e-02 1.218721270561218262e+00
4.188507050275802612e-02 -7.561482489109039307e-02 1.241345047950744629e+00
5.502492934465408325e-02 -6.739875674247741699e-02 1.146956920623779297e+00
6.347256898880004883e-02 -6.429626792669296265e-02 1.145196795463562012e+00
4.961604624986648560e-02 -5.823624506592750549e-02 1.179880976676940918e+00
4.631685465574264526e-02 -6.444066762924194336e-02 1.159770846366882324e+00
3.886981680989265442e-02 -5.083481222391128540e-02 1.189883351325988770e+00
1.833318360149860382e-02 -7.053800672292709351e-02 1.241483330726623535e+00
9.967220947146415710e-03 -3.368409350514411926e-02 1.211842298507690430e+00
3.095117956399917603e-02 -2.524423971772193909e-02 1.189995408058166504e+00
5.574531853199005127e-02 -6.938482075929641724e-02 1.130673766136169434e+00
4.538658261299133301e-02 -6.863295286893844604e-02 1.075985550880432129e+00
3.602916374802589417e-02 -6.310915201902389526e-02 1.132265567779541016e+00
2.972198836505413055e-02 -8.409960567951202393e-02 1.170406103134155273e+00
2.271983027458190918e-02 -7.236437499523162842e-02 1.103564381599426270e+00
2.625779807567596436e-02 -5.579815804958343506e-02 1.083384513854980469e+00
4.312732443213462830e-02 -3.783781081438064575e-02 1.101969361305236816e+00
4.911027476191520691e-02 -3.398299217224121094e-02 1.041994571685791016e+00
4.832551628351211548e-02 -3.220692649483680725e-02 1.075044274330139160e+00
4.291595146059989929e-02 -6.002829223871231079e-02 1.110939860343933105e+00
4.075044021010398865e-02 -6.114496663212776184e-02 1.055788755416870117e+00
4.075030609965324402e-02 -7.050071656703948975e-02 9.926687479019165039e-01
3.847225010395050049e-02 -6.169523671269416809e-02 9.087906479835510254e-01
2.143962308764457703e-02 -4.254344850778579712e-02 9.696929454803466797e-01
1.161503884941339493e-02 -3.362397104501724243e-02 9.944137930870056152e-01
7.975776679813861847e-03 -3.732943162322044373e-02 1.038421511650085449e+00
-8.610139600932598114e-03 -2.450917102396488190e-02 1.086454987525939941e+00
-1.762565597891807556e-02 -1.489792671054601669e-02 1.102416157722473145e+00
-1.608768105506896973e-02 -2.937843464314937592e-02 1.043456196784973145e+00
-2.830214239656925201e-02 -2.808596938848495483e-02 1.113241076469421387e+00
-3.276398777961730957e-02 -2.615114673972129822e-02 1.119212508201599121e+00
-4.078906774520874023e-02 -2.316782251000404358e-02 1.149841785430908203e+00
-4.442204535007476807e-02 -2.552326023578643799e-02 1.179124236106872559e+00
-3.258303925395011902e-02 -2.602615393698215485e-02 1.154742717742919922e+00
-2.003558725118637085e-02 -2.370002306997776031e-02 1.133652925491333008e+00
-2.167263068258762360e-02 -1.441475655883550644e-02 1.138066649436950684e+00
-2.111406251788139343e-02 1.951875351369380951e-02 1.093024134635925293e+00
-1.651095226407051086e-02 3.913076221942901611e-02 9.823613166809082031e-01
-1.401596236974000931e-04 3.337581828236579895e-02 9.041926264762878418e-01
-2.802053350023925304e-04 1.871288567781448364e-02 8.888178467750549316e-01
-9.827349334955215454e-03 1.264591142535209656e-02 8.533291220664978027e-01
-2.649121917784214020e-02 2.592469565570354462e-02 7.971590161323547363e-01
-2.192988060414791107e-02 2.351764589548110962e-02 7.035243511199951172e-01
-3.000710532069206238e-02 3.529291972517967224e-02 7.478700876235961914e-01
-1.245833281427621841e-02 3.601781651377677917e-02 8.314327001571655273e-01
1.798149198293685913e-02 -6.374660879373550415e-04 8.430267572402954102e-01
-6.937454920262098312e-03 -3.454718738794326782e-03 8.000093102455139160e-01
-3.119273483753204346e-02 -6.811220198869705200e-03 8.222452402114868164e-01
-2.553308941423892975e-02 -1.748643070459365845e-02 7.356770038604736328e-01
-6.165441591292619705e-04 -2.764614112675189972e-02 7.226632833480834961e-01
1.279912050813436508e-02 -4.542086645960807800e-02 7.436148524284362793e-01
-1.065302081406116486e-02 -3.090044483542442322e-02 7.916816473007202148e-01
-1.109408494085073471e-02 -1.835427060723304749e-02 7.281227707862854004e-01
4.289267119020223618e-03 -9.371770545840263367e-03 7.301688194274902344e-01
1.091780699789524078e-02 -1.654807478189468384e-02 6.361372470855712891e-01
1.427121832966804504e-02 -2.109536528587341309e-02 6.451858282089233398e-01
-1.232148520648479462e-02 -1.107017137110233307e-02 7.717741727828979492e-01
-3.165744617581367493e-02 3.641128167510032654e-02 6.141101717948913574e-01
-4.239496216177940369e-02 3.701998293399810791e-02 5.012342333793640137e-01
-6.447935849428176880e-02 3.072137385606765747e-02 5.076774954795837402e-01
-5.620509758591651917e-02 2.687456458806991577e-02 4.787715971469879150e-01
-5.040822550654411316e-02 2.022830024361610413e-02 5.864961147308349609e-01
-4.570271074771881104e-02 2.301682252436876297e-03 6.434406042098999023e-01
-3.959579765796661377e-02 -2.602451480925083160e-03 5.636780261993408203e-01
-1.848184503614902496e-02 -8.761975914239883423e-05 5.660148262977600098e-01
-3.649503365159034729e-02 -2.255357056856155396e-02 5.676853060722351074e-01
-3.037302009761333466e-02 -3.082872554659843445e-02 6.342052221298217773e-01
-3.540002927184104919e-02 -8.709703572094440460e-03 6.965556740760803223e-01
8.337577804923057556e-03 -3.271900117397308350e-02 6.957610845565795898e-01
2.929261513054370880e-02 -5.259542539715766907e-02 7.030609250068664551e-01
1.318431273102760315e-02 -6.099396944046020508e-02 7.740331292152404785e-01
3.501199884340167046e-03 -6.755213439464569092e-02 9.287119507789611816e-01
2.539020497351884842e-04 -5.936656892299652100e-02 9.907724261283874512e-01
4.426693543791770935e-03 -5.113912746310234070e-02 1.000796198844909668e+00
-1.040924107655882835e-03 -2.920407429337501526e-02 9.892063140869140625e-01
-1.026382390409708023e-02 -2.336580492556095123e-02 9.419190287590026855e-01
-2.408812940120697021e-02 -2.675908245146274567e-02 8.924754261970520020e-01
-2.825768850743770599e-02 -2.957445010542869568e-02 8.693487048149108887e-01
-3.438748791813850403e-02 -1.893698424100875854e-02 8.505787253379821777e-01
-3.115629032254219055e-02 -2.484987676143646240e-02 8.868252635002136230e-01
-1.338913477957248688e-02 -4.834671318531036377e-02 9.445830583572387695e-01
-5.513222422450780869e-03 -4.149527102708816528e-02 9.806073307991027832e-01
1.532716583460569382e-02 -4.378660395741462708e-02 9.639349579811096191e-01
1.632509008049964905e-02 -4.970119521021842957e-02 9.908272027969360352e-01
3.056650981307029724e-03 -4.117611050605773926e-02 1.008906126022338867e+00
2.987472340464591980e-03 -4.148882627487182617e-02 9.604337215423583984e-01
6.753856316208839417e-03 -5.050511285662651062e-02 9.047590494155883789e-01
1.174193155020475388e-02 -5.117294192314147949e-02 8.804565072059631348e-01
1.007990352809429169e-02 -4.794674366712570190e-02 8.659443259239196777e-01
-4.484537057578563690e-04 -5.410765483975410461e-02 8.801593184471130371e-01
-4.074460826814174652e-03 -4.950452595949172974e-02 9.506644010543823242e-01
-2.121740207076072693e-02 -4.724108427762985229e-02 1.001679897308349609e+00
-3.154846280813217163e-02 -5.741289630532264709e-02 1.008089423179626465e+00
-1.995077170431613922e-02 -7.950562983751296997e-02 9.869053363800048828e-01
-1.553055644035339355e-02 -8.246801048517227173e-02 9.492940902709960938e-01
-2.614563517272472382e-02 -6.177034601569175720e-02 1.009426474571228027e+00
-1.772256009280681610e-02 -5.076007544994354248e-02 1.114953875541687012e+00
-2.214378863573074341e-02 -4.080458357930183411e-02 1.201462388038635254e+00
-2.158448845148086548e-02 -3.890236094594001770e-02 1.186402440071105957e+00
-1.642185635864734650e-02 -4.182559251785278320e-02 1.206531524658203125e+00
-9.642093442380428314e-03 -4.703888297080993652e-02 1.183697223663330078e+00
6.710502784699201584e-03 -5.880223587155342102e-02 1.087138056755065918e+00
2.749768458306789398e-02 -6.004424393177032471e-02 1.071785569190979004e+00
3.501475974917411804e-02 -7.410018146038055420e-02 1.095540285110473633e+00
2.161777950823307037e-02 -8.159239590167999268e-02 1.114877343177795410e+00
-3.656570799648761749e-03 -6.361894309520721436e-02 1.144623875617980957e+00
-1.142731402069330215e-03 -6.226377189159393311e-02 1.126864433288574219e+00
-9.652530774474143982e-03 -4.436934366822242737e-02 1.095785617828369141e+00
-5.986650008708238602e-03 -3.607990592718124390e-02 1.079644918441772461e+00
-2.530965954065322876e-03 -5.540549010038375854e-02 1.070072412490844727e+00
-1.752445101737976074e-02 -4.623336344957351685e-02 1.070740938186645508e+00
-2.358165755867958069e-02 -1.537255756556987762e-02 1.044042468070983887e+00
-3.372360952198505402e-03 -2.000108361244201660e-02 1.002065658569335938e+00
1.262319739907979965e-03 -2.581821568310260773e-02 9.502015113830566406e-01
4.630492068827152252e-03 -6.079413928091526031e-03 9.033452868461608887e-01
1.703218440525233746e-03 6.253249011933803558e-06 8.980181813240051270e-01
5.497261881828308105e-03 -1.863286830484867096e-02 8.709141016006469727e-01
3.283749800175428391e-03 -2.608191594481468201e-02 8.209482431411743164e-01
2.300350740551948547e-02 -4.751998931169509888e-02 8.145264983177185059e-01
3.287975490093231201e-02 -3.587211668491363525e-02 8.314107656478881836e-01
2.833470143377780914e-02 -1.738531701266765594e-02 8.496687412261962891e-01
1.575151644647121429e-02 -1.987174898386001587e-02 8.782926201820373535e-01
1.065953169018030167e-03 -2.891271188855171204e-02 9.002700448036193848e-01
-3.109490126371383667e-02 -1.753428578376770020e-02 9.002268910408020020e-01
-3.587427362799644470e-02 -3.423416614532470703e-02 9.395232200622558594e-01
-2.981035970151424408e-02 -3.286112844944000244e-02 9.233286976814270020e-01
-4.873701371252536774e-03 -5.684314295649528503e-02 9.615306258201599121e-01
2.706710249185562134e-03 -5.158356577157974243e-02 9.977551102638244629e-01
-7.875750306993722916e-04 -4.831229522824287415e-02 1.039808750152587891e+00
-6.431539542973041534e-03 -5.169559270143508911e-02 1.045019388198852539e+00
-1.018336508423089981e-02 -4.454251751303672791e-02 1.011749029159545898e+00
2.657451666891574860e-03 -3.736351430416107178e-02 1.020381093025207520e+00
6.234102416783571243e-03 -3.028064034879207611e-02 9.875380992889404297e-01
1.544693950563669205e-02 -2.919465117156505585e-02 9.900969862937927246e-01
2.359726279973983765e-02 -2.746043540537357330e-02 9.913797974586486816e-01
2.756882272660732269e-02 -3.126113861799240112e-02 9.716718792915344238e-01
2.598317340016365051e-02 -3.503790125250816345e-02 9.396861791610717773e-01
2.427673153579235077e-02 -2.333634346723556519e-02 9.296673536300659180e-01
1.808763109147548676e-02 -3.978917840868234634e-03 9.122393131256103516e-01
3.281143493950366974e-03 2.380940690636634827e-02 8.606557250022888184e-01
-2.523852139711380005e-02 4.099776968359947205e-02 8.182613849639892578e-01
-3.393026441335678101e-02 4.356722906231880188e-02 7.768400907516479492e-01
-3.213805705308914185e-02 4.860723763704299927e-02 7.860856056213378906e-01
-3.243268281221389771e-02 4.666024819016456604e-02 7.747694849967956543e-01
-2.715938538312911987e-02 4.752621799707412720e-02 7.733731865882873535e-01
-8.320976980030536652e-03 4.709047079086303711e-02 8.557897806167602539e-01
1.937198452651500702e-03 4.690796136856079102e-02 8.588791489601135254e-01
-1.192481070756912231e-02 5.710514634847640991e-02 7.817441821098327637e-01
-2.525310218334197998e-02 4.193259775638580322e-02 7.542327642440795898e-01
-3.441247344017028809e-02 2.338081039488315582e-02 8.194817304611206055e-01
-3.949202597141265869e-02 3.213701769709587097e-02 8.575614094734191895e-01
-3.804695606231689453e-02 6.067090108990669250e-02 8.874431252479553223e-01
-5.591675266623497009e-02 8.254239708185195923e-02 9.236710667610168457e-01
-6.405262649059295654e-02 7.997754216194152832e-02 9.105330109596252441e-01
-5.990190058946609497e-02 6.103253737092018127e-02 8.865581154823303223e-01
-5.997337773442268372e-02 4.744232445955276489e-02 8.701403141021728516e-01
-6.109016388654708862e-02 4.021040722727775574e-02 8.605458140373229980e-01
-6.541161984205245972e-02 3.610548004508018494e-02 8.313233256340026855e-01
-6.907644867897033691e-02 2.394267916679382324e-02 8.489083647727966309e-01
-7.246104627847671509e-02 2.868791483342647552e-02 9.356997609138488770e-01
-7.506158947944641113e-02 3.967545554041862488e-02 1.015848159790039062e+00
-6.370502710342407227e-02 4.759187251329421997e-02 1.045614480972290039e+00
-4.842374101281166077e-02 4.410497844219207764e-02 1.060019850730895996e+00
-2.338237501680850983e-02 1.923329755663871765e-02 1.044992804527282715e+00
-1.697799749672412872e-02 6.402905099093914032e-03 1.084939956665039062e+00
-2.511912025511264801e-02 -1.926932949572801590e-03 1.159999251365661621e+00
-5.490290373563766479e-02 3.305938839912414551e-02 1.187559723854064941e+00
-7.062465697526931763e-02 5.326744541525840759e-02 1.208676338195800781e+00
-6.489095836877822876e-02 4.544528573751449585e-02 1.232062458992004395e+00
-6.227648258209228516e-02 3.968697041273117065e-02 1.251367330551147461e+00
-3.473157063126564026e-02 5.660827737301588058e-04 1.230623483657836914e+00
-2.250958234071731567e-02 -1.053703390061855316e-02 1.165264010429382324e+00
-3.314802423119544983e-02 4.533187486231327057e-03 1.095334410667419434e+00
-1.319421827793121338e-02 -4.610032960772514343e-02 1.101854801177978516e+00
5.808713380247354507e-03 -7.519598305225372314e-02 1.095382452011108398e+00
1.631857082247734070e-02 -7.219864428043365479e-02 1.051396846771240234e+00
1.547794230282306671e-02 -5.138360708951950073e-02 9.991056919097900391e-01
1.540774106979370117e-02 -3.479327633976936340e-02 9.726123213768005371e-01
1.447246223688125610e-02 -3.136003017425537109e-02 9.645147323608398438e-01
3.969889134168624878e-03 -1.365943811833858490e-02 9.345544576644897461e-01
-7.890043780207633972e-03 3.489045193418860435e-03 8.883022665977478027e-01
-5.117629654705524445e-03 4.046003334224224091e-03 8.328284621238708496e-01
-1.093970378860831261e-03 -4.747090861201286316e-03 7.961035966873168945e-01
5.533709190785884857e-03 -1.741466112434864044e-02 8.180487751960754395e-01
1.531334593892097473e-02 -2.793852426111698151e-02 8.936654329299926758e-01
1.283703651279211044e-02 -3.041120059788227081e-02 9.448867440223693848e-01
7.710169069468975067e-03 -3.273738548159599304e-02 9.715397357940673828e-01
-1.192226307466626167e-03 -2.844345383346080780e-02 9.989363551139831543e-01
-1.465727807953953743e-03 -2.088180184364318848e-02 9.783244132995605469e-01
2.521911170333623886e-03 -1.741779595613479614e-02 9.597589373588562012e-01
5.419379565864801407e-03 -1.673369854688644409e-02 9.283470511436462402e-01
9.338580071926116943e-03 -2.076439559459686279e-02 8.548130989074707031e-01
8.038078434765338898e-03 -2.121864259243011475e-02 8.161447048187255859e-01
4.607270006090402603e-03 -1.795152947306632996e-02 8.033008575439453125e-01
3.425995353609323502e-03 -1.395826414227485657e-02 8.071592450141906738e-01
1.875629881396889687e-03 -1.186824217438697815e-02 8.461140990257263184e-01
-2.288632560521364212e-03 -9.242918342351913452e-03 8.853738307952880859e-01
-1.474573742598295212e-03 -9.683163836598396301e-03 8.952618241310119629e-01
-9.575262665748596191e-04 -1.216211076825857162e-02 9.333195090293884277e-01
2.680160105228424072e-04 -1.827445626258850098e-02 9.627690911293029785e-01
-1.557713723741471767e-03 -2.720294147729873657e-02 9.585628509521484375e-01
-3.720643930137157440e-03 -3.558079525828361511e-02 9.751690030097961426e-01
-2.426832448691129684e-03 -4.173459485173225403e-02 1.011885881423950195e+00
-9.090485051274299622e-03 -4.248288273811340332e-02 1.047539472579956055e+00
-1.925937086343765259e-02 -4.002090543508529663e-02 1.062470078468322754e+00
-2.881060168147087097e-02 -3.371828049421310425e-02 1.049227833747863770e+00
-3.992894664406776428e-02 -2.371144667267799377e-02 1.034957528114318848e+00
-4.608318209648132324e-02 -2.570768818259239197e-02 1.012937307357788086e+00
-4.453738406300544739e-02 -3.317076712846755981e-02 1.032733678817749023e+00
-3.468052297830581665e-02 -3.602170571684837341e-02 1.096779346466064453e+00
-2.747721038758754730e-02 -3.590694069862365723e-02 1.150013446807861328e+00
-1.824883930385112762e-02 -3.401570022106170654e-02 1.125615835189819336e+00
-1.615960709750652313e-02 -3.541230410337448120e-02 1.125687122344970703e+00
-2.016484364867210388e-02 -3.616379946470260620e-02 1.162931442260742188e+00
-2.350326254963874817e-02 -3.317463397979736328e-02 1.219443440437316895e+00
-3.037857450544834137e-02 -6.772024556994438171e-03 1.259912848472595215e+00
-2.613509818911552429e-02 -3.556298092007637024e-03 1.235649228096008301e+00
-2.274527773261070251e-02 -1.158323790878057480e-02 1.221722960472106934e+00
-2.277882769703865051e-02 -4.487878642976284027e-03 1.191685318946838379e+00
-3.606884554028511047e-02 1.430021412670612335e-02 1.137389779090881348e+00
-4.229452833533287048e-02 1.204235479235649109e-02 1.077076911926269531e+00
-4.843981564044952393e-02 -1.371008250862360001e-02 1.069051265716552734e+00
-4.340179637074470520e-02 -3.861166909337043762e-02 1.086431980133056641e+00
-2.501667849719524384e-02 -3.044911101460456848e-02 1.095709800720214844e+00
-3.763018408790230751e-03 -4.391138255596160889e-02 1.152493357658386230e+00
-2.471992280334234238e-03 -3.643029555678367615e-02 1.187662720680236816e+00
2.146257174899801612e-04 -3.842961043119430542e-02 1.194400310516357422e+00
-9.069216321222484112e-04 -2.201280370354652405e-02 1.172980189323425293e+00
-1.977671869099140167e-03 -2.797107212245464325e-02 1.190115094184875488e+00
-7.246789056807756424e-03 -2.766834199428558350e-02 1.142223000526428223e+00
-1.300714630633592606e-02 -1.656088046729564667e-02 1.110813021659851074e+00
-2.438108995556831360e-02 -1.640007644891738892e-02 1.141197085380554199e+00
-3.013600409030914307e-02 -2.008663490414619446e-02 1.120843529701232910e+00
-3.093371726572513580e-02 -2.473042905330657959e-02 1.132551908493041992e+00
-3.008945845067501068e-02 -3.076328150928020477e-02 1.096798419952392578e+00
-2.451438084244728088e-02 -3.158958628773689270e-02 1.108623504638671875e+00
-2.283970639109611511e-02 -2.327742800116539001e-02 1.129891276359558105e+00
-1.870490051805973053e-02 -1.210030261427164078e-02 1.125635266304016113e+00
-1.823942549526691437e-02 3.927457146346569061e-03 1.158012747764587402e+00
-2.006336674094200134e-02 1.575456745922565460e-02 1.160988330841064453e+00
-2.980771474540233612e-02 2.908199653029441833e-02 1.144846081733703613e+00
-3.377371653914451599e-02 3.251318261027336121e-02 1.129956126213073730e+00
-3.273678943514823914e-02 2.982658334076404572e-02 1.118103981018066406e+00
-2.753081731498241425e-02 2.407782524824142456e-02 1.114832997322082520e+00
-2.138065546751022339e-02 1.400999072939157486e-02 1.127945542335510254e+00
-2.227137051522731781e-02 3.256306052207946777e-03 1.130046486854553223e+00
-2.366816252470016479e-02 1.338705536909401417e-03 1.131073713302612305e+00
-2.287842333316802979e-02 1.284747850149869919e-03 1.122920989990234375e+00
-2.215810865163803101e-02 2.009460236877202988e-03 1.119400739669799805e+00
-2.140267193317413330e-02 3.984854556620121002e-03 1.114091634750366211e+00
-2.077759429812431335e-02 5.157220177352428436e-03 1.106681108474731445e+00
