8.978897705674171448e-03 -9.637302719056606293e-03 9.307280778884887695e-01
1.596016809344291687e-03 -1.885866932570934296e-02 9.792110323905944824e-01
4.068221896886825562e-03 -2.151871286332607269e-02 9.850913882255554199e-01
6.752550136297941208e-03 -2.684707008302211761e-02 1.003813862800598145e+00
1.608957350254058838e-02 -2.147605083882808685e-02 9.709736108779907227e-01
2.581337094306945801e-02 -1.227965299040079117e-02 9.286891818046569824e-01
1.331000216305255890e-02 -1.632599532604217529e-02 9.293787479400634766e-01
7.695002015680074692e-03 -2.009952813386917114e-02 9.331684708595275879e-01
1.356649212539196014e-02 -1.038530562072992325e-02 9.688532948493957520e-01
1.100520417094230652e-02 -9.508006274700164795e-03 9.083419442176818848e-01
1.069776341319084167e-02 -1.451739296317100525e-02 9.789154529571533203e-01
6.034374702721834183e-03 -1.378976833075284958e-02 1.026193618774414062e+00
4.736918024718761444e-03 -1.314732432365417480e-02 9.738952517509460449e-01
5.324490368366241455e-03 -1.685567013919353485e-02 9.341697692871093750e-01
1.322971563786268234e-02 -2.295003272593021393e-02 1.028186082839965820e+00
9.423897601664066315e-03 -1.989848352968692780e-02 1.010605573654174805e+00
6.695805583149194717e-03 -2.091528102755546570e-02 1.001791119575500488e+00
1.813351921737194061e-02 -1.839301362633705139e-02 9.805091023445129395e-01
1.432615052908658981e-02 -1.288346014916896820e-02 9.761473536491394043e-01
1.197869610041379929e-02 -1.601049490272998810e-02 1.061536669731140137e+00
1.090287882834672928e-02 -1.419307012110948563e-02 1.025336146354675293e+00
1.780990883708000183e-02 -1.394980214536190033e-02 9.610128998756408691e-01
1.106510031968355179e-02 -1.475674752146005630e-02 1.019511342048645020e+00
-1.848080544732511044e-03 -8.542479015886783600e-03 9.999254345893859863e-01
-6.684524472802877426e-03 -1.200326252728700638e-02 1.072126269340515137e+00
-1.101775187999010086e-02 -1.915232278406620026e-02 1.072740554809570312e+00
-2.015164121985435486e-02 -9.194970130920410156e-03 9.358519315719604492e-01
-2.027254737913608551e-02 -8.237747475504875183e-03 9.069971442222595215e-01
-2.292885445058345795e-02 -1.382145844399929047e-02 9.406270980834960938e-01
-2.131175994873046875e-02 -2.140071243047714233e-02 1.071448564529418945e+00
-2.660397067666053772e-02 -2.364376746118068695e-02 1.056490778923034668e+00
-3.723601624369621277e-02 -1.032545790076255798e-02 1.168163895606994629e+00
-2.352657914161682129e-02 -7.155986037105321884e-03 1.082865715026855469e+00
-2.118466980755329132e-02 -4.292814992368221283e-03 1.000755429267883301e+00
-1.535080093890428543e-02 -3.365464508533477783e-03 9.938759207725524902e-01
-1.975701376795768738e-02 -9.235607460141181946e-03 1.004198431968688965e+00
-2.186884731054306030e-02 -1.550856884568929672e-02 1.066500186920166016e+00
-2.042159251868724823e-02 -1.465163193643093109e-02 1.049982190132141113e+00
-2.031507156789302826e-02 -6.752995774149894714e-03 9.253506064414978027e-01
-2.507835626602172852e-02 -4.371368791908025742e-03 1.019528031349182129e+00
-2.153538167476654053e-02 -2.187330042943358421e-03 1.013096690177917480e+00
-2.088303305208683014e-02 -3.915244247764348984e-03 1.040945410728454590e+00
-1.651486940681934357e-02 2.998413052409887314e-03 1.046040773391723633e+00
-1.753267273306846619e-02 7.892020978033542633e-03 9.958184957504272461e-01
-1.443285960704088211e-02 7.716459804214537144e-04 1.007774472236633301e+00
-1.058076880872249603e-02 3.559251315891742706e-03 1.037922620773315430e+00
-7.597741205245256424e-05 3.450209274888038635e-03 1.030853390693664551e+00
4.369187634438276291e-03 4.612642340362071991e-03 9.569916725158691406e-01
4.511706996709108353e-03 2.792672952637076378e-03 9.110969901084899902e-01
-1.550763379782438278e-03 2.105931052938103676e-03 9.103371500968933105e-01
-1.686164736747741699e-02 1.150951371528208256e-03 9.744279980659484863e-01
-2.526256069540977478e-02 5.920432042330503464e-03 9.552462697029113770e-01
-2.509082295000553131e-02 5.068727186881005764e-04 9.304817318916320801e-01
-1.329472474753856659e-02 -2.523175207898020744e-03 9.527744054794311523e-01
-4.741288194054504856e-06 -1.013553608208894730e-02 8.394606113433837891e-01
-1.048296806402504444e-03 -8.517177775502204895e-03 8.188368082046508789e-01
1.363852294161915779e-03 -8.853003382682800293e-03 9.070408940315246582e-01
-2.112824004143476486e-03 -3.907585516571998596e-03 9.244892001152038574e-01
-7.708882447332143784e-03 -2.650881360750645399e-04 9.515111446380615234e-01
-6.196229718625545502e-03 3.761656582355499268e-03 9.295812249183654785e-01
-6.036292761564254761e-04 6.522092502564191818e-03 8.301052451133728027e-01
8.671302930451929569e-04 -9.523872868157923222e-04 7.800090312957763672e-01
-2.196794841438531876e-03 -6.322410423308610916e-03 6.567988991737365723e-01
1.593983382917940617e-03 -7.451443467289209366e-03 6.047925353050231934e-01
9.414743632078170776e-03 -8.639045991003513336e-03 6.015810966491699219e-01
7.355434354394674301e-03 -5.867833271622657776e-03 5.239919424057006836e-01
1.276396773755550385e-02 -1.025558449327945709e-02 6.038172841072082520e-01
1.132078748196363449e-02 -9.148232638835906982e-03 5.727695226669311523e-01
8.790674619376659393e-03 -9.718417190015316010e-03 7.386608123779296875e-01
5.315632093697786331e-03 -1.116479001939296722e-02 1.032418251037597656e+00
2.745386213064193726e-02 -1.666766032576560974e-02 8.953909277915954590e-01
2.819348499178886414e-02 -1.017503067851066589e-02 8.192969560623168945e-01
3.166742995381355286e-02 -1.261047832667827606e-02 8.775411844253540039e-01
2.385282702744007111e-02 -7.872265763580799103e-03 7.752670645713806152e-01
2.255241759121417999e-02 -3.082322655245661736e-03 6.789520978927612305e-01
2.983825467526912689e-02 -1.305278670042753220e-02 9.300329685211181641e-01
3.184132277965545654e-02 -1.663695462048053741e-02 1.031192064285278320e+00
3.538805618882179260e-02 -1.009036414325237274e-02 7.758373022079467773e-01
3.463678434491157532e-02 -4.665399435907602310e-03 7.442720532417297363e-01
2.533874288201332092e-02 -6.313153542578220367e-03 6.180870532989501953e-01
2.094686217606067657e-02 -6.744825281202793121e-03 4.690090119838714600e-01
2.994468808174133301e-02 -1.899682357907295227e-02 6.022937297821044922e-01
5.322255939245223999e-02 -2.880861796438694000e-02 9.285334944725036621e-01
5.702706053853034973e-02 -2.795960195362567902e-02 9.868381619453430176e-01
4.995797201991081238e-02 -2.648196928203105927e-02 9.742623567581176758e-01
4.013185948133468628e-02 -1.719734072685241699e-02 7.551404833793640137e-01
3.880608081817626953e-02 -1.520563755184412003e-02 7.095916867256164551e-01
4.300916567444801331e-02 -1.876919902861118317e-02 8.297211527824401855e-01
3.967519104480743408e-02 -1.511715166270732880e-02 8.802981376647949219e-01
3.768451139330863953e-02 -1.395254395902156830e-02 8.467686176300048828e-01
3.048255294561386108e-02 -1.409899722784757614e-02 7.696266174316406250e-01
1.920343749225139618e-02 -4.530175589025020599e-03 6.031082868576049805e-01
1.740038394927978516e-02 1.374641782604157925e-03 5.640392899513244629e-01
2.294933982193470001e-02 -5.933892913162708282e-03 6.491595506668090820e-01
3.889646008610725403e-02 -1.252367254346609116e-02 8.345993757247924805e-01
2.830233238637447357e-02 -1.614189147949218750e-02 8.785879611968994141e-01
1.752855814993381500e-02 -1.857962645590305328e-02 9.537118077278137207e-01
9.219377301633358002e-03 -1.733522117137908936e-02 8.819283246994018555e-01
7.427112199366092682e-03 -1.593592762947082520e-02 7.964217066764831543e-01
-1.514674047939479351e-03 -1.111962553113698959e-02 6.627072691917419434e-01
-4.125731531530618668e-03 -8.345658890902996063e-03 5.877411961555480957e-01
-6.938986945897340775e-03 -5.136248655617237091e-03 4.521604180335998535e-01
-6.997169461101293564e-03 -1.014370843768119812e-02 6.136041283607482910e-01
-9.765467606484889984e-03 -1.257030107080936432e-02 7.275210022926330566e-01
-5.491481628268957138e-03 -1.778109371662139893e-02 8.874697089195251465e-01
-2.048604656010866165e-03 -1.582400314509868622e-02 9.186901450157165527e-01
1.094147795811295509e-03 -1.205680612474679947e-02 8.359227776527404785e-01
-2.278315601870417595e-03 -2.177408197894692421e-03 6.936006546020507812e-01
-3.518615383654832840e-03 1.099811168387532234e-03 6.422235369682312012e-01
-4.065401852130889893e-03 -5.523263826034963131e-04 6.348073482513427734e-01
-5.660982802510261536e-03 -6.627561524510383606e-03 6.487261056900024414e-01
-3.220116021111607552e-03 -9.067921899259090424e-03 6.793605685234069824e-01
-7.881483994424343109e-03 -1.015261095017194748e-02 7.080819010734558105e-01
-6.746574770659208298e-03 -9.619520977139472961e-03 7.567319273948669434e-01
-9.714053012430667877e-03 -7.560885045677423477e-03 8.146147131919860840e-01
-1.255325879901647568e-02 -1.106041017919778824e-02 7.738653421401977539e-01
2.032016869634389877e-03 -1.493405085057020187e-02 8.878042697906494141e-01
2.052667085081338882e-03 -1.107671950012445450e-02 8.793211579322814941e-01
3.929120488464832306e-03 -7.815253920853137970e-03 7.570702433586120605e-01
7.827895693480968475e-03 -5.535646341741085052e-03 7.281369566917419434e-01
8.766952902078628540e-03 -1.369069679640233517e-03 7.116267085075378418e-01
9.102802723646163940e-03 -5.618076305836439133e-03 6.454420089721679688e-01
7.189801894128322601e-03 -1.340899523347616196e-02 7.194139957427978516e-01
6.079007405787706375e-03 -1.538602821528911591e-02 7.426626682281494141e-01
-7.012674468569457531e-04 -1.836775243282318115e-02 8.594365119934082031e-01
-3.745710011571645737e-03 -2.189303189516067505e-02 1.046259880065917969e+00
-3.122576279565691948e-03 -2.140504494309425354e-02 8.812909722328186035e-01
-3.080383641645312309e-03 -2.407279424369335175e-02 8.515499234199523926e-01
1.301428419537842274e-03 -2.156763337552547455e-02 9.985691308975219727e-01
-5.755768623203039169e-03 -1.903575472533702850e-02 1.086151242256164551e+00
-1.246623508632183075e-02 -1.633198000490665436e-02 1.002301335334777832e+00
4.541827365756034851e-03 -1.144653744995594025e-02 9.386113882064819336e-01
1.333641470409929752e-03 -1.038936246186494827e-02 8.924565911293029785e-01
5.054381908848881721e-04 -8.966966532170772552e-03 8.280130624771118164e-01
5.362720112316310406e-04 -1.011927984654903412e-02 7.902137041091918945e-01
-3.179536433890461922e-03 -1.442268490791320801e-02 8.142979145050048828e-01
-2.462699310854077339e-03 -1.471243053674697876e-02 8.225548267364501953e-01
-3.330777632072567940e-03 -1.536794845014810562e-02 8.235495686531066895e-01
-7.510927505791187286e-03 -1.627483218908309937e-02 7.556173205375671387e-01
-1.020045578479766846e-02 -1.817966252565383911e-02 7.934251427650451660e-01
-8.539039641618728638e-03 -1.491611171513795853e-02 8.039206862449645996e-01
-2.413508482277393341e-03 -1.310094818472862244e-02 8.391292691230773926e-01
-7.309068460017442703e-03 -1.417855080217123032e-02 8.602117300033569336e-01
-1.058422215282917023e-02 -1.232804451137781143e-02 9.630141854286193848e-01
-1.219920814037322998e-02 -1.681383140385150909e-02 1.021262526512145996e+00
-1.754795201122760773e-02 -1.377161033451557159e-02 1.004303455352783203e+00
-2.041181921958923340e-02 -7.688706740736961365e-03 9.389582276344299316e-01
-1.061782985925674438e-02 -1.173113379627466202e-02 7.879811525344848633e-01
-1.424078829586505890e-02 -1.708461530506610870e-02 8.478748202323913574e-01
-1.367015764117240906e-02 -2.058308944106101990e-02 9.159770011901855469e-01
-1.045271940529346466e-02 -1.943496614694595337e-02 8.867385983467102051e-01
6.974376738071441650e-04 -1.866170950233936310e-02 8.183698058128356934e-01
2.993769710883498192e-03 -1.954882591962814331e-02 6.903340816497802734e-01
7.001770660281181335e-03 -2.363172359764575958e-02 5.877183675765991211e-01
1.222275313921272755e-03 -2.353869751095771790e-02 6.252830624580383301e-01
-2.497236477211117744e-03 -2.050419524312019348e-02 6.354699730873107910e-01
-6.586587522178888321e-03 -1.892688125371932983e-02 5.457295775413513184e-01
-1.002494338899850845e-02 -1.309947855770587921e-02 4.743790924549102783e-01
-7.193917408585548401e-03 -1.425221655517816544e-02 5.257802009582519531e-01
-9.176173247396945953e-03 -8.626981638371944427e-03 5.687990784645080566e-01
-5.575624294579029083e-03 -1.284513063728809357e-02 6.889749169349670410e-01
-5.521929822862148285e-03 -2.357977814972400665e-02 7.706561088562011719e-01
-4.395143594592809677e-03 -2.092709019780158997e-02 8.118529319763183594e-01
-3.221243619918823242e-03 -1.977084763348102570e-02 8.413749337196350098e-01
-3.053145948797464371e-03 -1.422172132879495621e-02 7.447927594184875488e-01
8.623064495623111725e-03 -9.388043545186519623e-04 5.943117737770080566e-01
7.553942501544952393e-03 4.611148498952388763e-03 5.716474056243896484e-01
3.398807020857930183e-03 -1.621477073058485985e-03 6.149421334266662598e-01
-4.631173331290483475e-03 -5.795386154204607010e-03 6.683511137962341309e-01
-1.900548464618623257e-03 -7.050353568047285080e-03 7.053477764129638672e-01
-2.392844995483756065e-03 -6.618452258408069611e-03 7.801339030265808105e-01
-4.009595140814781189e-03 -1.183889433741569519e-02 8.136975169181823730e-01
2.158867428079247475e-03 -1.057632546871900558e-02 5.998981595039367676e-01
3.531733527779579163e-03 -1.183539442718029022e-02 5.036649107933044434e-01
1.312497537583112717e-03 -1.562673412263393402e-02 5.275416374206542969e-01
4.270564299076795578e-03 -2.353330887854099274e-02 6.732485294342041016e-01
9.171465411782264709e-03 -2.530078403651714325e-02 8.593186736106872559e-01
1.268389262259006500e-02 -2.036507241427898407e-02 7.786532640457153320e-01
1.735783298499882221e-03 -2.005966380238533020e-02 6.721218228340148926e-01
2.130406443029642105e-03 -2.201264724135398865e-02 7.861495614051818848e-01
-3.680287161841988564e-03 -1.353870239108800888e-02 8.105250597000122070e-01
-3.924996592104434967e-03 -1.419608946889638901e-02 8.515458703041076660e-01
-1.108800899237394333e-02 -1.484375633299350739e-02 8.006169795989990234e-01
-1.935700699687004089e-02 -1.393753476440906525e-02 8.044622540473937988e-01
-1.754598692059516907e-02 -1.056371815502643585e-02 6.755585670471191406e-01
-1.333426404744386673e-02 -6.535611115396022797e-03 7.291620969772338867e-01
-1.172538753598928452e-02 -2.928713802248239517e-03 6.676927804946899414e-01
-9.334914386272430420e-03 -7.341732853092253208e-04 7.105892300605773926e-01
-2.037177607417106628e-02 -1.042924937792122364e-03 7.470214366912841797e-01
-2.827087230980396271e-02 -7.026011124253273010e-03 6.923984885215759277e-01
-3.948425874114036560e-02 -7.733048405498266220e-03 9.241260886192321777e-01
-3.816315904259681702e-02 -8.057811297476291656e-03 9.720448255538940430e-01
-2.512136287987232208e-02 -5.610666703432798386e-03 8.780676126480102539e-01
-2.108690142631530762e-02 -7.097933907061815262e-03 8.469210267066955566e-01
-2.245006337761878967e-02 -8.771245367825031281e-03 7.645835876464843750e-01
-2.934159152209758759e-02 -1.114723272621631622e-02 8.587346076965332031e-01
-3.603886067867279053e-02 -6.595525424927473068e-03 9.153437614440917969e-01
-3.310755640268325806e-02 -8.450127206742763519e-03 8.988155126571655273e-01
-3.250758722424507141e-02 -9.044242091476917267e-03 9.229247570037841797e-01
-2.328027971088886261e-02 -1.446521747857332230e-02 9.429600834846496582e-01
-1.503690890967845917e-02 -1.427155733108520508e-02 9.181344509124755859e-01
-1.205310318619012833e-02 -1.176937576383352280e-02 8.498571515083312988e-01
-1.494169421494007111e-02 -6.779535207897424698e-03 8.586921095848083496e-01
-1.476309634745121002e-02 -2.189691411331295967e-03 8.194424510002136230e-01
-7.924964651465415955e-03 -1.293839421123266220e-03 7.180479764938354492e-01
-5.259330384433269501e-03 -2.714106813073158264e-03 7.112075686454772949e-01
-1.658661873079836369e-03 -1.511421171016991138e-03 6.819106340408325195e-01
-2.250357531011104584e-03 -6.341885309666395187e-03 8.382358551025390625e-01
-2.789975376799702644e-03 -9.255226701498031616e-03 9.456156492233276367e-01
3.326726437080651522e-05 -1.078129187226295471e-02 9.747197031974792480e-01
7.187561132013797760e-04 -1.737339422106742859e-02 1.013159751892089844e+00
8.686784422025084496e-04 -1.983149349689483643e-02 1.015631556510925293e+00
8.643231354653835297e-03 -2.175921201705932617e-02 1.039443731307983398e+00
1.114015467464923859e-02 -1.977650634944438934e-02 8.914265036582946777e-01
1.238305680453777313e-02 -1.571769826114177704e-02 8.213650584220886230e-01
1.506346371024847031e-02 -6.205342710018157959e-03 7.282587289810180664e-01
2.586734108626842499e-02 -8.912979625165462494e-03 7.338288426399230957e-01
2.530194818973541260e-02 -2.080563083291053772e-02 7.278159260749816895e-01
9.050939232110977173e-03 -2.272203750908374786e-02 7.846594452857971191e-01
9.125354699790477753e-03 -1.583254151046276093e-02 7.761363387107849121e-01
1.021517254412174225e-02 -1.349052879959344864e-02 8.046972155570983887e-01
7.462290581315755844e-03 -1.101561821997165680e-02 7.727240920066833496e-01
5.401871167123317719e-03 -1.485360506922006607e-02 8.481205701828002930e-01
7.289546541869640350e-03 -1.885039731860160828e-02 7.896264791488647461e-01
5.584227386862039566e-03 -1.449088566005229950e-02 7.010594010353088379e-01
1.498339977115392685e-02 -1.488696783781051636e-02 7.723838686943054199e-01
1.043120492249727249e-02 -1.348262932151556015e-02 9.108326435089111328e-01
1.168477814644575119e-02 -1.236925926059484482e-02 9.494559168815612793e-01
1.113722566515207291e-02 -1.568587496876716614e-02 9.330298304557800293e-01
1.613085903227329254e-02 -2.043427526950836182e-02 9.722375869750976562e-01
2.000270597636699677e-02 -2.216925658285617828e-02 8.791130781173706055e-01
1.765063591301441193e-02 -1.949510350823402405e-02 8.365946412086486816e-01
2.185836061835289001e-02 -2.066518552601337433e-02 8.727331757545471191e-01
2.309081330895423889e-02 -1.762954145669937134e-02 8.520420789718627930e-01
2.709514275193214417e-02 -1.417587231844663620e-02 9.149379134178161621e-01
2.766031585633754730e-02 -1.506528910249471664e-02 9.356338381767272949e-01
2.832329273223876953e-02 -1.827779226005077362e-02 9.156651496887207031e-01
3.160364925861358643e-02 -1.836408860981464386e-02 8.540814518928527832e-01
3.642012178897857666e-02 -1.765610463917255402e-02 8.966974020004272461e-01
2.712423354387283325e-02 -1.539224758744239807e-02 7.975811958312988281e-01
2.807100117206573486e-02 -1.570612937211990356e-02 7.709270715713500977e-01
3.261481970548629761e-02 -1.815824955701828003e-02 8.037843108177185059e-01
4.287330806255340576e-02 -2.004881575703620911e-02 8.846304416656494141e-01
4.692262783646583557e-02 -1.699164137244224548e-02 8.844967484474182129e-01
5.258194729685783386e-02 -1.583614386618137360e-02 9.045578241348266602e-01
5.670926347374916077e-02 -1.904644817113876343e-02 9.222877025604248047e-01
5.469796806573867798e-02 -1.825822144746780396e-02 9.709578156471252441e-01
5.775270611047744751e-02 -2.041822299361228943e-02 9.961832165718078613e-01
4.826346412301063538e-02 -1.961402222514152527e-02 9.488067626953125000e-01
4.125753417611122131e-02 -1.453865040093660355e-02 8.172672390937805176e-01
3.839777782559394836e-02 -1.425404381006956100e-02 7.207383513450622559e-01
4.377500340342521667e-02 -1.996113918721675873e-02 7.572857737541198730e-01
5.479221418499946594e-02 -2.238208055496215820e-02 7.815144062042236328e-01
5.726351588964462280e-02 -2.231319062411785126e-02 7.910847663879394531e-01
5.586496740579605103e-02 -2.180445566773414612e-02 8.123406767845153809e-01
5.073444545269012451e-02 -1.978393830358982086e-02 9.005886316299438477e-01
4.917987063527107239e-02 -1.604183204472064972e-02 8.636807203292846680e-01
4.590729624032974243e-02 -1.587868109345436096e-02 6.999526023864746094e-01
4.205276817083358765e-02 -1.399324648082256317e-02 7.649772167205810547e-01
3.934821859002113342e-02 -1.035404670983552933e-02 1.075820088386535645e+00
3.378101065754890442e-02 -1.607641391456127167e-02 1.052927732467651367e+00
2.554636262357234955e-02 -1.138156186789274216e-02 8.872922658920288086e-01
1.567342318594455719e-02 -8.019348606467247009e-03 8.263977169990539551e-01
1.178723387420177460e-02 -1.231119222939014435e-02 9.182742238044738770e-01
8.788973093032836914e-03 -9.159389883279800415e-03 1.150480628013610840e+00
-2.896429272368550301e-03 -9.086373262107372284e-03 1.295614480972290039e+00
-7.985894568264484406e-03 -1.488783489912748337e-02 1.334341526031494141e+00
-1.423374004662036896e-02 -1.011066045612096786e-02 1.158299207687377930e+00
-2.109955251216888428e-02 -1.242377236485481262e-02 1.147287726402282715e+00
-2.689992077648639679e-02 -1.227577961981296539e-02 1.148777127265930176e+00
-2.876819483935832977e-02 -1.560816355049610138e-02 1.187197923660278320e+00
-5.342748761177062988e-02 -2.142327465116977692e-02 1.716066956520080566e+00
-8.598904311656951904e-02 -2.602240629494190216e-02 1.884807825088500977e+00
-1.126809269189834595e-01 -2.570918388664722443e-02 1.746744275093078613e+00
-1.290230900049209595e-01 -2.626904100179672241e-02 1.517782688140869141e+00
-1.316174864768981934e-01 -2.465479262173175812e-02 1.207437038421630859e+00
-1.552168726921081543e-01 -2.337128296494483948e-02 1.109435796737670898e+00
-2.011553496122360229e-01 -2.181594632565975189e-02 1.145367145538330078e+00
-1.689957082271575928e-01 -1.754779368638992310e-02 8.212987184524536133e-01
-1.541565060615539551e-01 -1.043073553591966629e-02 6.449291706085205078e-01
-1.801222413778305054e-01 -1.753847673535346985e-02 6.636994481086730957e-01
-1.968193054199218750e-01 -1.522949989885091782e-02 5.929719805717468262e-01
-1.463093757629394531e-01 -6.595914252102375031e-03 3.886807560920715332e-01
-1.544305235147476196e-01 -1.679259003140032291e-03 3.605033159255981445e-01
-3.214611709117889404e-01 -4.334227647632360458e-03 6.910816431045532227e-01
-4.540867209434509277e-01 -5.378818139433860779e-03 8.627732992172241211e-01
-4.500780999660491943e-01 -2.161575481295585632e-03 7.636944055557250977e-01
-4.557631909847259521e-01 -8.413529576500877738e-05 6.730496883392333984e-01
-4.293882548809051514e-01 -2.714131551329046488e-04 5.690162777900695801e-01
-4.972235262393951416e-01 1.866049133241176605e-03 6.027244329452514648e-01
-5.128425359725952148e-01 2.341509098187088966e-03 5.611181259155273438e-01
-6.200550794601440430e-01 3.809778485447168350e-03 5.874044299125671387e-01
-6.459770202636718750e-01 5.031143315136432648e-03 5.449195504188537598e-01
-7.769929766654968262e-01 6.683587562292814255e-03 5.855356454849243164e-01
-8.487877249717712402e-01 1.454669982194900513e-02 5.499556660652160645e-01
-6.636896729469299316e-01 1.039068307727575302e-02 3.819929957389831543e-01
-4.207403361797332764e-01 4.281924106180667877e-03 2.140031307935714722e-01
-3.820220828056335449e-01 3.684348193928599358e-03 1.658559590578079224e-01
-5.610258579254150391e-01 1.350614707916975021e-02 1.913042664527893066e-01
-6.097342371940612793e-01 1.771685667335987091e-02 1.688694953918457031e-01
-5.846707224845886230e-01 1.895440369844436646e-02 1.216196194291114807e-01
-6.870659589767456055e-01 2.115553244948387146e-02 9.796933829784393311e-02
-6.168489456176757812e-01 2.534187771379947662e-02 4.712574183940887451e-02
-6.875143051147460938e-01 3.321810811758041382e-02 3.307959530502557755e-03
-6.952202320098876953e-01 3.404009342193603516e-02 -4.478430747985839844e-02
-5.509828925132751465e-01 3.162274137139320374e-02 -7.741895318031311035e-02
-5.503727793693542480e-01 3.606225177645683289e-02 -1.059543266892433167e-01
-6.128171682357788086e-01 4.124377295374870300e-02 -1.472578942775726318e-01
-5.101697444915771484e-01 4.266241565346717834e-02 -1.775034517049789429e-01
-6.401952505111694336e-01 5.283835530281066895e-02 -2.599854767322540283e-01
-7.019151449203491211e-01 5.256516486406326294e-02 -3.346307277679443359e-01
-6.091628670692443848e-01 4.281165823340415955e-02 -3.430582880973815918e-01
-5.970989465713500977e-01 4.446069523692131042e-02 -3.910093605518341064e-01
-5.397855043411254883e-01 4.006465151906013489e-02 -4.069057106971740723e-01
-3.396556675434112549e-01 2.442005835473537445e-02 -2.989589571952819824e-01
-2.557237148284912109e-01 1.961460895836353302e-02 -2.457261532545089722e-01
-3.814500272274017334e-01 3.034115023910999298e-02 -3.789156079292297363e-01
-3.969229161739349365e-01 3.696640953421592712e-02 -4.386887550354003906e-01
-3.290433287620544434e-01 3.511231765151023865e-02 -4.106570482254028320e-01
-3.637264072895050049e-01 4.078472033143043518e-02 -5.045315623283386230e-01
-3.009042143821716309e-01 3.235208615660667419e-02 -4.634407162666320801e-01
-2.603161931037902832e-01 2.567952126264572144e-02 -4.417533576488494873e-01
-2.834288179874420166e-01 2.848837897181510925e-02 -5.096129179000854492e-01
-3.482623696327209473e-01 3.519603237509727478e-02 -6.754878759384155273e-01
-3.065907955169677734e-01 3.183001652359962463e-02 -6.688435077667236328e-01
-2.372228801250457764e-01 2.678767405450344086e-02 -5.689073204994201660e-01
-2.239876240491867065e-01 2.815536968410015106e-02 -6.021037697792053223e-01
-1.843578666448593140e-01 2.383387275040149689e-02 -5.673397183418273926e-01
-1.479471772909164429e-01 1.868132129311561584e-02 -5.104175209999084473e-01
-1.238829493522644043e-01 2.025675401091575623e-02 -5.074171423912048340e-01
-9.231291711330413818e-02 1.777712255716323853e-02 -4.449359476566314697e-01
-9.279477596282958984e-02 1.427473314106464386e-02 -5.109677910804748535e-01
-9.856932610273361206e-02 2.086300030350685120e-02 -7.697836756706237793e-01
-8.802144974470138550e-02 2.383273467421531677e-02 -1.009695053100585938e+00
-6.105558946728706360e-02 2.499008178710937500e-02 -1.095474481582641602e+00
-3.235772252082824707e-02 2.366091124713420868e-02 -1.139165520668029785e+00
-2.146152080968022346e-03 1.980468258261680603e-02 -1.098874449729919434e+00
1.806498318910598755e-02 1.701010204851627350e-02 -9.444938898086547852e-01
1.890486665070056915e-02 1.438741106539964676e-02 -7.786821126937866211e-01
3.028197400271892548e-02 1.183467172086238861e-02 -7.181817889213562012e-01
4.291875287890434265e-02 9.860649704933166504e-03 -6.311596632003784180e-01
5.490749329328536987e-02 8.744991384446620941e-03 -7.036304473876953125e-01
6.157784163951873779e-02 9.392149746417999268e-03 -7.893370985984802246e-01
6.509878486394882202e-02 1.158130168914794922e-02 -8.104135990142822266e-01
6.489317864179611206e-02 1.719843968749046326e-02 -8.005970120429992676e-01
6.467477232217788696e-02 1.395578682422637939e-02 -8.200651407241821289e-01
6.363797932863235474e-02 1.466783881187438965e-02 -8.254653215408325195e-01
6.602048128843307495e-02 1.310822647064924240e-02 -8.939132094383239746e-01
6.165933981537818909e-02 1.094486098736524582e-02 -8.769060373306274414e-01
5.109612643718719482e-02 8.837162517011165619e-03 -8.204721808433532715e-01
3.947731480002403259e-02 9.173103608191013336e-03 -7.697841525077819824e-01
3.820668533444404602e-02 1.384885888546705246e-02 -8.220453262329101562e-01
2.960714697837829590e-02 1.446736883372068405e-02 -8.346180915832519531e-01
2.178006246685981750e-02 8.321639150381088257e-03 -8.195801377296447754e-01
2.027913182973861694e-02 8.061377331614494324e-03 -8.005495667457580566e-01
1.490012090653181076e-02 9.143765084445476532e-03 -6.582903861999511719e-01
1.026543881744146347e-02 1.269063912332057953e-02 -6.156483292579650879e-01
1.005527470260858536e-02 1.914239674806594849e-02 -7.554626464843750000e-01
6.045087706297636032e-03 1.996278576552867889e-02 -8.466183543205261230e-01
1.444328809157013893e-03 1.792387478053569794e-02 -7.445128560066223145e-01
6.532120052725076675e-03 1.553589478135108948e-02 -6.727804541587829590e-01
9.558137506246566772e-03 1.851814612746238708e-02 -7.231236100196838379e-01
8.409576490521430969e-03 1.800142973661422729e-02 -6.857234835624694824e-01
2.564851893112063408e-03 1.556511037051677704e-02 -6.786994934082031250e-01
6.325673311948776245e-04 1.511380262672901154e-02 -8.308692574501037598e-01
-1.098917517811059952e-02 1.313515566289424896e-02 -8.633890151977539062e-01
-1.161939371377229691e-02 1.264317147433757782e-02 -8.029898405075073242e-01
1.560595701448619366e-03 1.710596308112144470e-02 -7.203214764595031738e-01
-4.852146375924348831e-04 1.813838630914688110e-02 -6.844876408576965332e-01
7.126582786440849304e-03 1.700131781399250031e-02 -7.148749828338623047e-01
1.760374940931797028e-02 2.020073495805263519e-02 -7.803304195404052734e-01
1.994763687252998352e-02 2.450242079794406891e-02 -9.003236889839172363e-01
1.922489330172538757e-02 2.201021090149879456e-02 -8.031325340270996094e-01
1.242622360587120056e-02 2.028465643525123596e-02 -7.415635585784912109e-01
1.553371362388134003e-02 1.965804770588874817e-02 -7.544946670532226562e-01
8.563968352973461151e-03 1.355048362165689468e-02 -7.608180642127990723e-01
7.091576699167490005e-04 1.153784710913896561e-02 -7.786421775817871094e-01
4.953564144670963287e-03 1.139728631824254990e-02 -6.911836862564086914e-01
1.508193369954824448e-02 1.244346983730792999e-02 -6.770316362380981445e-01
1.557425502687692642e-02 1.297055743634700775e-02 -7.450612187385559082e-01
1.313110906630754471e-02 1.129076164215803146e-02 -6.512542963027954102e-01
7.784515153616666794e-03 1.506008859723806381e-02 -5.626506209373474121e-01
1.353981532156467438e-02 1.505753584206104279e-02 -7.111302614212036133e-01
1.129545457661151886e-02 1.622720435261726379e-02 -8.169764280319213867e-01
2.301811939105391502e-03 1.924683526158332825e-02 -7.560601830482482910e-01
4.809202626347541809e-03 1.699886284768581390e-02 -7.292271852493286133e-01
7.870208472013473511e-03 1.256747357547283173e-02 -7.213014364242553711e-01
1.075329910963773727e-02 1.743211038410663605e-02 -8.352790474891662598e-01
1.128162909299135208e-02 1.329665351659059525e-02 -7.231910228729248047e-01
1.349361147731542587e-02 9.397850371897220612e-03 -6.206531524658203125e-01
1.546088326722383499e-02 1.624934189021587372e-02 -8.469112515449523926e-01
1.115562394261360168e-02 1.823977380990982056e-02 -8.441683650016784668e-01
1.363532338291406631e-02 2.223859727382659912e-02 -9.463720917701721191e-01
9.929496794939041138e-03 1.769098453223705292e-02 -8.176774978637695312e-01
9.374924004077911377e-03 1.706295274198055267e-02 -8.325222134590148926e-01
9.920088574290275574e-03 1.853058114647865295e-02 -9.641238451004028320e-01
4.907624796032905579e-03 1.926062256097793579e-02 -8.954297900199890137e-01
5.094957305118441582e-04 2.016174420714378357e-02 -8.287772536277770996e-01
1.961299218237400055e-03 1.804128848016262054e-02 -7.197777032852172852e-01
1.071255560964345932e-02 1.978299580514431000e-02 -7.489651441574096680e-01
1.011029724031686783e-02 1.920575089752674103e-02 -6.996910572052001953e-01
5.704629700630903244e-03 2.133193612098693848e-02 -6.772851943969726562e-01
3.007268824148923159e-04 2.333720214664936066e-02 -6.648271083831787109e-01
2.324943430721759796e-03 1.652562431991100311e-02 -6.175327897071838379e-01
9.241707157343626022e-04 1.048082020133733749e-02 -6.689257621765136719e-01
2.487594261765480042e-03 2.050235308706760406e-02 -7.976379990577697754e-01
3.623898373916745186e-03 2.007127739489078522e-02 -7.925488352775573730e-01
-2.994478913024067879e-03 1.657848991453647614e-02 -7.447136044502258301e-01
-6.363443564623594284e-03 1.123360358178615570e-02 -5.545228719711303711e-01
4.837526648771017790e-04 7.086052093654870987e-03 -4.111371934413909912e-01
3.627016267273575068e-04 1.342969480901956558e-02 -5.731140971183776855e-01
-2.479537157341837883e-03 1.774088852107524872e-02 -7.363433241844177246e-01
-1.724442699924111366e-03 2.060259506106376648e-02 -7.336784005165100098e-01
-2.579040126875042915e-03 1.667121984064579010e-02 -6.480697989463806152e-01
-7.057668175548315048e-03 2.036979608237743378e-02 -6.715494990348815918e-01
-1.342431735247373581e-02 2.028582245111465454e-02 -7.164686918258666992e-01
-3.826072439551353455e-03 1.981546357274055481e-02 -7.004259228706359863e-01
-5.266290623694658279e-03 1.706031523644924164e-02 -6.679708361625671387e-01
-1.430753525346517563e-02 2.192929573357105255e-02 -6.315362453460693359e-01
-1.433297805488109589e-02 2.364570833742618561e-02 -7.076638340950012207e-01
-1.738302968442440033e-02 2.519639953970909119e-02 -7.217448949813842773e-01
-4.430680535733699799e-03 2.428765781223773956e-02 -7.118602395057678223e-01
1.160501409322023392e-02 2.027729712426662445e-02 -5.848551392555236816e-01
1.354323513805866241e-02 2.086319774389266968e-02 -5.054609179496765137e-01
8.830080041661858559e-04 1.871189288794994354e-02 -5.720213651657104492e-01
-1.254446525126695633e-02 2.669007889926433563e-02 -8.034260272979736328e-01
-5.320627242326736450e-03 3.324104100465774536e-02 -9.354246854782104492e-01
1.641889684833586216e-04 3.897298499941825867e-02 -8.729121685028076172e-01
1.334558008238673210e-03 3.537234291434288025e-02 -8.110858201980590820e-01
-4.817437380552291870e-03 2.822533436119556427e-02 -7.746206521987915039e-01
2.019208390265703201e-03 2.535970509052276611e-02 -8.048734068870544434e-01
-6.993545219302177429e-03 2.157109975814819336e-02 -7.026694416999816895e-01
-1.876076497137546539e-02 1.959276571869850159e-02 -6.744329333305358887e-01
-2.189301140606403351e-02 1.999126747250556946e-02 -6.192258596420288086e-01
-1.690736226737499237e-02 2.262806706130504608e-02 -5.723433494567871094e-01
-1.677800342440605164e-02 2.222478948533535004e-02 -5.657637119293212891e-01
-1.677619107067584991e-02 2.397681958973407745e-02 -5.194529294967651367e-01
-1.756254583597183228e-02 2.782775834202766418e-02 -5.221635699272155762e-01
-2.331361733376979828e-02 2.972486801445484161e-02 -6.933410167694091797e-01
-1.792949065566062927e-02 2.826765924692153931e-02 -6.167639493942260742e-01
-1.251983083784580231e-02 2.438971400260925293e-02 -5.597074031829833984e-01
-1.374867372214794159e-02 2.158238925039768219e-02 -5.535833239555358887e-01
-1.071903575211763382e-02 2.127988636493682861e-02 -5.181384086608886719e-01
-1.437959354370832443e-02 2.027870528399944305e-02 -5.479494333267211914e-01
-1.721923612058162689e-02 2.082261629402637482e-02 -5.923548340797424316e-01
-1.347720902413129807e-02 2.386791072785854340e-02 -5.190889835357666016e-01
-7.493253331631422043e-03 2.793945744633674622e-02 -5.392464399337768555e-01
-1.024090778082609177e-02 2.543459460139274597e-02 -5.612277984619140625e-01
-1.124492473900318146e-02 2.167354896664619446e-02 -5.174564719200134277e-01
-1.382240746170282364e-02 2.094396017491817474e-02 -5.135961771011352539e-01
-1.911682449281215668e-02 1.924116164445877075e-02 -4.120495319366455078e-01
-1.695981808006763458e-02 1.393912918865680695e-02 -3.300331830978393555e-01
-1.575414091348648071e-02 1.146143954247236252e-02 -2.829263508319854736e-01
-1.650669984519481659e-02 1.307666301727294922e-02 -3.062674999237060547e-01
-1.458614598959684372e-02 1.581680588424205780e-02 -3.585157394409179688e-01
-1.196420285850763321e-02 1.514062657952308655e-02 -4.476251006126403809e-01
-1.366879604756832123e-02 1.241003721952438354e-02 -4.745418429374694824e-01
-1.940679550170898438e-02 8.280589245259761810e-03 -4.210668206214904785e-01
-2.334893308579921722e-02 8.530665189027786255e-03 -4.084303081035614014e-01
-2.682329900562763214e-02 7.663452532142400742e-03 -4.602262079715728760e-01
-2.644130028784275055e-02 1.005015522241592407e-02 -5.292837023735046387e-01
-2.575102448463439941e-02 8.860933594405651093e-03 -5.604097843170166016e-01
-2.248161472380161285e-02 8.445051498711109161e-03 -5.659222006797790527e-01
-1.856371760368347168e-02 4.471297841519117355e-03 -6.124483346939086914e-01
-1.666960678994655609e-02 7.874011993408203125e-03 -6.856988668441772461e-01
-1.649271883070468903e-02 1.016807276755571365e-02 -7.135969996452331543e-01
-1.698399707674980164e-02 1.150154415518045425e-02 -6.640965342521667480e-01
-1.187056209892034531e-02 1.083828415721654892e-02 -5.887917876243591309e-01
-7.281809113919734955e-03 1.179665699601173401e-02 -6.656974554061889648e-01
-7.105292752385139465e-03 1.321903243660926819e-02 -6.796557307243347168e-01
-1.580595504492521286e-03 1.565057039260864258e-02 -6.070770025253295898e-01
2.251921832794323564e-04 1.370482612401247025e-02 -6.492333412170410156e-01
3.500192658975720406e-03 1.594063453376293182e-02 -7.585687041282653809e-01
5.380110815167427063e-03 1.107221655547618866e-02 -6.489837169647216797e-01
1.613451167941093445e-02 1.223857048898935318e-02 -6.962687969207763672e-01
1.904083788394927979e-02 1.591575704514980316e-02 -7.898523211479187012e-01
2.335259504616260529e-02 1.776655018329620361e-02 -8.927401900291442871e-01
2.950691431760787964e-02 1.682240702211856842e-02 -9.159723520278930664e-01
3.284384682774543762e-02 1.733854226768016815e-02 -8.183923363685607910e-01
2.908064797520637512e-02 1.553491316735744476e-02 -7.998818755149841309e-01
2.995083108544349670e-02 1.228565908968448639e-02 -8.133763670921325684e-01
2.845612540841102600e-02 1.054355688393115997e-02 -7.416166663169860840e-01
1.633541285991668701e-02 6.528215482831001282e-03 -6.008508801460266113e-01
2.073596045374870300e-02 8.085936307907104492e-03 -5.516760349273681641e-01
2.481833472847938538e-02 8.638800121843814850e-03 -5.562198162078857422e-01
3.067758493125438690e-02 7.043020799756050110e-03 -5.920876860618591309e-01
2.732661552727222443e-02 7.015707902610301971e-03 -4.899309873580932617e-01
2.243505045771598816e-02 8.542123250663280487e-03 -4.719992280006408691e-01
2.855715900659561157e-02 1.726934686303138733e-02 -5.684685707092285156e-01
2.149980328977108002e-02 2.440113946795463562e-02 -5.657344460487365723e-01
2.134411223232746124e-02 2.654362283647060394e-02 -6.412408947944641113e-01
2.880378440022468567e-02 1.681257039308547974e-02 -6.865340471267700195e-01
3.641979396343231201e-02 1.133033446967601776e-02 -6.823581457138061523e-01
3.033728897571563721e-02 1.327718235552310944e-02 -6.772602200508117676e-01
2.268657833337783813e-02 1.175700593739748001e-02 -5.541511178016662598e-01
3.442230448126792908e-02 1.264504995197057724e-02 -6.825612187385559082e-01
4.659866541624069214e-02 1.495901867747306824e-02 -7.758347988128662109e-01
4.688145965337753296e-02 1.505414117127656937e-02 -8.006039261817932129e-01
4.053887724876403809e-02 1.419190317392349243e-02 -8.112406134605407715e-01
4.040734097361564636e-02 1.590591669082641602e-02 -8.542262315750122070e-01
4.021232575178146362e-02 1.540390215814113617e-02 -9.257789850234985352e-01
3.029666468501091003e-02 1.293148100376129150e-02 -8.906440138816833496e-01
3.097625076770782471e-02 1.122057996690273285e-02 -9.358200430870056152e-01
3.219974413514137268e-02 1.378537714481353760e-02 -9.410596489906311035e-01
2.866599895060062408e-02 1.518909446895122528e-02 -8.718222975730895996e-01
3.159020841121673584e-02 1.749565266072750092e-02 -9.490962028503417969e-01
2.847289852797985077e-02 1.674536056816577911e-02 -9.710278511047363281e-01
2.819391526281833649e-02 1.717264764010906219e-02 -9.876036643981933594e-01
2.049011737108230591e-02 1.343627553433179855e-02 -9.174528717994689941e-01
2.009159326553344727e-02 1.651841774582862854e-02 -9.626528620719909668e-01
2.474408224225044250e-02 2.375655993819236755e-02 -1.049087882041931152e+00
1.672825217247009277e-02 2.639946341514587402e-02 -1.084354877471923828e+00
2.079050429165363312e-02 2.689814940094947815e-02 -1.094190239906311035e+00
2.296726405620574951e-02 3.198107704520225525e-02 -1.115909099578857422e+00
2.489955723285675049e-02 3.379084914922714233e-02 -1.061606645584106445e+00
1.376230083405971527e-02 2.676176838576793671e-02 -9.742900729179382324e-01
4.993244074285030365e-03 2.372657321393489838e-02 -9.397454261779785156e-01
8.777193725109100342e-03 2.697888016700744629e-02 -9.437632560729980469e-01
9.861622005701065063e-03 2.791865356266498566e-02 -9.415751099586486816e-01
5.893286783248186111e-03 2.390378713607788086e-02 -8.761179447174072266e-01
5.829832982271909714e-03 2.430192194879055023e-02 -8.993955850601196289e-01
1.357814390212297440e-02 2.959121391177177429e-02 -8.781644105911254883e-01
4.207202699035406113e-03 2.834542840719223022e-02 -8.939948081970214844e-01
5.880333017557859421e-03 2.037822082638740540e-02 -8.419724106788635254e-01
7.356015034019947052e-03 1.832497864961624146e-02 -6.833273768424987793e-01
8.406039327383041382e-03 1.820774376392364502e-02 -6.756998300552368164e-01
1.113428454846143723e-02 1.708980463445186615e-02 -6.516304016113281250e-01
1.493469066917896271e-02 2.319298125803470612e-02 -7.578274607658386230e-01
9.967888705432415009e-03 2.674096822738647461e-02 -9.077032208442687988e-01
1.247024908661842346e-02 2.547342702746391296e-02 -8.473298549652099609e-01
1.817982271313667297e-02 2.619903162121772766e-02 -7.936068773269653320e-01
1.632084511220455170e-02 2.702452428638935089e-02 -8.499650359153747559e-01
1.467031426727771759e-02 2.148921228945255280e-02 -7.340765595436096191e-01
1.262529566884040833e-02 2.300283126533031464e-02 -7.969007492065429688e-01
1.011074427515268326e-02 2.033449336886405945e-02 -7.897406220436096191e-01
7.396753877401351929e-03 2.010076679289340973e-02 -7.643327713012695312e-01
9.575685486197471619e-03 1.572256721556186676e-02 -6.313655376434326172e-01
2.538276137784123421e-03 1.634899526834487915e-02 -6.745969653129577637e-01
-2.694034017622470856e-03 1.385150291025638580e-02 -7.275892496109008789e-01
1.562619399919640273e-05 1.647919230163097382e-02 -7.717950940132141113e-01
4.729320760816335678e-03 2.122386172413825989e-02 -7.682068347930908203e-01
9.999223053455352783e-03 2.234444022178649902e-02 -7.621461749076843262e-01
1.439459901303052902e-02 2.133063599467277527e-02 -7.718420028686523438e-01
7.459234446287155151e-03 1.799909956753253937e-02 -7.677610516548156738e-01
8.757737465202808380e-03 1.592188887298107147e-02 -7.177285552024841309e-01
-1.348984311334788799e-03 1.566343754529953003e-02 -7.630962729454040527e-01
1.946406322531402111e-03 1.330812089145183563e-02 -7.552149891853332520e-01
4.565707407891750336e-03 1.645928807556629181e-02 -7.499406933784484863e-01
2.322977874428033829e-03 2.143081091344356537e-02 -8.171861171722412109e-01
7.844244129955768585e-03 2.797294035553932190e-02 -8.789967894554138184e-01
2.031590789556503296e-02 3.107794746756553650e-02 -9.065437912940979004e-01
1.871610805392265320e-02 3.027148544788360596e-02 -9.113513231277465820e-01
8.501827716827392578e-03 2.441065013408660889e-02 -9.314505457878112793e-01
-1.833181828260421753e-03 1.692024618387222290e-02 -7.689180374145507812e-01
-2.290351781994104385e-03 1.366175618022680283e-02 -7.384821772575378418e-01
1.502867205999791622e-03 1.058858912438154221e-02 -6.019206047058105469e-01
5.873253103345632553e-04 1.820129901170730591e-02 -4.810492098331451416e-01
7.518241647630929947e-03 1.999533921480178833e-02 -5.870426297187805176e-01
1.113642379641532898e-02 1.982396654784679413e-02 -6.561066508293151855e-01
4.951460286974906921e-03 1.863786205649375916e-02 -6.556619405746459961e-01
4.245992749929428101e-03 1.760515570640563965e-02 -6.071040630340576172e-01
5.396645516157150269e-03 1.627051271498203278e-02 -6.346882581710815430e-01
3.444407600909471512e-03 1.436764467507600784e-02 -6.339758038520812988e-01
1.097839139401912689e-02 1.273139193654060364e-02 -5.598105192184448242e-01
1.532780379056930542e-02 1.500544603914022446e-02 -5.854528546333312988e-01
2.867748495191335678e-03 1.870851218700408936e-02 -7.875527143478393555e-01
3.035577712580561638e-03 1.833409816026687622e-02 -8.557441234588623047e-01
2.446412108838558197e-03 1.916285976767539978e-02 -8.584984540939331055e-01
5.150873912498354912e-04 1.896271109580993652e-02 -8.977727890014648438e-01
-2.757671463768929243e-04 1.876717433333396912e-02 -9.325456023216247559e-01
2.895260928198695183e-03 2.150476723909378052e-02 -8.705001473426818848e-01
-7.456015737261623144e-05 2.379282191395759583e-02 -9.786797165870666504e-01
-1.672470360063016415e-03 1.921007409691810608e-02 -9.190555810928344727e-01
6.260268855839967728e-04 1.396253798156976700e-02 -8.206287026405334473e-01
1.357132010161876678e-02 2.140287496149539948e-02 -7.443272471427917480e-01
1.690807566046714783e-02 2.077331580221652985e-02 -7.865320444107055664e-01
3.909471444785594940e-03 1.349954586476087570e-02 -7.969953417778015137e-01
-3.524702508002519608e-03 1.122302282601594925e-02 -8.420262932777404785e-01
-3.348193131387233734e-03 1.106654759496450424e-02 -8.926647305488586426e-01
-8.055386133491992950e-03 1.272081024944782257e-02 -7.777454853057861328e-01
1.587518258020281792e-03 1.557984296232461929e-02 -7.501672506332397461e-01
4.343232605606317520e-03 1.448270957916975021e-02 -7.224596738815307617e-01
4.624363034963607788e-03 1.668235473334789276e-02 -7.689187526702880859e-01
7.630743086338043213e-03 1.964090205729007721e-02 -9.240380525588989258e-01
8.083092048764228821e-03 1.765633746981620789e-02 -7.872751951217651367e-01
1.352431252598762512e-02 1.754671521484851837e-02 -7.046859264373779297e-01
1.914080604910850525e-02 2.006684243679046631e-02 -7.040898799896240234e-01
1.398769859224557877e-02 2.067421190440654755e-02 -8.723988533020019531e-01
2.997976029291749001e-03 1.750081591308116913e-02 -8.782711029052734375e-01
-8.273800485767424107e-04 1.324435602873563766e-02 -7.249420881271362305e-01
3.042030148208141327e-03 1.128590013831853867e-02 -6.095489263534545898e-01
1.281337905675172806e-02 9.477315470576286316e-03 -5.600820779800415039e-01
2.581081725656986237e-02 1.220466662198305130e-02 -5.331727266311645508e-01
2.436253614723682404e-02 1.260859798640012741e-02 -4.831078648567199707e-01
1.779368892312049866e-02 1.162106078118085861e-02 -5.343798398971557617e-01
2.223085053265094757e-02 1.349817402660846710e-02 -6.174300909042358398e-01
2.153049223124980927e-02 1.589313708245754242e-02 -6.761792898178100586e-01
1.971495524048805237e-02 1.466653775423765182e-02 -7.472133040428161621e-01
1.269833464175462723e-02 1.513296552002429962e-02 -8.596162199974060059e-01
8.758701384067535400e-03 1.688321121037006378e-02 -7.896152734756469727e-01
1.495338696986436844e-02 1.584067195653915405e-02 -7.056594491004943848e-01
1.337721478193998337e-02 1.495881285518407822e-02 -7.440333962440490723e-01
7.989634759724140167e-03 1.428462844341993332e-02 -7.858426570892333984e-01
3.987677395343780518e-03 1.234818063676357269e-02 -7.594895362854003906e-01
3.316721180453896523e-03 1.046151015907526016e-02 -7.088305354118347168e-01
1.609239727258682251e-02 1.043550390750169754e-02 -6.948989629745483398e-01
8.517081849277019501e-03 1.249239034950733185e-02 -7.683930397033691406e-01
2.086069900542497635e-03 1.317537017166614532e-02 -8.701097965240478516e-01
-7.120873779058456421e-03 1.436987426131963730e-02 -8.511472940444946289e-01
1.394517137669026852e-03 1.602938584983348846e-02 -8.139135837554931641e-01
1.192676741629838943e-02 1.530747488141059875e-02 -6.881645321846008301e-01
8.981390856206417084e-03 1.442775875329971313e-02 -6.194074153900146484e-01
3.068735823035240173e-03 1.034507248550653458e-02 -6.506599187850952148e-01
2.628417219966650009e-03 9.452950209379196167e-03 -6.806616783142089844e-01
2.494631567969918251e-03 6.902145687490701675e-03 -6.345956325531005859e-01
-5.576708819717168808e-03 6.513116415590047836e-03 -6.066442728042602539e-01
-4.970644135028123856e-03 6.298278458416461945e-03 -6.496232151985168457e-01
-5.343941971659660339e-03 5.487549118697643280e-03 -6.676837801933288574e-01
-5.805485416203737259e-03 1.197715196758508682e-02 -7.781212329864501953e-01
-4.965671803802251816e-03 1.177875231951475143e-02 -8.130697607994079590e-01
1.231976057169958949e-04 1.097181066870689392e-02 -7.075835466384887695e-01
2.197305439040064812e-03 8.679669350385665894e-03 -6.858150362968444824e-01
5.762196145951747894e-03 1.403132081031799316e-02 -7.117220163345336914e-01
1.380591746419668198e-02 1.995281502604484558e-02 -6.846577525138854980e-01
1.110991742461919785e-02 1.918593235313892365e-02 -6.419978737831115723e-01
6.027720402926206589e-03 1.645294576883316040e-02 -7.093960046768188477e-01
4.352902993559837341e-03 1.717608608305454254e-02 -7.850138545036315918e-01
3.413782687857747078e-03 1.732369326055049896e-02 -7.993642687797546387e-01
2.456614281982183456e-03 1.615719869732856750e-02 -7.983003854751586914e-01
-2.865576883777976036e-03 1.538258325308561325e-02 -6.736536622047424316e-01
1.451768679544329643e-03 1.649688929319381714e-02 -6.699491739273071289e-01
-1.671854639425873756e-03 2.034255117177963257e-02 -7.779204845428466797e-01
1.437452156096696854e-03 1.344609260559082031e-02 -7.134476304054260254e-01
-3.319987095892429352e-03 1.069851312786340714e-02 -5.726524591445922852e-01
2.740948228165507317e-03 1.336466055363416672e-02 -5.815724134445190430e-01
-3.611374122556298971e-04 1.375376060605049133e-02 -6.300002336502075195e-01
-1.535701565444469452e-02 1.324147451668977737e-02 -6.994761824607849121e-01
-2.117244526743888855e-02 1.306784804910421371e-02 -7.758762836456298828e-01
-1.071913819760084152e-02 1.417165901511907578e-02 -8.216414451599121094e-01
-1.028461474925279617e-02 1.702589727938175201e-02 -8.114854097366333008e-01
-1.184420846402645111e-02 1.824454031884670258e-02 -7.972557544708251953e-01
-6.286286748945713043e-03 1.541696116328239441e-02 -7.494391798973083496e-01
-8.307993412017822266e-03 1.382825244218111038e-02 -7.641289234161376953e-01
-8.133217692375183105e-03 1.653078757226467133e-02 -8.133216500282287598e-01
-1.045418158173561096e-02 1.753637194633483887e-02 -8.774482607841491699e-01
1.401705521857365966e-04 1.881404034793376923e-02 -9.121530055999755859e-01
1.267008599825203419e-03 1.880059018731117249e-02 -8.795049786567687988e-01
-5.101351067423820496e-03 1.552199386060237885e-02 -8.178007602691650391e-01
-4.123052116483449936e-03 1.392902061343193054e-02 -9.129943847656250000e-01
3.726048395037651062e-03 1.756972074508666992e-02 -9.954758882522583008e-01
6.350162584567442536e-05 1.841749995946884155e-02 -9.801099896430969238e-01
6.890018004924058914e-03 1.892084442079067230e-02 -9.577277898788452148e-01
9.675591252744197845e-03 2.141849324107170105e-02 -9.355593323707580566e-01
1.376856933347880840e-03 1.883133500814437866e-02 -8.919298648834228516e-01
-5.641923286020755768e-03 1.742756180465221405e-02 -9.292560219764709473e-01
-4.298289772123098373e-03 2.011116035282611847e-02 -9.893021583557128906e-01
-4.915738012641668320e-03 1.680138520896434784e-02 -1.033694744110107422e+00
-1.710025407373905182e-02 1.587095670402050018e-02 -1.032099246978759766e+00
-2.068498544394969940e-02 1.624271273612976074e-02 -1.013471603393554688e+00
-1.303737331181764603e-02 1.709102652966976166e-02 -9.841030240058898926e-01
-5.094719585031270981e-03 1.831893250346183777e-02 -9.563281536102294922e-01
-1.285691279917955399e-02 1.727742701768875122e-02 -8.337627053260803223e-01
-1.743724942207336426e-02 1.751235686242580414e-02 -7.425503134727478027e-01
-1.890205778181552887e-02 1.947686076164245605e-02 -6.764919161796569824e-01
-1.694857887923717499e-02 1.981121674180030823e-02 -7.291545867919921875e-01
-1.525685470551252365e-02 2.156858146190643311e-02 -7.499301433563232422e-01
-1.311037410050630569e-02 2.436962909996509552e-02 -8.508700728416442871e-01
-2.606326341629028320e-02 2.394179254770278931e-02 -8.712288141250610352e-01
-3.011835739016532898e-02 2.330071479082107544e-02 -8.395667672157287598e-01
-3.354998305439949036e-02 2.141143754124641418e-02 -8.013638854026794434e-01
-2.364620007574558258e-02 2.085334062576293945e-02 -7.438364624977111816e-01
-1.927823387086391449e-02 2.294850721955299377e-02 -7.739607691764831543e-01
-1.809610798954963684e-02 2.288001775741577148e-02 -7.638191580772399902e-01
-2.823697961866855621e-02 1.949663832783699036e-02 -6.686292886734008789e-01
-1.004961133003234863e-02 2.143955975770950317e-02 -6.822738051414489746e-01
9.396504610776901245e-03 1.653548888862133026e-02 -5.426433682441711426e-01
1.502875890582799911e-02 1.048842165619134903e-02 -3.720548152923583984e-01
2.075429446995258331e-02 4.533378873020410538e-03 -2.853898108005523682e-01
3.938401862978935242e-02 1.335246302187442780e-02 -4.249998927116394043e-01
8.813239634037017822e-02 2.885142713785171509e-02 -7.665050029754638672e-01
8.880042284727096558e-02 2.023554779589176178e-02 -6.537028551101684570e-01
1.135883778333663940e-01 1.370757166296243668e-02 -6.361977458000183105e-01
1.377293467521667480e-01 1.084262691438198090e-02 -6.135116219520568848e-01
1.840984821319580078e-01 9.327779524028301239e-03 -6.884176731109619141e-01
2.187323868274688721e-01 9.849444963037967682e-03 -7.008932232856750488e-01
2.630810141563415527e-01 9.506852366030216217e-03 -6.991819739341735840e-01
2.857070267200469971e-01 2.872162265703082085e-03 -6.277704834938049316e-01
3.409844636917114258e-01 -2.062458079308271408e-03 -6.398252844810485840e-01
3.680452406406402588e-01 -4.390199203044176102e-03 -5.982245206832885742e-01
4.121751189231872559e-01 -9.391928091645240784e-03 -5.719240307807922363e-01
4.891687631607055664e-01 -1.418349519371986389e-02 -5.957431793212890625e-01
5.115528106689453125e-01 -1.373544894158840179e-02 -5.575305819511413574e-01
4.856496155261993408e-01 -1.350919064134359360e-02 -4.527602791786193848e-01
4.315972626209259033e-01 -1.551437936723232269e-02 -3.389494717121124268e-01
6.673661470413208008e-01 -2.881863154470920563e-02 -4.667915999889373779e-01
8.149700760841369629e-01 -3.595191240310668945e-02 -4.806257188320159912e-01
7.336104512214660645e-01 -3.431417793035507202e-02 -3.706687688827514648e-01
8.050292134284973145e-01 -3.929890319705009460e-02 -3.335647583007812500e-01
8.901321887969970703e-01 -4.507429152727127075e-02 -3.108619451522827148e-01
7.159077525138854980e-01 -4.145819693803787231e-02 -1.904622763395309448e-01
6.832529902458190918e-01 -4.782048612833023071e-02 -1.252499073743820190e-01
6.888604164123535156e-01 -4.769037663936614990e-02 -7.654757052659988403e-02
5.289648175239562988e-01 -3.732883557677268982e-02 -2.921931073069572449e-02
4.972434043884277344e-01 -2.300955541431903839e-02 1.025371719151735306e-02
5.012134313583374023e-01 -1.791818067431449890e-02 5.298763513565063477e-02
6.804174780845642090e-01 -1.860281266272068024e-02 1.276151835918426514e-01
1.117034554481506348e+00 -1.998066902160644531e-02 2.840169668197631836e-01
1.369171857833862305e+00 -2.949311584234237671e-02 4.470016360282897949e-01
6.848187446594238281e-01 -1.609220914542675018e-02 2.864652872085571289e-01
4.464818537235260010e-01 -1.201858837157487869e-02 2.257752567529678345e-01
4.580302536487579346e-01 -6.385123357176780701e-03 2.654337882995605469e-01
5.738433599472045898e-01 -4.827409051358699799e-03 3.890100121498107910e-01
5.824987292289733887e-01 -6.403453648090362549e-03 4.588162600994110107e-01
4.362844526767730713e-01 -8.450716733932495117e-03 3.930272758007049561e-01
3.804214894771575928e-01 -9.072545915842056274e-03 3.946696817874908447e-01
3.233864903450012207e-01 -1.162274461239576340e-02 3.865195810794830322e-01
3.037030398845672607e-01 -9.018928743898868561e-03 4.251299500465393066e-01
3.522635698318481445e-01 -6.879078224301338196e-03 5.702297091484069824e-01
2.658820748329162598e-01 -5.957678891718387604e-03 4.899503886699676514e-01
1.780613511800765991e-01 -5.865261424332857132e-03 3.812390565872192383e-01
1.892940700054168701e-01 -6.679283455014228821e-03 4.731253683567047119e-01
1.413803249597549438e-01 -2.590014599263668060e-03 3.734073340892791748e-01
1.539724767208099365e-01 1.263014128198847175e-04 5.585840940475463867e-01
1.227715164422988892e-01 -9.082117117941379547e-03 5.203354358673095703e-01
1.030564233660697937e-01 -9.053124114871025085e-03 5.343093872070312500e-01
9.416878968477249146e-02 -1.346570812165737152e-02 6.678906679153442383e-01
7.919640094041824341e-02 -1.107514463365077972e-02 6.902235746383666992e-01
5.929027497768402100e-02 -8.720565587282180786e-03 6.676856875419616699e-01
5.006923526525497437e-02 -9.436739608645439148e-03 7.848345041275024414e-01
3.105911798775196075e-02 -7.839270867407321930e-03 7.092344164848327637e-01
2.838645130395889282e-02 -6.213941611349582672e-03 7.047919631004333496e-01
2.841856330633163452e-02 -1.039369963109493256e-02 8.153929710388183594e-01
2.261235006153583527e-02 -1.518853008747100830e-02 8.082383871078491211e-01
2.552485466003417969e-02 -1.532066892832517624e-02 9.036129117012023926e-01
2.077488228678703308e-02 -1.977170072495937347e-02 9.530057907104492188e-01
1.421843096613883972e-02 -1.956264488399028778e-02 8.815831542015075684e-01
5.889161955565214157e-03 -2.049566991627216339e-02 8.145574331283569336e-01
1.177635975182056427e-02 -1.889012940227985382e-02 8.577237129211425781e-01
1.238708477467298508e-02 -6.774835288524627686e-03 7.834240794181823730e-01
1.116261444985866547e-02 -3.743601264432072639e-03 8.430845737457275391e-01
4.390618298202753067e-03 -3.698627697303891182e-03 9.381006360054016113e-01
8.878501132130622864e-03 -7.810369599610567093e-03 8.583137392997741699e-01
7.703270297497510910e-03 -6.935119628906250000e-03 7.614572048187255859e-01
5.604795645922422409e-03 -8.163269609212875366e-03 8.858656287193298340e-01
-5.333583249012008309e-05 -5.582024343311786652e-03 9.116176366806030273e-01
-8.886980358511209488e-04 -6.919042672961950302e-03 9.247786998748779297e-01
5.772236268967390060e-03 -1.102321129292249680e-02 9.551794528961181641e-01
1.283173449337482452e-02 -1.089239399880170822e-02 9.990990757942199707e-01
1.136970892548561096e-02 -9.493140503764152527e-03 9.319787621498107910e-01
2.316358499228954315e-03 -1.560718379914760590e-02 8.228188753128051758e-01
-1.599750830791890621e-03 -2.123033069074153900e-02 9.893387556076049805e-01
-1.484382548369467258e-03 -2.669594250619411469e-02 1.112612009048461914e+00
3.668256103992462158e-03 -2.428301423788070679e-02 1.057421922683715820e+00
-7.349564839387312531e-05 -2.125854045152664185e-02 9.309904575347900391e-01
-1.337951514869928360e-03 -2.181590721011161804e-02 8.695599436759948730e-01
3.330735955387353897e-03 -2.525030821561813354e-02 8.282943367958068848e-01
5.598494317382574081e-03 -2.385080978274345398e-02 7.658488154411315918e-01
-4.139645025134086609e-04 -2.197882346808910370e-02 7.155873775482177734e-01
-5.413711769506335258e-04 -2.238819934427738190e-02 7.249022126197814941e-01
-3.546483116224408150e-03 -2.510289289057254791e-02 8.239322900772094727e-01
-5.757135804742574692e-03 -2.741029486060142517e-02 9.188165068626403809e-01
-1.501687522977590561e-02 -2.902357466518878937e-02 1.048830628395080566e+00
-7.884832099080085754e-03 -2.817033603787422180e-02 9.753086566925048828e-01
-1.956988312304019928e-02 -3.180639818310737610e-02 1.175534009933471680e+00
-9.038656949996948242e-03 -2.007783204317092896e-02 8.915867805480957031e-01
-4.801823757588863373e-03 -1.800029352307319641e-02 7.703227400779724121e-01
-1.559843868017196655e-02 -1.808739081025123596e-02 8.683546185493469238e-01
8.320344495587050915e-04 -2.195023186504840851e-02 9.174256324768066406e-01
5.282859783619642258e-04 -1.503365114331245422e-02 9.356384277343750000e-01
-3.302495460957288742e-03 -9.600528515875339508e-03 8.596709370613098145e-01
-7.180403452366590500e-03 -6.342794280499219894e-03 8.117150068283081055e-01
-5.485717207193374634e-03 -3.807589644566178322e-03 8.956940770149230957e-01
3.220775397494435310e-03 -1.563486177474260330e-03 9.021516442298889160e-01
4.004627931863069534e-03 -3.338888927828520536e-04 8.544152379035949707e-01
5.347464699298143387e-03 -3.731820732355117798e-03 8.562935590744018555e-01
6.764843710698187351e-04 -5.092202685773372650e-03 8.811693191528320312e-01
-1.995341386646032333e-03 2.003596862778067589e-03 8.902540802955627441e-01
-1.353739760816097260e-03 1.807321328669786453e-03 9.159731268882751465e-01
-6.850596517324447632e-03 -1.805577194318175316e-03 9.772514700889587402e-01
-1.684879098320379853e-04 -2.701451070606708527e-03 9.600567221641540527e-01
7.682211697101593018e-03 -2.728840103372931480e-03 1.050662755966186523e+00
4.548937082290649414e-03 -3.640617243945598602e-03 9.789094328880310059e-01
4.222434945404529572e-03 -4.390602465718984604e-03 9.374791383743286133e-01
8.814768865704536438e-03 -8.524958975613117218e-03 9.952626228332519531e-01
-1.716472557745873928e-03 -6.483802571892738342e-03 9.779753684997558594e-01
-1.264152931980788708e-03 -4.808336030691862106e-03 8.900849223136901855e-01
6.426054751500487328e-04 -7.311140652745962143e-03 9.025440812110900879e-01
-1.666335971094667912e-03 -1.365428697317838669e-02 8.806971311569213867e-01
3.499057609587907791e-03 -1.346284523606300354e-02 8.689103126525878906e-01
4.538546781986951828e-03 -7.114714942872524261e-03 7.272655367851257324e-01
8.883011527359485626e-03 -3.317168913781642914e-03 6.779066920280456543e-01
2.180397423217073083e-04 -5.440650042146444321e-03 7.974414229393005371e-01
-5.038963165134191513e-03 -4.537202417850494385e-03 8.225297927856445312e-01
-8.126065135002136230e-03 1.963928341865539551e-03 7.822800278663635254e-01
-2.374817384406924248e-03 3.174279583618044853e-03 8.967143297195434570e-01
-5.391608458012342453e-03 5.777513142675161362e-03 8.877444267272949219e-01
-6.138795521110296249e-03 6.390576716512441635e-03 7.660232782363891602e-01
-9.301458485424518585e-03 3.375618485733866692e-03 8.188376426696777344e-01
-1.406281627714633942e-02 -1.430012052878737450e-03 8.043670654296875000e-01
-9.413637220859527588e-03 -3.084409050643444061e-03 9.092087149620056152e-01
-1.656074821949005127e-02 -2.851570956408977509e-03 9.284731745719909668e-01
-1.693606562912464142e-02 2.789941790979355574e-04 9.353159666061401367e-01
-1.439394894987344742e-02 3.500172169879078865e-03 8.797070980072021484e-01
-1.115812826901674271e-02 5.584288854151964188e-03 8.387572169303894043e-01
-1.209546346217393875e-02 1.836279756389558315e-03 9.593567848205566406e-01
-1.252398733049631119e-02 7.824194617569446564e-04 9.170826673507690430e-01
-6.157379597425460815e-03 -9.797331877052783966e-04 7.685875892639160156e-01
-1.191722345538437366e-03 -7.637436036020517349e-03 8.016346693038940430e-01
-5.197186488658189774e-03 -6.942912470549345016e-03 8.176723122596740723e-01
-5.990076810121536255e-03 -5.039962474256753922e-03 7.854955792427062988e-01
5.211937823332846165e-04 -1.104272250086069107e-02 7.283602952957153320e-01
7.989443838596343994e-03 -9.379934519529342651e-03 6.477187871932983398e-01
1.146625913679599762e-02 -3.072163788601756096e-03 6.673594117164611816e-01
2.065810607746243477e-03 -9.033970418386161327e-04 7.264886498451232910e-01
3.343775169923901558e-03 3.437736770138144493e-03 7.418879866600036621e-01
1.127371657639741898e-02 1.961713656783103943e-03 7.640978097915649414e-01
9.825040586292743683e-03 -9.113984182476997375e-03 9.214623570442199707e-01
5.524044390767812729e-03 -2.185605652630329132e-02 8.560819029808044434e-01
1.159102283418178558e-02 -2.146234549582004547e-02 6.633213758468627930e-01
1.505129504948854446e-02 -1.429579593241214752e-02 6.726789474487304688e-01
1.037254929542541504e-02 -5.708478391170501709e-03 7.369866371154785156e-01
2.109286142513155937e-04 -7.139157503843307495e-03 7.480673789978027344e-01
3.476029261946678162e-03 -3.036692505702376366e-03 7.597704529762268066e-01
7.558773271739482880e-03 -5.511553492397069931e-03 6.970959305763244629e-01
9.683461859822273254e-03 -1.594968885183334351e-02 7.516142129898071289e-01
1.451371144503355026e-02 -2.072259783744812012e-02 8.689897060394287109e-01
1.507578790187835693e-02 -2.300511114299297333e-02 9.824080467224121094e-01
7.828189991414546967e-03 -2.164574712514877319e-02 9.239983558654785156e-01
5.375190172344446182e-03 -1.859883219003677368e-02 8.672669529914855957e-01
-1.832203561207279563e-04 -1.456944737583398819e-02 8.339438438415527344e-01
5.630512256175279617e-03 -1.220663543790578842e-02 8.196508288383483887e-01
5.721559282392263412e-03 -1.639917120337486267e-02 8.002397418022155762e-01
6.977664306759834290e-03 -1.529695186764001846e-02 7.574297785758972168e-01
1.187193207442760468e-02 -1.305271219462156296e-02 7.180743217468261719e-01
3.143338952213525772e-03 -1.320658158510923386e-02 8.992492556571960449e-01
-1.286215428262948990e-02 -1.941205374896526337e-02 9.988487958908081055e-01
-3.748368937522172928e-03 -2.149081602692604065e-02 1.017439484596252441e+00
-3.213041462004184723e-03 -2.244951389729976654e-02 1.013055562973022461e+00
8.627068600617349148e-04 -1.400047261267900467e-02 9.067644476890563965e-01
4.512026906013488770e-03 -1.485899183899164200e-02 9.324221611022949219e-01
-6.722452817484736443e-04 -1.487707812339067459e-02 1.029169440269470215e+00
7.778374943882226944e-03 -1.053693145513534546e-02 9.670993685722351074e-01
5.724666174501180649e-03 -7.319729775190353394e-03 8.674011230468750000e-01
5.731357377953827381e-04 -1.082918327301740646e-02 1.000603199005126953e+00
6.289700977504253387e-03 -1.254811324179172516e-02 9.668828845024108887e-01
6.788308732211589813e-03 -1.397114153951406479e-02 9.636744856834411621e-01
8.545286022126674652e-03 -1.985082961618900299e-02 9.880495667457580566e-01
1.183063630014657974e-02 -2.244872041046619415e-02 1.027852892875671387e+00
5.660274997353553772e-03 -2.098913304507732391e-02 1.017758131027221680e+00
1.893840543925762177e-02 -1.514748483896255493e-02 9.633082747459411621e-01
1.108770631253719330e-02 -1.312066148966550827e-02 1.001419782638549805e+00
1.689083687961101532e-02 -1.705371402204036713e-02 1.003875017166137695e+00
2.196202240884304047e-02 -1.340356189757585526e-02 9.663615226745605469e-01
2.291177585721015930e-02 -1.388808060437440872e-02 1.010879635810852051e+00
6.497160065919160843e-03 -1.007631886750459671e-02 9.959373474121093750e-01
2.680149627849459648e-04 -1.019199658185243607e-02 1.009320497512817383e+00
-4.337477032095193863e-03 -1.674241758882999420e-02 1.050623893737792969e+00
-1.266134995967149734e-02 -1.577399671077728271e-02 9.405022263526916504e-01
-1.417428161948919296e-02 -8.908608928322792053e-03 9.128026366233825684e-01
-1.270841155201196671e-02 -1.659273728728294373e-02 1.063763737678527832e+00
-1.236516237258911133e-02 -1.897934824228286743e-02 1.201223373413085938e+00
-6.733223795890808105e-03 -1.769568212330341339e-02 1.160877346992492676e+00
-1.153874769806861877e-02 -1.418785471469163895e-02 1.199809193611145020e+00
-8.327313698828220367e-04 -8.675797842442989349e-03 1.090935468673706055e+00
5.965448450297117233e-03 -8.717685006558895111e-03 1.013713240623474121e+00
3.067984012886881828e-03 -1.409419439733028412e-02 1.000445485115051270e+00
-9.096927009522914886e-03 -1.145966537296772003e-02 1.021894574165344238e+00
-1.222317479550838470e-02 -5.921401549130678177e-03 9.891574382781982422e-01
-1.574790291488170624e-02 -2.396730706095695496e-03 9.416821599006652832e-01
-1.841343380510807037e-02 -5.240101017989218235e-04 1.064420342445373535e+00
-1.968282833695411682e-02 1.286111073568463326e-03 9.774677157402038574e-01
-1.831861771643161774e-02 4.454216978047043085e-04 1.007555246353149414e+00
-2.363436110317707062e-02 7.889266125857830048e-03 1.047839760780334473e+00
-2.339013479650020599e-02 3.801819635555148125e-03 1.017044544219970703e+00
-2.631136402487754822e-02 5.087563768029212952e-03 9.896327257156372070e-01
-1.383983809500932693e-02 2.156162168830633163e-03 1.028952717781066895e+00
-8.124862797558307648e-03 4.621650092303752899e-03 9.748919010162353516e-01
-3.200070699676871300e-03 2.707230858504772186e-03 9.324218034744262695e-01
-8.807870559394359589e-03 3.720998996868729591e-03 9.011415243148803711e-01
-1.826242730021476746e-02 2.662585349753499031e-03 9.263355135917663574e-01
-2.514896728098392487e-02 3.762865671887993813e-03 9.572538733482360840e-01
-2.174691855907440186e-02 3.968484699726104736e-03 9.077132940292358398e-01
-1.509090140461921692e-02 7.736558909527957439e-04 9.889125823974609375e-01
-1.332640368491411209e-02 -5.610012914985418320e-03 9.343528747558593750e-01
-1.191070303320884705e-02 -7.817369885742664337e-03 8.612565398216247559e-01
-1.503850426524877548e-02 -7.662245072424411774e-03 9.144787192344665527e-01
-1.842571236193180084e-02 -3.663157578557729721e-03 9.511260986328125000e-01
-1.956116780638694763e-02 8.079535909928381443e-04 9.184246063232421875e-01
-1.556964963674545288e-02 4.660660866647958755e-03 8.375151157379150391e-01
-1.169462502002716064e-02 8.034071885049343109e-03 7.963654398918151855e-01
-3.274062182754278183e-03 4.026229493319988251e-03 6.687831878662109375e-01
-1.219651196151971817e-02 -6.874142214655876160e-03 7.217068672180175781e-01
-8.888650685548782349e-03 -6.957306992262601852e-03 6.906855702400207520e-01
8.351719938218593597e-03 -2.860608976334333420e-03 4.980407655239105225e-01
-5.239688791334629059e-03 -5.738827865570783615e-03 4.518985450267791748e-01
-2.960768528282642365e-03 -8.071567863225936890e-03 4.062303304672241211e-01
8.064377470873296261e-04 -6.363322958350181580e-03 5.163475871086120605e-01
2.405702834948897362e-03 -6.837926805019378662e-03 8.176393508911132812e-01
-5.189254879951477051e-03 -1.629961654543876648e-02 1.269910454750061035e+00
4.522750154137611389e-03 -1.801427453756332397e-02 1.106755018234252930e+00
1.587389037013053894e-02 -1.824333146214485168e-02 9.925255179405212402e-01
2.350164949893951416e-02 -1.699916832149028778e-02 9.637801647186279297e-01
1.532563567161560059e-02 -1.340915355831384659e-02 9.561889171600341797e-01
1.194569095969200134e-02 -6.713807117193937302e-03 9.579379558563232422e-01
1.503246370702981949e-02 -4.974704701453447342e-03 9.809901714324951172e-01
9.971802122890949249e-03 -6.520105525851249695e-03 9.113494157791137695e-01
1.358905155211687088e-02 -6.967531051486730576e-03 8.146711587905883789e-01
1.075355615466833115e-02 -5.372880958020687103e-03 7.934328317642211914e-01
9.614191018044948578e-03 -7.792200893163681030e-03 7.640311717987060547e-01
1.071916520595550537e-02 -1.375316921621561050e-02 8.328472971916198730e-01
5.571367684751749039e-03 -1.585775986313819885e-02 9.563204646110534668e-01
8.189850486814975739e-03 -1.083842199295759201e-02 7.940760254859924316e-01
1.240640506148338318e-02 -1.441695075482130051e-02 8.754551410675048828e-01
-2.277663443237543106e-03 -1.506323926150798798e-02 9.764868021011352539e-01
-8.395720273256301880e-03 -1.653301343321800232e-02 1.011354207992553711e+00
-1.409429684281349182e-02 -1.409048773348331451e-02 1.026492834091186523e+00
-1.637220010161399841e-02 -1.323266420513391495e-02 1.018831014633178711e+00
-2.587334439158439636e-02 -1.293451804667711258e-02 9.912081360816955566e-01
-3.414096683263778687e-02 -1.156225800514221191e-02 1.010148286819458008e+00
-3.671222180128097534e-02 -1.412182394415140152e-02 1.054951071739196777e+00
-3.562814369797706604e-02 -1.589601673185825348e-02 9.817790985107421875e-01
-3.147104009985923767e-02 -1.384511869400739670e-02 8.812696933746337891e-01
-2.788354642689228058e-02 -1.096204947680234909e-02 7.870076894760131836e-01
-3.055969998240470886e-02 -1.390051469206809998e-02 8.730572462081909180e-01
-2.691845223307609558e-02 -1.422043517231941223e-02 9.531452059745788574e-01
-1.734234765172004700e-02 -1.634233258664608002e-02 9.297844171524047852e-01
-2.052747644484043121e-02 -1.783638074994087219e-02 9.879621863365173340e-01
-9.939940646290779114e-03 -1.737802289426326752e-02 9.500862360000610352e-01
6.872334517538547516e-03 -1.615058630704879761e-02 8.585352301597595215e-01
1.668602600693702698e-02 -1.230440475046634674e-02 7.791092395782470703e-01
2.193615399301052094e-02 -1.265803072601556778e-02 7.000106573104858398e-01
1.370750553905963898e-02 -1.280426699668169022e-02 5.173701643943786621e-01
7.696837186813354492e-03 -1.479705329984426498e-02 5.055794715881347656e-01
1.870408281683921814e-02 -1.614416390657424927e-02 6.541304588317871094e-01
3.546662628650665283e-02 -1.898753084242343903e-02 7.648253440856933594e-01
3.861239925026893616e-02 -1.768775284290313721e-02 7.754988670349121094e-01
4.584315046668052673e-02 -1.546913292258977890e-02 8.561903238296508789e-01
4.943910613656044006e-02 -1.838720776140689850e-02 8.960353732109069824e-01
4.824994876980781555e-02 -1.643437519669532776e-02 8.155262470245361328e-01
4.762528091669082642e-02 -1.520109642297029495e-02 7.473207712173461914e-01
5.694691091775894165e-02 -2.051705680787563324e-02 8.756197690963745117e-01
4.965253919363021851e-02 -1.572822593152523041e-02 7.294244766235351562e-01
5.175993591547012329e-02 -1.787125319242477417e-02 7.743260264396667480e-01
5.323580652475357056e-02 -1.587681658565998077e-02 8.763733506202697754e-01
5.685110017657279968e-02 -1.969524472951889038e-02 1.017983555793762207e+00
3.748842328786849976e-02 -1.659705303609371185e-02 8.414289951324462891e-01
1.834593899548053741e-02 -1.082841586321592331e-02 7.105246186256408691e-01
3.687031567096710205e-02 -2.165034972131252289e-02 8.085761070251464844e-01
3.748701140284538269e-02 -1.798656024038791656e-02 1.013925790786743164e+00
2.868121303617954254e-02 -1.577462814748287201e-02 9.415790438652038574e-01
2.148116007447242737e-02 -1.665522716939449310e-02 7.792493104934692383e-01
1.716931164264678955e-02 -1.391110010445117950e-02 8.249366283416748047e-01
1.290297135710716248e-02 -1.823718845844268799e-02 7.888821363449096680e-01
9.810674935579299927e-03 -1.733910292387008667e-02 7.767419219017028809e-01
2.538155997171998024e-03 -1.764303073287010193e-02 7.894403934478759766e-01
-3.093954408541321754e-03 -2.229017019271850586e-02 9.233696460723876953e-01
-5.195243749767541885e-03 -2.554224804043769836e-02 1.042456746101379395e+00
-1.625090138986706734e-03 -2.495394460856914520e-02 8.316039443016052246e-01
2.839675638824701309e-03 -2.295941859483718872e-02 8.043800592422485352e-01
-9.179594926536083221e-03 -2.459192834794521332e-02 1.031508445739746094e+00
-1.535971090197563171e-02 -2.195945754647254944e-02 1.045125842094421387e+00
3.345850855112075806e-04 -1.393293589353561401e-02 9.072071313858032227e-01
-5.274682189337909222e-04 -8.185714483261108398e-03 8.280901908874511719e-01
-5.771672818809747696e-03 -7.405198179185390472e-03 8.349081277847290039e-01
-1.081569213420152664e-02 -6.275519262999296188e-03 7.978976964950561523e-01
-2.736412221565842628e-03 -1.039112731814384460e-02 7.241266965866088867e-01
-8.030857890844345093e-03 -1.309355255216360092e-02 7.498306035995483398e-01
-1.134450640529394150e-02 -1.562186237424612045e-02 7.295686006546020508e-01
-9.646948426961898804e-03 -1.759089529514312744e-02 7.215396165847778320e-01
4.248992074280977249e-03 -1.980448514223098755e-02 7.880856990814208984e-01
-4.539765883237123489e-03 -1.758750528097152710e-02 9.358289241790771484e-01
-1.129679568111896515e-02 -1.358242984861135483e-02 9.839725494384765625e-01
-1.614436320960521698e-02 -8.960943669080734253e-03 9.903189539909362793e-01
-1.577653363347053528e-02 -1.305545587092638016e-02 1.012958765029907227e+00
-8.795126341283321381e-03 -7.498043123632669449e-03 8.786790370941162109e-01
-7.140977773815393448e-03 -8.709825575351715088e-03 7.408699989318847656e-01
-5.803588777780532837e-03 -1.511179376393556595e-02 7.746940255165100098e-01
-7.301034405827522278e-03 -1.963290385901927948e-02 8.752486109733581543e-01
-8.513564243912696838e-03 -1.838025450706481934e-02 9.279682636260986328e-01
9.876280091702938080e-03 -1.969030685722827911e-02 7.928675413131713867e-01
9.545339271426200867e-03 -2.055186778306961060e-02 6.190108656883239746e-01
7.043554447591304779e-03 -1.783503219485282898e-02 5.715184211730957031e-01
3.483972512185573578e-03 -1.672552712261676788e-02 5.891381502151489258e-01
1.045664772391319275e-03 -1.799329183995723724e-02 5.614683628082275391e-01
7.511536590754985809e-03 -1.743529550731182098e-02 5.531250834465026855e-01
5.780722945928573608e-03 -1.514338608831167221e-02 6.187024116516113281e-01
-3.043989127036184072e-04 -1.092660613358020782e-02 6.958392262458801270e-01
-1.466472749598324299e-03 -1.853145472705364227e-02 8.349981904029846191e-01
2.073918702080845833e-03 -2.476624585688114166e-02 8.604637980461120605e-01
5.349473096430301666e-03 -2.477180399000644684e-02 8.851352334022521973e-01
3.013866720721125603e-03 -1.477865409106016159e-02 7.174956798553466797e-01
8.181820623576641083e-03 -1.800029072910547256e-03 5.707761645317077637e-01
6.179800257086753845e-03 5.099753849208354950e-03 5.646463632583618164e-01
1.340060029178857803e-03 -4.011206794530153275e-03 6.393058300018310547e-01
-4.721562843769788742e-03 -7.207702845335006714e-03 7.483577132225036621e-01
-4.400940611958503723e-03 -7.077388931065797806e-03 7.976181507110595703e-01
-6.085861008614301682e-03 -1.051091123372316360e-02 7.818993926048278809e-01
2.202888717874884605e-03 -1.497793756425380707e-02 7.613949775695800781e-01
4.115439485758543015e-03 -1.477832626551389694e-02 7.027055621147155762e-01
-6.357232923619449139e-04 -2.089943177998065948e-02 6.089268326759338379e-01
7.063108962029218674e-03 -2.678781002759933472e-02 6.967155933380126953e-01
1.120844576507806778e-02 -2.360498160123825073e-02 8.739424347877502441e-01
3.618036862462759018e-03 -1.957975141704082489e-02 6.970942616462707520e-01
7.314641261473298073e-04 -2.031739242374897003e-02 7.504464983940124512e-01
-1.943359384313225746e-03 -1.237462740391492844e-02 7.217434644699096680e-01
-5.212309770286083221e-03 -1.134264282882213593e-02 7.124706506729125977e-01
-1.050183270126581192e-02 -9.800043888390064240e-03 6.768709421157836914e-01
-1.588216796517372131e-02 -8.792120032012462616e-03 6.525029540061950684e-01
-1.123746857047080994e-02 -4.164650570601224899e-03 6.947008371353149414e-01
-5.042928270995616913e-03 2.823074348270893097e-03 6.914255619049072266e-01
-6.736972369253635406e-03 2.466676756739616394e-03 6.998739838600158691e-01
-2.297104150056838989e-02 -1.698255538940429688e-03 8.123562932014465332e-01
-3.910065814852714539e-02 -3.642205148935317993e-03 9.637958407402038574e-01
-3.158665448427200317e-02 -8.058122359216213226e-03 9.764135479927062988e-01
-2.338852733373641968e-02 -1.337498775683343410e-03 8.708992600440979004e-01
-2.059591002762317657e-02 -4.540809430181980133e-03 8.097884654998779297e-01
-2.307084389030933380e-02 -6.711529102176427841e-03 8.481649160385131836e-01
-3.065182641148567200e-02 -3.124075708910822868e-03 8.810177445411682129e-01
-3.080820292234420776e-02 2.367812994634732604e-04 8.454515337944030762e-01
-3.095032833516597748e-02 -6.097814068198204041e-03 8.147422075271606445e-01
-2.032722719013690948e-02 -1.028685458004474640e-02 8.100808858871459961e-01
-1.824628375470638275e-02 -1.013289671391248703e-02 8.382157683372497559e-01
-1.564049161970615387e-02 -1.003924570977687836e-02 8.554132580757141113e-01
-1.254518516361713409e-02 -6.424944847822189331e-03 8.200700283050537109e-01
-9.462869726121425629e-03 -6.968103349208831787e-03 8.367066383361816406e-01
-2.445079851895570755e-03 -6.642561405897140503e-03 7.519049644470214844e-01
2.344667300349101424e-04 -4.841799382120370865e-03 7.288908362388610840e-01
1.793923554942011833e-03 -1.011810079216957092e-02 8.772237300872802734e-01
1.563730882480740547e-03 -1.225926913321018219e-02 9.112937450408935547e-01
6.064312066882848740e-03 -1.439080666750669479e-02 9.469168186187744141e-01
1.310679130256175995e-02 -1.511767506599426270e-02 9.297810196876525879e-01
1.712408848106861115e-02 -1.708101108670234680e-02 9.598913788795471191e-01
1.248297467827796936e-02 -1.651525869965553284e-02 9.486817121505737305e-01
1.694796234369277954e-02 -1.189942564815282822e-02 8.433936834335327148e-01
1.897397264838218689e-02 -8.330478332936763763e-03 7.771679759025573730e-01
2.048419788479804993e-02 -4.431377165019512177e-03 6.648750901222229004e-01
2.139668911695480347e-02 -1.588485389947891235e-02 7.496203184127807617e-01
2.024495415389537811e-02 -2.075463160872459412e-02 8.446022868156433105e-01
1.480113342404365540e-02 -1.989545300602912903e-02 1.055768966674804688e+00
1.228207442909479141e-02 -1.589690893888473511e-02 9.688175320625305176e-01
9.871592745184898376e-03 -1.563678681850433350e-02 8.671602606773376465e-01
7.633660454303026199e-03 -1.689715683460235596e-02 1.024765133857727051e+00
9.043231606483459473e-03 -1.975840888917446136e-02 9.715529084205627441e-01
1.128426659852266312e-02 -1.969103142619132996e-02 9.046269655227661133e-01
9.860781952738761902e-03 -1.634309627115726471e-02 9.612787961959838867e-01
1.050929073244333267e-02 -1.190936472266912460e-02 9.770724177360534668e-01
4.980602301657199860e-03 -6.938447244465351105e-03 1.076849937438964844e+00
7.470689248293638229e-03 -1.014174055308103561e-02 9.893652200698852539e-01
1.391241699457168579e-02 -1.644055359065532684e-02 9.705703854560852051e-01
1.698579639196395874e-02 -1.932155340909957886e-02 1.025699257850646973e+00
1.737441681325435638e-02 -1.990124210715293884e-02 9.579579234123229980e-01
2.411208674311637878e-02 -1.831336133182048798e-02 1.028658032417297363e+00
2.726185880601406097e-02 -1.472039613872766495e-02 9.887173771858215332e-01
3.363569825887680054e-02 -1.418709848076105118e-02 1.079225778579711914e+00
3.412802517414093018e-02 -1.712505519390106201e-02 1.059886217117309570e+00
3.617779910564422607e-02 -2.416652441024780273e-02 1.070412635803222656e+00
3.680165484547615051e-02 -2.598756738007068634e-02 1.133846998214721680e+00
3.633068874478340149e-02 -2.419125847518444061e-02 1.150721788406372070e+00
3.510437905788421631e-02 -2.026332169771194458e-02 9.497555494308471680e-01
3.964425995945930481e-02 -2.308925054967403412e-02 8.981190323829650879e-01
4.260393977165222168e-02 -2.257490344345569611e-02 1.040158271789550781e+00
3.681418672204017639e-02 -2.100270055234432220e-02 1.023718833923339844e+00
2.985556609928607941e-02 -1.761722005903720856e-02 9.848368763923645020e-01
3.864495083689689636e-02 -2.340070344507694244e-02 1.125869870185852051e+00
4.787549376487731934e-02 -3.155174106359481812e-02 1.361638545989990234e+00
4.476639628410339355e-02 -2.423400059342384338e-02 1.306895852088928223e+00
3.302713111042976379e-02 -1.893688179552555084e-02 9.623873233795166016e-01
2.872426062822341919e-02 -1.555888447910547256e-02 8.034945130348205566e-01
3.886534646153450012e-02 -1.449109893292188644e-02 8.850888609886169434e-01
4.706580191850662231e-02 -1.413112226873636246e-02 1.294405817985534668e+00
5.038117617368698120e-02 -1.842149160802364349e-02 1.300442099571228027e+00
5.118821933865547180e-02 -1.657567359507083893e-02 1.201848387718200684e+00
5.851337313652038574e-02 -2.045650780200958252e-02 1.535034894943237305e+00
5.659888684749603271e-02 -2.101177722215652466e-02 1.639111757278442383e+00
3.953362256288528442e-02 -1.338080503046512604e-02 1.117287039756774902e+00
3.308762609958648682e-02 -1.402413286268711090e-02 7.931835651397705078e-01
3.167381137609481812e-02 -1.459186989814043045e-02 9.494844675064086914e-01
2.351979911327362061e-02 -1.073317695409059525e-02 1.340991735458374023e+00
2.368289232254028320e-02 -1.039471384137868881e-02 1.110093116760253906e+00
2.159431390464305878e-02 -1.899263821542263031e-02 8.325265645980834961e-01
1.335542462766170502e-02 -1.537658274173736572e-02 9.195663928985595703e-01
3.663430688902735710e-03 -7.632528431713581085e-03 1.060099959373474121e+00
6.617307662963867188e-03 -1.436613313853740692e-02 1.328181266784667969e+00
7.411472965031862259e-03 -1.719624735414981842e-02 1.367439031600952148e+00
5.323466379195451736e-03 -1.472007203847169876e-02 1.271928906440734863e+00
1.203929167240858078e-02 -1.493548322468996048e-02 1.264227509498596191e+00
9.412995539605617523e-03 -1.706788875162601471e-02 1.077083706855773926e+00
1.174352783709764481e-02 -2.164804749190807343e-02 8.823413848876953125e-01
8.226604200899600983e-03 -1.699042133986949921e-02 6.741335988044738770e-01
2.345917047932744026e-03 -1.335225999355316162e-02 5.988692045211791992e-01
4.514457657933235168e-03 -1.107032783329486847e-02 4.850646555423736572e-01
8.905670605599880219e-03 -1.549064181745052338e-02 5.135829448699951172e-01
6.653155200183391571e-03 -1.925197057425975800e-02 5.594231486320495605e-01
1.035603228956460953e-02 -1.536305341869592667e-02 5.685292482376098633e-01
1.288487948477268219e-02 -1.427943725138902664e-02 6.110954284667968750e-01
8.760742843151092529e-03 -1.802481338381767273e-02 7.100393176078796387e-01
6.917202379554510117e-03 -1.303430646657943726e-02 7.724173069000244141e-01
2.467175247147679329e-03 -8.984497748315334320e-03 7.667719721794128418e-01
2.029669238254427910e-03 -7.123182062059640884e-03 7.843751311302185059e-01
2.266464987769722939e-03 -3.866837825626134872e-03 7.482897639274597168e-01
