2.451141178607940674e-01 -2.135901451110839844e-01 -1.033289656043052673e-01
7.521326094865798950e-02 -7.409586757421493530e-02 1.635985076427459717e-02
2.978493273258209229e-02 -3.249861299991607666e-02 6.985056400299072266e-02
-2.651165798306465149e-02 -2.569314092397689819e-04 8.502324670553207397e-02
-3.457556292414665222e-02 -3.170315176248550415e-03 5.235515534877777100e-02
-2.052007615566253662e-02 3.034375421702861786e-02 8.097454905509948730e-03
5.375593900680541992e-05 2.334821783006191254e-02 -2.410493791103363037e-03
-1.532955840229988098e-02 2.667566202580928802e-02 7.063746452331542969e-03
-1.409808546304702759e-02 2.565100230276584625e-02 7.016114890575408936e-03
-2.207339182496070862e-02 2.640602923929691315e-02 1.089050620794296265e-02
-2.189804613590240479e-02 2.621305920183658600e-02 1.053441315889358521e-02
-1.893407851457595825e-02 2.698379196226596832e-02 1.380920410156250000e-02
-2.583108842372894287e-02 2.679391019046306610e-02 9.951800107955932617e-03
-2.732330933213233948e-02 2.539039589464664459e-02 2.041103690862655640e-02
-2.425111830234527588e-02 2.762211300432682037e-02 2.522892504930496216e-02
-1.802716031670570374e-02 2.772883884608745575e-02 1.172988861799240112e-02
-3.113260120153427124e-02 2.748470194637775421e-02 -2.310059964656829834e-03
-5.624197423458099365e-02 2.776758931577205658e-02 -3.536887466907501221e-03
-5.983526632189750671e-02 2.673420868813991547e-02 8.961930871009826660e-04
-5.596830695867538452e-02 2.692078985273838043e-02 8.649826049804687500e-04
-7.948143780231475830e-02 1.907459087669849396e-02 8.963055908679962158e-03
-7.793678343296051025e-02 3.320079296827316284e-02 -7.831923663616180420e-03
-7.116362452507019043e-02 3.103555180132389069e-02 -6.431639194488525391e-03
-8.046806603670120239e-02 3.181462734937667847e-02 -1.511952280998229980e-02
-8.984922617673873901e-02 3.171165287494659424e-02 -2.345519512891769409e-02
-1.002983748912811279e-01 3.109368495643138885e-02 -3.105967491865158081e-02
-1.089471802115440369e-01 2.756079472601413727e-02 -3.913026303052902222e-02
-1.090362891554832458e-01 2.771029807627201080e-02 -3.688806295394897461e-02
-1.225041300058364868e-01 2.677790261805057526e-02 -4.414489120244979858e-02
-1.336979568004608154e-01 2.524379454553127289e-02 -3.761070221662521362e-02
-1.333518028259277344e-01 2.808495797216892242e-02 -2.901723980903625488e-02
-1.424281597137451172e-01 3.152051568031311035e-02 -3.496344387531280518e-02
-1.527475714683532715e-01 3.610611706972122192e-02 -3.398671001195907593e-02
-1.681450307369232178e-01 3.840588033199310303e-02 -3.066117316484451294e-02
-1.593920886516571045e-01 4.155000299215316772e-02 -2.277955412864685059e-03
-1.569735109806060791e-01 4.249211400747299194e-02 1.602735370397567749e-02
-1.913424730300903320e-01 3.956108540296554565e-02 -7.231771945953369141e-03
-2.169522047042846680e-01 4.086199402809143066e-02 -1.551806926727294922e-02
-2.255485057830810547e-01 3.800477087497711182e-02 -3.668822348117828369e-03
-2.285603284835815430e-01 2.411894686520099640e-02 1.205779612064361572e-02
-2.133863270282745361e-01 2.541423030197620392e-02 2.862851135432720184e-02
-2.075093984603881836e-01 2.669784612953662872e-02 2.107145264744758606e-02
-1.687605679035186768e-01 1.384291239082813263e-02 5.353640764951705933e-02
-1.798272728919982910e-01 2.906644530594348907e-02 2.541449666023254395e-02
-1.819797456264495850e-01 2.645173110067844391e-02 2.820582687854766846e-02
-1.783820688724517822e-01 2.633742429316043854e-02 3.513632342219352722e-02
-1.840774714946746826e-01 2.317126281559467316e-02 3.381922468543052673e-02
-1.749493181705474854e-01 3.825218975543975830e-02 3.786240518093109131e-02
-1.714062988758087158e-01 4.144910722970962524e-02 5.256837233901023865e-02
-1.618591248989105225e-01 3.669004887342453003e-02 3.416249901056289673e-02
-1.049156561493873596e-01 2.060019411146640778e-02 5.047991871833801270e-02
-6.693520396947860718e-02 -1.678483001887798309e-02 5.748189613223075867e-02
-7.888352125883102417e-02 -4.077675938606262207e-02 1.186806783080101013e-01
-1.003770828247070312e-01 -3.888863325119018555e-02 7.621319591999053955e-02
-3.137694671750068665e-02 -3.169051557779312134e-02 6.789700686931610107e-02
2.241276800632476807e-01 -2.569369785487651825e-02 8.948621153831481934e-02
2.094228267669677734e-01 -1.232295408844947815e-01 9.602686762809753418e-02
2.537191808223724365e-01 -1.247876510024070740e-01 1.586931645870208740e-01
4.138849377632141113e-01 -6.913058459758758545e-02 1.613446921110153198e-01
3.300354778766632080e-01 -1.834971755743026733e-01 1.741652190685272217e-01
3.249790370464324951e-01 -1.810963898897171021e-01 2.656406760215759277e-01
2.365856170654296875e-01 -5.634970963001251221e-03 5.228296518325805664e-01
2.617980241775512695e-01 2.856800518929958344e-02 6.118940114974975586e-01
3.784670233726501465e-01 8.315842598676681519e-02 4.997597336769104004e-01
3.655416667461395264e-01 1.635971367359161377e-01 4.446006715297698975e-01
2.918568253517150879e-01 2.206296175718307495e-01 4.817155897617340088e-01
2.707996070384979248e-01 2.695316076278686523e-01 6.058281660079956055e-01
2.449308335781097412e-01 2.794701159000396729e-01 6.052202582359313965e-01
2.542413473129272461e-01 3.382230997085571289e-01 6.165226697921752930e-01
1.740269064903259277e-01 3.050940036773681641e-01 4.720846712589263916e-01
1.578672826290130615e-01 2.586449086666107178e-01 4.582893550395965576e-01
8.122567087411880493e-02 2.470726966857910156e-01 5.501129627227783203e-01
-9.094178676605224609e-05 1.866395771503448486e-01 5.547701120376586914e-01
2.406875044107437134e-02 2.067193239927291870e-01 6.237319707870483398e-01
4.947576671838760376e-02 1.755952686071395874e-01 6.384282112121582031e-01
7.582800835371017456e-02 1.611707657575607300e-01 5.813331007957458496e-01
9.306623786687850952e-02 1.526230275630950928e-01 5.450091361999511719e-01
7.795352488756179810e-02 1.664395183324813843e-01 4.533916115760803223e-01
9.147024899721145630e-02 1.845803856849670410e-01 3.692280054092407227e-01
2.166247367858886719e-02 2.124130725860595703e-01 3.035358786582946777e-01
2.840988337993621826e-03 2.001206874847412109e-01 2.727680206298828125e-01
-1.005762517452239990e-01 1.859955340623855591e-01 2.230907976627349854e-01
-9.775070846080780029e-02 1.618136763572692871e-01 2.106942832469940186e-01
-3.346275538206100464e-02 1.768720149993896484e-01 2.300015985965728760e-01
-1.031450927257537842e-02 1.313463747501373291e-01 2.493906617164611816e-01
-7.949250936508178711e-02 6.171003729104995728e-02 2.218062281608581543e-01
-9.488946199417114258e-02 9.126613289117813110e-02 2.853786945343017578e-01
-1.097479462623596191e-02 7.813755422830581665e-02 3.635580241680145264e-01
-5.841798335313796997e-02 1.176310889422893524e-02 3.099049627780914307e-01
5.339393764734268188e-02 2.505417354404926300e-02 3.203295767307281494e-01
1.425653398036956787e-01 8.487942814826965332e-02 3.209869563579559326e-01
9.813449531793594360e-02 1.356894671916961670e-01 3.094559311866760254e-01
1.946998536586761475e-01 1.084661334753036499e-01 2.728913724422454834e-01
2.220246791839599609e-01 1.006902307271957397e-01 2.793227434158325195e-01
2.838176488876342773e-01 5.609449744224548340e-02 2.700573205947875977e-01
3.689322769641876221e-01 1.761763729155063629e-02 2.177909016609191895e-01
3.280037641525268555e-01 2.012452296912670135e-02 1.375960558652877808e-01
3.654730319976806641e-01 -4.597332328557968140e-03 1.312401294708251953e-01
3.901839554309844971e-01 -4.870273172855377197e-02 8.605439960956573486e-02
4.022391438484191895e-01 -5.769398808479309082e-02 8.135446906089782715e-02
4.239769279956817627e-01 -5.009144544601440430e-02 7.929339259862899780e-02
4.349727928638458252e-01 -6.137502938508987427e-02 7.609536498785018921e-02
4.784136712551116943e-01 -6.814228743314743042e-02 7.372306287288665771e-02
5.784013867378234863e-01 -7.931941747665405273e-02 6.095460057258605957e-02
7.680607438087463379e-01 -1.175922602415084839e-01 2.336413413286209106e-02
9.340414404869079590e-01 -1.399331241846084595e-01 2.032572776079177856e-02
8.987725377082824707e-01 -1.405512392520904541e-01 2.108273655176162720e-02
9.494602084159851074e-01 -1.305582076311111450e-01 7.571459561586380005e-02
9.871897101402282715e-01 -1.440877020359039307e-01 1.241634413599967957e-01
9.605061411857604980e-01 -1.277232468128204346e-01 1.698447167873382568e-01
9.726001620292663574e-01 -1.161362677812576294e-01 1.849990189075469971e-01
9.825873970985412598e-01 -1.180885359644889832e-01 1.725692152976989746e-01
9.625909924507141113e-01 -1.076392084360122681e-01 2.472623884677886963e-01
9.605881571769714355e-01 -1.048093661665916443e-01 2.918900251388549805e-01
9.454768300056457520e-01 -1.360154151916503906e-01 2.286735177040100098e-01
9.455336928367614746e-01 -1.484253406524658203e-01 2.167050540447235107e-01
8.909240365028381348e-01 -1.344794780015945435e-01 2.112288177013397217e-01
8.559874296188354492e-01 -1.072698980569839478e-01 2.383802235126495361e-01
7.903464436531066895e-01 -7.667713612318038940e-02 2.340290546417236328e-01
7.721131443977355957e-01 -1.092459335923194885e-01 2.211816310882568359e-01
7.650383114814758301e-01 -8.577711880207061768e-02 2.229399979114532471e-01
7.792396545410156250e-01 -7.226084917783737183e-02 1.994372606277465820e-01
7.844720482826232910e-01 -9.248273074626922607e-02 1.423219740390777588e-01
7.402651906013488770e-01 -7.998633384704589844e-02 1.453350782394409180e-01
7.394357919692993164e-01 -6.406500190496444702e-02 1.322281360626220703e-01
7.397695183753967285e-01 -6.992001831531524658e-02 7.509932667016983032e-02
7.044625878334045410e-01 -4.469691216945648193e-02 1.006615087389945984e-01
6.887105703353881836e-01 -6.003067642450332642e-02 7.788950949907302856e-02
6.602492928504943848e-01 -5.940678715705871582e-02 5.826909095048904419e-02
6.751037836074829102e-01 -9.032727777957916260e-02 6.718789786100387573e-02
6.134027242660522461e-01 -7.730384171009063721e-02 6.645502895116806030e-02
6.204013228416442871e-01 -6.409134715795516968e-02 8.245994895696640015e-02
5.819788575172424316e-01 -6.141770631074905396e-02 6.099130958318710327e-02
5.608501434326171875e-01 -8.704861253499984741e-02 3.079505264759063721e-02
5.409325957298278809e-01 -6.975385546684265137e-02 4.403723031282424927e-02
5.603664517402648926e-01 -5.872537940740585327e-02 2.102477103471755981e-02
6.050899028778076172e-01 -5.634380131959915161e-02 4.093954712152481079e-02
6.366264224052429199e-01 -5.180648714303970337e-02 6.939001381397247314e-03
6.509469747543334961e-01 -1.197935454547405243e-02 3.857534378767013550e-02
6.392222046852111816e-01 2.487841993570327759e-04 4.067698866128921509e-02
6.626729369163513184e-01 2.112592197954654694e-02 5.410826951265335083e-02
6.398487091064453125e-01 2.727761305868625641e-02 4.408721998333930969e-02
6.268575191497802734e-01 2.233974821865558624e-02 4.465657100081443787e-02
6.294408440589904785e-01 9.761935099959373474e-03 5.397003889083862305e-02
6.155343055725097656e-01 -4.045166075229644775e-03 4.163565486669540405e-02
5.979891419410705566e-01 -2.287372574210166931e-02 3.758458048105239868e-02
6.128696203231811523e-01 -4.521905630826950073e-02 3.261353075504302979e-02
5.790418982505798340e-01 -3.258986771106719971e-02 3.872054070234298706e-02
5.677955746650695801e-01 -4.605185985565185547e-02 2.125669457018375397e-02
5.728070139884948730e-01 -5.885420739650726318e-02 1.118948310613632202e-02
5.791324377059936523e-01 -8.177509158849716187e-02 1.154826208949089050e-02
5.913805365562438965e-01 -1.336053609848022461e-01 -1.492388918995857239e-02
5.766468644142150879e-01 -1.664081960916519165e-01 -1.200824975967407227e-02
5.692614912986755371e-01 -2.052459865808486938e-01 1.527399010956287384e-02
5.739158987998962402e-01 -2.216680943965911865e-01 4.345100745558738708e-02
4.915296137332916260e-01 -2.416240125894546509e-01 8.129666745662689209e-02
3.805712163448333740e-01 -2.852374613285064697e-01 8.236446976661682129e-02
3.009503781795501709e-01 -2.936643064022064209e-01 1.005360633134841919e-01
3.202202022075653076e-01 -3.260674476623535156e-01 1.100904643535614014e-01
3.575275242328643799e-01 -3.694229423999786377e-01 9.291377663612365723e-02
3.892804682254791260e-01 -3.992301523685455322e-01 1.087183207273483276e-01
3.343928158283233643e-01 -3.642461895942687988e-01 1.746543943881988525e-01
4.660681784152984619e-01 -3.961472511291503906e-01 1.737271845340728760e-01
3.467253446578979492e-01 -3.918566703796386719e-01 1.937291026115417480e-01
1.820726990699768066e-01 -4.038078784942626953e-01 2.727281153202056885e-01
1.557982265949249268e-01 -3.789871037006378174e-01 3.191662132740020752e-01
1.288660168647766113e-01 -3.470438718795776367e-01 3.074526190757751465e-01
2.063959836959838867e-03 -2.060470581054687500e-01 4.580045342445373535e-01
-3.349514305591583252e-02 -1.460013091564178467e-01 4.580806195735931396e-01
-1.092242896556854248e-01 -9.419468045234680176e-02 4.378068447113037109e-01
-8.739203214645385742e-02 -2.699261531233787537e-02 4.739710688591003418e-01
-5.474824458360671997e-02 -6.731117516756057739e-02 5.153177976608276367e-01
-5.800969898700714111e-02 8.631234988570213318e-03 6.012966632843017578e-01
-6.648862361907958984e-02 3.993073850870132446e-02 6.379892826080322266e-01
-7.542663812637329102e-02 2.468010224401950836e-02 6.352852582931518555e-01
-6.548976153135299683e-02 4.997940361499786377e-02 6.068478226661682129e-01
-7.578925788402557373e-02 4.512234032154083252e-02 7.426186800003051758e-01
-5.971281230449676514e-02 4.857821762561798096e-02 7.516281008720397949e-01
-7.894559949636459351e-02 8.379694074392318726e-02 8.138005733489990234e-01
-1.070952266454696655e-01 1.160849779844284058e-01 9.224123358726501465e-01
-1.192766204476356506e-01 9.779197722673416138e-02 8.801357746124267578e-01
-1.297298520803451538e-01 8.248993754386901855e-02 9.137767553329467773e-01
-1.208397299051284790e-01 7.753628492355346680e-02 9.219064712524414062e-01
-1.251701116561889648e-01 8.404928445816040039e-02 9.206948876380920410e-01
-1.352857649326324463e-01 8.182487636804580688e-02 9.483977556228637695e-01
-1.054835543036460876e-01 9.931884706020355225e-02 9.606789350509643555e-01
-9.132108092308044434e-02 1.198512613773345947e-01 9.353078007698059082e-01
-1.033578664064407349e-01 1.136185526847839355e-01 9.890493154525756836e-01
-7.692912966012954712e-02 1.431046724319458008e-01 1.002171754837036133e+00
-1.098333373665809631e-01 1.172456443309783936e-01 9.823000431060791016e-01
-7.783518731594085693e-02 1.526078432798385620e-01 9.735437631607055664e-01
-9.228419512510299683e-02 1.358309388160705566e-01 1.031985998153686523e+00
-6.720711290836334229e-02 1.488061845302581787e-01 1.071895003318786621e+00
-1.014072522521018982e-01 1.014752686023712158e-01 1.102324366569519043e+00
-1.080940365791320801e-01 1.113933175802230835e-01 1.101968407630920410e+00
-7.523757964372634888e-02 1.476881504058837891e-01 1.141761183738708496e+00
-8.353897184133529663e-02 1.508791595697402954e-01 1.143574357032775879e+00
-6.952486187219619751e-02 1.498406827449798584e-01 1.137015461921691895e+00
-1.218750998377799988e-01 8.775654435157775879e-02 1.084875583648681641e+00
-1.332149207592010498e-01 1.102254837751388550e-01 1.048617720603942871e+00
-1.301138401031494141e-01 1.320172399282455444e-01 1.130670189857482910e+00
-1.381359994411468506e-01 1.400436758995056152e-01 1.095438480377197266e+00
-1.796522140502929688e-01 1.297557950019836426e-01 1.002242684364318848e+00
-1.793496310710906982e-01 1.482208967208862305e-01 1.037745833396911621e+00
-2.054296135902404785e-01 1.433137506246566772e-01 1.022799253463745117e+00
-2.061297297477722168e-01 1.303205937147140503e-01 1.008852720260620117e+00
-1.861544251441955566e-01 1.487123966217041016e-01 1.014409780502319336e+00
-1.874606609344482422e-01 1.518020182847976685e-01 9.824325442314147949e-01
-2.454160749912261963e-01 1.271863579750061035e-01 9.911959767341613770e-01
-2.303022146224975586e-01 1.369501799345016479e-01 1.016625285148620605e+00
-2.330742180347442627e-01 1.269222646951675415e-01 1.042198061943054199e+00
-2.091951966285705566e-01 1.573379635810852051e-01 1.029587388038635254e+00
-2.356375753879547119e-01 1.447215527296066284e-01 9.663935899734497070e-01
-2.341035604476928711e-01 1.601796895265579224e-01 9.120043516159057617e-01
-2.538331747055053711e-01 1.323781758546829224e-01 9.209364652633666992e-01
-2.234339118003845215e-01 1.379158347845077515e-01 8.650103211402893066e-01
-2.329399287700653076e-01 1.483018249273300171e-01 8.326572179794311523e-01
-2.472486793994903564e-01 1.491508334875106812e-01 8.151637911796569824e-01
-2.272441983222961426e-01 1.380067765712738037e-01 8.692855834960937500e-01
-2.247388064861297607e-01 1.123160570859909058e-01 7.815713882446289062e-01
-2.193952500820159912e-01 1.243579983711242676e-01 7.792688608169555664e-01
-2.206815779209136963e-01 1.437281370162963867e-01 8.713681101799011230e-01
-2.250942885875701904e-01 1.266858577728271484e-01 9.330042600631713867e-01
-2.162098288536071777e-01 1.291567981243133545e-01 9.051765203475952148e-01
-2.204572558403015137e-01 1.525833010673522949e-01 8.263690471649169922e-01
-2.336359918117523193e-01 1.540564596652984619e-01 7.706651687622070312e-01
-2.739216387271881104e-01 1.466428786516189575e-01 8.552858829498291016e-01
-2.551464140415191650e-01 1.362517625093460083e-01 8.537850379943847656e-01
-2.893798947334289551e-01 1.360171437263488770e-01 8.717820048332214355e-01
-2.834179401397705078e-01 1.510412842035293579e-01 8.449922204017639160e-01
-2.283145487308502197e-01 1.601306796073913574e-01 8.540661931037902832e-01
-2.296926379203796387e-01 1.452237814664840698e-01 8.574662208557128906e-01
-1.839363723993301392e-01 1.875627934932708740e-01 7.970874309539794922e-01
-1.773912608623504639e-01 1.789734810590744019e-01 7.363628149032592773e-01
-1.800709962844848633e-01 1.564852744340896606e-01 8.095631599426269531e-01
-1.547996401786804199e-01 1.501981467008590698e-01 7.947232723236083984e-01
-1.956670433282852173e-01 1.386336535215377808e-01 8.984091877937316895e-01
-1.528545916080474854e-01 1.390552371740341187e-01 9.601401090621948242e-01
-1.269741207361221313e-01 1.412876248359680176e-01 9.631837010383605957e-01
-1.314626187086105347e-01 1.306233704090118408e-01 9.192182421684265137e-01
-1.696286052465438843e-01 1.234402954578399658e-01 8.920413851737976074e-01
-1.548814177513122559e-01 1.539939343929290771e-01 8.731232881546020508e-01
-1.608176976442337036e-01 1.555282175540924072e-01 8.792374730110168457e-01
-1.788038909435272217e-01 1.504989713430404663e-01 8.734847903251647949e-01
-1.517924666404724121e-01 1.562128365039825439e-01 9.254098534584045410e-01
-1.504861563444137573e-01 1.431679725646972656e-01 8.614154458045959473e-01
-1.073228493332862854e-01 1.702066957950592041e-01 9.900894761085510254e-01
-1.312844902276992798e-01 1.458934843540191650e-01 9.225186705589294434e-01
-1.548555195331573486e-01 1.342391520738601685e-01 8.850522637367248535e-01
-1.669578701257705688e-01 1.362793743610382080e-01 9.015329480171203613e-01
-1.769777238368988037e-01 1.241171807050704956e-01 9.100548624992370605e-01
-1.900220513343811035e-01 1.523176431655883789e-01 9.270813465118408203e-01
-1.862258315086364746e-01 1.452256590127944946e-01 9.496345520019531250e-01
-2.089060842990875244e-01 1.503398418426513672e-01 9.723504185676574707e-01
-2.139064371585845947e-01 1.435852646827697754e-01 8.829551339149475098e-01
-2.172772288322448730e-01 1.458387821912765503e-01 8.991545438766479492e-01
-2.284504473209381104e-01 1.303692311048507690e-01 8.979350924491882324e-01
-2.576805651187896729e-01 1.586276590824127197e-01 9.746406674385070801e-01
-2.081444859504699707e-01 1.288248598575592041e-01 9.511194825172424316e-01
-2.468288242816925049e-01 9.304439276456832886e-02 9.377568364143371582e-01
-1.881075799465179443e-01 1.271180957555770874e-01 8.823308348655700684e-01
-1.670441031455993652e-01 1.097290068864822388e-01 8.480853438377380371e-01
-1.466049104928970337e-01 1.284846067428588867e-01 8.297327160835266113e-01
-1.161037534475326538e-01 1.254623383283615112e-01 8.759568929672241211e-01
-1.414966583251953125e-01 1.144813895225524902e-01 7.790021896362304688e-01
-1.333065778017044067e-01 1.354155689477920532e-01 8.084941506385803223e-01
-9.532406926155090332e-02 1.508136391639709473e-01 8.146808743476867676e-01
-1.064770668745040894e-01 1.244990229606628418e-01 7.628461122512817383e-01
-1.263629347085952759e-01 1.129491031169891357e-01 7.858673930168151855e-01
-1.345050930976867676e-01 1.189070791006088257e-01 7.937421202659606934e-01
-1.332116723060607910e-01 1.115014851093292236e-01 8.081545233726501465e-01
-1.385797709226608276e-01 1.124508231878280640e-01 7.695618867874145508e-01
-1.501351594924926758e-01 1.064298003911972046e-01 7.469978928565979004e-01
-1.506051719188690186e-01 1.124805212020874023e-01 7.534392476081848145e-01
-1.642606556415557861e-01 1.112914979457855225e-01 7.233003377914428711e-01
-1.641196906566619873e-01 1.400698274374008179e-01 7.395900487899780273e-01
-1.886184215545654297e-01 1.376270204782485962e-01 7.283864021301269531e-01
-2.034813463687896729e-01 1.379770934581756592e-01 7.381749749183654785e-01
-2.074473500251770020e-01 1.388753503561019897e-01 7.590370774269104004e-01
-2.133407592773437500e-01 1.594102233648300171e-01 7.623777985572814941e-01
-2.263062894344329834e-01 1.721608042716979980e-01 7.561792731285095215e-01
-2.534999549388885498e-01 1.401300430297851562e-01 7.092134952545166016e-01
-3.318977355957031250e-01 2.045645713806152344e-01 6.702452301979064941e-01
-3.729000985622406006e-01 2.558975517749786377e-01 6.190453171730041504e-01
-3.336670398712158203e-01 2.603223323822021484e-01 5.219275355339050293e-01
-3.077213466167449951e-01 2.036089897155761719e-01 4.977720379829406738e-01
-2.726344168186187744e-01 1.664644926786422729e-01 5.968928337097167969e-01
-2.762522697448730469e-01 2.137653231620788574e-01 4.698077142238616943e-01
-3.010035157203674316e-01 2.019469588994979858e-01 3.989078700542449951e-01
-3.700837790966033936e-01 1.518082916736602783e-01 3.285195529460906982e-01
-3.327805995941162109e-01 1.335780769586563110e-01 3.091764152050018311e-01
-2.658317685127258301e-01 1.464063227176666260e-01 3.265816867351531982e-01
-3.464767932891845703e-01 1.108995974063873291e-01 2.204976677894592285e-01
-3.220051825046539307e-01 5.821213126182556152e-02 1.810642182826995850e-01
-2.805224955081939697e-01 -1.772859506309032440e-02 1.605661958456039429e-01
-2.697324454784393311e-01 -8.210344612598419189e-02 1.729217171669006348e-01
-2.810179591178894043e-01 -8.543226867914199829e-02 2.335891425609588623e-01
-3.227910399436950684e-01 -8.649036288261413574e-02 1.980067789554595947e-01
-2.165163457393646240e-01 -1.378042399883270264e-01 1.759916543960571289e-01
-2.907080948352813721e-01 -2.157702147960662842e-01 1.594196557998657227e-01
-2.618725001811981201e-01 -1.879115551710128784e-01 2.416469454765319824e-01
-1.115934029221534729e-01 -1.742721796035766602e-01 3.142532408237457275e-01
-1.109732240438461304e-01 -1.438337713479995728e-01 2.187955975532531738e-01
-1.400194168090820312e-01 -9.642533212900161743e-02 2.187614738941192627e-01
-8.144328743219375610e-02 -2.822281606495380402e-02 3.742983639240264893e-01
-2.091325223445892334e-01 -5.743809044361114502e-02 3.126109540462493896e-01
-2.110228240489959717e-01 -9.241776913404464722e-02 2.690314054489135742e-01
-1.584647595882415771e-01 -5.711103975772857666e-02 3.755832314491271973e-01
-1.751334071159362793e-01 -7.838816940784454346e-02 2.954995036125183105e-01
-3.036404848098754883e-01 -1.059681028127670288e-01 3.393073379993438721e-01
-4.152185618877410889e-01 -1.378881484270095825e-01 2.862698137760162354e-01
-5.317344665527343750e-01 -1.851222217082977295e-01 2.432913482189178467e-01
-5.663205981254577637e-01 -1.645573526620864868e-01 3.065447509288787842e-01
-5.924487709999084473e-01 -1.614266484975814819e-01 2.505783736705780029e-01
-6.306087374687194824e-01 -1.531153470277786255e-01 1.999304890632629395e-01
-6.590035557746887207e-01 -1.536407023668289185e-01 1.602172702550888062e-01
-7.068237662315368652e-01 -1.597438305616378784e-01 9.101136773824691772e-02
-7.159369587898254395e-01 -1.930834352970123291e-01 3.421410173177719116e-02
-7.057506442070007324e-01 -1.680321693420410156e-01 8.093949407339096069e-02
-7.007842659950256348e-01 -1.666020452976226807e-01 1.016387939453125000e-01
-7.342697978019714355e-01 -1.819659322500228882e-01 1.046329364180564880e-01
-7.893185615539550781e-01 -2.091314196586608887e-01 1.263641417026519775e-01
-7.681684494018554688e-01 -2.054426670074462891e-01 1.368361115455627441e-01
-8.062883019447326660e-01 -1.994927823543548584e-01 1.929600238800048828e-01
-8.033544421195983887e-01 -2.269487380981445312e-01 1.335377395153045654e-01
-8.044856786727905273e-01 -2.533644735813140869e-01 1.886418461799621582e-01
-8.313739299774169922e-01 -1.903103590011596680e-01 2.645768225193023682e-01
-7.952125668525695801e-01 -2.035510838031768799e-01 2.021891176700592041e-01
-7.906195521354675293e-01 -2.093990743160247803e-01 2.219942510128021240e-01
-7.843341827392578125e-01 -2.562909424304962158e-01 8.451215922832489014e-02
-8.240072131156921387e-01 -2.917615175247192383e-01 6.921410560607910156e-02
-8.498663902282714844e-01 -2.732065916061401367e-01 7.775384932756423950e-02
-8.249458670616149902e-01 -2.839325666427612305e-01 8.497169613838195801e-02
-8.408005833625793457e-01 -2.785897254943847656e-01 7.921195030212402344e-02
-7.924087643623352051e-01 -2.481579929590225220e-01 1.188768595457077026e-01
-7.239745259284973145e-01 -1.432237178087234497e-01 3.350363075733184814e-01
-7.429936528205871582e-01 -2.039881795644760132e-01 1.563624590635299683e-01
-8.486494421958923340e-01 -2.655646204948425293e-01 1.322672367095947266e-01
-7.924750447273254395e-01 -2.652550041675567627e-01 1.467966437339782715e-01
-7.812355756759643555e-01 -2.455102354288101196e-01 1.194004416465759277e-01
-7.228101491928100586e-01 -2.240081280469894409e-01 2.055759727954864502e-01
-6.776852607727050781e-01 -2.155785560607910156e-01 1.612732410430908203e-01
-6.438546180725097656e-01 -2.024087756872177124e-01 9.162442386150360107e-02
-6.002694964408874512e-01 -1.942732483148574829e-01 1.248909309506416321e-01
-6.389888525009155273e-01 -2.105405330657958984e-01 1.304837912321090698e-01
-6.979174017906188965e-01 -2.796609699726104736e-01 -2.092427760362625122e-02
-7.855959534645080566e-01 -2.957838773727416992e-01 5.335044115781784058e-03
-8.271276950836181641e-01 -2.715551555156707764e-01 1.119286268949508667e-01
-8.093196749687194824e-01 -2.698451876640319824e-01 4.942420125007629395e-02
-7.760325074195861816e-01 -2.287481576204299927e-01 8.035807311534881592e-02
-7.113995552062988281e-01 -2.439684122800827026e-01 1.346900761127471924e-01
-6.916095018386840820e-01 -2.492538243532180786e-01 1.318422555923461914e-01
-7.001203894615173340e-01 -2.133238315582275391e-01 2.078523337841033936e-01
-6.862424015998840332e-01 -2.239233404397964478e-01 1.915060281753540039e-01
-6.767977476119995117e-01 -2.450153529644012451e-01 1.116081625223159790e-01
-7.154161334037780762e-01 -2.263063937425613403e-01 1.409947574138641357e-01
-7.447701692581176758e-01 -2.385630905628204346e-01 1.550070941448211670e-01
-7.509416341781616211e-01 -2.485225349664688110e-01 1.612994670867919922e-01
-7.794921398162841797e-01 -2.262579500675201416e-01 1.959103047847747803e-01
-7.430063486099243164e-01 -2.216032296419143677e-01 2.308785319328308105e-01
-6.811504960060119629e-01 -1.781224161386489868e-01 2.611862123012542725e-01
-6.031594276428222656e-01 -1.308752447366714478e-01 4.011104702949523926e-01
-5.110783576965332031e-01 -5.247019976377487183e-02 4.515943825244903564e-01
-4.771381318569183350e-01 -4.045772552490234375e-02 4.010562598705291748e-01
-4.842599928379058838e-01 -1.826199144124984741e-02 4.348328411579132080e-01
-5.018249154090881348e-01 -1.903676800429821014e-02 3.549917638301849365e-01
-5.373653173446655273e-01 -6.392584741115570068e-02 2.304772138595581055e-01
-5.648943185806274414e-01 -1.053220182657241821e-01 2.280565500259399414e-01
-5.524640679359436035e-01 -7.243278622627258301e-02 2.483554184436798096e-01
-5.812203884124755859e-01 -9.020557999610900879e-02 1.969210803508758545e-01
-6.505760550498962402e-01 -1.094140633940696716e-01 2.279370725154876709e-01
-7.526733279228210449e-01 -2.089190334081649780e-01 8.254804462194442749e-02
-8.765951395034790039e-01 -2.622976005077362061e-01 5.311233550310134888e-02
-8.695358633995056152e-01 -2.428218871355056763e-01 7.305127382278442383e-02
-8.029187321662902832e-01 -2.028307765722274780e-01 7.790750265121459961e-02
-6.743200421333312988e-01 -1.653243899345397949e-01 1.504473984241485596e-01
-6.601580977439880371e-01 -1.738336086273193359e-01 1.309231370687484741e-01
-6.152796149253845215e-01 -1.558041572570800781e-01 6.502166390419006348e-02
-5.146473646163940430e-01 -7.704258710145950317e-02 1.401819884777069092e-01
-5.613966584205627441e-01 -1.592132151126861572e-01 1.263648420572280884e-01
-6.383869051933288574e-01 -1.673525720834732056e-01 1.131994500756263733e-01
-6.447232961654663086e-01 -1.232027411460876465e-01 8.136302977800369263e-02
-5.231155157089233398e-01 -1.041066274046897888e-01 1.687849164009094238e-01
-4.974957406520843506e-01 -1.318534016609191895e-01 1.801238954067230225e-01
-4.392425417900085449e-01 -8.911184966564178467e-02 2.162955105304718018e-01
-2.649955451488494873e-01 1.632864959537982941e-02 2.864487767219543457e-01
-1.274818778038024902e-01 1.289985626935958862e-01 4.530938565731048584e-01
-1.649203896522521973e-01 1.371032893657684326e-01 4.235111773014068604e-01
-2.308541238307952881e-01 9.185928106307983398e-02 3.296381235122680664e-01
-2.099575996398925781e-01 1.148528158664703369e-01 3.293951153755187988e-01
-2.059020102024078369e-01 1.072427630424499512e-01 2.992196083068847656e-01
-1.905533075332641602e-01 9.630551934242248535e-02 2.876161634922027588e-01
-1.568603217601776123e-01 9.856796264648437500e-02 2.855931818485260010e-01
-1.332523971796035767e-01 1.019010841846466064e-01 2.965191602706909180e-01
-1.290075182914733887e-01 1.109303981065750122e-01 3.091593682765960693e-01
-1.246172785758972168e-01 1.185785084962844849e-01 3.253480792045593262e-01
-1.304049491882324219e-01 1.160845756530761719e-01 3.177585899829864502e-01
-1.279299408197402954e-01 1.159349232912063599e-01 3.210975527763366699e-01
-1.328445225954055786e-01 1.203303039073944092e-01 3.275644779205322266e-01
-1.445397138595581055e-01 1.222281455993652344e-01 3.238243758678436279e-01
-1.597748994827270508e-01 1.159995794296264648e-01 3.011492192745208740e-01
-1.561630368232727051e-01 1.229445487260818481e-01 3.159360885620117188e-01
-1.646753847599029541e-01 1.153042316436767578e-01 2.997547090053558350e-01
-1.675392389297485352e-01 1.135951429605484009e-01 2.999924719333648682e-01
-1.688826978206634521e-01 1.141138970851898193e-01 2.946850657463073730e-01
-1.672068536281585693e-01 1.144676357507705688e-01 2.967022955417633057e-01
-1.694737374782562256e-01 1.102736890316009521e-01 2.934055626392364502e-01
-1.521527022123336792e-01 1.290712356567382812e-01 3.232340514659881592e-01
-1.623892188072204590e-01 1.174931824207305908e-01 3.066776692867279053e-01
-1.562597751617431641e-01 1.207420974969863892e-01 3.108929693698883057e-01
-1.700696200132369995e-01 1.074855923652648926e-01 2.905089557170867920e-01
-1.576947271823883057e-01 1.176321506500244141e-01 3.072645366191864014e-01
-1.666360795497894287e-01 1.102317869663238525e-01 2.941890656948089600e-01
-1.662998050451278687e-01 1.111490130424499512e-01 2.991368174552917480e-01
-1.673784554004669189e-01 1.116143912076950073e-01 2.986360192298889160e-01
-1.709770560264587402e-01 1.076210141181945801e-01 2.939002215862274170e-01
-1.721834838390350342e-01 1.073919534683227539e-01 2.925088107585906982e-01
-1.732549071311950684e-01 1.047994047403335571e-01 2.915786504745483398e-01
-1.651361137628555298e-01 1.075895279645919800e-01 3.013270199298858643e-01
-1.671767532825469971e-01 1.074245870113372803e-01 2.983742654323577881e-01
-1.726722270250320435e-01 1.016761362552642822e-01 2.915526032447814941e-01
-1.716063916683197021e-01 1.038593053817749023e-01 2.926054000854492188e-01
-1.716484427452087402e-01 1.026265025138854980e-01 2.955974638462066650e-01
-1.684374958276748657e-01 1.048320084810256958e-01 3.025472462177276611e-01
-1.758971065282821655e-01 1.011497527360916138e-01 2.961883544921875000e-01
-1.821864545345306396e-01 9.683927148580551147e-02 2.913751900196075439e-01
-1.933988928794860840e-01 8.704610168933868408e-02 2.909563481807708740e-01
-1.874124705791473389e-01 9.832445532083511353e-02 2.999153435230255127e-01
-1.955426633358001709e-01 9.286912530660629272e-02 2.861943840980529785e-01
-1.853108853101730347e-01 9.374021738767623901e-02 2.947364747524261475e-01
-1.800509393215179443e-01 9.242316335439682007e-02 3.016375303268432617e-01
-1.872032880783081055e-01 9.180427342653274536e-02 2.990947067737579346e-01
-1.937126219272613525e-01 8.229029923677444458e-02 3.048779070377349854e-01
-1.911676228046417236e-01 8.761747181415557861e-02 3.116006553173065186e-01
-1.853685528039932251e-01 7.796771079301834106e-02 3.295778036117553711e-01
-1.935817599296569824e-01 7.908367365598678589e-02 3.310483098030090332e-01
-1.997137665748596191e-01 6.859495490789413452e-02 3.267968595027923584e-01
-2.020063102245330811e-01 6.739491969347000122e-02 3.282035887241363525e-01
-2.053746879100799561e-01 5.898167192935943604e-02 3.214975893497467041e-01
-1.996748298406600952e-01 7.079346477985382080e-02 3.323860168457031250e-01
-1.909099221229553223e-01 7.781575620174407959e-02 3.544028401374816895e-01
-1.968041956424713135e-01 6.922068446874618530e-02 3.384593427181243896e-01
-1.981013417243957520e-01 6.894257664680480957e-02 3.395903706550598145e-01
-1.962915956974029541e-01 7.426499575376510620e-02 3.481756448745727539e-01
-1.938872039318084717e-01 7.553561031818389893e-02 3.490212261676788330e-01
-1.940505802631378174e-01 7.414045184850692749e-02 3.499549031257629395e-01
-1.917224526405334473e-01 7.749679684638977051e-02 3.559564948081970215e-01
-1.976467967033386230e-01 7.040220499038696289e-02 3.482876718044281006e-01
-1.884523928165435791e-01 7.935784757137298584e-02 3.602331578731536865e-01
-1.897075474262237549e-01 7.825391739606857300e-02 3.595468699932098389e-01
-1.920074224472045898e-01 7.474691420793533325e-02 3.544391393661499023e-01
-1.903449445962905884e-01 7.311329245567321777e-02 3.501920998096466064e-01
-1.849715709686279297e-01 7.605559378862380981e-02 3.551986217498779297e-01
-1.798646152019500732e-01 8.332266658544540405e-02 3.651093840599060059e-01
-1.803817451000213623e-01 8.036829531192779541e-02 3.600859642028808594e-01
-1.785285025835037231e-01 8.379912376403808594e-02 3.637986183166503906e-01
-1.805614531040191650e-01 7.849902659654617310e-02 3.570941090583801270e-01
-1.761646866798400879e-01 8.365152031183242798e-02 3.676691055297851562e-01
-1.753932833671569824e-01 8.350097388029098511e-02 3.694007396697998047e-01
-1.796224713325500488e-01 8.446545153856277466e-02 3.677818775177001953e-01
-1.795165687799453735e-01 8.497258275747299194e-02 3.699482083320617676e-01
-1.807075738906860352e-01 8.312457799911499023e-02 3.656044304370880127e-01
-1.705887615680694580e-01 8.975666016340255737e-02 3.780519366264343262e-01
-1.688499152660369873e-01 9.414005279541015625e-02 3.894237279891967773e-01
-1.667935997247695923e-01 9.613156318664550781e-02 3.943843245506286621e-01
-1.699828207492828369e-01 9.748452901840209961e-02 3.961178660392761230e-01
-1.654452085494995117e-01 9.883431345224380493e-02 4.005819261074066162e-01
-1.677741110324859619e-01 9.642639756202697754e-02 3.942390084266662598e-01
-1.651454120874404907e-01 1.012014597654342651e-01 4.008348286151885986e-01
-1.615864634513854980e-01 1.049139201641082764e-01 4.067690074443817139e-01
-1.676240861415863037e-01 1.073903143405914307e-01 4.068537056446075439e-01
-1.552722156047821045e-01 1.087098717689514160e-01 4.140076935291290283e-01
-1.632728278636932373e-01 1.088141947984695435e-01 4.164181649684906006e-01
-1.703161001205444336e-01 1.084875613451004028e-01 4.172550737857818604e-01
-1.591743528842926025e-01 1.102949082851409912e-01 4.217854440212249756e-01
-1.564305126667022705e-01 1.130087077617645264e-01 4.253095090389251709e-01
-1.614441871643066406e-01 1.116436421871185303e-01 4.213874638080596924e-01
-1.574217379093170166e-01 1.111945062875747681e-01 4.243606626987457275e-01
-1.609200537204742432e-01 1.103416085243225098e-01 4.205036461353302002e-01
-1.650817692279815674e-01 1.065195947885513306e-01 4.168300926685333252e-01
-1.609621644020080566e-01 1.091723144054412842e-01 4.234322607517242432e-01
-1.646411865949630737e-01 1.036157310009002686e-01 4.172638952732086182e-01
-1.629279553890228271e-01 1.097342967987060547e-01 4.225201308727264404e-01
-1.631638109683990479e-01 1.042106598615646362e-01 4.119389951229095459e-01
-1.571694314479827881e-01 1.060155332088470459e-01 4.169752895832061768e-01
-1.645849943161010742e-01 1.024429947137832642e-01 4.077962636947631836e-01
-1.758425235748291016e-01 9.483478963375091553e-02 3.944406807422637939e-01
-1.694450080394744873e-01 9.481966495513916016e-02 4.038393795490264893e-01
-1.720015108585357666e-01 9.103968739509582520e-02 3.986912965774536133e-01
-1.735262572765350342e-01 8.810687810182571411e-02 3.976284563541412354e-01
-1.689282655715942383e-01 8.922976255416870117e-02 4.038681685924530029e-01
-1.724181175231933594e-01 8.944383263587951660e-02 4.015745818614959717e-01
-1.791584789752960205e-01 8.551143109798431396e-02 3.979309797286987305e-01
-1.786475181579589844e-01 8.305954188108444214e-02 3.970213532447814941e-01
-1.827886104583740234e-01 8.381043374538421631e-02 3.958374857902526855e-01
-1.771094202995300293e-01 8.227393031120300293e-02 4.015199840068817139e-01
-1.754667758941650391e-01 8.329811692237854004e-02 4.061694443225860596e-01
-1.742201447486877441e-01 8.319583535194396973e-02 4.082757830619812012e-01
-1.747395992279052734e-01 8.253805339336395264e-02 4.085861146450042725e-01
-1.735583543777465820e-01 8.184122294187545776e-02 4.086540639400482178e-01
-1.782150864601135254e-01 7.250013947486877441e-02 3.997488617897033691e-01
-1.647331714630126953e-01 8.936689794063568115e-02 4.270107746124267578e-01
-1.700569689273834229e-01 8.440112322568893433e-02 4.183955490589141846e-01
-1.728954613208770752e-01 8.653277158737182617e-02 4.198758900165557861e-01
-1.665174365043640137e-01 8.790187537670135498e-02 4.261539280414581299e-01
-1.668473780155181885e-01 8.624159544706344604e-02 4.240761399269104004e-01
-1.656052470207214355e-01 8.755199611186981201e-02 4.270687103271484375e-01
-1.602328717708587646e-01 9.082844108343124390e-02 4.353815615177154541e-01
-1.623094081878662109e-01 8.717401325702667236e-02 4.290256202220916748e-01
-1.583559066057205200e-01 9.441405534744262695e-02 4.461333453655242920e-01
-1.671456992626190186e-01 9.047260880470275879e-02 4.397415220737457275e-01
-1.816433370113372803e-01 8.080080151557922363e-02 4.291658103466033936e-01
-1.813237071037292480e-01 8.343386650085449219e-02 4.324707984924316406e-01
-1.833166480064392090e-01 8.575755357742309570e-02 4.296504557132720947e-01
-1.886669695377349854e-01 8.472658693790435791e-02 4.503741562366485596e-01
-2.302049398422241211e-01 6.099733710289001465e-02 4.366569221019744873e-01
-2.653078138828277588e-01 5.406162887811660767e-02 4.388966262340545654e-01
-2.921893298625946045e-01 3.859273344278335571e-02 4.315432608127593994e-01
-2.940765619277954102e-01 3.109554387629032135e-02 4.270634949207305908e-01
-3.127423226833343506e-01 1.688989438116550446e-02 4.523933231830596924e-01
-3.544091880321502686e-01 2.511436119675636292e-03 4.588926434516906738e-01
-3.513790667057037354e-01 -2.385488897562026978e-02 4.135058820247650146e-01
-3.410798013210296631e-01 -3.343676775693893433e-02 3.922850489616394043e-01
-3.166483044624328613e-01 -3.265981003642082214e-02 3.861757218837738037e-01
-3.104935586452484131e-01 -3.055203333497047424e-02 3.853140175342559814e-01
-3.062849938869476318e-01 -2.649590373039245605e-02 3.987567126750946045e-01
-3.091186881065368652e-01 -2.692109532654285431e-02 3.999831676483154297e-01
-3.492365479469299316e-01 -2.252890728414058685e-02 3.816945254802703857e-01
-3.698415458202362061e-01 -2.277946285903453827e-02 3.788065910339355469e-01
-4.273585975170135498e-01 -4.380671679973602295e-02 4.008712470531463623e-01
-4.913843572139739990e-01 -7.259038090705871582e-02 3.599546849727630615e-01
-5.533993840217590332e-01 -1.282870769500732422e-01 2.427652180194854736e-01
-5.669685602188110352e-01 -1.341402530670166016e-01 1.634054929018020630e-01
-5.500149726867675781e-01 -1.039062291383743286e-01 2.137942910194396973e-01
-5.016285181045532227e-01 -7.775138318538665771e-02 2.655597031116485596e-01
-4.828646779060363770e-01 -5.557234212756156921e-02 2.662217020988464355e-01
-4.751161038875579834e-01 -5.143541842699050903e-02 2.658202946186065674e-01
-4.599694013595581055e-01 -6.051123887300491333e-02 2.838892638683319092e-01
-4.842466115951538086e-01 -8.278694748878479004e-02 2.576588094234466553e-01
-4.665817916393280029e-01 -9.412797540426254272e-02 2.420227825641632080e-01
-3.854190409183502197e-01 -8.492758125066757202e-02 2.462019622325897217e-01
-3.443099856376647949e-01 -5.412809550762176514e-02 2.804753184318542480e-01
-3.213800489902496338e-01 -4.576106742024421692e-02 2.195583879947662354e-01
-2.788985371589660645e-01 -4.323717579245567322e-02 2.306813597679138184e-01
-2.490736544132232666e-01 -4.944546520709991455e-02 2.217109501361846924e-01
-2.481423914432525635e-01 -6.484489142894744873e-02 2.172462344169616699e-01
-2.766189873218536377e-01 -6.370188295841217041e-02 2.038363218307495117e-01
-3.102128803730010986e-01 -9.873238205909729004e-02 1.447627097368240356e-01
-3.598473072052001953e-01 -9.793334454298019409e-02 1.551743745803833008e-01
-3.799980580806732178e-01 -1.026186496019363403e-01 1.262399256229400635e-01
-3.846919834613800049e-01 -9.882628917694091797e-02 1.492284983396530151e-01
-4.044663906097412109e-01 -1.083895638585090637e-01 1.939211487770080566e-01
-4.009070396423339844e-01 -1.103935241699218750e-01 1.988409459590911865e-01
-3.569736480712890625e-01 -7.222639024257659912e-02 2.366915047168731689e-01
-3.241569399833679199e-01 -6.738454103469848633e-02 2.362585067749023438e-01
-3.418290317058563232e-01 -6.004598736763000488e-02 2.932015359401702881e-01
-3.585016429424285889e-01 -4.794002696871757507e-02 3.160062730312347412e-01
-3.506069183349609375e-01 -3.968920186161994934e-02 3.456747233867645264e-01
-3.931188285350799561e-01 -5.576846003532409668e-02 1.202745586633682251e-01
-3.880882859230041504e-01 -9.293940663337707520e-02 2.122987508773803711e-01
-4.335072934627532959e-01 -1.380994915962219238e-01 2.305540740489959717e-01
-4.145444631576538086e-01 -1.103183701634407043e-01 1.838288903236389160e-01
-3.615244328975677490e-01 -9.414948523044586182e-02 1.482428461313247681e-01
-3.696309626102447510e-01 -9.945230185985565186e-02 1.816315352916717529e-01
-3.040102124214172363e-01 -9.178820997476577759e-02 1.077101156115531921e-01
-3.076399266719818115e-01 -9.559510648250579834e-02 7.461673021316528320e-02
-2.078672647476196289e-01 -8.411052823066711426e-02 1.299278140068054199e-01
-3.327297270298004150e-01 -7.357105612754821777e-02 9.547153115272521973e-02
-2.659223973751068115e-01 -6.573662161827087402e-02 1.004725992679595947e-01
-3.145121335983276367e-01 -9.220559149980545044e-02 1.234807223081588745e-01
-3.484946191310882568e-01 -5.384104698896408081e-02 9.142585098743438721e-02
-3.336735963821411133e-01 -6.625813245773315430e-02 8.300167322158813477e-02
-4.150628149509429932e-01 -7.867728173732757568e-02 6.826483458280563354e-02
-3.876521289348602295e-01 -8.918083459138870239e-02 1.324200034141540527e-01
-3.559385836124420166e-01 -7.289706915616989136e-02 1.389480233192443848e-01
-3.432063758373260498e-01 -5.994367599487304688e-02 1.945980787277221680e-01
-2.940179407596588135e-01 -6.240956485271453857e-02 2.028324306011199951e-01
-2.710141539573669434e-01 -5.758720636367797852e-02 1.886557042598724365e-01
-2.571034729480743408e-01 -5.629847198724746704e-02 1.902341544628143311e-01
-2.321307063102722168e-01 -4.617136716842651367e-02 2.041412293910980225e-01
-2.136079967021942139e-01 -4.753864929080009460e-02 2.344989478588104248e-01
-2.225911319255828857e-01 -5.380622297525405884e-02 1.863926649093627930e-01
-2.399890124797821045e-01 -4.925604909658432007e-02 1.744319200515747070e-01
-2.448303103446960449e-01 -4.972077161073684692e-02 2.009582221508026123e-01
-2.205871045589447021e-01 -4.808280616998672485e-02 2.331621944904327393e-01
-1.686272621154785156e-01 -4.758937656879425049e-02 2.224618792533874512e-01
-1.573992073535919189e-01 -2.751328982412815094e-02 3.167450428009033203e-01
-1.127492263913154602e-01 -4.485371708869934082e-02 2.376231551170349121e-01
6.228916347026824951e-03 -3.859633952379226685e-02 2.701071798801422119e-01
9.605655819177627563e-02 1.663503237068653107e-02 3.732176125049591064e-01
1.073607057332992554e-02 1.133412420749664307e-01 5.165987610816955566e-01
2.075808495283126831e-02 4.816383123397827148e-02 3.905150592327117920e-01
4.055022448301315308e-02 -7.734851911664009094e-03 3.714748322963714600e-01
1.405373215675354004e-01 -1.840003021061420441e-02 3.549632728099822998e-01
1.007031276822090149e-01 -2.998684160411357880e-02 4.090162813663482666e-01
-3.178513795137405396e-02 -1.119565591216087341e-01 3.998616337776184082e-01
-4.409618675708770752e-02 -1.046223714947700500e-01 3.523283898830413818e-01
-2.071750909090042114e-02 -6.982348859310150146e-02 3.571086525917053223e-01
7.163608819246292114e-02 -2.153065986931324005e-02 4.561851620674133301e-01
9.695702046155929565e-02 4.768510907888412476e-02 4.514423906803131104e-01
1.720805764198303223e-01 9.501864016056060791e-02 5.073324441909790039e-01
2.045185267925262451e-01 9.208632260560989380e-02 5.221270322799682617e-01
1.505203247070312500e-01 5.926764756441116333e-02 6.280830502510070801e-01
8.509803563356399536e-02 4.517000913619995117e-02 6.645173430442810059e-01
1.217897608876228333e-01 1.329397857189178467e-01 7.434142231941223145e-01
1.430067121982574463e-01 2.106359899044036865e-01 8.203690052032470703e-01
9.045567363500595093e-02 1.782445460557937622e-01 7.108900547027587891e-01
6.567794829607009888e-02 1.710255146026611328e-01 7.593055367469787598e-01
1.133846268057823181e-01 1.804569214582443237e-01 8.418138027191162109e-01
1.025905981659889221e-01 1.621097624301910400e-01 7.886759042739868164e-01
1.821717917919158936e-01 2.156851440668106079e-01 8.836089372634887695e-01
2.580727636814117432e-01 2.409420013427734375e-01 9.125006794929504395e-01
2.635669410228729248e-01 2.344067394733428955e-01 8.875140547752380371e-01
2.096486985683441162e-01 2.170085906982421875e-01 8.530705571174621582e-01
1.733052134513854980e-01 2.213194221258163452e-01 8.813390731811523438e-01
2.285272479057312012e-01 2.326560616493225098e-01 8.782796263694763184e-01
2.406180799007415771e-01 2.475596964359283447e-01 7.954820394515991211e-01
2.530366182327270508e-01 2.874418795108795166e-01 8.786567449569702148e-01
2.157982587814331055e-01 2.798188030719757080e-01 7.889793515205383301e-01
1.965864002704620361e-01 3.047932982444763184e-01 8.452632427215576172e-01
2.214320003986358643e-01 3.377979695796966553e-01 9.131751656532287598e-01
1.720785200595855713e-01 2.958339154720306396e-01 7.648779749870300293e-01
2.129546701908111572e-01 3.049770295619964600e-01 7.579749822616577148e-01
1.909769177436828613e-01 2.971692383289337158e-01 7.621140480041503906e-01
1.420004367828369141e-01 2.624878883361816406e-01 7.114524841308593750e-01
1.386479735374450684e-01 2.649788558483123779e-01 7.016375660896301270e-01
1.236181482672691345e-01 2.627237737178802490e-01 7.488538026809692383e-01
3.300610184669494629e-02 2.429769337177276611e-01 7.579288482666015625e-01
-7.016994804143905640e-02 1.756734251976013184e-01 6.437631249427795410e-01
-6.042240187525749207e-02 2.234858721494674683e-01 7.883093953132629395e-01
-4.307765886187553406e-02 2.504757046699523926e-01 8.275598287582397461e-01
-3.414883092045783997e-02 2.718664705753326416e-01 9.679976105690002441e-01
-1.054944023489952087e-01 2.679908275604248047e-01 9.636956453323364258e-01
-1.567782461643218994e-01 2.699010670185089111e-01 9.482963681221008301e-01
-1.580325365066528320e-01 2.979563474655151367e-01 9.415876865386962891e-01
-2.021805197000503540e-01 2.462884783744812012e-01 7.544167041778564453e-01
-1.599562168121337891e-01 2.950013875961303711e-01 9.482299089431762695e-01
-2.367998361587524414e-01 2.057793736457824707e-01 7.737509012222290039e-01
-1.819627881050109863e-01 2.626034021377563477e-01 8.354973793029785156e-01
-2.018622756004333496e-01 2.412219941616058350e-01 6.542130708694458008e-01
-2.573053538799285889e-01 1.876066625118255615e-01 5.817698836326599121e-01
-2.704950273036956787e-01 1.805437207221984863e-01 6.128531694412231445e-01
-2.014238089323043823e-01 1.920839697122573853e-01 6.650991439819335938e-01
-2.557436525821685791e-01 1.751343309879302979e-01 5.832228660583496094e-01
-1.105313897132873535e-01 2.216116189956665039e-01 7.454494833946228027e-01
-1.423994004726409912e-01 1.796324849128723145e-01 7.228497862815856934e-01
-6.991580128669738770e-03 1.882819235324859619e-01 7.733477354049682617e-01
-7.121232151985168457e-02 1.916579008102416992e-01 7.450577616691589355e-01
-9.987256675958633423e-02 1.424666047096252441e-01 6.823661327362060547e-01
-7.407018542289733887e-02 1.381038129329681396e-01 6.496105790138244629e-01
-5.565549805760383606e-02 1.552172154188156128e-01 6.627973318099975586e-01
-9.053302556276321411e-02 1.676458269357681274e-01 6.106593608856201172e-01
-1.074835062026977539e-01 1.666944175958633423e-01 6.854565143585205078e-01
-6.999561935663223267e-02 1.820571720600128174e-01 6.660143733024597168e-01
-6.828756630420684814e-02 1.731363534927368164e-01 6.267234683036804199e-01
-5.101055651903152466e-02 1.859341263771057129e-01 6.204490065574645996e-01
-4.139880463480949402e-02 1.619783341884613037e-01 5.379021167755126953e-01
2.848392724990844727e-02 1.417157948017120361e-01 3.543432652950286865e-01
2.225948125123977661e-02 1.139045804738998413e-01 2.118555605411529541e-01
-1.923150569200515747e-02 1.368964463472366333e-01 2.643945515155792236e-01
2.419576048851013184e-04 1.351044774055480957e-01 2.792275846004486084e-01
-3.830745071172714233e-02 1.000973731279373169e-01 2.797192037105560303e-01
-3.955091536045074463e-02 7.803261280059814453e-02 1.841369867324829102e-01
-1.152722686529159546e-01 5.773687362670898438e-02 2.151118218898773193e-01
-2.078352272510528564e-01 5.228471010923385620e-02 2.278292775154113770e-01
-2.606339454650878906e-01 5.626425147056579590e-02 2.573503851890563965e-01
-3.136377632617950439e-01 2.238340862095355988e-02 2.599322497844696045e-01
-2.964716255664825439e-01 3.545792400836944580e-02 2.464917302131652832e-01
-2.846413850784301758e-01 -7.931139320135116577e-03 1.766865253448486328e-01
-3.116215467453002930e-01 -6.862201541662216187e-02 1.924132406711578369e-01
-3.786979019641876221e-01 -7.452744990587234497e-02 2.421813607215881348e-01
-3.991132974624633789e-01 -6.709556281566619873e-02 2.398606240749359131e-01
-4.447099268436431885e-01 -1.289194971323013306e-01 2.519662082195281982e-01
-5.790758728981018066e-01 -1.732823699712753296e-01 2.688946127891540527e-01
-6.556595563888549805e-01 -2.035477012395858765e-01 2.195914983749389648e-01
-6.594446301460266113e-01 -2.068219184875488281e-01 2.330944538116455078e-01
-5.933635234832763672e-01 -2.080220580101013184e-01 2.383758127689361572e-01
-5.996989011764526367e-01 -1.975797414779663086e-01 3.097457289695739746e-01
-5.909879803657531738e-01 -1.463171392679214478e-01 3.072796165943145752e-01
-5.123577713966369629e-01 -1.264420002698898315e-01 3.024207353591918945e-01
-5.026311278343200684e-01 -4.750339686870574951e-02 3.875796496868133545e-01
-5.305453538894653320e-01 -6.569395214319229126e-02 2.928891479969024658e-01
-5.631081461906433105e-01 -8.274964243173599243e-02 3.048445880413055420e-01
-5.351201295852661133e-01 -9.974606335163116455e-02 2.018865942955017090e-01
-6.487489342689514160e-01 -1.741376519203186035e-01 1.249884441494941711e-01
-6.109972000122070312e-01 -1.762978732585906982e-01 1.450538933277130127e-01
-5.679277777671813965e-01 -1.734511256217956543e-01 1.554629504680633545e-01
-5.506284236907958984e-01 -1.852011978626251221e-01 1.399446725845336914e-01
-4.751419126987457275e-01 -1.472676694393157959e-01 1.176984533667564392e-01
-4.985283315181732178e-01 -1.326916515827178955e-01 2.372188568115234375e-01
-4.543358683586120605e-01 -1.134788766503334045e-01 2.996019423007965088e-01
-3.687948286533355713e-01 -1.199496760964393616e-01 3.031720221042633057e-01
-3.156653940677642822e-01 -1.223776191473007202e-01 4.277664124965667725e-01
-2.836582064628601074e-01 -9.853721410036087036e-02 4.726152718067169189e-01
-3.044768273830413818e-01 -5.751797556877136230e-02 5.008676052093505859e-01
-3.371541202068328857e-01 -8.987947553396224976e-02 3.103013932704925537e-01
-4.327573776245117188e-01 -1.141827031970024109e-01 2.307143807411193848e-01
-4.548286795616149902e-01 -1.335594505071640015e-01 2.130885720252990723e-01
-4.625815451145172119e-01 -1.342585235834121704e-01 2.176069021224975586e-01
-4.568397998809814453e-01 -1.413379907608032227e-01 1.824480593204498291e-01
-3.431018590927124023e-01 -1.338824629783630371e-01 2.668722271919250488e-01
-3.748470246791839600e-01 -1.406536251306533813e-01 1.875065565109252930e-01
-3.420600593090057373e-01 -1.290483772754669189e-01 2.125502228736877441e-01
-2.981564700603485107e-01 -1.170088797807693481e-01 2.316358089447021484e-01
-3.004319965839385986e-01 -9.820641577243804932e-02 2.347912490367889404e-01
-2.943478524684906006e-01 -1.000934764742851257e-01 2.333011627197265625e-01
-3.199467658996582031e-01 -1.155535876750946045e-01 2.593184411525726318e-01
-3.273421227931976318e-01 -1.111318990588188171e-01 2.367360591888427734e-01
-3.330161273479461670e-01 -1.056666970252990723e-01 2.445264458656311035e-01
-3.236290216445922852e-01 -1.145102828741073608e-01 2.111740112304687500e-01
-3.186210095882415771e-01 -1.230746880173683167e-01 2.095073759555816650e-01
-3.177920877933502197e-01 -1.153993234038352966e-01 2.017525434494018555e-01
-3.346979022026062012e-01 -1.172527372837066650e-01 2.166135311126708984e-01
-3.345691561698913574e-01 -1.215377002954483032e-01 1.974327266216278076e-01
-3.381794989109039307e-01 -1.278519183397293091e-01 1.740594208240509033e-01
-3.324939310550689697e-01 -1.239677593111991882e-01 1.863129138946533203e-01
-3.367038965225219727e-01 -1.202313974499702454e-01 2.056797742843627930e-01
-3.568084836006164551e-01 -1.230343729257583618e-01 1.994377672672271729e-01
-3.780281841754913330e-01 -1.365801244974136353e-01 1.603364646434783936e-01
-3.775674700736999512e-01 -1.343436390161514282e-01 1.723415255546569824e-01
-3.804118633270263672e-01 -1.366150528192520142e-01 1.634544581174850464e-01
-3.782756924629211426e-01 -1.362885534763336182e-01 1.592020988464355469e-01
-3.844262063503265381e-01 -1.376872658729553223e-01 1.616722345352172852e-01
-3.839872777462005615e-01 -1.377445012331008911e-01 1.625292450189590454e-01
-3.804921209812164307e-01 -1.356223970651626587e-01 1.675173640251159668e-01
-3.851734399795532227e-01 -1.375695168972015381e-01 1.609961092472076416e-01
-3.807184696197509766e-01 -1.361839920282363892e-01 1.610015779733657837e-01
-3.882192373275756836e-01 -1.380978971719741821e-01 1.649881005287170410e-01
-3.568674921989440918e-01 -1.233931034803390503e-01 1.925055682659149170e-01
-3.008579909801483154e-01 -9.831678867340087891e-02 2.347288131713867188e-01
-2.696497440338134766e-01 -7.067506015300750732e-02 3.256434202194213867e-01
-2.619636356830596924e-01 -5.457266420125961304e-02 3.581256866455078125e-01
-2.948738634586334229e-01 -7.142578810453414917e-02 3.035135269165039062e-01
-3.638282120227813721e-01 -8.808989822864532471e-02 2.949471175670623779e-01
-3.316261172294616699e-01 -9.035626798868179321e-02 2.270441353321075439e-01
-3.620964288711547852e-01 -9.299340099096298218e-02 1.968112289905548096e-01
-3.779295384883880615e-01 -8.775494992733001709e-02 1.129339486360549927e-01
-3.933743536472320557e-01 -1.092833876609802246e-01 1.361224651336669922e-01
-3.946711122989654541e-01 -1.281089037656784058e-01 1.636237204074859619e-01
-3.950566649436950684e-01 -1.418452411890029907e-01 1.901853978633880615e-01
-3.838585317134857178e-01 -1.316747665405273438e-01 2.026089727878570557e-01
-3.690650761127471924e-01 -1.246456131339073181e-01 1.637584865093231201e-01
-3.695791661739349365e-01 -1.180289834737777710e-01 1.833745241165161133e-01
-3.952881395816802979e-01 -1.236782073974609375e-01 1.825456321239471436e-01
-3.924740552902221680e-01 -1.196415573358535767e-01 1.667125821113586426e-01
-3.581543862819671631e-01 -1.032429039478302002e-01 1.804684102535247803e-01
-3.464863896369934082e-01 -8.936324715614318848e-02 2.323635518550872803e-01
-3.247386515140533447e-01 -1.191361993551254272e-01 1.862459778785705566e-01
-2.946416437625885010e-01 -1.208681687712669373e-01 1.886078119277954102e-01
-2.036718428134918213e-01 -6.585563719272613525e-02 2.336839437484741211e-01
-2.171796560287475586e-01 -4.866959527134895325e-02 2.488817274570465088e-01
-2.294172942638397217e-01 -7.458204030990600586e-02 2.094849944114685059e-01
-2.385984361171722412e-01 -8.144234865903854370e-02 2.352693378925323486e-01
-1.421609222888946533e-01 -2.971342764794826508e-02 3.366439938545227051e-01
-1.628887206315994263e-01 -5.244293808937072754e-02 3.153093159198760986e-01
-1.404304504394531250e-01 -1.209628395736217499e-02 3.833843171596527100e-01
-5.421594530344009399e-02 -1.300260610878467560e-02 4.052594602108001709e-01
-5.570081621408462524e-02 -8.816512674093246460e-02 4.314378798007965088e-01
-1.664510369300842285e-01 -6.638728082180023193e-02 3.161292374134063721e-01
-2.208215892314910889e-01 -1.014212891459465027e-01 2.896914780139923096e-01
-1.947936117649078369e-01 -1.041201949119567871e-01 3.607737123966217041e-01
-1.024229601025581360e-01 -2.169622294604778290e-02 4.980901777744293213e-01
-2.579652518033981323e-02 1.493780501186847687e-02 4.642647802829742432e-01
-5.153692513704299927e-02 1.090441457927227020e-02 5.218399763107299805e-01
-5.763106048107147217e-03 6.583425402641296387e-02 6.284190416336059570e-01
5.357465893030166626e-02 9.709438681602478027e-02 5.916313529014587402e-01
2.680260688066482544e-02 1.233424991369247437e-01 5.842297077178955078e-01
3.026182204484939575e-02 1.522572934627532959e-01 6.972140669822692871e-01
2.948962897062301636e-02 1.238721758127212524e-01 7.270117998123168945e-01
-1.514888554811477661e-02 1.555321365594863892e-01 7.735787630081176758e-01
-6.069146096706390381e-03 1.713869571685791016e-01 7.772548794746398926e-01
-4.436872899532318115e-03 1.709429472684860229e-01 7.800846099853515625e-01
-2.546744793653488159e-02 1.830105334520339966e-01 8.855257034301757812e-01
-1.957600563764572144e-02 1.958045959472656250e-01 9.385824203491210938e-01
1.771976798772811890e-02 1.931006610393524170e-01 9.320654869079589844e-01
1.059232428669929504e-01 2.547110915184020996e-01 1.036032676696777344e+00
1.529538631439208984e-01 2.533394396305084229e-01 1.030088305473327637e+00
1.485273540019989014e-01 2.293512821197509766e-01 1.038758635520935059e+00
1.485963165760040283e-01 2.308747172355651855e-01 1.068498730659484863e+00
9.132721275091171265e-02 2.129333317279815674e-01 9.932497739791870117e-01
9.185413271188735962e-02 2.127671092748641968e-01 9.965101480484008789e-01
9.422338753938674927e-02 1.809633225202560425e-01 9.078390598297119141e-01
5.782184749841690063e-02 1.675688028335571289e-01 7.328402996063232422e-01
5.348364263772964478e-02 1.351305097341537476e-01 7.094491720199584961e-01
1.519865542650222778e-02 9.317682683467864990e-02 6.859733462333679199e-01
-6.699318438768386841e-02 7.250221446156501770e-03 5.668689012527465820e-01
-6.953456252813339233e-02 6.408001482486724854e-02 6.131658554077148438e-01
-5.875659734010696411e-02 6.239458918571472168e-02 6.175836324691772461e-01
-5.445484071969985962e-02 5.773080885410308838e-02 6.353927850723266602e-01
-8.944497257471084595e-02 5.110792070627212524e-02 6.521198749542236328e-01
-7.641511410474777222e-02 4.655449092388153076e-02 6.712749600410461426e-01
-5.538763850927352905e-02 1.176714450120925903e-01 7.304500937461853027e-01
5.305417627096176147e-02 2.133838236331939697e-01 8.728524446487426758e-01
-2.546509355306625366e-02 1.702030897140502930e-01 7.682946920394897461e-01
-3.409198671579360962e-02 1.654888391494750977e-01 7.499877810478210449e-01
-2.144493907690048218e-02 1.934363245964050293e-01 8.004974722862243652e-01
-2.047978341579437256e-03 2.037133872509002686e-01 7.714314460754394531e-01
5.534807592630386353e-02 2.728966474533081055e-01 9.552189111709594727e-01
4.524251818656921387e-02 2.571153044700622559e-01 8.246238231658935547e-01
2.777548879384994507e-02 2.006265372037887573e-01 7.023237943649291992e-01
4.829435795545578003e-02 2.114963680505752563e-01 7.244786620140075684e-01
6.712125986814498901e-02 2.175080031156539917e-01 7.115609049797058105e-01
4.623546451330184937e-02 1.830456256866455078e-01 6.720290780067443848e-01
1.004011854529380798e-01 1.791249960660934448e-01 7.945784926414489746e-01
-5.502571910619735718e-02 5.385867506265640259e-02 6.706170439720153809e-01
-5.536167323589324951e-02 7.731696218252182007e-02 7.265486121177673340e-01
-2.178708836436271667e-02 1.467843949794769287e-01 9.051259756088256836e-01
-1.513656973838806152e-01 9.505161643028259277e-02 7.644176483154296875e-01
-1.978502720594406128e-01 1.202442944049835205e-01 6.342185139656066895e-01
-2.570714801549911499e-02 3.316569030284881592e-01 1.022706627845764160e+00
4.211455583572387695e-02 2.191133648157119751e-01 8.327193260192871094e-01
-2.799570187926292419e-02 1.736671030521392822e-01 9.417954683303833008e-01
-1.537174358963966370e-02 1.313500702381134033e-01 8.037092685699462891e-01
-1.320605278015136719e-01 8.963755518198013306e-02 6.995507478713989258e-01
-1.351461261510848999e-01 7.280146330595016479e-02 6.330548524856567383e-01
-7.849386334419250488e-02 1.735702306032180786e-01 8.182017803192138672e-01
-1.510726660490036011e-02 1.348621100187301636e-01 7.147540450096130371e-01
-5.739952623844146729e-02 1.852987408638000488e-01 6.416909098625183105e-01
-1.358395069837570190e-02 1.368358582258224487e-01 6.572114825248718262e-01
-2.380567044019699097e-02 1.146501451730728149e-01 6.400488615036010742e-01
-1.719375327229499817e-02 1.655455827713012695e-01 6.353752017021179199e-01
-4.900805652141571045e-03 1.835563480854034424e-01 7.079068422317504883e-01
7.388000935316085815e-02 1.780058443546295166e-01 6.064676046371459961e-01
1.039064899086952209e-01 1.834980398416519165e-01 6.121972799301147461e-01
1.229509040713310242e-01 1.767540276050567627e-01 5.954119563102722168e-01
6.513551622629165649e-02 1.462374180555343628e-01 5.961645245552062988e-01
-2.414554357528686523e-03 7.291358709335327148e-02 5.600607395172119141e-01
1.696982979774475098e-02 1.183250248432159424e-01 5.768589377403259277e-01
1.479780972003936768e-01 2.180451005697250366e-01 6.288442015647888184e-01
2.212772071361541748e-01 2.529600858688354492e-01 5.840373635292053223e-01
2.431803345680236816e-01 1.800193190574645996e-01 4.307684302330017090e-01
2.200604975223541260e-01 1.967189311981201172e-01 5.256963968276977539e-01
1.002649590373039246e-01 1.562329232692718506e-01 5.606921315193176270e-01
1.278765499591827393e-01 2.335184812545776367e-01 6.603462100028991699e-01
1.428155004978179932e-01 2.494985759258270264e-01 6.050870418548583984e-01
2.012210786342620850e-01 1.371700614690780640e-01 5.517563819885253906e-01
2.726633250713348389e-01 1.617247015237808228e-01 5.100930333137512207e-01
2.792997956275939941e-01 1.529937237501144409e-01 4.865370392799377441e-01
4.001177549362182617e-01 1.942234486341476440e-01 4.335953891277313232e-01
4.861912429332733154e-01 1.219764649868011475e-01 3.516004085540771484e-01
4.183372557163238525e-01 5.397238582372665405e-02 3.261898756027221680e-01
3.999332487583160400e-01 2.077912911772727966e-03 4.119974076747894287e-01
4.911403954029083252e-01 9.630740433931350708e-02 4.462918043136596680e-01
5.110168457031250000e-01 8.766019344329833984e-02 3.398811221122741699e-01
5.669741630554199219e-01 7.636126130819320679e-02 2.484158575534820557e-01
6.914188265800476074e-01 1.524525880813598633e-01 3.979255259037017822e-01
6.612138748168945312e-01 1.711445897817611694e-01 4.729928076267242432e-01
6.332085728645324707e-01 1.304356157779693604e-01 4.820740818977355957e-01
7.639418244361877441e-01 1.056594550609588623e-01 4.475319981575012207e-01
8.063524961471557617e-01 3.759919106960296631e-02 4.036608934402465820e-01
7.887870073318481445e-01 2.118510194122791290e-02 3.282239735126495361e-01
8.310013413429260254e-01 -1.970127038657665253e-02 2.613568603992462158e-01
7.824184298515319824e-01 -1.784012280404567719e-02 2.492902278900146484e-01
7.983555793762207031e-01 -4.562292248010635376e-02 2.787904143333435059e-01
8.186185956001281738e-01 -5.787109583616256714e-02 2.820155322551727295e-01
8.341828584671020508e-01 -4.917854070663452148e-02 2.462063729763031006e-01
8.624414205551147461e-01 1.952589489519596100e-02 3.203243017196655273e-01
8.794541954994201660e-01 -2.174687944352626801e-02 2.091254889965057373e-01
8.583269715309143066e-01 -2.371762134134769440e-02 2.551481723785400391e-01
8.658294081687927246e-01 3.870377317070960999e-03 2.607525289058685303e-01
7.997042536735534668e-01 2.028941549360752106e-02 3.175262510776519775e-01
7.776137590408325195e-01 3.996349871158599854e-02 3.294898271560668945e-01
7.932564616203308105e-01 2.223728783428668976e-02 3.453351855278015137e-01
8.135429024696350098e-01 3.421988338232040405e-02 4.085979163646697998e-01
8.294140696525573730e-01 2.077166177332401276e-02 2.811912298202514648e-01
8.701018691062927246e-01 -1.372942887246608734e-02 2.578029334545135498e-01
9.361431002616882324e-01 3.951516002416610718e-02 3.423486053943634033e-01
9.694194197654724121e-01 1.072055287659168243e-02 2.359373867511749268e-01
1.035748124122619629e+00 5.149358510971069336e-02 3.719253242015838623e-01
1.069028854370117188e+00 1.106380857527256012e-02 3.152324557304382324e-01
1.053751111030578613e+00 1.219600625336170197e-02 3.077848851680755615e-01
1.038927674293518066e+00 4.636092483997344971e-02 3.976089656352996826e-01
1.023609280586242676e+00 5.495346337556838989e-02 4.040256440639495850e-01
1.022531390190124512e+00 -9.849956259131431580e-03 2.793568968772888184e-01
9.682125449180603027e-01 -1.369534246623516083e-02 2.577278912067413330e-01
9.698424935340881348e-01 -1.759273372590541840e-02 1.993548274040222168e-01
9.408628344535827637e-01 -6.237505003809928894e-03 1.831667721271514893e-01
9.175135493278503418e-01 3.267953172326087952e-03 1.684345006942749023e-01
9.638454318046569824e-01 -2.915832214057445526e-02 1.814075708389282227e-01
9.836698174476623535e-01 -3.730284422636032104e-02 1.635029911994934082e-01
1.003614664077758789e+00 -3.347253054380416870e-02 1.754762232303619385e-01
9.655548930168151855e-01 -3.562644869089126587e-02 1.526406407356262207e-01
9.464620947837829590e-01 -4.353850334882736206e-02 1.544124782085418701e-01
1.013548016548156738e+00 -7.111309468746185303e-02 2.002493143081665039e-01
1.007847309112548828e+00 -3.850632905960083008e-02 1.836028099060058594e-01
1.043498039245605469e+00 -9.752929210662841797e-02 1.569200158119201660e-01
1.047026634216308594e+00 -1.035270541906356812e-01 1.751978099346160889e-01
1.063783288002014160e+00 -1.027788594365119934e-01 2.073247730731964111e-01
1.047518491744995117e+00 -1.356825232505798340e-01 1.768457591533660889e-01
1.113920569419860840e+00 -1.039596274495124817e-01 2.845086157321929932e-01
1.081414818763732910e+00 -1.049131006002426147e-01 1.771420538425445557e-01
1.115425944328308105e+00 -1.021888181567192078e-01 1.811118125915527344e-01
1.129930377006530762e+00 -1.287834495306015015e-01 1.685693562030792236e-01
1.116768479347229004e+00 -1.419139951467514038e-01 1.698559224605560303e-01
1.146245718002319336e+00 -1.451003700494766235e-01 2.090213596820831299e-01
1.116546750068664551e+00 -1.342396736145019531e-01 1.998113989830017090e-01
1.131950139999389648e+00 -1.184277534484863281e-01 2.198325991630554199e-01
1.084741115570068359e+00 -8.567484468221664429e-02 2.017786800861358643e-01
1.060506820678710938e+00 -3.444351255893707275e-02 3.424155116081237793e-01
1.046672940254211426e+00 -3.062323853373527527e-02 1.693571209907531738e-01
1.078284859657287598e+00 -5.289460718631744385e-02 1.606067568063735962e-01
1.082630753517150879e+00 -9.539047628641128540e-02 1.247056648135185242e-01
1.164296627044677734e+00 -8.504337072372436523e-02 1.193808689713478088e-01
1.043028831481933594e+00 -9.168086946010589600e-02 6.064845621585845947e-02
1.064491510391235352e+00 -1.058927774429321289e-01 5.583067238330841064e-02
1.080291867256164551e+00 -9.699176996946334839e-02 5.444791167974472046e-02
1.142150759696960449e+00 -9.920153021812438965e-02 9.817673265933990479e-02
1.071595430374145508e+00 -1.097077727317810059e-01 7.727226614952087402e-02
1.075199604034423828e+00 -9.089706093072891235e-02 1.470123827457427979e-01
9.469127058982849121e-01 -9.141130000352859497e-02 1.178674548864364624e-01
8.423722982406616211e-01 -7.665631920099258423e-02 1.577011793851852417e-01
1.025691986083984375e+00 -6.036026775836944580e-02 1.676663309335708618e-01
1.000385165214538574e+00 -6.003537029027938843e-02 2.193228304386138916e-01
1.001088261604309082e+00 -4.256917536258697510e-02 2.176001369953155518e-01
8.374969363212585449e-01 -5.633614957332611084e-02 2.324731945991516113e-01
8.060256838798522949e-01 -4.318293929100036621e-02 2.360048890113830566e-01
9.148601293563842773e-01 -1.791062578558921814e-02 2.593274116516113281e-01
9.861494898796081543e-01 -3.778425604104995728e-02 2.282498180866241455e-01
9.566144347190856934e-01 -2.139646932482719421e-02 2.411625087261199951e-01
9.740731120109558105e-01 -4.778743162751197815e-02 2.965990900993347168e-01
8.385130167007446289e-01 -3.525094687938690186e-02 2.485450208187103271e-01
7.293754220008850098e-01 -4.453885182738304138e-02 2.219455242156982422e-01
7.241327166557312012e-01 -4.904267936944961548e-02 2.370671629905700684e-01
8.164979219436645508e-01 -4.324172064661979675e-02 2.710538208484649658e-01
8.417018651962280273e-01 -1.009455025196075439e-01 2.856021821498870850e-01
8.534157276153564453e-01 -1.150514781475067139e-01 2.060738503932952881e-01
9.325650334358215332e-01 -1.248828768730163574e-01 2.019748091697692871e-01
9.846634268760681152e-01 -1.306468993425369263e-01 2.076832056045532227e-01
9.497372508049011230e-01 -9.726780652999877930e-02 2.358081638813018799e-01
9.095533490180969238e-01 -9.676804393529891968e-02 1.990207135677337646e-01
8.918497562408447266e-01 -9.107814729213714600e-02 1.972850859165191650e-01
9.154341220855712891e-01 -1.044092848896980286e-01 2.036620974540710449e-01
8.836677670478820801e-01 -9.924925863742828369e-02 1.661522835493087769e-01
8.601013422012329102e-01 -9.910799562931060791e-02 1.433012187480926514e-01
8.340564370155334473e-01 -6.879507750272750854e-02 1.592907905578613281e-01
8.350396156311035156e-01 -4.687182605266571045e-02 1.776900887489318848e-01
7.888279557228088379e-01 -4.631106555461883545e-02 1.528778225183486938e-01
8.243893980979919434e-01 -5.794031918048858643e-02 1.857619285583496094e-01
6.855397224426269531e-01 -3.558668494224548340e-02 1.662659496068954468e-01
6.660173535346984863e-01 -1.353908330202102661e-03 1.929497718811035156e-01
7.359695434570312500e-01 2.527668513357639313e-02 2.225233614444732666e-01
7.674523591995239258e-01 2.532885409891605377e-02 2.861628532409667969e-01
7.618693709373474121e-01 3.187020868062973022e-02 2.875368595123291016e-01
7.290235161781311035e-01 3.302002698183059692e-02 2.172750532627105713e-01
7.674421668052673340e-01 2.549179084599018097e-02 2.429485619068145752e-01
8.417208790779113770e-01 5.451368167996406555e-03 2.989735007286071777e-01
9.568411707878112793e-01 -4.192706942558288574e-02 2.827318012714385986e-01
1.094208359718322754e+00 -8.904056251049041748e-02 2.512916922569274902e-01
1.119712948799133301e+00 -1.390175521373748779e-01 2.466354668140411377e-01
1.030525565147399902e+00 -1.069957092404365540e-01 3.005937933921813965e-01
7.779269814491271973e-01 -1.171145588159561157e-01 3.528048396110534668e-01
5.398816466331481934e-01 -1.228150576353073120e-01 4.317539036273956299e-01
4.262445271015167236e-01 -1.314704120159149170e-01 4.296663999557495117e-01
3.682656586170196533e-01 -2.909176610410213470e-02 5.116117000579833984e-01
2.262581586837768555e-01 1.077205874025821686e-02 5.540510416030883789e-01
6.568733602762222290e-02 -9.924767538905143738e-03 5.412335991859436035e-01
-3.660400956869125366e-02 1.108628809452056885e-01 6.241995096206665039e-01
-1.913113594055175781e-01 6.263983249664306641e-02 5.059844255447387695e-01
-2.511020004749298096e-01 -6.537912413477897644e-03 5.117193460464477539e-01
-4.715533554553985596e-01 -3.061844967305660248e-02 5.170841217041015625e-01
-6.467911601066589355e-01 -4.704926162958145142e-02 2.516473531723022461e-01
-5.395780205726623535e-01 6.992763280868530273e-02 3.260842263698577881e-01
-6.400384306907653809e-01 7.915242016315460205e-02 3.359937071800231934e-01
-6.184766292572021484e-01 9.047530591487884521e-02 3.029644489288330078e-01
-4.850508868694305420e-01 7.581493258476257324e-02 3.177109658718109131e-01
-3.450565934181213379e-01 1.933953724801540375e-02 2.449529469013214111e-01
-3.869687318801879883e-01 9.130572900176048279e-03 2.212803661823272705e-01
-3.839596807956695557e-01 -1.907553710043430328e-02 1.673336923122406006e-01
-3.579588830471038818e-01 -4.293672740459442139e-02 2.397989332675933838e-01
-3.310025930404663086e-01 -1.181480474770069122e-02 2.929365634918212891e-01
-1.226101964712142944e-01 -5.748509615659713745e-02 4.164114892482757568e-01
-5.664014071226119995e-02 -1.184168159961700439e-01 5.192983746528625488e-01
-6.879194825887680054e-02 -8.030208200216293335e-02 8.200764656066894531e-01
-1.038676723837852478e-01 -5.508106946945190430e-02 8.196431398391723633e-01
-1.262649893760681152e-01 -4.401955008506774902e-02 6.448222994804382324e-01
-1.104151681065559387e-01 -2.328713797032833099e-02 6.163220405578613281e-01
-1.371542513370513916e-01 1.297792606055736542e-02 5.301073193550109863e-01
-2.942481935024261475e-01 -1.496605761349201202e-02 4.628113508224487305e-01
-4.545662999153137207e-01 -5.429761484265327454e-02 1.842001974582672119e-01
-4.613803327083587646e-01 1.581214182078838348e-02 1.925851404666900635e-01
-5.164670348167419434e-01 -2.752567082643508911e-02 9.680767357349395752e-02
-5.354332923889160156e-01 -1.804351620376110077e-02 1.318939626216888428e-01
-6.542667150497436523e-01 3.812018781900405884e-03 1.226962059736251831e-01
-6.528324484825134277e-01 1.786220818758010864e-03 1.474197804927825928e-01
-3.506123125553131104e-01 9.383405745029449463e-02 2.985868155956268311e-01
-2.499890625476837158e-01 7.299671322107315063e-02 3.001832664012908936e-01
-3.186339735984802246e-01 -1.314718276262283325e-03 2.663531303405761719e-01
-2.927417457103729248e-01 -2.432048693299293518e-02 4.295889735221862793e-01
-1.856670230627059937e-01 5.002780258655548096e-02 3.638468980789184570e-01
-1.948807835578918457e-01 2.018038369715213776e-02 2.675513327121734619e-01
-2.123568058013916016e-01 -4.793321341276168823e-02 2.691456079483032227e-01
-1.663513630628585815e-01 3.026043809950351715e-02 2.110708057880401611e-01
-7.959292083978652954e-02 4.228232800960540771e-02 1.212786063551902771e-01
-5.153474211692810059e-02 3.513135015964508057e-02 6.830858439207077026e-02
-5.062303692102432251e-02 4.201111942529678345e-02 6.700438261032104492e-02
-4.239389300346374512e-02 4.336138814687728882e-02 6.711351871490478516e-02
-5.487260222434997559e-02 4.107028245925903320e-02 4.492075741291046143e-02
-4.775976389646530151e-02 3.952343761920928955e-02 2.974380180239677429e-02
-4.598497971892356873e-02 4.065649211406707764e-02 2.967674657702445984e-02
-3.977254778146743774e-02 3.969158232212066650e-02 2.866620942950248718e-02
-4.856035858392715454e-02 4.167599976062774658e-02 4.172202944755554199e-02
-5.466352403163909912e-02 4.168273508548736572e-02 3.180799260735511780e-02
-5.475459247827529907e-02 4.053968191146850586e-02 2.391930297017097473e-02
-5.171039700508117676e-02 3.997585177421569824e-02 2.279435470700263977e-02
-4.876671358942985535e-02 3.934279829263687134e-02 1.992147788405418396e-02
-4.937074705958366394e-02 3.921937942504882812e-02 2.014139294624328613e-02
-4.920166730880737305e-02 3.978357464075088501e-02 2.275838702917098999e-02
-5.329439416527748108e-02 4.004202783107757568e-02 2.616211771965026855e-02
-5.410585552453994751e-02 4.024253040552139282e-02 2.366054244339466095e-02
-5.443013459444046021e-02 4.050302505493164062e-02 2.527936175465583801e-02
-5.296350643038749695e-02 4.024920612573623657e-02 2.019501291215419769e-02
-5.212128162384033203e-02 4.019580781459808350e-02 2.344024740159511566e-02
