1.792517453432083130e-01 -6.541416049003601074e-02 -2.122184187173843384e-01
6.462444365024566650e-02 -2.423289418220520020e-02 -1.082414537668228149e-01
5.727417767047882080e-02 -1.532629132270812988e-02 -8.702929317951202393e-02
5.529271066188812256e-02 -1.577660441398620605e-02 -6.367631256580352783e-02
1.452899724245071411e-02 -1.007089018821716309e-02 -1.314951106905937195e-02
4.351857304573059082e-02 -2.407763898372650146e-02 1.477495208382606506e-02
8.818571269512176514e-02 -9.705096483230590820e-03 -1.146080717444419861e-02
8.947534859180450439e-02 2.015143632888793945e-03 -3.094724938273429871e-02
8.479654788970947266e-02 1.218490302562713623e-02 -4.309872165322303772e-02
6.336209177970886230e-02 1.541833579540252686e-02 -4.032066836953163147e-02
6.003147363662719727e-02 1.525248587131500244e-02 -4.012088850140571594e-02
5.838307738304138184e-02 1.581157371401786804e-02 -4.043893516063690186e-02
5.710349977016448975e-02 1.612345874309539795e-02 -4.020353779196739197e-02
5.489163100719451904e-02 1.677361130714416504e-02 -4.052190855145454407e-02
5.387602746486663818e-02 1.788268610835075378e-02 -3.985807672142982483e-02
5.283169448375701904e-02 1.879546418786048889e-02 -3.900723904371261597e-02
5.300201475620269775e-02 1.856850832700729370e-02 -3.910577669739723206e-02
5.200092494487762451e-02 1.847022771835327148e-02 -3.934996575117111206e-02
5.139701068401336670e-02 1.857197284698486328e-02 -3.918824717402458191e-02
5.220317840576171875e-02 1.879354566335678101e-02 -3.933063521981239319e-02
5.124032497406005859e-02 2.027426660060882568e-02 -3.539217635989189148e-02
3.569264709949493408e-02 2.228140085935592651e-02 -2.346327528357505798e-02
1.709879189729690552e-02 2.486771345138549805e-02 -1.875836960971355438e-02
2.400383353233337402e-03 2.783820033073425293e-02 -1.987073943018913269e-02
-1.368373632431030273e-02 2.886908501386642456e-02 -2.528203651309013367e-02
-2.831438183784484863e-02 2.686552703380584717e-02 -2.529394626617431641e-02
-4.438793659210205078e-02 2.515631169080734253e-02 -2.416196092963218689e-02
-5.400623753666877747e-02 2.360759675502777100e-02 -2.452731505036354065e-02
-5.842404812574386597e-02 2.253895998001098633e-02 -2.569251880049705505e-02
-6.897154450416564941e-02 1.859752088785171509e-02 -2.492886409163475037e-02
-8.608092367649078369e-02 1.427323371171951294e-02 -2.267419919371604919e-02
-1.101185679435729980e-01 1.051383465528488159e-02 -1.704880967736244202e-02
-1.276925802230834961e-01 3.473713994026184082e-03 -7.292378693819046021e-03
-1.300302296876907349e-01 -2.730323001742362976e-03 7.384922355413436890e-05
-1.154291331768035889e-01 -5.399828776717185974e-03 3.710565157234668732e-03
-9.574082493782043457e-02 -1.757671311497688293e-02 7.866711355745792389e-03
-1.144118532538414001e-01 -1.771973818540573120e-02 1.805608347058296204e-02
-1.311565041542053223e-01 -1.283819414675235748e-02 1.587815396487712860e-02
-1.339571177959442139e-01 -1.349330414086580276e-02 8.684044703841209412e-03
-1.488276422023773193e-01 -5.867851898074150085e-03 -3.446395508944988251e-03
-1.473941802978515625e-01 -1.822510734200477600e-03 -1.274018362164497375e-02
-1.251229792833328247e-01 1.581441611051559448e-04 -1.289808191359043121e-02
-9.641493111848831177e-02 7.258102297782897949e-03 -1.267916895449161530e-02
-5.956916883587837219e-02 1.426323875784873962e-02 -1.276261173188686371e-02
-6.365889310836791992e-02 2.632264047861099243e-02 -1.360640488564968109e-02
-7.172834873199462891e-02 2.814481034874916077e-02 -1.908619329333305359e-02
-7.525807619094848633e-02 2.828296273946762085e-02 -2.767597511410713196e-02
-7.721448689699172974e-02 3.352655097842216492e-02 -3.048413619399070740e-02
-7.410618662834167480e-02 4.214493930339813232e-02 -2.763697504997253418e-02
-4.795998707413673401e-02 5.078661441802978516e-02 -1.104597747325897217e-02
1.487555354833602905e-02 3.393459320068359375e-02 3.124585375189781189e-02
1.067959815263748169e-01 1.235675066709518433e-03 7.815070450305938721e-02
1.116648018360137939e-01 -2.192036993801593781e-02 5.421365424990653992e-02
1.413643211126327515e-01 -1.992365904152393341e-02 3.161872178316116333e-02
2.109488695859909058e-01 1.547801122069358826e-02 1.724798604846000671e-02
2.815798521041870117e-01 -6.818099878728389740e-03 9.123864769935607910e-02
2.238018363714218140e-01 -1.157031357288360596e-01 8.278645575046539307e-02
-9.787209331989288330e-03 -2.001545131206512451e-01 1.750889234244823456e-02
1.433490365743637085e-01 -1.114482581615447998e-01 1.745753586292266846e-01
1.654305011034011841e-01 -7.953481376171112061e-02 2.345716655254364014e-01
1.528739035129547119e-01 -3.556212037801742554e-02 2.656572163105010986e-01
1.363498121500015259e-01 3.434274718165397644e-02 4.307770133018493652e-01
2.669543027877807617e-02 6.144375354051589966e-02 5.083065032958984375e-01
-4.340321570634841919e-02 8.634666353464126587e-02 5.556881427764892578e-01
-7.513090968132019043e-03 1.051492393016815186e-01 4.201616346836090088e-01
9.995149075984954834e-02 1.420331597328186035e-01 3.538556694984436035e-01
4.856850206851959229e-02 1.616937518119812012e-01 3.801930844783782959e-01
7.080893218517303467e-02 1.700144112110137939e-01 4.421292543411254883e-01
1.150383800268173218e-01 2.093540430068969727e-01 5.264807343482971191e-01
9.799230098724365234e-02 2.129514068365097046e-01 5.319538116455078125e-01
8.554776012897491455e-02 2.335202395915985107e-01 6.136698722839355469e-01
1.666034758090972900e-02 2.802504003047943115e-01 7.597023844718933105e-01
-4.286363720893859863e-03 2.542270123958587646e-01 7.504633069038391113e-01
2.035079896450042725e-02 2.085580825805664062e-01 6.697537899017333984e-01
5.113746225833892822e-02 1.835824698209762573e-01 5.881674885749816895e-01
1.080832779407501221e-01 1.778481006622314453e-01 5.369125008583068848e-01
1.609801501035690308e-01 2.005427479743957520e-01 5.397512912750244141e-01
1.669002920389175415e-01 2.151899486780166626e-01 5.655345320701599121e-01
1.009801328182220459e-01 2.134616672992706299e-01 5.432708263397216797e-01
4.717402160167694092e-03 2.047694623470306396e-01 5.509020090103149414e-01
-5.508212745189666748e-02 1.953095644712448120e-01 6.323139667510986328e-01
-9.695947170257568359e-02 1.884883195161819458e-01 7.340904474258422852e-01
-1.729269325733184814e-01 1.736249923706054688e-01 7.512694597244262695e-01
-2.274289727210998535e-01 1.737268865108489990e-01 7.237067222595214844e-01
-2.406337708234786987e-01 1.616914570331573486e-01 6.938573122024536133e-01
-1.953586041927337646e-01 1.445610523223876953e-01 6.744905710220336914e-01
-1.903890520334243774e-01 9.822911024093627930e-02 6.007167100906372070e-01
-1.758985519409179688e-01 8.758293092250823975e-02 4.984288811683654785e-01
-7.707743346691131592e-02 1.234308481216430664e-01 5.163068175315856934e-01
6.321169435977935791e-02 1.343103647232055664e-01 4.964593052864074707e-01
5.087754130363464355e-02 1.127540618181228638e-01 4.561904966831207275e-01
6.953077018260955811e-02 8.836576342582702637e-02 4.304549992084503174e-01
1.746008545160293579e-01 3.955605626106262207e-02 3.619951009750366211e-01
3.529638051986694336e-01 1.570263877511024475e-02 2.458635270595550537e-01
4.671368598937988281e-01 1.096020266413688660e-02 1.955650001764297485e-01
5.561525821685791016e-01 -3.361333161592483521e-03 1.392424255609512329e-01
5.786185860633850098e-01 -8.975646458566188812e-03 7.004780322313308716e-02
5.795434117317199707e-01 -1.559354551136493683e-02 5.535150319337844849e-02
4.978645443916320801e-01 -3.455892205238342285e-03 2.046323567628860474e-02
3.882371187210083008e-01 1.286698505282402039e-02 3.885153308510780334e-02
3.608133196830749512e-01 2.430236339569091797e-02 4.572155326604843140e-02
3.777305483818054199e-01 -4.301982000470161438e-03 2.266415581107139587e-02
4.979364871978759766e-01 -2.672919817268848419e-02 -1.115675829350948334e-02
6.853320002555847168e-01 -4.323430359363555908e-02 1.612674258649349213e-02
8.185417652130126953e-01 -5.339839309453964233e-02 -6.584942340850830078e-03
9.031456708908081055e-01 -6.590360403060913086e-02 -2.115296572446823120e-02
9.718223810195922852e-01 -6.852276623249053955e-02 2.470105886459350586e-02
9.488781690597534180e-01 -7.551107555627822876e-02 1.036660075187683105e-01
7.301166057586669922e-01 -8.774008601903915405e-02 1.158520430326461792e-01
4.951209425926208496e-01 -7.902425527572631836e-02 1.186975687742233276e-01
4.962434172630310059e-01 -6.276440620422363281e-02 1.502490043640136719e-01
6.043419241905212402e-01 -4.945976287126541138e-02 2.155822366476058960e-01
7.454537749290466309e-01 -5.337467044591903687e-02 2.439127415418624878e-01
8.187189102172851562e-01 -6.168687343597412109e-02 2.123964726924896240e-01
8.279150724411010742e-01 -7.111979275941848755e-02 2.178806513547897339e-01
8.379163742065429688e-01 -7.716795057058334351e-02 2.402879297733306885e-01
8.256227970123291016e-01 -7.091858983039855957e-02 2.457495331764221191e-01
7.932078242301940918e-01 -8.024483919143676758e-02 2.758172154426574707e-01
8.043608069419860840e-01 -8.992247283458709717e-02 2.901602387428283691e-01
8.143649697303771973e-01 -8.844248950481414795e-02 2.732321023941040039e-01
7.743567228317260742e-01 -7.855387032032012939e-02 2.699645459651947021e-01
6.885927915573120117e-01 -7.866965234279632568e-02 2.852165102958679199e-01
5.844551920890808105e-01 -8.019515872001647949e-02 2.829617857933044434e-01
4.995522499084472656e-01 -8.955786377191543579e-02 2.634352743625640869e-01
4.376196861267089844e-01 -1.011665090918540955e-01 2.489991933107376099e-01
3.946904540061950684e-01 -7.890206575393676758e-02 1.868498176336288452e-01
4.192688465118408203e-01 -5.828046053647994995e-02 1.206833720207214355e-01
3.747600913047790527e-01 -5.230614915490150452e-02 1.284416913986206055e-01
3.528215885162353516e-01 -5.068624764680862427e-02 1.413889676332473755e-01
3.554225564002990723e-01 -5.215684324502944946e-02 1.456864327192306519e-01
3.139997720718383789e-01 -5.426342412829399109e-02 1.491435021162033081e-01
2.988911271095275879e-01 -5.917664617300033569e-02 1.466638147830963135e-01
3.102080821990966797e-01 -5.556311458349227905e-02 1.540186256170272827e-01
2.968149781227111816e-01 -5.395864695310592651e-02 1.602846533060073853e-01
3.397628068923950195e-01 -5.611551925539970398e-02 1.587503403425216675e-01
3.944291472434997559e-01 -5.595316365361213684e-02 1.471118181943893433e-01
4.516199231147766113e-01 -4.950079694390296936e-02 1.183750927448272705e-01
5.289896130561828613e-01 -4.916018620133399963e-02 5.841100588440895081e-02
5.762749910354614258e-01 -4.059245064854621887e-02 1.025892421603202820e-02
5.933288931846618652e-01 -3.093213587999343872e-02 -1.826165243983268738e-02
6.395958662033081055e-01 -4.167401790618896484e-02 -3.100314363837242126e-02
6.322610974311828613e-01 -5.350919067859649658e-02 -6.099607795476913452e-03
5.974299907684326172e-01 -6.114191561937332153e-02 3.004522249102592468e-02
5.857263803482055664e-01 -6.894295662641525269e-02 5.720679089426994324e-02
5.775594711303710938e-01 -7.760918885469436646e-02 8.583249151706695557e-02
5.564201474189758301e-01 -8.196491003036499023e-02 1.166265159845352173e-01
5.367695689201354980e-01 -9.015933424234390259e-02 1.445642262697219849e-01
5.009904503822326660e-01 -9.491807967424392700e-02 1.639177352190017700e-01
4.489725828170776367e-01 -9.137298166751861572e-02 1.724481433629989624e-01
4.099097847938537598e-01 -9.157542139291763306e-02 1.670129746198654175e-01
3.924571275711059570e-01 -9.628842771053314209e-02 1.470886617898941040e-01
3.974890708923339844e-01 -1.123592108488082886e-01 1.157647967338562012e-01
4.220257997512817383e-01 -1.314875483512878418e-01 9.161949157714843750e-02
4.482628703117370605e-01 -1.526547223329544067e-01 9.386669099330902100e-02
4.418583512306213379e-01 -1.805659830570220947e-01 1.152074784040451050e-01
4.010281562805175781e-01 -2.119796872138977051e-01 1.368148922920227051e-01
4.540694355964660645e-01 -1.941934227943420410e-01 8.300322294235229492e-02
4.472239017486572266e-01 -2.041442692279815674e-01 3.444011136889457703e-02
3.955517411231994629e-01 -2.671211659908294678e-01 2.038566581904888153e-02
3.181409239768981934e-01 -3.549952208995819092e-01 4.369195923209190369e-02
3.330627083778381348e-01 -3.918950259685516357e-01 8.398598432540893555e-02
2.460694164037704468e-01 -3.997221887111663818e-01 1.526782065629959106e-01
2.717154026031494141e-01 -3.783756196498870850e-01 1.730865985155105591e-01
2.394293695688247681e-01 -3.764411509037017822e-01 2.504442930221557617e-01
1.382350474596023560e-01 -3.281185030937194824e-01 2.831732034683227539e-01
6.959252059459686279e-02 -2.677571475505828857e-01 2.755045294761657715e-01
6.407332420349121094e-02 -2.197199016809463501e-01 2.858446836471557617e-01
3.761017322540283203e-02 -1.845799088478088379e-01 3.517163693904876709e-01
5.040872097015380859e-02 -1.483452022075653076e-01 4.330452382564544678e-01
7.825498282909393311e-02 -1.396232992410659790e-01 3.815235793590545654e-01
7.398520410060882568e-02 -1.342087090015411377e-01 3.410027325153350830e-01
8.111487329006195068e-02 -1.024096906185150146e-01 3.321661055088043213e-01
5.735409259796142578e-02 -7.682801783084869385e-02 4.052675068378448486e-01
4.171264171600341797e-02 -6.557904183864593506e-02 4.444687366485595703e-01
5.036768317222595215e-02 -4.885502532124519348e-02 4.940579235553741455e-01
3.647828102111816406e-02 -2.689150348305702209e-02 5.251053571701049805e-01
2.251019328832626343e-02 -4.625214263796806335e-03 5.593637824058532715e-01
7.864564657211303711e-03 1.319948211312294006e-02 6.510915160179138184e-01
1.104249805212020874e-02 3.482269868254661560e-02 7.057597041130065918e-01
-1.011110842227935791e-02 6.384604424238204956e-02 7.545098662376403809e-01
-5.126401782035827637e-03 6.970882415771484375e-02 8.061848282814025879e-01
1.221120357513427734e-03 7.574962824583053589e-02 8.392760753631591797e-01
-1.687166839838027954e-02 8.534481376409530640e-02 8.691478967666625977e-01
-3.802530094981193542e-02 9.152100980281829834e-02 8.517651557922363281e-01
-5.176349356770515442e-02 8.787471801042556763e-02 8.810987472534179688e-01
-6.447254121303558350e-02 9.091649949550628662e-02 9.339321851730346680e-01
-7.869324088096618652e-02 9.228368848562240601e-02 9.384329915046691895e-01
-8.049067854881286621e-02 9.256127476692199707e-02 9.247675538063049316e-01
-8.798092603683471680e-02 9.666839241981506348e-02 9.271578788757324219e-01
-1.017113775014877319e-01 1.035073697566986084e-01 9.475528001785278320e-01
-1.099291518330574036e-01 1.060165762901306152e-01 9.772187471389770508e-01
-1.168830394744873047e-01 1.034045144915580750e-01 1.001163721084594727e+00
-1.157083064317703247e-01 1.009465008974075317e-01 1.002929568290710449e+00
-1.092550456523895264e-01 1.011637523770332336e-01 9.897960424423217773e-01
-1.071868389844894409e-01 1.041033267974853516e-01 9.669491052627563477e-01
-1.104967892169952393e-01 1.077525168657302856e-01 9.457122683525085449e-01
-1.262302845716476440e-01 1.086846143007278442e-01 9.486093521118164062e-01
-1.463731825351715088e-01 9.883323311805725098e-02 9.511103034019470215e-01
-1.602258533239364624e-01 9.795430302619934082e-02 9.749960899353027344e-01
-1.732271462678909302e-01 1.076078712940216064e-01 1.008471369743347168e+00
-1.689265817403793335e-01 1.030109971761703491e-01 1.011410117149353027e+00
-1.724434047937393188e-01 9.255778789520263672e-02 1.022565245628356934e+00
-2.016681581735610962e-01 8.836763352155685425e-02 1.067255258560180664e+00
-2.193739563226699829e-01 8.454770594835281372e-02 1.127416133880615234e+00
-2.388546019792556763e-01 1.070648580789566040e-01 1.143785476684570312e+00
-2.484571486711502075e-01 1.064020395278930664e-01 1.128295540809631348e+00
-2.334734946489334106e-01 9.968501329421997070e-02 1.092908859252929688e+00
-1.981974095106124878e-01 9.765495359897613525e-02 1.036639451980590820e+00
-1.890981048345565796e-01 1.025652661919593811e-01 1.040593028068542480e+00
-1.801641434431076050e-01 1.148802638053894043e-01 1.052438020706176758e+00
-1.420593112707138062e-01 1.076865196228027344e-01 1.029120922088623047e+00
-1.125507354736328125e-01 9.367796778678894043e-02 9.603679776191711426e-01
-1.337341666221618652e-01 9.980164468288421631e-02 9.306995868682861328e-01
-1.372746676206588745e-01 1.128305494785308838e-01 9.415748715400695801e-01
-1.194799691438674927e-01 1.273846179246902466e-01 9.741454124450683594e-01
-9.826037287712097168e-02 1.318999826908111572e-01 9.377924203872680664e-01
-9.123671054840087891e-02 1.303449720144271851e-01 8.955817222595214844e-01
-8.751915395259857178e-02 1.361113786697387695e-01 9.074180126190185547e-01
-8.660161495208740234e-02 1.422898918390274048e-01 8.975395560264587402e-01
-9.943540394306182861e-02 1.407978236675262451e-01 8.567976951599121094e-01
-1.173634827136993408e-01 1.485164165496826172e-01 8.450547456741333008e-01
-1.394925713539123535e-01 1.600168347358703613e-01 9.002480506896972656e-01
-1.534521430730819702e-01 1.521127074956893921e-01 9.134109020233154297e-01
-1.603093892335891724e-01 1.471800208091735840e-01 8.969010114669799805e-01
-1.668434739112854004e-01 1.460150778293609619e-01 9.177858829498291016e-01
-1.668680608272552490e-01 1.366630643606185913e-01 9.373295307159423828e-01
-1.605190485715866089e-01 1.352972984313964844e-01 9.021830558776855469e-01
-1.751424074172973633e-01 1.391820013523101807e-01 8.979920148849487305e-01
-1.836587190628051758e-01 1.385226547718048096e-01 9.366104602813720703e-01
-1.815911233425140381e-01 1.399180293083190918e-01 9.826583266258239746e-01
-1.730871796607971191e-01 1.398241966962814331e-01 9.733961820602416992e-01
-1.551921963691711426e-01 1.379152387380599976e-01 9.534071683883666992e-01
-1.524051129817962646e-01 1.467281579971313477e-01 1.001806735992431641e+00
-1.309773623943328857e-01 1.433615982532501221e-01 1.039587855339050293e+00
-1.406235545873641968e-01 1.407533288002014160e-01 1.006986260414123535e+00
-1.458703577518463135e-01 1.377310156822204590e-01 9.870873093605041504e-01
-1.117729917168617249e-01 1.431035697460174561e-01 9.881469011306762695e-01
-1.073623299598693848e-01 1.409167647361755371e-01 9.900315403938293457e-01
-1.081897318363189697e-01 1.406581997871398926e-01 9.783924221992492676e-01
-9.200417995452880859e-02 1.307986080646514893e-01 9.302768111228942871e-01
-1.036169379949569702e-01 1.203465014696121216e-01 9.115238785743713379e-01
-1.168476417660713196e-01 1.251456886529922485e-01 9.470903277397155762e-01
-1.140361279249191284e-01 1.279689967632293701e-01 9.682869911193847656e-01
-1.174649149179458618e-01 1.362727284431457520e-01 9.807026386260986328e-01
-1.142237484455108643e-01 1.363859474658966064e-01 1.008697152137756348e+00
-1.293101012706756592e-01 1.381514072418212891e-01 1.020859718322753906e+00
-1.325480937957763672e-01 1.646572798490524292e-01 1.026154160499572754e+00
-1.030723005533218384e-01 1.700853854417800903e-01 9.754788875579833984e-01
-8.570515364408493042e-02 1.648328602313995361e-01 9.299021959304809570e-01
-8.691280335187911987e-02 1.623192578554153442e-01 9.074797630310058594e-01
-7.371231168508529663e-02 1.534615010023117065e-01 8.855016231536865234e-01
-8.406999707221984863e-02 1.480333358049392700e-01 8.547832965850830078e-01
-9.386585652828216553e-02 1.563969701528549194e-01 8.954033255577087402e-01
-1.052867248654365540e-01 1.685778647661209106e-01 9.266016483306884766e-01
-8.702757954597473145e-02 1.659245342016220093e-01 8.767836093902587891e-01
-7.798728346824645996e-02 1.535918116569519043e-01 8.724515438079833984e-01
-7.630112767219543457e-02 1.432007253170013428e-01 9.060148000717163086e-01
-9.868839383125305176e-02 1.597480773925781250e-01 9.571957588195800781e-01
-1.111190170049667358e-01 1.853646486997604370e-01 9.593174457550048828e-01
-1.263576447963714600e-01 1.818634420633316040e-01 9.374394416809082031e-01
-1.416350454092025757e-01 1.649520993232727051e-01 8.670030832290649414e-01
-1.341573297977447510e-01 1.439507156610488892e-01 8.032432794570922852e-01
-1.257915049791336060e-01 1.254903972148895264e-01 7.601239681243896484e-01
-1.258492171764373779e-01 1.180592179298400879e-01 7.677111625671386719e-01
-1.294350177049636841e-01 9.920357912778854370e-02 7.477713823318481445e-01
-1.293296366930007935e-01 8.300212025642395020e-02 6.857615113258361816e-01
-1.238792017102241516e-01 8.646064996719360352e-02 6.549626588821411133e-01
-1.197768822312355042e-01 1.022414863109588623e-01 7.002832293510437012e-01
-1.203561872243881226e-01 1.144656091928482056e-01 7.436381578445434570e-01
-1.088077276945114136e-01 1.088723242282867432e-01 7.391324043273925781e-01
-7.455815374851226807e-02 8.310549706220626831e-02 6.974179744720458984e-01
-5.332899093627929688e-02 5.549835413694381714e-02 6.447046995162963867e-01
-7.120858132839202881e-02 6.148612499237060547e-02 6.316838264465332031e-01
-1.234639883041381836e-01 9.677530825138092041e-02 6.564599871635437012e-01
-1.798623204231262207e-01 1.238095909357070923e-01 7.043429017066955566e-01
-2.082752436399459839e-01 1.326212286949157715e-01 7.278125286102294922e-01
-2.328879684209823608e-01 1.361365169286727905e-01 7.335909008979797363e-01
-2.175399065017700195e-01 1.203542649745941162e-01 7.280077934265136719e-01
-2.342054545879364014e-01 1.122864186763763428e-01 7.454127073287963867e-01
-2.293837368488311768e-01 9.292814135551452637e-02 7.120298743247985840e-01
-2.200759202241897583e-01 8.396577835083007812e-02 6.738604903221130371e-01
-2.658342123031616211e-01 1.005078777670860291e-01 6.473891139030456543e-01
-3.307145237922668457e-01 1.139020025730133057e-01 6.187177896499633789e-01
-3.782612681388854980e-01 1.382123082876205444e-01 5.562667846679687500e-01
-4.062905311584472656e-01 1.674422025680541992e-01 4.844881296157836914e-01
-3.638210892677307129e-01 1.809735298156738281e-01 4.332532584667205811e-01
-3.269071578979492188e-01 1.674098968505859375e-01 3.610003590583801270e-01
-3.510696887969970703e-01 1.344814598560333252e-01 3.682831227779388428e-01
-4.265246391296386719e-01 9.887100011110305786e-02 4.170022010803222656e-01
-4.840933680534362793e-01 1.074051558971405029e-01 4.334550201892852783e-01
-4.990350604057312012e-01 1.084858775138854980e-01 4.104321599006652832e-01
-4.636862874031066895e-01 9.346386045217514038e-02 3.345350325107574463e-01
-4.324218034744262695e-01 7.241582125425338745e-02 1.849534809589385986e-01
-3.822983503341674805e-01 4.082712158560752869e-02 8.252438902854919434e-02
-2.943883538246154785e-01 -4.185518622398376465e-02 4.543727636337280273e-02
-2.238354384899139404e-01 -4.702911153435707092e-02 8.017580211162567139e-02
-2.026263177394866943e-01 -7.591416686773300171e-02 1.535025089979171753e-01
-2.186104208230972290e-01 -1.307816803455352783e-01 1.291611641645431519e-01
-3.036253154277801514e-01 -1.520537286996841431e-01 3.825828433036804199e-02
-3.763309121131896973e-01 -1.672798991203308105e-01 8.197657763957977295e-03
-4.035599827766418457e-01 -1.800540089607238770e-01 3.203040361404418945e-02
-3.176450133323669434e-01 -1.475920081138610840e-01 1.073440611362457275e-01
-2.017220854759216309e-01 -7.853907346725463867e-02 2.039481550455093384e-01
-1.751153171062469482e-01 -5.153147131204605103e-02 2.579378485679626465e-01
-2.059702724218368530e-01 -5.685719847679138184e-02 3.641613125801086426e-01
-2.976646125316619873e-01 -7.524100691080093384e-02 3.358941674232482910e-01
-3.773272037506103516e-01 -1.010143905878067017e-01 3.353571891784667969e-01
-3.662641048431396484e-01 -1.212738305330276489e-01 3.545519411563873291e-01
-3.573139905929565430e-01 -1.382059454917907715e-01 3.481368720531463623e-01
-3.637719750404357910e-01 -1.617508828639984131e-01 3.974239528179168701e-01
-3.760578036308288574e-01 -1.820562034845352173e-01 4.471679925918579102e-01
-4.358828067779541016e-01 -2.038301378488540649e-01 4.295022487640380859e-01
-4.847422242164611816e-01 -1.765031665563583374e-01 4.024544358253479004e-01
-4.419001340866088867e-01 -1.246331334114074707e-01 4.389177262783050537e-01
-3.744984269142150879e-01 -8.251246809959411621e-02 5.027427077293395996e-01
-3.827393054962158203e-01 -7.669097185134887695e-02 4.711618721485137939e-01
-3.836202025413513184e-01 -7.640241086483001709e-02 4.569055736064910889e-01
-3.728653788566589355e-01 -6.520947813987731934e-02 4.777684807777404785e-01
-3.659121990203857422e-01 -5.918901786208152771e-02 5.216156244277954102e-01
-3.575245141983032227e-01 -5.187056213617324829e-02 5.540370941162109375e-01
-3.508546948432922363e-01 -4.761880263686180115e-02 5.241831541061401367e-01
-3.543719053268432617e-01 -4.757998883724212646e-02 5.186964869499206543e-01
-3.859407901763916016e-01 -5.645747110247612000e-02 5.127714276313781738e-01
-4.152209758758544922e-01 -7.545180618762969971e-02 4.898175597190856934e-01
-4.475051164627075195e-01 -1.063132733106613159e-01 4.570551216602325439e-01
-5.151726007461547852e-01 -1.376745700836181641e-01 3.856537342071533203e-01
-5.653043389320373535e-01 -1.684038639068603516e-01 3.084290623664855957e-01
-6.046324968338012695e-01 -1.980005353689193726e-01 2.468362599611282349e-01
-6.241964101791381836e-01 -2.113078385591506958e-01 2.115753144025802612e-01
-6.559990644454956055e-01 -2.295899987220764160e-01 1.825935095548629761e-01
-6.997150778770446777e-01 -2.496761381626129150e-01 1.396118849515914917e-01
-7.204195261001586914e-01 -2.703402042388916016e-01 1.171985715627670288e-01
-7.046543359756469727e-01 -2.768293619155883789e-01 1.211178004741668701e-01
-7.119686603546142578e-01 -2.758164703845977783e-01 1.158362925052642822e-01
-7.300695180892944336e-01 -2.650722861289978027e-01 1.755671501159667969e-01
-7.679688334465026855e-01 -2.662296593189239502e-01 2.492987960577011108e-01
-7.692818641662597656e-01 -2.598733007907867432e-01 2.675555646419525146e-01
-7.929941415786743164e-01 -2.727990448474884033e-01 1.961590647697448730e-01
-7.742322683334350586e-01 -2.795186638832092285e-01 1.948891878128051758e-01
-7.405332326889038086e-01 -2.708321213722229004e-01 2.342956662178039551e-01
-7.439051866531372070e-01 -2.728802859783172607e-01 2.302331477403640747e-01
-7.832462191581726074e-01 -2.931977808475494385e-01 2.047951519489288330e-01
-7.265601158142089844e-01 -2.932708561420440674e-01 2.177863866090774536e-01
-6.432997584342956543e-01 -2.607059776782989502e-01 2.422558218240737915e-01
-6.844108104705810547e-01 -2.661768198013305664e-01 1.798415333032608032e-01
-7.524303197860717773e-01 -2.948073744773864746e-01 1.941712647676467896e-01
-7.717339396476745605e-01 -3.088584244251251221e-01 1.920151114463806152e-01
-7.528796195983886719e-01 -2.927872538566589355e-01 2.328549772500991821e-01
-7.558312416076660156e-01 -2.838248908519744873e-01 2.549182176589965820e-01
-6.797099113464355469e-01 -2.682709097862243652e-01 2.835894525051116943e-01
-6.702107191085815430e-01 -2.723131477832794189e-01 2.514240443706512451e-01
-6.548300981521606445e-01 -2.443498373031616211e-01 2.587448656558990479e-01
-6.289234757423400879e-01 -2.237412929534912109e-01 2.651385962963104248e-01
-5.757595896720886230e-01 -2.061652839183807373e-01 2.457505017518997192e-01
-5.360281467437744141e-01 -1.858349144458770752e-01 2.667935490608215332e-01
-5.449690222740173340e-01 -1.734560430049896240e-01 3.105390667915344238e-01
-5.694981813430786133e-01 -1.918734014034271240e-01 2.998936772346496582e-01
-6.018751859664916992e-01 -2.277276217937469482e-01 2.988437712192535400e-01
-5.884101986885070801e-01 -2.477451562881469727e-01 3.363530933856964111e-01
-5.984673500061035156e-01 -2.364572286605834961e-01 3.802857697010040283e-01
-5.659314393997192383e-01 -1.771231442689895630e-01 4.208984375000000000e-01
-4.889417886734008789e-01 -1.143029555678367615e-01 4.853448867797851562e-01
-3.104647397994995117e-01 -2.728787064552307129e-02 6.661517024040222168e-01
-1.457560360431671143e-01 3.540584817528724670e-02 8.046337366104125977e-01
-9.246381372213363647e-02 4.316458851099014282e-02 8.521649837493896484e-01
-2.071086913347244263e-01 8.591787889599800110e-03 8.168717026710510254e-01
-3.318572938442230225e-01 -4.266782104969024658e-02 7.552992105484008789e-01
-2.953876852989196777e-01 -5.255114659667015076e-02 7.605469226837158203e-01
-3.089594244956970215e-01 -9.201639145612716675e-02 6.243978142738342285e-01
-4.239929318428039551e-01 -1.152336075901985168e-01 5.341770648956298828e-01
-5.800537467002868652e-01 -1.745195686817169189e-01 4.070284664630889893e-01
-6.489839553833007812e-01 -2.302104830741882324e-01 3.133730888366699219e-01
-6.351131200790405273e-01 -2.544618248939514160e-01 3.104932308197021484e-01
-6.373944282531738281e-01 -2.719580829143524170e-01 2.612628042697906494e-01
-6.843359470367431641e-01 -3.304216563701629639e-01 2.256282418966293335e-01
-6.531488299369812012e-01 -3.114569187164306641e-01 2.473805993795394897e-01
-6.097857356071472168e-01 -2.826862931251525879e-01 2.404914796352386475e-01
-6.245531439781188965e-01 -2.859206795692443848e-01 2.717457711696624756e-01
-6.185038089752197266e-01 -2.834813296794891357e-01 3.087458610534667969e-01
-6.506797671318054199e-01 -3.106481432914733887e-01 2.598411142826080322e-01
-7.362062931060791016e-01 -3.385888040065765381e-01 1.847698986530303955e-01
-7.069427371025085449e-01 -3.097839653491973877e-01 1.688935011625289917e-01
-7.002937793731689453e-01 -2.739341855049133301e-01 8.915886282920837402e-02
-6.434074640274047852e-01 -2.127955108880996704e-01 1.156777590513229370e-01
-6.057032346725463867e-01 -1.553153842687606812e-01 1.913217455148696899e-01
-4.616605639457702637e-01 -5.800073593854904175e-02 3.597074747085571289e-01
-2.331455200910568237e-01 2.870187163352966309e-03 5.978197455406188965e-01
-1.964654624462127686e-01 1.924503594636917114e-03 6.128616929054260254e-01
-2.039126604795455933e-01 2.043526619672775269e-03 5.987830758094787598e-01
-2.185928970575332642e-01 -3.066815435886383057e-03 5.819383263587951660e-01
-2.280478030443191528e-01 -7.417283952236175537e-03 5.708826780319213867e-01
-2.375755012035369873e-01 -1.014701277017593384e-02 5.659462213516235352e-01
-2.304588407278060913e-01 -7.730081677436828613e-03 5.775195360183715820e-01
-2.143560051918029785e-01 -3.549374639987945557e-03 5.851331353187561035e-01
-2.044091224670410156e-01 -4.446245729923248291e-04 5.925248861312866211e-01
-2.027794718742370605e-01 1.078836619853973389e-03 5.931711196899414062e-01
-2.049510627985000610e-01 2.248927950859069824e-03 5.916348695755004883e-01
-2.097654938697814941e-01 7.158145308494567871e-04 5.909833908081054688e-01
-2.120148539543151855e-01 -3.751121461391448975e-03 5.912317633628845215e-01
-2.194881290197372437e-01 -8.929371833801269531e-03 5.856318473815917969e-01
-2.291706949472427368e-01 -1.196143031120300293e-02 5.808914899826049805e-01
-2.289974540472030640e-01 -1.232724636793136597e-02 5.814205408096313477e-01
-2.314074933528900146e-01 -1.245065033435821533e-02 5.802575945854187012e-01
-2.370731234550476074e-01 -1.356014609336853027e-02 5.785565376281738281e-01
-2.402083426713943481e-01 -1.427340507507324219e-02 5.772140622138977051e-01
-2.384371757507324219e-01 -1.331190019845962524e-02 5.791407823562622070e-01
-2.383664101362228394e-01 -1.298969984054565430e-02 5.788875818252563477e-01
-2.405373752117156982e-01 -1.344440132379531860e-02 5.768100619316101074e-01
-2.391038537025451660e-01 -1.330658048391342163e-02 5.775974988937377930e-01
-2.387845069169998169e-01 -1.280201971530914307e-02 5.775621533393859863e-01
-2.375286221504211426e-01 -1.236161589622497559e-02 5.781728625297546387e-01
-2.375292032957077026e-01 -1.225196570158004761e-02 5.779017210006713867e-01
-2.420389652252197266e-01 -1.296053826808929443e-02 5.758891105651855469e-01
-2.441361397504806519e-01 -1.367231458425521851e-02 5.728260278701782227e-01
-2.435785681009292603e-01 -1.428858935832977295e-02 5.739362835884094238e-01
-2.419261336326599121e-01 -1.435044407844543457e-02 5.759492516517639160e-01
-2.406262755393981934e-01 -1.348667498677968979e-02 5.759367346763610840e-01
-2.398319840431213379e-01 -1.364344544708728790e-02 5.755413770675659180e-01
-2.382568269968032837e-01 -1.357849501073360443e-02 5.784206390380859375e-01
-2.384923100471496582e-01 -1.369308866560459137e-02 5.798974037170410156e-01
-2.393349111080169678e-01 -1.365039497613906860e-02 5.800428390502929688e-01
-2.393487244844436646e-01 -1.381680648773908615e-02 5.820122957229614258e-01
-2.408976256847381592e-01 -1.411635242402553558e-02 5.808068513870239258e-01
-2.395036071538925171e-01 -1.393560878932476044e-02 5.814941525459289551e-01
-2.403595000505447388e-01 -1.340333838015794754e-02 5.832734107971191406e-01
-2.468008249998092651e-01 -1.467202603816986084e-02 5.800447463989257812e-01
-2.510597705841064453e-01 -1.594323664903640747e-02 5.783836841583251953e-01
-2.539454102516174316e-01 -1.583219878375530243e-02 5.788408517837524414e-01
-2.571868896484375000e-01 -1.603053882718086243e-02 5.786963105201721191e-01
-2.596059143543243408e-01 -1.618283614516258240e-02 5.797472596168518066e-01
-2.626382708549499512e-01 -1.569851115345954895e-02 5.824992060661315918e-01
-2.684550881385803223e-01 -1.430806424468755722e-02 5.876982808113098145e-01
-2.762584686279296875e-01 -1.277082785964012146e-02 5.912079811096191406e-01
-2.802838087081909180e-01 -1.022548414766788483e-02 5.934090614318847656e-01
-2.869344949722290039e-01 -8.686306886374950409e-03 5.921940207481384277e-01
-2.937204539775848389e-01 -6.540646776556968689e-03 5.914565324783325195e-01
-3.012649416923522949e-01 -4.768941551446914673e-03 5.889098048210144043e-01
-3.068023324012756348e-01 -2.928825095295906067e-03 5.853462815284729004e-01
-3.087238669395446777e-01 -1.832848414778709412e-03 5.834344029426574707e-01
-3.101400136947631836e-01 -1.639213413000106812e-03 5.826901793479919434e-01
-3.098417520523071289e-01 -3.822557628154754639e-04 5.820385813713073730e-01
-3.087529540061950684e-01 2.348944544792175293e-04 5.830138921737670898e-01
-3.076335787773132324e-01 -9.370613843202590942e-04 5.864491462707519531e-01
-3.062015473842620850e-01 -6.225295364856719971e-04 5.881956815719604492e-01
-3.028926849365234375e-01 3.431867808103561401e-04 5.904261469841003418e-01
-3.011213839054107666e-01 1.570045948028564453e-03 5.914446115493774414e-01
-3.013259768486022949e-01 2.423740923404693604e-03 5.921645164489746094e-01
-2.996042966842651367e-01 2.864953130483627319e-03 5.943689346313476562e-01
-2.973955273628234863e-01 3.728881478309631348e-03 5.938676595687866211e-01
-2.931303679943084717e-01 4.768326878547668457e-03 5.976203680038452148e-01
-2.900803685188293457e-01 5.792476236820220947e-03 5.987976789474487305e-01
-2.877030968666076660e-01 6.604105234146118164e-03 5.988295674324035645e-01
-2.858011424541473389e-01 7.449589669704437256e-03 6.002805829048156738e-01
-2.856788635253906250e-01 8.597701787948608398e-03 6.014022827148437500e-01
-2.799585163593292236e-01 9.842887520790100098e-03 6.058824658393859863e-01
-2.757524847984313965e-01 1.118487119674682617e-02 6.090573668479919434e-01
-2.752928733825683594e-01 1.265425235033035278e-02 6.098077893257141113e-01
-2.741128802299499512e-01 1.303929835557937622e-02 6.097859144210815430e-01
-2.736017405986785889e-01 1.262579113245010376e-02 6.085938811302185059e-01
-2.713605463504791260e-01 1.323038339614868164e-02 6.112049818038940430e-01
-2.687121033668518066e-01 1.454801112413406372e-02 6.168667674064636230e-01
-2.680976092815399170e-01 1.576942205429077148e-02 6.215362548828125000e-01
-2.671262621879577637e-01 1.601763069629669189e-02 6.254462003707885742e-01
-2.680749297142028809e-01 1.706250011920928955e-02 6.298564076423645020e-01
-2.727054655551910400e-01 1.747012138366699219e-02 6.337080597877502441e-01
-2.764393091201782227e-01 1.799954473972320557e-02 6.370816230773925781e-01
-2.780170440673828125e-01 1.865112036466598511e-02 6.420969963073730469e-01
-2.816137075424194336e-01 1.883751153945922852e-02 6.449707150459289551e-01
-2.833834588527679443e-01 1.845429837703704834e-02 6.448265314102172852e-01
-2.868906557559967041e-01 1.758559048175811768e-02 6.453096270561218262e-01
-2.915089726448059082e-01 1.633349061012268066e-02 6.485534310340881348e-01
-2.964665293693542480e-01 1.471030712127685547e-02 6.510928869247436523e-01
-2.996556758880615234e-01 1.401219516992568970e-02 6.508007049560546875e-01
-3.027426600456237793e-01 1.358092576265335083e-02 6.501845717430114746e-01
-3.043906092643737793e-01 1.326608657836914062e-02 6.516121029853820801e-01
-3.070146441459655762e-01 1.183166354894638062e-02 6.525954008102416992e-01
-3.090879321098327637e-01 1.103589683771133423e-02 6.557831764221191406e-01
-3.089390993118286133e-01 1.014544814825057983e-02 6.607901453971862793e-01
-3.076894283294677734e-01 9.239368140697479248e-03 6.633293032646179199e-01
-3.077013790607452393e-01 6.452731788158416748e-03 6.637942194938659668e-01
-3.069699406623840332e-01 4.650294780731201172e-03 6.666792631149291992e-01
-3.084915876388549805e-01 3.480711951851844788e-03 6.697419881820678711e-01
-3.088489770889282227e-01 3.045493736863136292e-03 6.708205342292785645e-01
-3.070780634880065918e-01 3.536881878972053528e-03 6.727739572525024414e-01
-3.063063025474548340e-01 3.519145771861076355e-03 6.744899749755859375e-01
-3.059292435646057129e-01 3.190208226442337036e-03 6.752030849456787109e-01
-3.044346570968627930e-01 3.704911097884178162e-03 6.766976714134216309e-01
-3.033734560012817383e-01 3.233361989259719849e-03 6.747962832450866699e-01
-3.019401431083679199e-01 2.776235342025756836e-03 6.713685989379882812e-01
-2.990486621856689453e-01 3.334997221827507019e-03 6.716356873512268066e-01
-2.978165745735168457e-01 3.369869664311408997e-03 6.709517836570739746e-01
-2.947352826595306396e-01 4.285342991352081299e-03 6.711361408233642578e-01
-2.906943857669830322e-01 4.655808210372924805e-03 6.715979576110839844e-01
-2.892502546310424805e-01 4.931801930069923401e-03 6.708790659904479980e-01
-2.867376804351806641e-01 6.002996116876602173e-03 6.715812087059020996e-01
-2.821956276893615723e-01 6.974730640649795532e-03 6.729125976562500000e-01
-2.770311534404754639e-01 9.075485169887542725e-03 6.740630269050598145e-01
-2.750253081321716309e-01 1.010223478078842163e-02 6.752983927726745605e-01
-2.726240754127502441e-01 1.084850728511810303e-02 6.767477393150329590e-01
-2.670519351959228516e-01 1.210530847311019897e-02 6.777288317680358887e-01
-2.636791169643402100e-01 1.366802677512168884e-02 6.797826290130615234e-01
-2.618713974952697754e-01 1.516327261924743652e-02 6.812173128128051758e-01
-2.616338729858398438e-01 1.588970050215721130e-02 6.803148388862609863e-01
-2.633305490016937256e-01 1.580085605382919312e-02 6.807475686073303223e-01
-2.618139386177062988e-01 1.721254363656044006e-02 6.826144456863403320e-01
-2.612453699111938477e-01 1.932113617658615112e-02 6.834749579429626465e-01
-2.616195678710937500e-01 1.937281340360641479e-02 6.828911304473876953e-01
-2.606208324432373047e-01 2.018804475665092468e-02 6.845065951347351074e-01
-2.607311010360717773e-01 2.047347277402877808e-02 6.859901547431945801e-01
-2.609706223011016846e-01 1.930112764239311218e-02 6.906299591064453125e-01
-2.618725001811981201e-01 1.804396137595176697e-02 6.954374313354492188e-01
-2.638071179389953613e-01 1.833433657884597778e-02 6.962590217590332031e-01
-2.714646458625793457e-01 1.754783838987350464e-02 6.921404004096984863e-01
-2.875520586967468262e-01 1.214650273323059082e-02 6.826428174972534180e-01
-3.116711378097534180e-01 4.344105720520019531e-03 6.647379398345947266e-01
-3.238244056701660156e-01 1.677453517913818359e-03 6.568979024887084961e-01
-3.150892257690429688e-01 3.317587077617645264e-03 6.593046784400939941e-01
-3.084592223167419434e-01 1.480467617511749268e-03 6.485072374343872070e-01
-2.965083122253417969e-01 -3.278777003288269043e-03 6.386129260063171387e-01
-2.680693864822387695e-01 -1.060615479946136475e-02 6.371253132820129395e-01
-2.576680183410644531e-01 -1.923559606075286865e-02 6.341687440872192383e-01
-2.449346333742141724e-01 -2.237111330032348633e-02 6.288439631462097168e-01
-2.266931980848312378e-01 -1.893939822912216187e-02 6.169277429580688477e-01
-2.206572145223617554e-01 -1.077612489461898804e-02 6.049879193305969238e-01
-2.062088549137115479e-01 6.591431796550750732e-03 6.124448776245117188e-01
-1.802960932254791260e-01 1.805480569601058960e-02 6.265199184417724609e-01
-1.284997314214706421e-01 3.198633715510368347e-02 6.550761461257934570e-01
-1.128508448600769043e-01 3.124838694930076599e-02 6.582114696502685547e-01
-1.416862905025482178e-01 2.307229116559028625e-02 6.166937947273254395e-01
-2.518296837806701660e-01 -7.139459252357482910e-03 5.333402156829833984e-01
-3.246503472328186035e-01 -3.152345120906829834e-02 4.594428837299346924e-01
-3.643046021461486816e-01 -4.174126684665679932e-02 3.807537853717803955e-01
-3.883333802223205566e-01 -6.008853018283843994e-02 3.469744920730590820e-01
-3.642655611038208008e-01 -6.917320936918258667e-02 3.804988861083984375e-01
-3.436841368675231934e-01 -6.986114382743835449e-02 3.988450765609741211e-01
-3.417049944400787354e-01 -4.994809627532958984e-02 4.234380722045898438e-01
-3.911871910095214844e-01 -5.742508172988891602e-02 3.873471617698669434e-01
-3.841058611869812012e-01 -5.546530336141586304e-02 3.643164932727813721e-01
-3.861854672431945801e-01 -5.573675781488418579e-02 3.314302861690521240e-01
-3.788709044456481934e-01 -8.377061784267425537e-02 3.138720989227294922e-01
-3.509584069252014160e-01 -8.977145701646804810e-02 3.183871507644653320e-01
-3.360449075698852539e-01 -7.307104766368865967e-02 3.406244814395904541e-01
-3.345386981964111328e-01 -6.372208148241043091e-02 3.602205514907836914e-01
-3.619996309280395508e-01 -8.235821872949600220e-02 3.488816022872924805e-01
-4.068452119827270508e-01 -1.128884479403495789e-01 3.339539766311645508e-01
-4.652977585792541504e-01 -1.437940746545791626e-01 3.262748718261718750e-01
-4.877490997314453125e-01 -1.733008921146392822e-01 3.297469019889831543e-01
-4.591903090476989746e-01 -1.891357302665710449e-01 3.470872044563293457e-01
-4.457296729087829590e-01 -1.673666238784790039e-01 3.346310257911682129e-01
-4.476441144943237305e-01 -1.297943592071533203e-01 3.224459588527679443e-01
-4.749813675880432129e-01 -1.170289441943168640e-01 3.025555908679962158e-01
-4.698795676231384277e-01 -1.033918783068656921e-01 3.054090738296508789e-01
-4.365802407264709473e-01 -1.001919433474540710e-01 2.922631502151489258e-01
-4.130071997642517090e-01 -9.827107936143875122e-02 2.520461678504943848e-01
-3.764638304710388184e-01 -8.860229700803756714e-02 2.484412342309951782e-01
-3.598237037658691406e-01 -8.514502644538879395e-02 2.953800261020660400e-01
-4.195707440376281738e-01 -1.146805360913276672e-01 2.821272313594818115e-01
-4.012863636016845703e-01 -1.639500260353088379e-01 2.362463176250457764e-01
-4.164073467254638672e-01 -1.648862659931182861e-01 1.261477917432785034e-01
-3.340301215648651123e-01 -1.474318206310272217e-01 1.977677494287490845e-01
-6.608793884515762329e-02 -1.332711577415466309e-01 2.346735149621963501e-01
1.095770299434661865e-01 -1.397008746862411499e-01 2.518791854381561279e-01
3.862532973289489746e-02 -1.602516919374465942e-01 2.615809738636016846e-01
-1.178655251860618591e-01 -1.684998869895935059e-01 1.949717253446578979e-01
-1.522717177867889404e-01 -1.327902972698211670e-01 1.395777314901351929e-01
-1.578956842422485352e-01 -1.117701381444931030e-01 1.501787900924682617e-01
-1.842008829116821289e-01 -9.823942184448242188e-02 1.678987592458724976e-01
-1.975720673799514771e-01 -8.940268307924270630e-02 1.536577194929122925e-01
-1.954054087400436401e-01 -9.480041265487670898e-02 1.288413405418395996e-01
-1.888816505670547485e-01 -9.165634959936141968e-02 9.443582594394683838e-02
-1.762360930442810059e-01 -6.525813043117523193e-02 9.102444350719451904e-02
-1.848225593566894531e-01 -5.484874546527862549e-02 7.532420754432678223e-02
-2.511760592460632324e-01 -7.465080171823501587e-02 4.359673336148262024e-02
-2.648445069789886475e-01 -9.417940676212310791e-02 5.960763245820999146e-02
-2.485794723033905029e-01 -7.836152613162994385e-02 8.384990692138671875e-02
-2.176831066608428955e-01 -4.308497160673141479e-02 9.336127340793609619e-02
-2.005994021892547607e-01 -2.097489684820175171e-02 9.575374424457550049e-02
-1.926957517862319946e-01 -2.277914434671401978e-02 9.874475002288818359e-02
-1.857375949621200562e-01 -2.729894220829010010e-02 9.027022123336791992e-02
-1.643710136413574219e-01 -2.256757766008377075e-02 7.555887103080749512e-02
-1.259094029664993286e-01 -1.886407285928726196e-02 6.115387752652168274e-02
-1.031757816672325134e-01 -2.487558498978614807e-02 6.489240378141403198e-02
-1.035029217600822449e-01 -3.490718454122543335e-02 7.612091302871704102e-02
-1.297424137592315674e-01 -4.100231081247329712e-02 7.425786554813385010e-02
-1.605221331119537354e-01 -4.365805909037590027e-02 5.609095841646194458e-02
-1.839237213134765625e-01 -4.485898464918136597e-02 3.245133161544799805e-02
-1.886917352676391602e-01 -4.315796494483947754e-02 1.139557734131813049e-02
-1.606331616640090942e-01 -3.537266701459884644e-02 9.299393743276596069e-03
-7.218832522630691528e-02 -2.779784053564071655e-02 7.027582824230194092e-02
6.974518299102783203e-03 -4.682359471917152405e-02 1.663493365049362183e-01
3.174456954002380371e-02 -5.468390882015228271e-02 2.356670200824737549e-01
8.487127721309661865e-02 -5.656746402382850647e-02 3.006400167942047119e-01
3.362356126308441162e-02 -1.016254648566246033e-01 3.446940183639526367e-01
-1.776497066020965576e-01 -1.540382057428359985e-01 3.391637206077575684e-01
-2.607904970645904541e-01 -1.587533354759216309e-01 3.438869714736938477e-01
-1.560590416193008423e-01 -1.216106191277503967e-01 3.359936475753784180e-01
-2.642825990915298462e-02 -7.328450679779052734e-02 3.194493353366851807e-01
1.782002300024032593e-02 -6.768445670604705811e-02 3.121068477630615234e-01
3.355379402637481689e-02 -4.906490072607994080e-02 3.316592276096343994e-01
-3.265324234962463379e-02 -3.760611638426780701e-02 3.316533863544464111e-01
-9.084820747375488281e-02 -3.055844455957412720e-02 4.285613000392913818e-01
-1.145183667540550232e-01 -4.101810604333877563e-02 4.292381405830383301e-01
-6.743723154067993164e-02 -3.380608558654785156e-02 4.108928740024566650e-01
-3.640400990843772888e-02 -1.518770772963762283e-02 4.506582915782928467e-01
-9.252934157848358154e-02 -3.882122039794921875e-02 4.570987224578857422e-01
-1.422758698463439941e-01 -3.999970480799674988e-02 4.376612305641174316e-01
-1.075335368514060974e-01 -2.975744754076004028e-02 4.283422529697418213e-01
-2.578705549240112305e-03 -1.340949907898902893e-02 4.711558818817138672e-01
-2.314948290586471558e-02 2.586333826184272766e-02 4.552397727966308594e-01
3.945019841194152832e-02 5.651883035898208618e-02 4.692758619785308838e-01
1.117702126502990723e-01 9.105050563812255859e-02 5.301979184150695801e-01
1.529857665300369263e-01 8.228874206542968750e-02 5.880888700485229492e-01
1.640212386846542358e-01 8.263491094112396240e-02 6.645179390907287598e-01
1.688892394304275513e-01 7.245460152626037598e-02 6.439484357833862305e-01
1.730550378561019897e-01 6.544086337089538574e-02 6.185340285301208496e-01
1.547473520040512085e-01 7.923516631126403809e-02 6.420765519142150879e-01
1.104896962642669678e-01 1.015949696302413940e-01 6.634500026702880859e-01
8.279946446418762207e-02 1.178067326545715332e-01 6.676816344261169434e-01
8.947189152240753174e-02 1.327515691518783569e-01 6.966418623924255371e-01
1.030709594488143921e-01 1.451362520456314087e-01 7.248985767364501953e-01
1.263574808835983276e-01 1.548869907855987549e-01 7.419159412384033203e-01
1.385466605424880981e-01 1.739955693483352661e-01 7.878942489624023438e-01
1.195448189973831177e-01 2.178031504154205322e-01 8.525572419166564941e-01
1.181122809648513794e-01 2.278572767972946167e-01 8.765138983726501465e-01
8.576674759387969971e-02 2.297622859477996826e-01 9.262578487396240234e-01
9.014005959033966064e-02 2.379032075405120850e-01 9.634853601455688477e-01
1.011777669191360474e-01 2.529481649398803711e-01 9.777509570121765137e-01
9.422752261161804199e-02 2.631543576717376709e-01 9.397010207176208496e-01
4.149758815765380859e-02 2.991259992122650146e-01 9.498321413993835449e-01
-5.002317950129508972e-02 3.312210440635681152e-01 1.012130141258239746e+00
-7.552116364240646362e-02 3.541136384010314941e-01 1.082041263580322266e+00
-4.772210493683815002e-02 3.678635656833648682e-01 1.062715172767639160e+00
-1.582530140876770020e-02 3.714167475700378418e-01 1.059332013130187988e+00
-3.559438884258270264e-02 3.643179237842559814e-01 1.058602809906005859e+00
-9.529267251491546631e-02 3.380865454673767090e-01 1.039475560188293457e+00
-1.322890222072601318e-01 3.101890683174133301e-01 1.043644309043884277e+00
-1.583783030509948730e-01 2.992674708366394043e-01 9.961792826652526855e-01
-1.501068025827407837e-01 3.066477477550506592e-01 9.414455294609069824e-01
-6.732808053493499756e-02 3.040249645709991455e-01 9.117092490196228027e-01
-2.146210521459579468e-02 2.896416485309600830e-01 9.293619990348815918e-01
-4.804392158985137939e-02 2.556808888912200928e-01 8.966902494430541992e-01
-4.617659747600555420e-02 2.342814505100250244e-01 9.065416455268859863e-01
-1.076069623231887817e-01 2.368292510509490967e-01 8.966102600097656250e-01
-1.111063808202743530e-01 2.513059377670288086e-01 8.917173147201538086e-01
-8.047939836978912354e-02 2.369350492954254150e-01 8.824375867843627930e-01
-5.886672437191009521e-02 2.147320210933685303e-01 8.425040245056152344e-01
-4.010638594627380371e-02 1.954014450311660767e-01 7.613095045089721680e-01
-8.734278380870819092e-02 1.752419769763946533e-01 6.997914314270019531e-01
-1.468268781900405884e-01 1.748194098472595215e-01 6.649806499481201172e-01
-1.479618698358535767e-01 1.681650280952453613e-01 6.452879309654235840e-01
-5.793279409408569336e-02 1.479424238204956055e-01 6.605936288833618164e-01
-2.069742977619171143e-02 1.215743571519851685e-01 6.366341114044189453e-01
-6.186950206756591797e-02 1.254020631313323975e-01 6.201072931289672852e-01
-6.863836944103240967e-02 1.362842023372650146e-01 6.472640037536621094e-01
-6.978078186511993408e-02 1.297787725925445557e-01 6.177322268486022949e-01
-7.466964423656463623e-02 1.245990097522735596e-01 5.853104591369628906e-01
-7.704414427280426025e-02 1.309657692909240723e-01 5.684005022048950195e-01
-4.343664646148681641e-02 1.402281820774078369e-01 5.692291855812072754e-01
-4.321253299713134766e-02 1.376304328441619873e-01 5.638511776924133301e-01
-9.480789303779602051e-02 1.307575702667236328e-01 5.118852853775024414e-01
-9.440550208091735840e-02 1.267509311437606812e-01 4.633212089538574219e-01
-1.273504048585891724e-01 1.066493093967437744e-01 4.270742833614349365e-01
-1.130686327815055847e-01 8.065132796764373779e-02 2.915320992469787598e-01
-1.207604855298995972e-01 5.640156567096710205e-02 2.822827100753784180e-01
-1.672150194644927979e-01 3.729067742824554443e-02 2.856088280677795410e-01
-1.403743028640747070e-01 2.477985620498657227e-02 2.767500281333923340e-01
-1.084139049053192139e-01 3.134609386324882507e-02 2.119080275297164917e-01
-1.162730976939201355e-01 1.189206838607788086e-01 2.438074499368667603e-01
2.058899402618408203e-02 1.085115075111389160e-01 3.931128978729248047e-01
6.595563888549804688e-02 3.201147913932800293e-02 4.026257693767547607e-01
4.578131437301635742e-02 4.865600168704986572e-02 2.264769673347473145e-01
-4.167912527918815613e-02 4.097680747509002686e-02 2.032298743724822998e-01
-2.619210183620452881e-01 -6.208567321300506592e-02 2.431803494691848755e-01
-3.941280841827392578e-01 -1.102123409509658813e-01 2.218488603830337524e-01
-3.485603928565979004e-01 -6.191563978791236877e-02 1.236997246742248535e-01
-3.088423907756805420e-01 -5.641664564609527588e-02 1.439984589815139771e-01
-3.982208967208862305e-01 -1.096871867775917053e-01 2.108846306800842285e-01
-3.931431770324707031e-01 -1.381164789199829102e-01 3.219991028308868408e-01
-3.139027357101440430e-01 -1.001243144273757935e-01 5.618171095848083496e-01
-2.542666196823120117e-01 -4.338476806879043579e-02 7.153650522232055664e-01
-2.773249745368957520e-01 -3.724183887243270874e-02 7.031658291816711426e-01
-3.406032621860504150e-01 -1.110531985759735107e-01 5.686661005020141602e-01
-3.225592970848083496e-01 -1.916749030351638794e-01 5.233079195022583008e-01
-2.564269900321960449e-01 -2.294649034738540649e-01 4.919539988040924072e-01
-2.656090259552001953e-01 -2.763051390647888184e-01 4.171534180641174316e-01
-2.687291502952575684e-01 -2.567842900753021240e-01 4.140145182609558105e-01
-3.304868638515472412e-01 -2.020911723375320435e-01 4.441874921321868896e-01
-2.855271697044372559e-01 -1.810297518968582153e-01 3.660574853420257568e-01
-2.219199985265731812e-01 -1.398638784885406494e-01 3.003454208374023438e-01
-2.412445694208145142e-01 -1.311986297369003296e-01 2.714516818523406982e-01
-3.492458462715148926e-01 -1.646454334259033203e-01 1.921737939119338989e-01
-3.643825054168701172e-01 -1.811254173517227173e-01 2.004280984401702881e-01
-3.205958306789398193e-01 -1.325292289257049561e-01 2.032375782728195190e-01
-2.737798690795898438e-01 -7.962140440940856934e-02 1.678188145160675049e-01
-2.357042580842971802e-01 -7.206263393163681030e-02 1.699016392230987549e-01
-1.984201073646545410e-01 -7.974598556756973267e-02 2.050562947988510132e-01
-2.095603644847869873e-01 -8.026641607284545898e-02 2.194563001394271851e-01
-2.184343487024307251e-01 -7.292652130126953125e-02 2.216199785470962524e-01
-2.314148992300033569e-01 -6.110276281833648682e-02 2.093286216259002686e-01
-2.087374478578567505e-01 -4.402406141161918640e-02 2.258443087339401245e-01
-2.022684514522552490e-01 -4.903631657361984253e-02 2.248068600893020630e-01
-1.909508705139160156e-01 -6.010284647345542908e-02 1.859360486268997192e-01
-1.675234735012054443e-01 -7.828193902969360352e-02 1.660718321800231934e-01
-1.220010668039321899e-01 -8.500396460294723511e-02 1.619579493999481201e-01
-6.956991553306579590e-02 -8.759219199419021606e-02 1.587054282426834106e-01
-6.221587583422660828e-02 -8.241021633148193359e-02 1.533382683992385864e-01
-9.223295003175735474e-02 -6.899498403072357178e-02 1.461511105298995972e-01
-1.375571787357330322e-01 -5.315259099006652832e-02 1.478870511054992676e-01
-1.479201763868331909e-01 -5.195570737123489380e-02 1.504971235990524292e-01
-1.389418691396713257e-01 -5.230759084224700928e-02 1.529076993465423584e-01
-1.377681791782379150e-01 -5.106130614876747131e-02 1.562098264694213867e-01
-1.378169655799865723e-01 -5.167804658412933350e-02 1.555526256561279297e-01
-1.370406150817871094e-01 -5.137421935796737671e-02 1.531642377376556396e-01
-1.434238851070404053e-01 -4.997519403696060181e-02 1.515276134014129639e-01
-1.467765271663665771e-01 -4.975468665361404419e-02 1.499604433774948120e-01
-1.445807814598083496e-01 -5.053794756531715393e-02 1.482283174991607666e-01
-1.442594379186630249e-01 -5.116362869739532471e-02 1.480048000812530518e-01
-1.807057857513427734e-01 -5.474196374416351318e-02 1.453167647123336792e-01
-2.003151476383209229e-01 -5.317117273807525635e-02 1.428306549787521362e-01
-1.917620152235031128e-01 -4.931382089853286743e-02 1.438396722078323364e-01
-1.916484385728836060e-01 -4.912267625331878662e-02 1.431387215852737427e-01
-1.909610629081726074e-01 -4.865712672472000122e-02 1.426715701818466187e-01
-1.917692720890045166e-01 -4.874084144830703735e-02 1.437370032072067261e-01
-1.907462179660797119e-01 -4.858518019318580627e-02 1.442966312170028687e-01
-1.920589953660964966e-01 -4.882748425006866455e-02 1.428588032722473145e-01
-1.915240138769149780e-01 -4.851142317056655884e-02 1.422027200460433960e-01
-1.904748082160949707e-01 -4.808903485536575317e-02 1.436927169561386108e-01
-1.873106062412261963e-01 -4.732732847332954407e-02 1.447393298149108887e-01
-1.449086964130401611e-01 -2.764487639069557190e-02 1.736972779035568237e-01
-6.702484190464019775e-02 1.262698322534561157e-03 2.354030907154083252e-01
-6.177833676338195801e-02 9.195376187562942505e-04 2.478647083044052124e-01
7.742643356323242188e-04 -2.241384238004684448e-02 2.474801689386367798e-01
-1.044180765748023987e-01 -4.046024754643440247e-02 1.996888816356658936e-01
-2.735839784145355225e-01 -6.798475980758666992e-02 2.396125495433807373e-01
-2.653149068355560303e-01 -4.343808442354202271e-02 2.726057469844818115e-01
-2.834241986274719238e-01 -6.667898595333099365e-02 2.916641235351562500e-01
-3.191705942153930664e-01 -1.092991456389427185e-01 2.292674779891967773e-01
-3.088665604591369629e-01 -9.896723926067352295e-02 1.723209172487258911e-01
-2.651895582675933838e-01 -7.515047490596771240e-02 1.355004906654357910e-01
-2.339415103197097778e-01 -7.169841974973678589e-02 1.282807439565658569e-01
-2.336770147085189819e-01 -7.196195423603057861e-02 8.949881792068481445e-02
-3.063407540321350098e-01 -1.015582978725433350e-01 6.226208806037902832e-02
-3.533574342727661133e-01 -1.029366180300712585e-01 7.594238221645355225e-02
-2.643665075302124023e-01 -9.192640334367752075e-02 1.113754361867904663e-01
-2.187228351831436157e-01 -8.020484447479248047e-02 1.377949565649032593e-01
-2.061741054058074951e-01 -7.586903870105743408e-02 1.573235392570495605e-01
-2.048051953315734863e-01 -7.079314440488815308e-02 1.868204027414321899e-01
-1.705901324748992920e-01 -5.974363163113594055e-02 2.490810006856918335e-01
-7.210735976696014404e-02 -4.521897435188293457e-02 3.097020685672760010e-01
2.273976802825927734e-02 -4.867872223258018494e-02 3.240086436271667480e-01
-2.730794250965118408e-03 -7.273617386817932129e-02 3.203616440296173096e-01
-6.871464103460311890e-02 -7.788917422294616699e-02 3.015963137149810791e-01
-4.514573141932487488e-02 -5.326752364635467529e-02 2.863856256008148193e-01
8.001685142517089844e-03 -4.056598246097564697e-02 2.988261878490447998e-01
9.685334563255310059e-02 -3.005951270461082458e-02 3.331504464149475098e-01
1.601092666387557983e-01 -2.147258631885051727e-02 3.534705936908721924e-01
1.300223171710968018e-01 -2.209777198731899261e-02 3.829787671566009521e-01
7.137264311313629150e-02 -5.470775067806243896e-02 3.760455548763275146e-01
9.552016854286193848e-03 -9.869013726711273193e-02 3.347059786319732666e-01
-6.083053350448608398e-02 -1.274187266826629639e-01 3.079886436462402344e-01
-1.189715638756752014e-01 -1.268300265073776245e-01 2.904650568962097168e-01
-7.204527407884597778e-02 -8.676760643720626831e-02 3.805075585842132568e-01
-4.436700418591499329e-02 -9.210403263568878174e-02 3.671836256980895996e-01
-6.093144416809082031e-03 -8.977544307708740234e-02 3.502860367298126221e-01
7.647255063056945801e-02 -7.555627822875976562e-02 3.934084177017211914e-01
1.224771142005920410e-01 -5.613812431693077087e-02 4.462169706821441650e-01
5.799023807048797607e-02 -3.928336501121520996e-02 4.838905036449432373e-01
-7.667301595211029053e-02 -6.123415008187294006e-02 4.590364098548889160e-01
-1.769470870494842529e-01 -1.318336129188537598e-01 4.792146682739257812e-01
-2.121935635805130005e-01 -1.601857244968414307e-01 4.845547676086425781e-01
-2.087567448616027832e-01 -1.431467384099960327e-01 4.761660695075988770e-01
-1.604826450347900391e-01 -1.085526794195175171e-01 4.646414816379547119e-01
-7.350476086139678955e-02 -6.578014045953750610e-02 4.819639325141906738e-01
-5.705242976546287537e-02 1.018304377794265747e-02 5.581645369529724121e-01
-2.758771181106567383e-03 6.817610561847686768e-02 6.328917741775512695e-01
8.474771678447723389e-02 1.203975677490234375e-01 6.921161413192749023e-01
1.421006470918655396e-01 1.388386189937591553e-01 7.471785545349121094e-01
1.686666458845138550e-01 1.432424485683441162e-01 7.675775289535522461e-01
1.127309948205947876e-01 1.360751986503601074e-01 7.338948249816894531e-01
-7.834464311599731445e-03 1.267877668142318726e-01 6.603438854217529297e-01
-3.068491816520690918e-02 1.257089972496032715e-01 6.644621491432189941e-01
-3.925155103206634521e-02 1.066439300775527954e-01 6.970233917236328125e-01
-4.705247282981872559e-02 9.096299111843109131e-02 6.709980964660644531e-01
-5.214923620223999023e-02 7.428309321403503418e-02 6.070708036422729492e-01
-1.477226018905639648e-01 3.723364323377609253e-02 5.571561455726623535e-01
-2.792056500911712646e-01 -3.400102257728576660e-03 4.552406668663024902e-01
-2.629191577434539795e-01 3.301268443465232849e-03 4.646581113338470459e-01
-1.931038200855255127e-01 3.366171941161155701e-02 5.155460834503173828e-01
-1.990153342485427856e-01 2.888090908527374268e-02 5.157561898231506348e-01
-1.754264235496520996e-01 2.473123744130134583e-02 5.300678014755249023e-01
-1.314640343189239502e-01 3.087823837995529175e-02 5.709308385848999023e-01
-8.812431991100311279e-02 4.017005860805511475e-02 6.083139777183532715e-01
-5.001200735569000244e-02 5.868855118751525879e-02 6.696953177452087402e-01
-3.772803395986557007e-02 7.788045704364776611e-02 7.149229645729064941e-01
-3.524887561798095703e-02 9.372007846832275391e-02 7.300763130187988281e-01
-3.824637830257415771e-02 1.071569472551345825e-01 7.458689808845520020e-01
-1.494891941547393799e-02 1.172706484794616699e-01 7.895734310150146484e-01
4.562965035438537598e-02 1.194402873516082764e-01 8.249955773353576660e-01
8.319932222366333008e-02 1.136571913957595825e-01 8.307480216026306152e-01
1.005174219608306885e-01 9.917285293340682983e-02 8.169062733650207520e-01
9.580804407596588135e-02 9.219324588775634766e-02 7.823917865753173828e-01
1.209630370140075684e-01 7.471097260713577271e-02 7.374569177627563477e-01
1.787776201963424683e-01 7.482000440359115601e-02 7.081052064895629883e-01
2.663148641586303711e-01 1.096805781126022339e-01 7.440162301063537598e-01
3.552818298339843750e-01 1.421205550432205200e-01 8.021382093429565430e-01
3.772004246711730957e-01 1.660886108875274658e-01 8.315277099609375000e-01
3.148844242095947266e-01 1.684232801198959351e-01 8.375660181045532227e-01
1.538805365562438965e-01 1.611848324537277222e-01 8.181039690971374512e-01
1.212768703699111938e-01 1.247634887695312500e-01 7.465207576751708984e-01
2.356317490339279175e-01 9.750001877546310425e-02 7.646147608757019043e-01
3.234916329383850098e-01 6.690147519111633301e-02 8.851036429405212402e-01
2.523558735847473145e-01 7.065682113170623779e-02 9.144670367240905762e-01
1.527135372161865234e-01 6.764321774244308472e-02 7.756604552268981934e-01
1.183738708496093750e-01 6.446973979473114014e-02 6.352155208587646484e-01
1.567897945642471313e-01 9.951163828372955322e-02 6.474778652191162109e-01
1.054459214210510254e-01 1.072411388158798218e-01 5.971134901046752930e-01
8.068190515041351318e-02 9.562075883150100708e-02 5.391679406166076660e-01
1.172007769346237183e-01 1.053254157304763794e-01 5.208585858345031738e-01
1.747958511114120483e-01 1.109004169702529907e-01 5.042501688003540039e-01
2.010773271322250366e-01 1.038711667060852051e-01 4.627578556537628174e-01
1.625320166349411011e-01 9.838870167732238770e-02 4.181249737739562988e-01
1.155355274677276611e-01 9.580878168344497681e-02 3.966766893863677979e-01
8.882306516170501709e-02 9.934399276971817017e-02 4.131387770175933838e-01
7.258076965808868408e-02 1.031234189867973328e-01 4.245443642139434814e-01
7.701398432254791260e-02 1.002636998891830444e-01 4.340354204177856445e-01
1.120165735483169556e-01 1.039576679468154907e-01 4.453907608985900879e-01
1.245584785938262939e-01 9.593442827463150024e-02 3.859070539474487305e-01
1.432132124900817871e-01 9.421946853399276733e-02 3.238969743251800537e-01
2.165196985006332397e-01 1.048126518726348877e-01 3.818857669830322266e-01
1.762519627809524536e-01 8.601644635200500488e-02 3.897598087787628174e-01
7.194761931896209717e-02 4.975534230470657349e-02 3.658432066440582275e-01
5.031093955039978027e-02 3.366467729210853577e-02 3.185063302516937256e-01
3.111256659030914307e-02 5.198660492897033691e-02 2.860478162765502930e-01
1.143828034400939941e-01 8.341454714536666870e-02 3.739100992679595947e-01
1.808240264654159546e-01 9.961620718240737915e-02 3.706230223178863525e-01
2.340362221002578735e-01 1.167380362749099731e-01 3.721424937248229980e-01
4.622055292129516602e-01 1.113525927066802979e-01 2.932958602905273438e-01
6.106002330780029297e-01 9.634377062320709229e-02 2.604454755783081055e-01
5.730818510055541992e-01 7.267477363348007202e-02 2.903293669223785400e-01
3.966101408004760742e-01 3.786292672157287598e-02 2.793957889080047607e-01
3.064489960670471191e-01 2.098266407847404480e-02 3.040176033973693848e-01
3.571889996528625488e-01 4.928036779165267944e-02 2.947438061237335205e-01
5.378419160842895508e-01 5.814060568809509277e-02 2.421086281538009644e-01
6.506472229957580566e-01 6.119911372661590576e-02 1.830084472894668579e-01
6.256161928176879883e-01 8.521135151386260986e-02 2.028620541095733643e-01
8.508074283599853516e-01 1.277497112751007080e-01 3.578409552574157715e-01
9.525094032287597656e-01 7.969438284635543823e-02 3.162457942962646484e-01
8.666354417800903320e-01 5.544647574424743652e-02 3.461207151412963867e-01
8.593925833702087402e-01 3.929774463176727295e-02 3.735692203044891357e-01
9.330558776855468750e-01 9.858753532171249390e-03 3.888639509677886963e-01
9.827325344085693359e-01 -2.914387732744216919e-02 3.292704522609710693e-01
9.566211700439453125e-01 -4.796810820698738098e-02 2.748256921768188477e-01
8.896472454071044922e-01 -4.931765794754028320e-02 2.410320192575454712e-01
8.543548583984375000e-01 -4.443636164069175720e-02 2.305355817079544067e-01
7.990697026252746582e-01 -5.028571560978889465e-02 2.269651740789413452e-01
7.581405639648437500e-01 -5.503526329994201660e-02 2.170371562242507935e-01
7.923114299774169922e-01 -6.298534572124481201e-02 2.090651541948318481e-01
8.436108231544494629e-01 -5.626186728477478027e-02 2.313243895769119263e-01
8.318593502044677734e-01 -5.280945450067520142e-02 2.355838865041732788e-01
8.629150390625000000e-01 -4.978799074888229370e-02 2.661119103431701660e-01
8.404496908187866211e-01 -3.916313499212265015e-02 2.892712950706481934e-01
8.326109647750854492e-01 -3.194165229797363281e-02 3.116123676300048828e-01
8.596855401992797852e-01 -2.847871929407119751e-02 3.116278052330017090e-01
9.107730388641357422e-01 -2.578240633010864258e-02 3.059539198875427246e-01
9.342308044433593750e-01 -4.314064607024192810e-02 2.963467836380004883e-01
9.570708274841308594e-01 -5.573685094714164734e-02 2.661100327968597412e-01
1.032304406166076660e+00 -6.950083374977111816e-02 2.592311799526214600e-01
1.001694440841674805e+00 -5.842906236648559570e-02 2.693613767623901367e-01
1.014483928680419922e+00 -5.024608224630355835e-02 2.787539362907409668e-01
1.075777053833007812e+00 -4.510059207677841187e-02 3.056450486183166504e-01
1.092331171035766602e+00 -4.441890120506286621e-02 2.818993926048278809e-01
1.116105198860168457e+00 -4.068663716316223145e-02 2.840043008327484131e-01
1.125989198684692383e+00 -2.408049255609512329e-02 2.870920002460479736e-01
1.049754858016967773e+00 -1.233882363885641098e-02 2.673740386962890625e-01
1.093655467033386230e+00 -2.211371622979640961e-02 2.554908692836761475e-01
1.113361716270446777e+00 -2.798501029610633850e-02 2.601790428161621094e-01
1.095876574516296387e+00 -2.840663865208625793e-02 2.646072208881378174e-01
1.084075689315795898e+00 -2.703308500349521637e-02 2.698166072368621826e-01
1.107941269874572754e+00 -3.225091472268104553e-02 2.657139003276824951e-01
1.153154134750366211e+00 -4.779866337776184082e-02 2.416326850652694702e-01
1.186692953109741211e+00 -6.806988269090652466e-02 2.136819362640380859e-01
1.164118528366088867e+00 -7.416531443595886230e-02 2.157350033521652222e-01
1.102454066276550293e+00 -8.177286386489868164e-02 2.215276509523391724e-01
1.127740859985351562e+00 -9.622894972562789917e-02 1.981306970119476318e-01
1.177133440971374512e+00 -9.978555887937545776e-02 1.975646466016769409e-01
1.214628577232360840e+00 -1.058221682906150818e-01 2.080323994159698486e-01
1.205171227455139160e+00 -1.100984662771224976e-01 2.149637639522552490e-01
1.192720413208007812e+00 -1.074044629931449890e-01 2.383056581020355225e-01
1.169000267982482910e+00 -1.007810831069946289e-01 2.480750232934951782e-01
1.205064415931701660e+00 -1.049821674823760986e-01 2.236952483654022217e-01
1.210824012756347656e+00 -1.109802871942520142e-01 1.907131373882293701e-01
1.181832790374755859e+00 -1.191460266709327698e-01 1.650070399045944214e-01
1.118120789527893066e+00 -1.212941631674766541e-01 1.969225257635116577e-01
1.041610240936279297e+00 -1.146650984883308411e-01 2.355868518352508545e-01
9.905973672866821289e-01 -1.125172153115272522e-01 2.696295380592346191e-01
9.627881050109863281e-01 -1.040858179330825806e-01 3.109014630317687988e-01
9.768669605255126953e-01 -9.775570034980773926e-02 3.310374915599822998e-01
1.003199815750122070e+00 -8.099290728569030762e-02 3.793714046478271484e-01
1.030652403831481934e+00 -6.113368272781372070e-02 4.143835008144378662e-01
1.138821601867675781e+00 -5.771706253290176392e-02 3.498067855834960938e-01
1.182816505432128906e+00 -5.805754289031028748e-02 2.955071330070495605e-01
1.246353983879089355e+00 -7.976680248975753784e-02 2.892583608627319336e-01
1.286635518074035645e+00 -9.580633789300918579e-02 2.585079073905944824e-01
1.286024570465087891e+00 -1.062794104218482971e-01 2.109332829713821411e-01
1.243318796157836914e+00 -1.017706915736198425e-01 2.108772546052932739e-01
1.199972152709960938e+00 -9.418024122714996338e-02 2.485611438751220703e-01
1.194049835205078125e+00 -8.238045871257781982e-02 2.671030759811401367e-01
1.221295833587646484e+00 -7.546329498291015625e-02 2.416867166757583618e-01
1.241767883300781250e+00 -6.897592544555664062e-02 2.094128578901290894e-01
1.228953003883361816e+00 -6.375841796398162842e-02 1.645533591508865356e-01
1.235565185546875000e+00 -5.519811809062957764e-02 2.068744152784347534e-01
1.271027088165283203e+00 -4.975733160972595215e-02 3.815684020519256592e-01
1.187522172927856445e+00 -4.403061419725418091e-02 4.550673961639404297e-01
1.171217679977416992e+00 -3.443152457475662231e-02 4.601755440235137939e-01
1.171986937522888184e+00 -4.087075218558311462e-02 4.506063759326934814e-01
1.148936271667480469e+00 -7.004031538963317871e-02 4.842874109745025635e-01
1.071701288223266602e+00 -9.332187473773956299e-02 4.860423803329467773e-01
1.152878046035766602e+00 -1.045262441039085388e-01 4.912974834442138672e-01
1.177649974822998047e+00 -1.129266098141670227e-01 4.160337448120117188e-01
1.069910883903503418e+00 -9.114174544811248779e-02 3.333860039710998535e-01
1.103968143463134766e+00 -7.672366499900817871e-02 3.132305741310119629e-01
9.266278743743896484e-01 -5.205037444829940796e-02 2.837429940700531006e-01
8.222114443778991699e-01 -5.253783613443374634e-02 2.899729013442993164e-01
7.210763692855834961e-01 -5.940786004066467285e-02 2.742211520671844482e-01
7.100431919097900391e-01 -8.416354656219482422e-02 2.184173911809921265e-01
7.557122111320495605e-01 -7.359963655471801758e-02 2.144794017076492310e-01
8.841183185577392578e-01 -6.947711110115051270e-02 2.483265846967697144e-01
9.846305847167968750e-01 -7.924251258373260498e-02 2.682384252548217773e-01
1.006316304206848145e+00 -8.544982969760894775e-02 2.712285518646240234e-01
9.987344741821289062e-01 -8.890879154205322266e-02 2.663056254386901855e-01
9.559524059295654297e-01 -8.622916787862777710e-02 2.362456619739532471e-01
9.433153867721557617e-01 -8.142992109060287476e-02 2.395856082439422607e-01
9.320065975189208984e-01 -6.706398725509643555e-02 2.679437398910522461e-01
8.517153859138488770e-01 -5.333341658115386963e-02 2.731766998767852783e-01
8.814496994018554688e-01 -4.595687985420227051e-02 2.785432338714599609e-01
9.795750379562377930e-01 -5.883446335792541504e-02 2.877536714076995850e-01
9.026271104812622070e-01 -7.008866965770721436e-02 2.474469393491744995e-01
5.688260793685913086e-01 -9.751545637845993042e-02 1.796323210000991821e-01
3.979687690734863281e-01 -9.768249839544296265e-02 1.524841338396072388e-01
7.530501484870910645e-01 -4.769759997725486755e-02 2.363310009241104126e-01
1.023365020751953125e+00 -3.851888328790664673e-02 2.596236169338226318e-01
9.293138980865478516e-01 -3.544529154896736145e-02 2.681373059749603271e-01
8.389447331428527832e-01 -2.330695092678070068e-02 2.740166783332824707e-01
9.222487211227416992e-01 -2.901059389114379883e-02 2.882493138313293457e-01
9.789994955062866211e-01 -3.860893845558166504e-02 3.165444731712341309e-01
9.921629428863525391e-01 -3.993197530508041382e-02 3.176587224006652832e-01
1.163620710372924805e+00 -5.706960335373878479e-02 3.191365301609039307e-01
1.272967815399169922e+00 -7.540868222713470459e-02 3.096456229686737061e-01
1.206309556961059570e+00 -7.540471851825714111e-02 2.909245193004608154e-01
1.178920626640319824e+00 -8.458019793033599854e-02 3.176012635231018066e-01
9.126465320587158203e-01 -1.311804056167602539e-01 3.951066136360168457e-01
4.414559602737426758e-01 -1.486700922250747681e-01 3.862663209438323975e-01
1.397333443164825439e-01 -9.420384466648101807e-02 4.216856360435485840e-01
2.708162665367126465e-01 -1.316446065902709961e-01 4.042963385581970215e-01
2.306246906518936157e-01 -1.282431781291961670e-01 3.598244190216064453e-01
4.351347684860229492e-02 -8.411425352096557617e-02 3.322236537933349609e-01
-9.182665497064590454e-02 -5.620499327778816223e-02 3.103275299072265625e-01
-1.550771743059158325e-01 -8.182945847511291504e-02 3.108481466770172119e-01
-2.157705426216125488e-01 -3.474363312125205994e-02 4.055281877517700195e-01
-3.165078759193420410e-01 7.924299687147140503e-02 5.476984381675720215e-01
-4.953864216804504395e-01 1.685893237590789795e-01 5.843466520309448242e-01
-4.596925973892211914e-01 9.672514349222183228e-02 3.833832740783691406e-01
-6.930319070816040039e-01 -1.715613901615142822e-02 1.361031532287597656e-01
-7.276970148086547852e-01 -2.317379415035247803e-02 1.420089453458786011e-01
-6.830223202705383301e-01 -6.489053368568420410e-03 1.434547752141952515e-01
-6.270474195480346680e-01 -7.185332477092742920e-03 1.144740134477615356e-01
-5.413746237754821777e-01 -1.405812799930572510e-02 7.523059844970703125e-02
-4.494439959526062012e-01 -4.034451395273208618e-02 9.790532290935516357e-02
-3.951677680015563965e-01 -5.861839652061462402e-02 2.241208553314208984e-01
-3.190170526504516602e-01 -9.764318913221359253e-02 3.513189852237701416e-01
-2.133999168872833252e-01 -1.244787275791168213e-01 4.923014640808105469e-01
-8.139650523662567139e-02 -1.030125766992568970e-01 6.815989017486572266e-01
-1.501252502202987671e-01 -3.035612404346466064e-02 8.159651756286621094e-01
-2.025822401046752930e-01 2.819299697875976562e-03 8.461961150169372559e-01
-2.193486392498016357e-01 1.035696268081665039e-02 8.477070331573486328e-01
-2.442205250263214111e-01 4.119929671287536621e-02 9.057496786117553711e-01
-2.620123028755187988e-01 5.743600428104400635e-02 8.299562931060791016e-01
-3.619213104248046875e-01 9.079575538635253906e-02 6.655814051628112793e-01
-4.242836833000183105e-01 8.866873383522033691e-02 4.862052798271179199e-01
-3.449714183807373047e-01 1.325228512287139893e-01 5.009001493453979492e-01
-3.077101111412048340e-01 1.136886477470397949e-01 4.143548607826232910e-01
-3.153690099716186523e-01 8.982881903648376465e-02 5.013375282287597656e-01
-2.881071865558624268e-01 5.927337706089019775e-02 8.159642219543457031e-01
-2.455665767192840576e-01 1.103894710540771484e-01 8.478115797042846680e-01
2.009417116641998291e-02 1.604586392641067505e-01 6.272714138031005859e-01
4.718469083309173584e-02 7.300257682800292969e-02 2.303907871246337891e-01
2.350035309791564941e-02 5.099566280841827393e-02 1.507740318775177002e-01
-9.779011458158493042e-02 7.892413437366485596e-02 1.873035877943038940e-01
-1.692716479301452637e-01 7.667227834463119507e-02 3.403412178158760071e-02
-2.768563330173492432e-01 -1.052972767502069473e-02 -3.947680443525314331e-02
-3.062478303909301758e-01 -2.363950386643409729e-02 -3.074204176664352417e-02
-2.764700055122375488e-01 -5.965834483504295349e-03 2.010266296565532684e-02
-2.295895367860794067e-01 1.344067603349685669e-02 -6.789967417716979980e-03
-1.682751476764678955e-01 2.398303151130676270e-02 -1.847433298826217651e-02
-1.176199167966842651e-01 3.111203759908676147e-02 -1.971251890063285828e-02
-9.288991242647171021e-02 3.388569131493568420e-02 -1.592382416129112244e-02
-8.971517533063888550e-02 3.840775787830352783e-02 -1.122869364917278290e-02
-9.036553651094436646e-02 4.101964831352233887e-02 -9.038573130965232849e-03
-9.381917864084243774e-02 3.864323720335960388e-02 -9.530017152428627014e-03
-9.543018043041229248e-02 3.665184974670410156e-02 -1.080480031669139862e-02
-9.632337838411331177e-02 3.464496880769729614e-02 -1.232532411813735962e-02
-9.695351868867874146e-02 3.706293925642967224e-02 -1.269274204969406128e-02
-9.617127478122711182e-02 3.794872015714645386e-02 -1.248963922262191772e-02
-9.698220342397689819e-02 3.838841617107391357e-02 -1.243153586983680725e-02
-9.519218653440475464e-02 3.955221921205520630e-02 -1.186354458332061768e-02
-9.501223266124725342e-02 3.924924135208129883e-02 -1.143318414688110352e-02
-9.584437310695648193e-02 3.852419927716255188e-02 -1.214889250695705414e-02
-9.500534832477569580e-02 3.863473981618881226e-02 -1.192256063222885132e-02
-9.495038539171218872e-02 3.843597695231437683e-02 -1.178755238652229309e-02
-9.535966068506240845e-02 3.790726885199546814e-02 -1.183782145380973816e-02
-9.576634317636489868e-02 3.795494511723518372e-02 -1.201481372117996216e-02
-9.519384056329727173e-02 3.819520026445388794e-02 -1.214748062193393707e-02
