0.000000000000000000e+00 0.000000000000000000e+00 0.000000000000000000e+00
0.000000000000000000e+00 -0.000000000000000000e+00 -0.000000000000000000e+00
2.000000094994902611e-03 0.000000000000000000e+00 -0.000000000000000000e+00
3.000000026077032089e-03 0.000000000000000000e+00 -1.000000047497451305e-03
3.000000026077032089e-03 -0.000000000000000000e+00 -1.000000047497451305e-03
3.000000026077032089e-03 -0.000000000000000000e+00 -1.000000047497451305e-03
4.000000189989805222e-03 -1.000000047497451305e-03 -2.000000094994902611e-03
4.000000189989805222e-03 -2.000000094994902611e-03 -3.000000026077032089e-03
4.000000189989805222e-03 -2.000000094994902611e-03 -3.000000026077032089e-03
4.000000189989805222e-03 -2.000000094994902611e-03 -3.000000026077032089e-03
4.000000189989805222e-03 -2.000000094994902611e-03 -3.000000026077032089e-03
4.000000189989805222e-03 -2.000000094994902611e-03 -3.000000026077032089e-03
4.000000189989805222e-03 -2.000000094994902611e-03 -3.000000026077032089e-03
4.000000189989805222e-03 -2.000000094994902611e-03 -3.000000026077032089e-03
4.000000189989805222e-03 -2.000000094994902611e-03 -3.000000026077032089e-03
4.000000189989805222e-03 -2.000000094994902611e-03 -3.000000026077032089e-03
4.000000189989805222e-03 -2.000000094994902611e-03 -3.000000026077032089e-03
4.000000189989805222e-03 -2.000000094994902611e-03 -2.000000094994902611e-03
4.000000189989805222e-03 -2.000000094994902611e-03 -3.000000026077032089e-03
4.000000189989805222e-03 -2.000000094994902611e-03 -3.000000026077032089e-03
4.000000189989805222e-03 -2.000000094994902611e-03 -3.000000026077032089e-03
8.000000379979610443e-03 -3.000000026077032089e-03 -2.000000094994902611e-03
4.899999871850013733e-02 -3.000000026077032089e-03 -3.000000026077032089e-03
1.230000033974647522e-01 -9.999999776482582092e-03 -3.000000026077032089e-03
2.230000048875808716e-01 -2.199999988079071045e-02 -4.000000189989805222e-03
3.429999947547912598e-01 -3.999999910593032837e-02 -6.000000052154064178e-03
4.850000143051147461e-01 -5.000000074505805969e-02 -1.099999994039535522e-02
6.430000066757202148e-01 -6.800000369548797607e-02 -1.700000092387199402e-02
8.029999732971191406e-01 -8.299999684095382690e-02 -2.199999988079071045e-02
9.900000095367431641e-01 -9.099999815225601196e-02 -1.999999955296516418e-02
1.200000047683715820e+00 -1.089999973773956299e-01 -2.099999971687793732e-02
1.417000055313110352e+00 -1.270000040531158447e-01 -2.300000004470348358e-02
1.654000043869018555e+00 -1.439999938011169434e-01 -2.300000004470348358e-02
1.899000048637390137e+00 -1.630000025033950806e-01 -1.700000092387199402e-02
2.148000001907348633e+00 -1.930000036954879761e-01 3.000000026077032089e-03
2.400000095367431641e+00 -2.199999988079071045e-01 1.400000043213367462e-02
2.648999929428100586e+00 -2.569999992847442627e-01 4.500000178813934326e-02
2.930999994277954102e+00 -2.989999949932098389e-01 1.070000007748603821e-01
3.191999912261962891e+00 -3.350000083446502686e-01 1.480000019073486328e-01
3.490000009536743164e+00 -3.799999952316284180e-01 1.720000058412551880e-01
3.786999940872192383e+00 -4.280000030994415283e-01 2.210000008344650269e-01
4.048999786376953125e+00 -4.670000076293945312e-01 2.820000052452087402e-01
4.315999984741210938e+00 -5.189999938011169434e-01 3.350000083446502686e-01
4.579999923706054688e+00 -5.619999766349792480e-01 3.860000073909759521e-01
4.823999881744384766e+00 -5.950000286102294922e-01 4.410000145435333252e-01
5.078000068664550781e+00 -6.359999775886535645e-01 4.530000090599060059e-01
5.298999786376953125e+00 -6.660000085830688477e-01 4.580000042915344238e-01
5.532000064849853516e+00 -6.919999718666076660e-01 4.609999954700469971e-01
5.719999790191650391e+00 -7.059999704360961914e-01 4.790000021457672119e-01
5.908999919891357422e+00 -7.149999737739562988e-01 5.080000162124633789e-01
6.092000007629394531e+00 -7.250000238418579102e-01 5.389999747276306152e-01
6.269999980926513672e+00 -7.310000061988830566e-01 5.699999928474426270e-01
6.500000000000000000e+00 -7.220000028610229492e-01 5.939999818801879883e-01
6.761000156402587891e+00 -6.719999909400939941e-01 5.979999899864196777e-01
7.025000095367431641e+00 -5.939999818801879883e-01 6.060000061988830566e-01
7.289000034332275391e+00 -5.120000243186950684e-01 6.069999933242797852e-01
7.572000026702880859e+00 -3.659999966621398926e-01 6.250000000000000000e-01
7.839000225067138672e+00 -1.770000010728836060e-01 6.499999761581420898e-01
8.126000404357910156e+00 9.799999743700027466e-02 6.669999957084655762e-01
8.371999740600585938e+00 3.759999871253967285e-01 6.800000071525573730e-01
8.612000465393066406e+00 7.279999852180480957e-01 7.009999752044677734e-01
8.838000297546386719e+00 1.141000032424926758e+00 7.350000143051147461e-01
9.053000450134277344e+00 1.636000037193298340e+00 7.630000114440917969e-01
9.215000152587890625e+00 2.032999992370605469e+00 7.720000147819519043e-01
9.326000213623046875e+00 2.476000070571899414e+00 7.850000262260437012e-01
9.369000434875488281e+00 2.917999982833862305e+00 7.850000262260437012e-01
9.402999877929687500e+00 3.319999933242797852e+00 7.749999761581420898e-01
9.458999633789062500e+00 3.736999988555908203e+00 7.659999728202819824e-01
9.508000373840332031e+00 4.170000076293945312e+00 7.649999856948852539e-01
9.496000289916992188e+00 4.547999858856201172e+00 7.599999904632568359e-01
9.475999832153320312e+00 4.929999828338623047e+00 7.870000004768371582e-01
9.458000183105468750e+00 5.284999847412109375e+00 8.370000123977661133e-01
9.420999526977539062e+00 5.632999897003173828e+00 8.679999709129333496e-01
9.361000061035156250e+00 6.000999927520751953e+00 9.060000181198120117e-01
9.296999931335449219e+00 6.301000118255615234e+00 9.269999861717224121e-01
9.251999855041503906e+00 6.571000099182128906e+00 9.359999895095825195e-01
9.185000419616699219e+00 6.839000225067138672e+00 9.430000185966491699e-01
9.111000061035156250e+00 7.072999954223632812e+00 9.649999737739562988e-01
9.010999679565429688e+00 7.269999980926513672e+00 9.570000171661376953e-01
8.916999816894531250e+00 7.472000122070312500e+00 9.779999852180480957e-01
8.836999893188476562e+00 7.638999938964843750e+00 9.919999837875366211e-01
8.732000350952148438e+00 7.811999797821044922e+00 1.009999990463256836e+00
8.628999710083007812e+00 7.975999832153320312e+00 1.042000055313110352e+00
8.522999763488769531e+00 8.118000030517578125e+00 1.041000008583068848e+00
8.425999641418457031e+00 8.279000282287597656e+00 1.052000045776367188e+00
8.310000419616699219e+00 8.444000244140625000e+00 1.075000047683715820e+00
8.180999755859375000e+00 8.598999977111816406e+00 1.101999998092651367e+00
8.048000335693359375e+00 8.777000427246093750e+00 1.131999969482421875e+00
7.859000205993652344e+00 8.939000129699707031e+00 1.149000048637390137e+00
7.682000160217285156e+00 9.126000404357910156e+00 1.169999957084655762e+00
7.485000133514404297e+00 9.312000274658203125e+00 1.177000045776367188e+00
7.225999832153320312e+00 9.534999847412109375e+00 1.190999984741210938e+00
6.951000213623046875e+00 9.751999855041503906e+00 1.208999991416931152e+00
6.653999805450439453e+00 9.934000015258789062e+00 1.228999972343444824e+00
6.343999862670898438e+00 1.013300037384033203e+01 1.261000037193298340e+00
5.999000072479248047e+00 1.033199977874755859e+01 1.276999950408935547e+00
5.592999935150146484e+00 1.056200027465820312e+01 1.299999952316284180e+00
5.168000221252441406e+00 1.074300003051757812e+01 1.304999947547912598e+00
4.775000095367431641e+00 1.086900043487548828e+01 1.324000000953674316e+00
4.348999977111816406e+00 1.100399971008300781e+01 1.347000002861022949e+00
3.849999904632568359e+00 1.114500045776367188e+01 1.355999946594238281e+00
3.334000110626220703e+00 1.127099990844726562e+01 1.384999990463256836e+00
2.823999881744384766e+00 1.135999965667724609e+01 1.442999958992004395e+00
2.256000041961669922e+00 1.145100021362304688e+01 1.508000016212463379e+00
1.707000017166137695e+00 1.151399993896484375e+01 1.554999947547912598e+00
1.067999958992004395e+00 1.158300018310546875e+01 1.593999981880187988e+00
4.939999878406524658e-01 1.161499977111816406e+01 1.620000004768371582e+00
-1.469999998807907104e-01 1.162600040435791016e+01 1.656000018119812012e+00
-7.319999933242797852e-01 1.162600040435791016e+01 1.694000005722045898e+00
-1.417000055313110352e+00 1.158500003814697266e+01 1.713000059127807617e+00
-2.099999904632568359e+00 1.151299953460693359e+01 1.722000002861022949e+00
-2.796999931335449219e+00 1.149600028991699219e+01 1.787999987602233887e+00
-3.423000097274780273e+00 1.144600009918212891e+01 1.825999975204467773e+00
-4.182000160217285156e+00 1.141899967193603516e+01 1.858000040054321289e+00
-4.973000049591064453e+00 1.137800025939941406e+01 1.896000027656555176e+00
-5.671000003814697266e+00 1.132900047302246094e+01 1.939000010490417480e+00
-6.405000209808349609e+00 1.128100013732910156e+01 1.988999962806701660e+00
-7.156000137329101562e+00 1.122999954223632812e+01 2.036000013351440430e+00
-7.890999794006347656e+00 1.114999961853027344e+01 2.095999956130981445e+00
-8.744999885559082031e+00 1.110900020599365234e+01 2.180000066757202148e+00
-9.498999595642089844e+00 1.107699966430664062e+01 2.255000114440917969e+00
-1.042599964141845703e+01 1.106599998474121094e+01 2.316999912261962891e+00
-1.118500041961669922e+01 1.105500030517578125e+01 2.348999977111816406e+00
-1.194400024414062500e+01 1.105000019073486328e+01 2.407000064849853516e+00
-1.275699996948242188e+01 1.105700016021728516e+01 2.467000007629394531e+00
-1.363399982452392578e+01 1.105599975585937500e+01 2.529000043869018555e+00
-1.438099956512451172e+01 1.101200008392333984e+01 2.552999973297119141e+00
-1.522299957275390625e+01 1.097099971771240234e+01 2.601000070571899414e+00
-1.598600006103515625e+01 1.095800018310546875e+01 2.635999917984008789e+00
-1.675300025939941406e+01 1.093999958038330078e+01 2.665999889373779297e+00
-1.749900054931640625e+01 1.093000030517578125e+01 2.697999954223632812e+00
-1.823800086975097656e+01 1.091699981689453125e+01 2.732000112533569336e+00
-1.901499938964843750e+01 1.086800003051757812e+01 2.759999990463256836e+00
-1.980299949645996094e+01 1.083699989318847656e+01 2.790999889373779297e+00
-2.071599960327148438e+01 1.081799983978271484e+01 2.825000047683715820e+00
-2.150000000000000000e+01 1.082900047302246094e+01 2.864000082015991211e+00
-2.234499931335449219e+01 1.083300018310546875e+01 2.914000034332275391e+00
-2.311899948120117188e+01 1.082999992370605469e+01 2.977999925613403320e+00
-2.386800003051757812e+01 1.082499980926513672e+01 3.038000106811523438e+00
-2.460199928283691406e+01 1.081999969482421875e+01 3.105999946594238281e+00
-2.535899925231933594e+01 1.077900028228759766e+01 3.190999984741210938e+00
-2.616699981689453125e+01 1.072700023651123047e+01 3.242000102996826172e+00
-2.687599945068359375e+01 1.078299999237060547e+01 3.315999984741210938e+00
-2.748500061035156250e+01 1.081400012969970703e+01 3.355999946594238281e+00
-2.806500053405761719e+01 1.082800006866455078e+01 3.381999969482421875e+00
-2.879700088500976562e+01 1.082499980926513672e+01 3.394000053405761719e+00
-2.938299942016601562e+01 1.082199954986572266e+01 3.407000064849853516e+00
-2.995800018310546875e+01 1.084099960327148438e+01 3.440999984741210938e+00
-3.049399948120117188e+01 1.084599971771240234e+01 3.448999881744384766e+00
-3.098600006103515625e+01 1.085299968719482422e+01 3.460000038146972656e+00
-3.154100036621093750e+01 1.084899997711181641e+01 3.464999914169311523e+00
-3.203699874877929688e+01 1.083500003814697266e+01 3.471999883651733398e+00
-3.256499862670898438e+01 1.081400012969970703e+01 3.500000000000000000e+00
-3.305400085449218750e+01 1.076200008392333984e+01 3.538000106811523438e+00
-3.365900039672851562e+01 1.067199993133544922e+01 3.571000099182128906e+00
-3.419699859619140625e+01 1.052700042724609375e+01 3.604000091552734375e+00
-3.470899963378906250e+01 1.036800003051757812e+01 3.628000020980834961e+00
-3.525999832153320312e+01 1.014200019836425781e+01 3.654000043869018555e+00
-3.577600097656250000e+01 9.881999969482421875e+00 3.690000057220458984e+00
-3.631200027465820312e+01 9.550000190734863281e+00 3.757999897003173828e+00
-3.674100112915039062e+01 9.220999717712402344e+00 3.836999893188476562e+00
-3.722200012207031250e+01 8.798999786376953125e+00 3.914000034332275391e+00
-3.764400100708007812e+01 8.397000312805175781e+00 3.971999883651733398e+00
-3.809000015258789062e+01 7.869999885559082031e+00 4.078000068664550781e+00
-3.845100021362304688e+01 7.363999843597412109e+00 4.195000171661376953e+00
-3.880699920654296875e+01 6.789000034332275391e+00 4.313000202178955078e+00
-3.909500122070312500e+01 6.243999958038330078e+00 4.440999984741210938e+00
-3.936500167846679688e+01 5.606999874114990234e+00 4.602000236511230469e+00
-3.959299850463867188e+01 4.939000129699707031e+00 4.741000175476074219e+00
-3.962300109863281250e+01 4.434000015258789062e+00 4.842999935150146484e+00
-3.968199920654296875e+01 3.823999881744384766e+00 4.948999881744384766e+00
-3.979600143432617188e+01 3.098999977111816406e+00 5.068999767303466797e+00
-3.982300186157226562e+01 2.374000072479248047e+00 5.223000049591064453e+00
-3.986899948120117188e+01 2.023999929428100586e+00 5.315000057220458984e+00
-3.997600173950195312e+01 1.608999967575073242e+00 5.445000171661376953e+00
-4.011000061035156250e+01 1.023000001907348633e+00 5.539999961853027344e+00
-4.017900085449218750e+01 2.210000008344650269e-01 5.672999858856201172e+00
-4.020100021362304688e+01 -6.299999952316284180e-01 5.852000236511230469e+00
-4.021200180053710938e+01 -1.521000027656555176e+00 6.031000137329101562e+00
-4.020500183105468750e+01 -2.431999921798706055e+00 6.205999851226806641e+00
-4.022100067138671875e+01 -3.388000011444091797e+00 6.362999916076660156e+00
-4.023799896240234375e+01 -4.333000183105468750e+00 6.526000022888183594e+00
-4.016799926757812500e+01 -5.192999839782714844e+00 6.698999881744384766e+00
-4.010300064086914062e+01 -6.074999809265136719e+00 6.872000217437744141e+00
-4.004899978637695312e+01 -6.947000026702880859e+00 6.992000102996826172e+00
-4.003499984741210938e+01 -7.866000175476074219e+00 7.122000217437744141e+00
-3.997999954223632812e+01 -8.894000053405761719e+00 7.304999828338623047e+00
-3.996400070190429688e+01 -9.909000396728515625e+00 7.477000236511230469e+00
-3.993399810791015625e+01 -1.086200046539306641e+01 7.626999855041503906e+00
-3.988299942016601562e+01 -1.203699970245361328e+01 7.811999797821044922e+00
-3.980099868774414062e+01 -1.307900047302246094e+01 8.001999855041503906e+00
-3.971900177001953125e+01 -1.407999992370605469e+01 8.189999580383300781e+00
-3.965700149536132812e+01 -1.511900043487548828e+01 8.414999961853027344e+00
-3.958399963378906250e+01 -1.615200042724609375e+01 8.642000198364257812e+00
-3.948300170898437500e+01 -1.724600028991699219e+01 8.843000411987304688e+00
-3.939400100708007812e+01 -1.829199981689453125e+01 9.064000129699707031e+00
-3.923300170898437500e+01 -1.939100074768066406e+01 9.291999816894531250e+00
-3.909600067138671875e+01 -2.042099952697753906e+01 9.494000434875488281e+00
-3.902799987792968750e+01 -2.164800071716308594e+01 9.750000000000000000e+00
-3.895100021362304688e+01 -2.279199981689453125e+01 9.984000205993652344e+00
-3.880500030517578125e+01 -2.381800079345703125e+01 1.018700027465820312e+01
-3.864699935913085938e+01 -2.488999938964843750e+01 1.042599964141845703e+01
-3.855899810791015625e+01 -2.592399978637695312e+01 1.064599990844726562e+01
-3.851599884033203125e+01 -2.708900070190429688e+01 1.086699962615966797e+01
-3.848600006103515625e+01 -2.821599960327148438e+01 1.108399963378906250e+01
-3.843199920654296875e+01 -2.936300086975097656e+01 1.130000019073486328e+01
-3.833499908447265625e+01 -3.051899909973144531e+01 1.153199958801269531e+01
-3.818299865722656250e+01 -3.156699943542480469e+01 1.171000003814697266e+01
-3.809099960327148438e+01 -3.255099868774414062e+01 1.189799976348876953e+01
-3.791400146484375000e+01 -3.358900070190429688e+01 1.210099983215332031e+01
-3.782699966430664062e+01 -3.465599822998046875e+01 1.235299968719482422e+01
-3.763299942016601562e+01 -3.569599914550781250e+01 1.261100006103515625e+01
-3.745299911499023438e+01 -3.667499923706054688e+01 1.283300018310546875e+01
-3.728599929809570312e+01 -3.767499923706054688e+01 1.305900001525878906e+01
-3.715499877929687500e+01 -3.861700057983398438e+01 1.326000022888183594e+01
-3.704999923706054688e+01 -3.956999969482421875e+01 1.345899963378906250e+01
-3.695000076293945312e+01 -4.059799957275390625e+01 1.365699958801269531e+01
-3.683700180053710938e+01 -4.164599990844726562e+01 1.382800006866455078e+01
-3.666500091552734375e+01 -4.261700057983398438e+01 1.398200035095214844e+01
-3.648300170898437500e+01 -4.370899963378906250e+01 1.416600036621093750e+01
-3.626800155639648438e+01 -4.477000045776367188e+01 1.432699966430664062e+01
-3.607600021362304688e+01 -4.584199905395507812e+01 1.450699996948242188e+01
-3.582799911499023438e+01 -4.695199966430664062e+01 1.467700004577636719e+01
-3.562599945068359375e+01 -4.801300048828125000e+01 1.486200046539306641e+01
-3.545199966430664062e+01 -4.906700134277343750e+01 1.506299972534179688e+01
-3.526599884033203125e+01 -5.016400146484375000e+01 1.528899955749511719e+01
-3.509899902343750000e+01 -5.118199920654296875e+01 1.551599979400634766e+01
-3.495199966430664062e+01 -5.223899841308593750e+01 1.570600032806396484e+01
-3.479600143432617188e+01 -5.342300033569335938e+01 1.595100021362304688e+01
-3.465499877929687500e+01 -5.453699874877929688e+01 1.621199989318847656e+01
-3.451399993896484375e+01 -5.559799957275390625e+01 1.644000053405761719e+01
-3.442900085449218750e+01 -5.676699829101562500e+01 1.671100044250488281e+01
-3.433499908447265625e+01 -5.798500061035156250e+01 1.696400070190429688e+01
-3.419599914550781250e+01 -5.920500183105468750e+01 1.721599960327148438e+01
-3.408399963378906250e+01 -6.034700012207031250e+01 1.748500061035156250e+01
-3.401499938964843750e+01 -6.147100067138671875e+01 1.776600074768066406e+01
-3.391500091552734375e+01 -6.268700027465820312e+01 1.799699974060058594e+01
-3.376499938964843750e+01 -6.386299896240234375e+01 1.824799919128417969e+01
-3.355599975585937500e+01 -6.497499847412109375e+01 1.850399971008300781e+01
-3.334999847412109375e+01 -6.614399719238281250e+01 1.875799942016601562e+01
-3.313399887084960938e+01 -6.730599975585937500e+01 1.902199935913085938e+01
-3.291400146484375000e+01 -6.842800140380859375e+01 1.922699928283691406e+01
-3.270600128173828125e+01 -6.962699890136718750e+01 1.947999954223632812e+01
-3.245899963378906250e+01 -7.081999969482421875e+01 1.974200057983398438e+01
-3.222700119018554688e+01 -7.200700378417968750e+01 1.999399948120117188e+01
-3.202199935913085938e+01 -7.327400207519531250e+01 2.025200080871582031e+01
-3.178599929809570312e+01 -7.456900024414062500e+01 2.054000091552734375e+01
-3.155699920654296875e+01 -7.585900115966796875e+01 2.086000061035156250e+01
-3.138599967956542969e+01 -7.708699798583984375e+01 2.112899971008300781e+01
-3.120100021362304688e+01 -7.839099884033203125e+01 2.139800071716308594e+01
-3.105400085449218750e+01 -7.966500091552734375e+01 2.165500068664550781e+01
-3.088400077819824219e+01 -8.092900085449218750e+01 2.191900062561035156e+01
-3.073600006103515625e+01 -8.219100189208984375e+01 2.215600013732910156e+01
-3.058399963378906250e+01 -8.345500183105468750e+01 2.240699958801269531e+01
-3.040900039672851562e+01 -8.484600067138671875e+01 2.264500045776367188e+01
-3.025000000000000000e+01 -8.606400299072265625e+01 2.284600067138671875e+01
-3.010099983215332031e+01 -8.743699645996093750e+01 2.310099983215332031e+01
-2.997100067138671875e+01 -8.874500274658203125e+01 2.333399963378906250e+01
-2.981200027465820312e+01 -9.003600311279296875e+01 2.356399917602539062e+01
-2.966099929809570312e+01 -9.131199645996093750e+01 2.382099914550781250e+01
-2.955299949645996094e+01 -9.258100128173828125e+01 2.413500022888183594e+01
-2.946199989318847656e+01 -9.377700042724609375e+01 2.436899948120117188e+01
-2.944700050354003906e+01 -9.494599914550781250e+01 2.462199974060058594e+01
-2.938500022888183594e+01 -9.616699981689453125e+01 2.487199974060058594e+01
-2.932500076293945312e+01 -9.730300140380859375e+01 2.509000015258789062e+01
-2.918600082397460938e+01 -9.847799682617187500e+01 2.536300086975097656e+01
-2.905500030517578125e+01 -9.960099792480468750e+01 2.560700035095214844e+01
-2.885499954223632812e+01 -1.008000030517578125e+02 2.588999938964843750e+01
-2.878599929809570312e+01 -1.019599990844726562e+02 2.613999938964843750e+01
-2.871899986267089844e+01 -1.029499969482421875e+02 2.633900070190429688e+01
-2.867799949645996094e+01 -1.040899963378906250e+02 2.656500053405761719e+01
-2.864999961853027344e+01 -1.050400009155273438e+02 2.673299980163574219e+01
-2.865200042724609375e+01 -1.060500030517578125e+02 2.690299987792968750e+01
-2.861599922180175781e+01 -1.070199966430664062e+02 2.708399963378906250e+01
-2.856699943542480469e+01 -1.079400024414062500e+02 2.727799987792968750e+01
-2.849799919128417969e+01 -1.088099975585937500e+02 2.747100067138671875e+01
-2.839900016784667969e+01 -1.095899963378906250e+02 2.765299987792968750e+01
-2.826899909973144531e+01 -1.104199981689453125e+02 2.785000038146972656e+01
-2.811000061035156250e+01 -1.111299972534179688e+02 2.798900032043457031e+01
-2.794300079345703125e+01 -1.119400024414062500e+02 2.815099906921386719e+01
-2.781500053405761719e+01 -1.126500015258789062e+02 2.829199981689453125e+01
-2.765399932861328125e+01 -1.133300018310546875e+02 2.844499969482421875e+01
-2.750099945068359375e+01 -1.139899978637695312e+02 2.858600044250488281e+01
-2.731399917602539062e+01 -1.146600036621093750e+02 2.873500061035156250e+01
-2.710700035095214844e+01 -1.152500000000000000e+02 2.889299964904785156e+01
-2.682299995422363281e+01 -1.158700027465820312e+02 2.905200004577636719e+01
-2.658399963378906250e+01 -1.164000015258789062e+02 2.917900085449218750e+01
-2.630500030517578125e+01 -1.169899978637695312e+02 2.934499931335449219e+01
-2.604400062561035156e+01 -1.175199966430664062e+02 2.948999977111816406e+01
-2.575699996948242188e+01 -1.180500030517578125e+02 2.967600059509277344e+01
-2.537400054931640625e+01 -1.185400009155273438e+02 2.980999946594238281e+01
-2.492600059509277344e+01 -1.190000000000000000e+02 2.993300056457519531e+01
-2.444000053405761719e+01 -1.194199981689453125e+02 3.005599975585937500e+01
-2.390900039672851562e+01 -1.197799987792968750e+02 3.017200088500976562e+01
-2.336199951171875000e+01 -1.200699996948242188e+02 3.029700088500976562e+01
-2.280599975585937500e+01 -1.202399978637695312e+02 3.037500000000000000e+01
-2.218499946594238281e+01 -1.204400024414062500e+02 3.047800064086914062e+01
-2.160199928283691406e+01 -1.206100006103515625e+02 3.058900070190429688e+01
-2.106299972534179688e+01 -1.207300033569335938e+02 3.068400001525878906e+01
-2.047699928283691406e+01 -1.208499984741210938e+02 3.079700088500976562e+01
-1.988699913024902344e+01 -1.209499969482421875e+02 3.089999961853027344e+01
-1.921299934387207031e+01 -1.210400009155273438e+02 3.100900077819824219e+01
-1.856800079345703125e+01 -1.210599975585937500e+02 3.110000038146972656e+01
-1.793300056457519531e+01 -1.210500030517578125e+02 3.118400001525878906e+01
-1.719700050354003906e+01 -1.210699996948242188e+02 3.128400039672851562e+01
-1.650399971008300781e+01 -1.210000000000000000e+02 3.137899971008300781e+01
-1.582600021362304688e+01 -1.209400024414062500e+02 3.147699928283691406e+01
-1.511900043487548828e+01 -1.208399963378906250e+02 3.156599998474121094e+01
-1.440600013732910156e+01 -1.207300033569335938e+02 3.164800071716308594e+01
-1.358300018310546875e+01 -1.205999984741210938e+02 3.176199913024902344e+01
-1.288500022888183594e+01 -1.204300003051757812e+02 3.185700035095214844e+01
-1.194900035858154297e+01 -1.201699981689453125e+02 3.200099945068359375e+01
-1.116300010681152344e+01 -1.199700012207031250e+02 3.208700180053710938e+01
-1.030700016021728516e+01 -1.196999969482421875e+02 3.215800094604492188e+01
-9.383999824523925781e+00 -1.194400024414062500e+02 3.222000122070312500e+01
-8.628000259399414062e+00 -1.192799987792968750e+02 3.233399963378906250e+01
-7.903999805450439453e+00 -1.191800003051757812e+02 3.244900131225585938e+01
-7.164000034332275391e+00 -1.190400009155273438e+02 3.252899932861328125e+01
-6.353000164031982422e+00 -1.188700027465820312e+02 3.261000061035156250e+01
-5.565000057220458984e+00 -1.187099990844726562e+02 3.270299911499023438e+01
-4.646999835968017578e+00 -1.185299987792968750e+02 3.281399917602539062e+01
-3.765000104904174805e+00 -1.183700027465820312e+02 3.291799926757812500e+01
-3.032999992370605469e+00 -1.182500000000000000e+02 3.300500106811523438e+01
-2.244999885559082031e+00 -1.181299972534179688e+02 3.311000061035156250e+01
-1.491999983787536621e+00 -1.180400009155273438e+02 3.323699951171875000e+01
-7.220000028610229492e-01 -1.179400024414062500e+02 3.333700180053710938e+01
8.600000292062759399e-02 -1.177900009155273438e+02 3.342100143432617188e+01
9.350000023841857910e-01 -1.176600036621093750e+02 3.351100158691406250e+01
1.718999981880187988e+00 -1.175500030517578125e+02 3.360200119018554688e+01
2.500999927520751953e+00 -1.174400024414062500e+02 3.368999862670898438e+01
3.285000085830688477e+00 -1.173199996948242188e+02 3.377299880981445312e+01
4.127999782562255859e+00 -1.171999969482421875e+02 3.385699844360351562e+01
4.967999935150146484e+00 -1.170699996948242188e+02 3.393299865722656250e+01
5.804999828338623047e+00 -1.169400024414062500e+02 3.401900100708007812e+01
6.671999931335449219e+00 -1.168300018310546875e+02 3.411600112915039062e+01
7.554999828338623047e+00 -1.166999969482421875e+02 3.420100021362304688e+01
8.347999572753906250e+00 -1.165999984741210938e+02 3.427899932861328125e+01
9.192000389099121094e+00 -1.164800033569335938e+02 3.438299942016601562e+01
1.001799964904785156e+01 -1.163099975585937500e+02 3.446099853515625000e+01
1.078499984741210938e+01 -1.161900024414062500e+02 3.452700042724609375e+01
1.154300022125244141e+01 -1.160899963378906250e+02 3.461000061035156250e+01
1.233399963378906250e+01 -1.159800033569335938e+02 3.469800186157226562e+01
1.312100028991699219e+01 -1.158799972534179688e+02 3.478900146484375000e+01
1.389599990844726562e+01 -1.157600021362304688e+02 3.486100006103515625e+01
1.468200016021728516e+01 -1.156500015258789062e+02 3.493000030517578125e+01
1.541899967193603516e+01 -1.155199966430664062e+02 3.497999954223632812e+01
1.615500068664550781e+01 -1.153600006103515625e+02 3.503900146484375000e+01
1.692499923706054688e+01 -1.152099990844726562e+02 3.511100006103515625e+01
1.772100067138671875e+01 -1.150500030517578125e+02 3.516799926757812500e+01
1.857600021362304688e+01 -1.149100036621093750e+02 3.525299835205078125e+01
1.944300079345703125e+01 -1.147300033569335938e+02 3.531900024414062500e+01
2.043700027465820312e+01 -1.145299987792968750e+02 3.538199996948242188e+01
2.125000000000000000e+01 -1.143499984741210938e+02 3.546799850463867188e+01
2.211400032043457031e+01 -1.141699981689453125e+02 3.555799865722656250e+01
2.302899932861328125e+01 -1.139899978637695312e+02 3.561800003051757812e+01
2.388699913024902344e+01 -1.138499984741210938e+02 3.567599868774414062e+01
2.467700004577636719e+01 -1.136999969482421875e+02 3.572700119018554688e+01
2.551300048828125000e+01 -1.135400009155273438e+02 3.580599975585937500e+01
2.635899925231933594e+01 -1.133799972534179688e+02 3.588600158691406250e+01
2.716600036621093750e+01 -1.132099990844726562e+02 3.596099853515625000e+01
2.801899909973144531e+01 -1.130000000000000000e+02 3.602899932861328125e+01
2.901000022888183594e+01 -1.128600006103515625e+02 3.613000106811523438e+01
2.994300079345703125e+01 -1.126900024414062500e+02 3.622100067138671875e+01
3.084600067138671875e+01 -1.125699996948242188e+02 3.627299880981445312e+01
3.178499984741210938e+01 -1.124700012207031250e+02 3.635200119018554688e+01
3.276699829101562500e+01 -1.123700027465820312e+02 3.650099945068359375e+01
3.357400131225585938e+01 -1.122799987792968750e+02 3.667399978637695312e+01
3.438199996948242188e+01 -1.122099990844726562e+02 3.682500076293945312e+01
3.531000137329101562e+01 -1.121399993896484375e+02 3.692100143432617188e+01
3.617699813842773438e+01 -1.120800018310546875e+02 3.700299835205078125e+01
3.706800079345703125e+01 -1.120299987792968750e+02 3.709999847412109375e+01
3.798600006103515625e+01 -1.119899978637695312e+02 3.722800064086914062e+01
3.881200027465820312e+01 -1.119499969482421875e+02 3.733200073242187500e+01
3.962799835205078125e+01 -1.119199981689453125e+02 3.742300033569335938e+01
4.044800186157226562e+01 -1.118899993896484375e+02 3.750500106811523438e+01
4.125699996948242188e+01 -1.118600006103515625e+02 3.758599853515625000e+01
4.213899993896484375e+01 -1.118000030517578125e+02 3.768099975585937500e+01
4.304600143432617188e+01 -1.117500000000000000e+02 3.777999877929687500e+01
4.386899948120117188e+01 -1.116900024414062500e+02 3.787400054931640625e+01
4.467699813842773438e+01 -1.116200027465820312e+02 3.795999908447265625e+01
4.543199920654296875e+01 -1.115500030517578125e+02 3.802999877929687500e+01
4.616899871826171875e+01 -1.114700012207031250e+02 3.809700012207031250e+01
4.689599990844726562e+01 -1.113899993896484375e+02 3.816799926757812500e+01
4.757600021362304688e+01 -1.113300018310546875e+02 3.823300170898437500e+01
4.822999954223632812e+01 -1.112600021362304688e+02 3.827199935913085938e+01
4.874100112915039062e+01 -1.111999969482421875e+02 3.831299972534179688e+01
4.925299835205078125e+01 -1.111200027465820312e+02 3.834899902343750000e+01
4.971400070190429688e+01 -1.110500030517578125e+02 3.838800048828125000e+01
5.013999938964843750e+01 -1.109800033569335938e+02 3.841400146484375000e+01
5.060699844360351562e+01 -1.109100036621093750e+02 3.843000030517578125e+01
5.097000122070312500e+01 -1.108600006103515625e+02 3.845399856567382812e+01
5.128599929809570312e+01 -1.108199996948242188e+02 3.847100067138671875e+01
5.157300186157226562e+01 -1.107799987792968750e+02 3.847299957275390625e+01
5.180300140380859375e+01 -1.107500000000000000e+02 3.847499847412109375e+01
5.197600173950195312e+01 -1.107200012207031250e+02 3.848099899291992188e+01
5.208800125122070312e+01 -1.107099990844726562e+02 3.848400115966796875e+01
5.217699813842773438e+01 -1.106999969482421875e+02 3.848699951171875000e+01
5.222299957275390625e+01 -1.106900024414062500e+02 3.848899841308593750e+01
5.224100112915039062e+01 -1.106800003051757812e+02 3.849200057983398438e+01
5.224399948120117188e+01 -1.106800003051757812e+02 3.849499893188476562e+01
5.224000167846679688e+01 -1.106900024414062500e+02 3.849599838256835938e+01
5.224000167846679688e+01 -1.106900024414062500e+02 3.849700164794921875e+01
5.224200057983398438e+01 -1.106800003051757812e+02 3.849800109863281250e+01
5.224100112915039062e+01 -1.106800003051757812e+02 3.850000000000000000e+01
5.224399948120117188e+01 -1.106800003051757812e+02 3.850000000000000000e+01
5.225500106811523438e+01 -1.106800003051757812e+02 3.850199890136718750e+01
5.227099990844726562e+01 -1.106800003051757812e+02 3.850099945068359375e+01
5.227899932861328125e+01 -1.106800003051757812e+02 3.850000000000000000e+01
5.227999877929687500e+01 -1.106800003051757812e+02 3.849900054931640625e+01
5.227999877929687500e+01 -1.106800003051757812e+02 3.850099945068359375e+01
5.228099822998046875e+01 -1.106800003051757812e+02 3.850000000000000000e+01
5.228099822998046875e+01 -1.106800003051757812e+02 3.850099945068359375e+01
5.228099822998046875e+01 -1.106800003051757812e+02 3.850099945068359375e+01
5.228099822998046875e+01 -1.106800003051757812e+02 3.850099945068359375e+01
5.228099822998046875e+01 -1.106800003051757812e+02 3.850199890136718750e+01
5.228099822998046875e+01 -1.106800003051757812e+02 3.850199890136718750e+01
5.228099822998046875e+01 -1.106800003051757812e+02 3.850299835205078125e+01
5.228200149536132812e+01 -1.106800003051757812e+02 3.850299835205078125e+01
5.228200149536132812e+01 -1.106800003051757812e+02 3.850299835205078125e+01
5.228200149536132812e+01 -1.106800003051757812e+02 3.850199890136718750e+01
5.228200149536132812e+01 -1.106800003051757812e+02 3.850199890136718750e+01
5.228200149536132812e+01 -1.106800003051757812e+02 3.850299835205078125e+01
5.228200149536132812e+01 -1.106800003051757812e+02 3.850299835205078125e+01
5.228200149536132812e+01 -1.106800003051757812e+02 3.850299835205078125e+01
5.228200149536132812e+01 -1.106800003051757812e+02 3.850400161743164062e+01
5.228200149536132812e+01 -1.106800003051757812e+02 3.850400161743164062e+01
5.228200149536132812e+01 -1.106800003051757812e+02 3.850400161743164062e+01
5.229000091552734375e+01 -1.106800003051757812e+02 3.850600051879882812e+01
5.231299972534179688e+01 -1.106800003051757812e+02 3.850799942016601562e+01
5.235499954223632812e+01 -1.106800003051757812e+02 3.850600051879882812e+01
5.240599822998046875e+01 -1.106699981689453125e+02 3.850699996948242188e+01
5.246200180053710938e+01 -1.106600036621093750e+02 3.850799942016601562e+01
5.252799987792968750e+01 -1.106600036621093750e+02 3.850600051879882812e+01
5.260599899291992188e+01 -1.106600036621093750e+02 3.850600051879882812e+01
5.269699859619140625e+01 -1.106600036621093750e+02 3.850000000000000000e+01
5.276499938964843750e+01 -1.106500015258789062e+02 3.850099945068359375e+01
5.281900024414062500e+01 -1.106399993896484375e+02 3.850299835205078125e+01
5.286999893188476562e+01 -1.106299972534179688e+02 3.850500106811523438e+01
5.291299819946289062e+01 -1.106200027465820312e+02 3.850799942016601562e+01
5.294300079345703125e+01 -1.106200027465820312e+02 3.850999832153320312e+01
5.296599960327148438e+01 -1.106100006103515625e+02 3.851200103759765625e+01
5.297800064086914062e+01 -1.106100006103515625e+02 3.851300048828125000e+01
5.298099899291992188e+01 -1.106100006103515625e+02 3.851399993896484375e+01
5.298199844360351562e+01 -1.106100006103515625e+02 3.851699829101562500e+01
5.298199844360351562e+01 -1.106100006103515625e+02 3.851699829101562500e+01
5.298099899291992188e+01 -1.106100006103515625e+02 3.851599884033203125e+01
5.297999954223632812e+01 -1.106100006103515625e+02 3.851699829101562500e+01
5.297999954223632812e+01 -1.106100006103515625e+02 3.851699829101562500e+01
5.297900009155273438e+01 -1.106100006103515625e+02 3.851699829101562500e+01
5.297900009155273438e+01 -1.106100006103515625e+02 3.851599884033203125e+01
5.297900009155273438e+01 -1.106100006103515625e+02 3.851699829101562500e+01
5.297999954223632812e+01 -1.106100006103515625e+02 3.851800155639648438e+01
5.297900009155273438e+01 -1.106100006103515625e+02 3.851800155639648438e+01
5.297900009155273438e+01 -1.106100006103515625e+02 3.851699829101562500e+01
5.297900009155273438e+01 -1.106100006103515625e+02 3.851699829101562500e+01
5.297999954223632812e+01 -1.105999984741210938e+02 3.851900100708007812e+01
5.298099899291992188e+01 -1.105999984741210938e+02 3.851800155639648438e+01
5.297999954223632812e+01 -1.105999984741210938e+02 3.851800155639648438e+01
5.297999954223632812e+01 -1.105999984741210938e+02 3.851800155639648438e+01
5.297900009155273438e+01 -1.105999984741210938e+02 3.851900100708007812e+01
5.297900009155273438e+01 -1.105999984741210938e+02 3.851800155639648438e+01
5.297900009155273438e+01 -1.105999984741210938e+02 3.851800155639648438e+01
5.297900009155273438e+01 -1.105999984741210938e+02 3.851699829101562500e+01
5.297800064086914062e+01 -1.105999984741210938e+02 3.851699829101562500e+01
5.297800064086914062e+01 -1.105999984741210938e+02 3.851699829101562500e+01
5.297800064086914062e+01 -1.105999984741210938e+02 3.852000045776367188e+01
5.297800064086914062e+01 -1.105999984741210938e+02 3.851900100708007812e+01
5.297700119018554688e+01 -1.105999984741210938e+02 3.851800155639648438e+01
5.297800064086914062e+01 -1.105999984741210938e+02 3.851800155639648438e+01
5.297900009155273438e+01 -1.105999984741210938e+02 3.851800155639648438e+01
5.297800064086914062e+01 -1.105999984741210938e+02 3.851900100708007812e+01
5.297700119018554688e+01 -1.105999984741210938e+02 3.851800155639648438e+01
5.297700119018554688e+01 -1.105999984741210938e+02 3.851800155639648438e+01
5.297700119018554688e+01 -1.105999984741210938e+02 3.851900100708007812e+01
5.297700119018554688e+01 -1.105999984741210938e+02 3.852099990844726562e+01
5.297700119018554688e+01 -1.105999984741210938e+02 3.852000045776367188e+01
5.297600173950195312e+01 -1.105999984741210938e+02 3.852000045776367188e+01
5.297600173950195312e+01 -1.105999984741210938e+02 3.852000045776367188e+01
5.297499847412109375e+01 -1.105999984741210938e+02 3.852099990844726562e+01
5.297600173950195312e+01 -1.105999984741210938e+02 3.852099990844726562e+01
5.297800064086914062e+01 -1.105999984741210938e+02 3.851800155639648438e+01
5.297800064086914062e+01 -1.105999984741210938e+02 3.851900100708007812e+01
5.297700119018554688e+01 -1.105999984741210938e+02 3.851900100708007812e+01
5.297700119018554688e+01 -1.105999984741210938e+02 3.851800155639648438e+01
5.297600173950195312e+01 -1.105999984741210938e+02 3.852099990844726562e+01
5.297700119018554688e+01 -1.105999984741210938e+02 3.852000045776367188e+01
5.297700119018554688e+01 -1.105999984741210938e+02 3.851900100708007812e+01
5.297700119018554688e+01 -1.105999984741210938e+02 3.851900100708007812e+01
5.297600173950195312e+01 -1.105999984741210938e+02 3.851800155639648438e+01
5.297600173950195312e+01 -1.105999984741210938e+02 3.851800155639648438e+01
5.297700119018554688e+01 -1.105999984741210938e+02 3.851900100708007812e+01
5.297700119018554688e+01 -1.105999984741210938e+02 3.852000045776367188e+01
5.297800064086914062e+01 -1.105999984741210938e+02 3.852099990844726562e+01
5.297700119018554688e+01 -1.105999984741210938e+02 3.852299880981445312e+01
5.297800064086914062e+01 -1.105999984741210938e+02 3.852099990844726562e+01
5.297800064086914062e+01 -1.105999984741210938e+02 3.852199935913085938e+01
5.297800064086914062e+01 -1.105999984741210938e+02 3.852099990844726562e+01
5.297800064086914062e+01 -1.105999984741210938e+02 3.852199935913085938e+01
5.297800064086914062e+01 -1.105999984741210938e+02 3.852199935913085938e+01
5.297900009155273438e+01 -1.105999984741210938e+02 3.852099990844726562e+01
5.297900009155273438e+01 -1.105999984741210938e+02 3.852000045776367188e+01
5.297800064086914062e+01 -1.105999984741210938e+02 3.852099990844726562e+01
5.297800064086914062e+01 -1.105999984741210938e+02 3.852099990844726562e+01
5.297900009155273438e+01 -1.105999984741210938e+02 3.852099990844726562e+01
5.297900009155273438e+01 -1.105999984741210938e+02 3.852099990844726562e+01
5.297900009155273438e+01 -1.105999984741210938e+02 3.852000045776367188e+01
5.297900009155273438e+01 -1.105999984741210938e+02 3.852199935913085938e+01
5.297900009155273438e+01 -1.105999984741210938e+02 3.852199935913085938e+01
5.297900009155273438e+01 -1.105999984741210938e+02 3.852199935913085938e+01
5.297999954223632812e+01 -1.105999984741210938e+02 3.852099990844726562e+01
5.298099899291992188e+01 -1.106100006103515625e+02 3.852299880981445312e+01
5.299100112915039062e+01 -1.105999984741210938e+02 3.853099822998046875e+01
5.302099990844726562e+01 -1.105999984741210938e+02 3.853400039672851562e+01
5.305799865722656250e+01 -1.105999984741210938e+02 3.853499984741210938e+01
5.311700057983398438e+01 -1.105999984741210938e+02 3.853599929809570312e+01
5.318299865722656250e+01 -1.105999984741210938e+02 3.853799819946289062e+01
5.327299880981445312e+01 -1.106100006103515625e+02 3.854100036621093750e+01
5.338999938964843750e+01 -1.106200027465820312e+02 3.854800033569335938e+01
5.352700042724609375e+01 -1.106299972534179688e+02 3.854899978637695312e+01
5.367599868774414062e+01 -1.106500015258789062e+02 3.855699920654296875e+01
5.383700180053710938e+01 -1.106500015258789062e+02 3.857300186157226562e+01
5.404000091552734375e+01 -1.106600036621093750e+02 3.859299850463867188e+01
5.426200103759765625e+01 -1.106500015258789062e+02 3.861500167846679688e+01
5.452199935913085938e+01 -1.106500015258789062e+02 3.862699890136718750e+01
5.476300048828125000e+01 -1.106699981689453125e+02 3.864300155639648438e+01
5.505199813842773438e+01 -1.107099990844726562e+02 3.866500091552734375e+01
5.536500167846679688e+01 -1.107200012207031250e+02 3.869900131225585938e+01
5.565100097656250000e+01 -1.107500000000000000e+02 3.872600173950195312e+01
5.600099945068359375e+01 -1.107600021362304688e+02 3.875099945068359375e+01
5.634500122070312500e+01 -1.107799987792968750e+02 3.878499984741210938e+01
5.675099945068359375e+01 -1.108000030517578125e+02 3.881999969482421875e+01
5.715499877929687500e+01 -1.108199996948242188e+02 3.885200119018554688e+01
5.758300018310546875e+01 -1.108399963378906250e+02 3.889300155639648438e+01
5.806499862670898438e+01 -1.108700027465820312e+02 3.893600082397460938e+01
5.849200057983398438e+01 -1.109100036621093750e+02 3.897399902343750000e+01
5.893299865722656250e+01 -1.109300003051757812e+02 3.901599884033203125e+01
5.938999938964843750e+01 -1.109499969482421875e+02 3.905799865722656250e+01
5.986600112915039062e+01 -1.109599990844726562e+02 3.910599899291992188e+01
6.030099868774414062e+01 -1.109700012207031250e+02 3.914799880981445312e+01
6.083900070190429688e+01 -1.109800033569335938e+02 3.918799972534179688e+01
6.131600189208984375e+01 -1.109899978637695312e+02 3.922600173950195312e+01
6.180099868774414062e+01 -1.110000000000000000e+02 3.925799942016601562e+01
6.231000137329101562e+01 -1.110100021362304688e+02 3.927999877929687500e+01
6.283800125122070312e+01 -1.110199966430664062e+02 3.929899978637695312e+01
6.333200073242187500e+01 -1.110199966430664062e+02 3.933399963378906250e+01
6.381700134277343750e+01 -1.109899978637695312e+02 3.937200164794921875e+01
6.434899902343750000e+01 -1.109300003051757812e+02 3.940599822998046875e+01
6.486799621582031250e+01 -1.108700027465820312e+02 3.943600082397460938e+01
6.544100189208984375e+01 -1.107900009155273438e+02 3.947999954223632812e+01
6.620700073242187500e+01 -1.108899993896484375e+02 3.952199935913085938e+01
6.684400177001953125e+01 -1.107600021362304688e+02 3.956499862670898438e+01
6.741200256347656250e+01 -1.106699981689453125e+02 3.960699844360351562e+01
6.792299652099609375e+01 -1.105899963378906250e+02 3.963199996948242188e+01
6.849600219726562500e+01 -1.105000000000000000e+02 3.967399978637695312e+01
6.897499847412109375e+01 -1.104599990844726562e+02 3.970500183105468750e+01
6.942900085449218750e+01 -1.104100036621093750e+02 3.973799896240234375e+01
7.008200073242187500e+01 -1.103300018310546875e+02 3.978400039672851562e+01
7.071800231933593750e+01 -1.102500000000000000e+02 3.982099914550781250e+01
7.142500305175781250e+01 -1.101999969482421875e+02 3.986199951171875000e+01
7.200399780273437500e+01 -1.101500015258789062e+02 3.990599822998046875e+01
7.265100097656250000e+01 -1.101100006103515625e+02 3.996099853515625000e+01
7.323400115966796875e+01 -1.099899978637695312e+02 4.000400161743164062e+01
7.394100189208984375e+01 -1.098300018310546875e+02 4.004399871826171875e+01
7.464399719238281250e+01 -1.096699981689453125e+02 4.011399841308593750e+01
7.532700347900390625e+01 -1.095400009155273438e+02 4.017200088500976562e+01
7.602600097656250000e+01 -1.093899993896484375e+02 4.023600006103515625e+01
7.675800323486328125e+01 -1.092300033569335938e+02 4.029800033569335938e+01
7.758000183105468750e+01 -1.090500030517578125e+02 4.038800048828125000e+01
7.834700012207031250e+01 -1.089199981689453125e+02 4.047200012207031250e+01
7.910199737548828125e+01 -1.088700027465820312e+02 4.056000137329101562e+01
7.988800048828125000e+01 -1.088099975585937500e+02 4.062599945068359375e+01
8.075000000000000000e+01 -1.087399978637695312e+02 4.070899963378906250e+01
8.153099822998046875e+01 -1.086999969482421875e+02 4.080400085449218750e+01
8.226499938964843750e+01 -1.086500015258789062e+02 4.091899871826171875e+01
8.307700347900390625e+01 -1.086399993896484375e+02 4.099700164794921875e+01
8.390000152587890625e+01 -1.085699996948242188e+02 4.107699966430664062e+01
8.475299835205078125e+01 -1.085299987792968750e+02 4.116299819946289062e+01
8.544899749755859375e+01 -1.084199981689453125e+02 4.124900054931640625e+01
8.612500000000000000e+01 -1.083300018310546875e+02 4.133100128173828125e+01
8.698799896240234375e+01 -1.082200012207031250e+02 4.141400146484375000e+01
8.758499908447265625e+01 -1.081999969482421875e+02 4.147999954223632812e+01
8.816600036621093750e+01 -1.081699981689453125e+02 4.151699829101562500e+01
8.868599700927734375e+01 -1.081699981689453125e+02 4.157799911499023438e+01
8.910299682617187500e+01 -1.081999969482421875e+02 4.162400054931640625e+01
8.949400329589843750e+01 -1.082200012207031250e+02 4.167399978637695312e+01
8.988800048828125000e+01 -1.082399978637695312e+02 4.172299957275390625e+01
9.022299957275390625e+01 -1.082399978637695312e+02 4.176300048828125000e+01
9.054100036621093750e+01 -1.082200012207031250e+02 4.180199813842773438e+01
9.080899810791015625e+01 -1.081900024414062500e+02 4.184299850463867188e+01
9.113099670410156250e+01 -1.081100006103515625e+02 4.188600158691406250e+01
9.141200256347656250e+01 -1.080199966430664062e+02 4.191299819946289062e+01
9.168499755859375000e+01 -1.079100036621093750e+02 4.195800018310546875e+01
9.195400238037109375e+01 -1.077600021362304688e+02 4.198300170898437500e+01
9.221700286865234375e+01 -1.075899963378906250e+02 4.200400161743164062e+01
9.251999664306640625e+01 -1.073600006103515625e+02 4.204299926757812500e+01
9.283899688720703125e+01 -1.071100006103515625e+02 4.206999969482421875e+01
9.318599700927734375e+01 -1.067900009155273438e+02 4.208399963378906250e+01
9.352999877929687500e+01 -1.063899993896484375e+02 4.210300064086914062e+01
9.279399871826171875e+01 -1.051100006103515625e+02 4.171300125122070312e+01
9.311100006103515625e+01 -1.046500015258789062e+02 4.173199844360351562e+01
9.344000244140625000e+01 -1.041299972534179688e+02 4.177700042724609375e+01
9.373699951171875000e+01 -1.035100021362304688e+02 4.183499908447265625e+01
9.393000030517578125e+01 -1.029300003051757812e+02 4.184700012207031250e+01
9.315699768066406250e+01 -1.027300033569335938e+02 4.129899978637695312e+01
9.314199829101562500e+01 -1.031100006103515625e+02 4.146400070190429688e+01
9.480899810791015625e+01 -1.025599975585937500e+02 4.055899810791015625e+01
9.482800292968750000e+01 -1.017099990844726562e+02 4.055599975585937500e+01
9.486199951171875000e+01 -1.009400024414062500e+02 4.055099868774414062e+01
9.601699829101562500e+01 -9.971499633789062500e+01 3.923799896240234375e+01
9.595200347900390625e+01 -9.872599792480468750e+01 3.925299835205078125e+01
9.583100128173828125e+01 -9.773999786376953125e+01 3.925999832153320312e+01
9.566400146484375000e+01 -9.676399993896484375e+01 3.924499893188476562e+01
9.546299743652343750e+01 -9.576300048828125000e+01 3.923099899291992188e+01
9.527899932861328125e+01 -9.474099731445312500e+01 3.924599838256835938e+01
9.502200317382812500e+01 -9.349700164794921875e+01 3.926300048828125000e+01
9.479299926757812500e+01 -9.261199951171875000e+01 3.927199935913085938e+01
9.456900024414062500e+01 -9.157700347900390625e+01 3.927799987792968750e+01
9.430699920654296875e+01 -9.043599700927734375e+01 3.933300018310546875e+01
9.404000091552734375e+01 -8.940599822998046875e+01 3.938700103759765625e+01
9.374199676513671875e+01 -8.827999877929687500e+01 3.943700027465820312e+01
9.351999664306640625e+01 -8.715100097656250000e+01 3.946099853515625000e+01
9.329699707031250000e+01 -8.600800323486328125e+01 3.948300170898437500e+01
9.306600189208984375e+01 -8.488700103759765625e+01 3.948199844360351562e+01
9.286599731445312500e+01 -8.367500305175781250e+01 3.947499847412109375e+01
9.267199707031250000e+01 -8.253800201416015625e+01 3.947000122070312500e+01
9.246600341796875000e+01 -8.130400085449218750e+01 3.945999908447265625e+01
9.226599884033203125e+01 -8.010099792480468750e+01 3.945899963378906250e+01
9.206099700927734375e+01 -7.882700347900390625e+01 3.947399902343750000e+01
9.186199951171875000e+01 -7.759100341796875000e+01 3.948300170898437500e+01
9.169599914550781250e+01 -7.641600036621093750e+01 3.947100067138671875e+01
9.153199768066406250e+01 -7.525700378417968750e+01 3.945299911499023438e+01
9.138300323486328125e+01 -7.412599945068359375e+01 3.945700073242187500e+01
9.124400329589843750e+01 -7.302899932861328125e+01 3.947800064086914062e+01
9.107800292968750000e+01 -7.192700195312500000e+01 3.948899841308593750e+01
9.093000030517578125e+01 -7.080999755859375000e+01 3.948899841308593750e+01
9.083499908447265625e+01 -6.963500213623046875e+01 3.949499893188476562e+01
9.073300170898437500e+01 -6.845800018310546875e+01 3.950600051879882812e+01
9.062200164794921875e+01 -6.727600097656250000e+01 3.950299835205078125e+01
9.050599670410156250e+01 -6.621600341796875000e+01 3.950099945068359375e+01
9.042199707031250000e+01 -6.513200378417968750e+01 3.950699996948242188e+01
9.033899688720703125e+01 -6.401599884033203125e+01 3.952799987792968750e+01
9.026100158691406250e+01 -6.293999862670898438e+01 3.955500030517578125e+01
9.021299743652343750e+01 -6.184299850463867188e+01 3.956900024414062500e+01
9.011599731445312500e+01 -6.079800033569335938e+01 3.959299850463867188e+01
9.003399658203125000e+01 -5.988399887084960938e+01 3.960800170898437500e+01
8.999099731445312500e+01 -5.888299942016601562e+01 3.961500167846679688e+01
9.000499725341796875e+01 -5.793700027465820312e+01 3.962699890136718750e+01
9.001999664306640625e+01 -5.705599975585937500e+01 3.963399887084960938e+01
9.009600067138671875e+01 -5.615599822998046875e+01 3.965299987792968750e+01
9.013999938964843750e+01 -5.526100158691406250e+01 3.968500137329101562e+01
9.017299652099609375e+01 -5.425299835205078125e+01 3.969699859619140625e+01
9.018399810791015625e+01 -5.337699890136718750e+01 3.974900054931640625e+01
9.017099761962890625e+01 -5.256100082397460938e+01 3.977600097656250000e+01
9.012300109863281250e+01 -5.178499984741210938e+01 3.981399917602539062e+01
9.011799621582031250e+01 -5.102199935913085938e+01 3.986000061035156250e+01
9.018399810791015625e+01 -5.034700012207031250e+01 3.990200042724609375e+01
9.024600219726562500e+01 -4.971500015258789062e+01 3.995100021362304688e+01
9.031400299072265625e+01 -4.912200164794921875e+01 4.000099945068359375e+01
9.040299987792968750e+01 -4.852999877929687500e+01 4.006999969482421875e+01
9.047699737548828125e+01 -4.795199966430664062e+01 4.016299819946289062e+01
9.056600189208984375e+01 -4.738899993896484375e+01 4.019900131225585938e+01
9.067099761962890625e+01 -4.687900161743164062e+01 4.022200012207031250e+01
9.084700012207031250e+01 -4.624800109863281250e+01 4.024399948120117188e+01
9.107299804687500000e+01 -4.564400100708007812e+01 4.026900100708007812e+01
9.129499816894531250e+01 -4.511800003051757812e+01 4.029999923706054688e+01
9.160600280761718750e+01 -4.451599884033203125e+01 4.032099914550781250e+01
9.191400146484375000e+01 -4.400500106811523438e+01 4.033900070190429688e+01
9.224099731445312500e+01 -4.353200149536132812e+01 4.035499954223632812e+01
9.262999725341796875e+01 -4.305899810791015625e+01 4.036800003051757812e+01
9.299299621582031250e+01 -4.268199920654296875e+01 4.038100051879882812e+01
9.340200042724609375e+01 -4.228699874877929688e+01 4.040700149536132812e+01
9.377700042724609375e+01 -4.193799972534179688e+01 4.042800140380859375e+01
9.424600219726562500e+01 -4.154600143432617188e+01 4.044400024414062500e+01
9.475900268554687500e+01 -4.120199966430664062e+01 4.048199844360351562e+01
9.522599792480468750e+01 -4.094900131225585938e+01 4.051800155639648438e+01
9.579599761962890625e+01 -4.067300033569335938e+01 4.054700088500976562e+01
9.639600372314453125e+01 -4.039400100708007812e+01 4.056999969482421875e+01
9.698400115966796875e+01 -4.018700027465820312e+01 4.059899902343750000e+01
9.756500244140625000e+01 -4.000899887084960938e+01 4.061399841308593750e+01
9.820899963378906250e+01 -3.985400009155273438e+01 4.067499923706054688e+01
9.879799652099609375e+01 -3.977999877929687500e+01 4.075099945068359375e+01
9.947599792480468750e+01 -3.976599884033203125e+01 4.082899856567382812e+01
1.001399993896484375e+02 -3.976200103759765625e+01 4.089400100708007812e+01
1.008499984741210938e+02 -3.975500106811523438e+01 4.097900009155273438e+01
1.015800018310546875e+02 -3.970899963378906250e+01 4.107699966430664062e+01
1.022699966430664062e+02 -3.965200042724609375e+01 4.116199874877929688e+01
1.030299987792968750e+02 -3.960599899291992188e+01 4.126300048828125000e+01
1.038000030517578125e+02 -3.954100036621093750e+01 4.131700134277343750e+01
1.045400009155273438e+02 -3.949000167846679688e+01 4.135800170898437500e+01
1.053700027465820312e+02 -3.944300079345703125e+01 4.137500000000000000e+01
1.061399993896484375e+02 -3.939099884033203125e+01 4.143799972534179688e+01
1.069700012207031250e+02 -3.929000091552734375e+01 4.155300140380859375e+01
1.078000030517578125e+02 -3.918700027465820312e+01 4.162200164794921875e+01
1.086900024414062500e+02 -3.910800170898437500e+01 4.165900039672851562e+01
1.092799987792968750e+02 -3.933200073242187500e+01 4.178200149536132812e+01
1.097300033569335938e+02 -3.950600051879882812e+01 4.182500076293945312e+01
1.106399993896484375e+02 -3.944900131225585938e+01 4.188299942016601562e+01
1.113799972534179688e+02 -3.945000076293945312e+01 4.195899963378906250e+01
1.121699981689453125e+02 -3.949100112915039062e+01 4.203900146484375000e+01
1.128799972534179688e+02 -3.950099945068359375e+01 4.211100006103515625e+01
1.136600036621093750e+02 -3.951599884033203125e+01 4.218299865722656250e+01
1.143600006103515625e+02 -3.950699996948242188e+01 4.225999832153320312e+01
1.150699996948242188e+02 -3.950600051879882812e+01 4.230199813842773438e+01
1.156999969482421875e+02 -3.947900009155273438e+01 4.231999969482421875e+01
1.162300033569335938e+02 -3.946699905395507812e+01 4.234000015258789062e+01
1.168300018310546875e+02 -3.944800186157226562e+01 4.235599899291992188e+01
1.173000030517578125e+02 -3.942900085449218750e+01 4.238399887084960938e+01
1.177799987792968750e+02 -3.941199874877929688e+01 4.239699935913085938e+01
1.182300033569335938e+02 -3.939799880981445312e+01 4.243999862670898438e+01
1.186699981689453125e+02 -3.938899993896484375e+01 4.248400115966796875e+01
1.190100021362304688e+02 -3.937799835205078125e+01 4.252000045776367188e+01
1.193300018310546875e+02 -3.936600112915039062e+01 4.255300140380859375e+01
1.195699996948242188e+02 -3.936199951171875000e+01 4.257899856567382812e+01
1.197699966430664062e+02 -3.936100006103515625e+01 4.259600067138671875e+01
1.199100036621093750e+02 -3.935599899291992188e+01 4.261500167846679688e+01
1.200000000000000000e+02 -3.935100173950195312e+01 4.262200164794921875e+01
1.200500030517578125e+02 -3.934899902343750000e+01 4.262699890136718750e+01
1.200699996948242188e+02 -3.934799957275390625e+01 4.263199996948242188e+01
1.200500030517578125e+02 -3.934799957275390625e+01 4.263299942016601562e+01
1.200500030517578125e+02 -3.934600067138671875e+01 4.263600158691406250e+01
1.200500030517578125e+02 -3.934600067138671875e+01 4.263700103759765625e+01
1.200400009155273438e+02 -3.934600067138671875e+01 4.263800048828125000e+01
1.200400009155273438e+02 -3.934600067138671875e+01 4.263600158691406250e+01
1.200400009155273438e+02 -3.934600067138671875e+01 4.263600158691406250e+01
1.200400009155273438e+02 -3.934600067138671875e+01 4.263600158691406250e+01
1.200400009155273438e+02 -3.934600067138671875e+01 4.263700103759765625e+01
1.200400009155273438e+02 -3.934600067138671875e+01 4.263700103759765625e+01
1.200400009155273438e+02 -3.934600067138671875e+01 4.263600158691406250e+01
1.200400009155273438e+02 -3.934600067138671875e+01 4.263700103759765625e+01
1.200400009155273438e+02 -3.934600067138671875e+01 4.263700103759765625e+01
1.200400009155273438e+02 -3.934500122070312500e+01 4.263700103759765625e+01
1.197500000000000000e+02 -3.960699844360351562e+01 4.262200164794921875e+01
1.197500000000000000e+02 -3.961100006103515625e+01 4.261999893188476562e+01
1.197500000000000000e+02 -3.961100006103515625e+01 4.261999893188476562e+01
1.197500000000000000e+02 -3.961100006103515625e+01 4.261999893188476562e+01
1.197500000000000000e+02 -3.961199951171875000e+01 4.261800003051757812e+01
1.197399978637695312e+02 -3.960300064086914062e+01 4.260900115966796875e+01
1.197799987792968750e+02 -3.961100006103515625e+01 4.260499954223632812e+01
1.193700027465820312e+02 -3.944699859619140625e+01 4.257500076293945312e+01
1.194499969482421875e+02 -3.944400024414062500e+01 4.258000183105468750e+01
1.197399978637695312e+02 -3.965999984741210938e+01 4.263199996948242188e+01
1.200699996948242188e+02 -3.986600112915039062e+01 4.267699813842773438e+01
1.204899978637695312e+02 -4.016199874877929688e+01 4.274700164794921875e+01
1.206100006103515625e+02 -4.015200042724609375e+01 4.276499938964843750e+01
1.207500000000000000e+02 -4.014599990844726562e+01 4.278499984741210938e+01
1.209199981689453125e+02 -4.013600158691406250e+01 4.281100082397460938e+01
1.211100006103515625e+02 -4.009700012207031250e+01 4.285599899291992188e+01
1.213300018310546875e+02 -4.003699874877929688e+01 4.288700103759765625e+01
1.215800018310546875e+02 -3.996500015258789062e+01 4.291600036621093750e+01
1.218899993896484375e+02 -3.986800003051757812e+01 4.295800018310546875e+01
1.222099990844726562e+02 -3.975699996948242188e+01 4.300199890136718750e+01
1.225699996948242188e+02 -3.962799835205078125e+01 4.304600143432617188e+01
1.229199981689453125e+02 -3.948799896240234375e+01 4.309999847412109375e+01
1.233099975585937500e+02 -3.929600143432617188e+01 4.316199874877929688e+01
1.231900024414062500e+02 -3.795199966430664062e+01 4.316799926757812500e+01
1.235299987792968750e+02 -3.776499938964843750e+01 4.321200180053710938e+01
1.238199996948242188e+02 -3.714699935913085938e+01 4.320500183105468750e+01
1.242200012207031250e+02 -3.688199996948242188e+01 4.323400115966796875e+01
1.234400024414062500e+02 -3.459999847412109375e+01 4.269400024414062500e+01
1.234800033569335938e+02 -3.404199981689453125e+01 4.257199859619140625e+01
1.239000015258789062e+02 -3.371699905395507812e+01 4.258300018310546875e+01
1.241999969482421875e+02 -3.284799957275390625e+01 4.255799865722656250e+01
1.245800018310546875e+02 -3.136100006103515625e+01 4.263999938964843750e+01
1.255800018310546875e+02 -3.199099922180175781e+01 4.275799942016601562e+01
1.258899993896484375e+02 -3.161499977111816406e+01 4.280199813842773438e+01
1.262300033569335938e+02 -3.129599952697753906e+01 4.285599899291992188e+01
1.263899993896484375e+02 -3.105100059509277344e+01 4.286299896240234375e+01
1.265500030517578125e+02 -3.070899963378906250e+01 4.280099868774414062e+01
1.266100006103515625e+02 -3.036199951171875000e+01 4.275899887084960938e+01
1.266800003051757812e+02 -2.998200035095214844e+01 4.267900085449218750e+01
1.266299972534179688e+02 -2.952199935913085938e+01 4.261100006103515625e+01
1.265899963378906250e+02 -2.905500030517578125e+01 4.258100128173828125e+01
1.266200027465820312e+02 -2.851799964904785156e+01 4.255500030517578125e+01
1.266699981689453125e+02 -2.792300033569335938e+01 4.252899932861328125e+01
1.266900024414062500e+02 -2.734000015258789062e+01 4.252700042724609375e+01
1.267200012207031250e+02 -2.673399925231933594e+01 4.251699829101562500e+01
1.267799987792968750e+02 -2.612100028991699219e+01 4.248500061035156250e+01
1.267900009155273438e+02 -2.546999931335449219e+01 4.245399856567382812e+01
1.268199996948242188e+02 -2.467000007629394531e+01 4.240800094604492188e+01
1.268000030517578125e+02 -2.393300056457519531e+01 4.238499832153320312e+01
1.267500000000000000e+02 -2.320800018310546875e+01 4.237500000000000000e+01
1.266699981689453125e+02 -2.232500076293945312e+01 4.236399841308593750e+01
1.265599975585937500e+02 -2.151000022888183594e+01 4.236600112915039062e+01
1.265000000000000000e+02 -2.074600028991699219e+01 4.234199905395507812e+01
1.264199981689453125e+02 -1.984700012207031250e+01 4.232799911499023438e+01
1.261800003051757812e+02 -1.862999916076660156e+01 4.229399871826171875e+01
1.260299987792968750e+02 -1.760899925231933594e+01 4.225299835205078125e+01
1.259800033569335938e+02 -1.670899963378906250e+01 4.223099899291992188e+01
1.258499984741210938e+02 -1.567899990081787109e+01 4.220899963378906250e+01
1.256999969482421875e+02 -1.466100025177001953e+01 4.213199996948242188e+01
1.255999984741210938e+02 -1.368999958038330078e+01 4.204800033569335938e+01
1.254700012207031250e+02 -1.259700012207031250e+01 4.195700073242187500e+01
1.253499984741210938e+02 -1.157199954986572266e+01 4.185800170898437500e+01
1.252300033569335938e+02 -1.060000038146972656e+01 4.182699966430664062e+01
1.249599990844726562e+02 -9.375000000000000000e+00 4.180300140380859375e+01
1.248099975585937500e+02 -8.338999748229980469e+00 4.174700164794921875e+01
1.246500015258789062e+02 -7.102000236511230469e+00 4.169400024414062500e+01
1.245999984741210938e+02 -6.024000167846679688e+00 4.162300109863281250e+01
1.244899978637695312e+02 -4.935999870300292969e+00 4.157300186157226562e+01
1.243700027465820312e+02 -3.875000000000000000e+00 4.151599884033203125e+01
1.242699966430664062e+02 -2.812999963760375977e+00 4.144800186157226562e+01
1.242300033569335938e+02 -1.531000018119812012e+00 4.133599853515625000e+01
1.241299972534179688e+02 -3.370000123977661133e-01 4.123099899291992188e+01
1.240999984741210938e+02 7.350000143051147461e-01 4.115900039672851562e+01
1.240599975585937500e+02 1.891000032424926758e+00 4.103900146484375000e+01
1.239899978637695312e+02 3.052000045776367188e+00 4.092900085449218750e+01
1.239800033569335938e+02 4.230000019073486328e+00 4.080899810791015625e+01
1.240000000000000000e+02 5.498000144958496094e+00 4.072600173950195312e+01
1.240599975585937500e+02 6.774000167846679688e+00 4.064199829101562500e+01
1.241500015258789062e+02 8.097000122070312500e+00 4.050600051879882812e+01
1.242200012207031250e+02 9.444000244140625000e+00 4.039099884033203125e+01
1.242900009155273438e+02 1.070699977874755859e+01 4.030400085449218750e+01
1.243499984741210938e+02 1.203499984741210938e+01 4.020700073242187500e+01
1.243899993896484375e+02 1.333899974822998047e+01 4.007699966430664062e+01
1.246299972534179688e+02 1.445899963378906250e+01 3.994699859619140625e+01
1.248199996948242188e+02 1.569200038909912109e+01 3.972299957275390625e+01
1.250000000000000000e+02 1.676300048828125000e+01 3.959299850463867188e+01
1.250899963378906250e+02 1.768700027465820312e+01 3.955199813842773438e+01
1.251299972534179688e+02 1.869899940490722656e+01 3.949700164794921875e+01
1.251600036621093750e+02 1.958200073242187500e+01 3.945600128173828125e+01
1.251699981689453125e+02 2.065299987792968750e+01 3.936700057983398438e+01
1.251900024414062500e+02 2.149399948120117188e+01 3.934999847412109375e+01
1.252200012207031250e+02 2.226399993896484375e+01 3.933300018310546875e+01
1.252399978637695312e+02 2.301300048828125000e+01 3.930099868774414062e+01
1.252399978637695312e+02 2.379199981689453125e+01 3.926900100708007812e+01
1.252300033569335938e+02 2.454700088500976562e+01 3.926100158691406250e+01
1.252099990844726562e+02 2.530800056457519531e+01 3.926100158691406250e+01
1.251399993896484375e+02 2.598200035095214844e+01 3.924200057983398438e+01
1.250100021362304688e+02 2.669000053405761719e+01 3.918600082397460938e+01
1.248399963378906250e+02 2.739599990844726562e+01 3.913999938964843750e+01
1.246200027465820312e+02 2.806900024414062500e+01 3.912300109863281250e+01
1.244000015258789062e+02 2.865099906921386719e+01 3.909099960327148438e+01
1.240899963378906250e+02 2.928100013732910156e+01 3.909700012207031250e+01
1.237900009155273438e+02 2.985000038146972656e+01 3.906200027465820312e+01
1.234400024414062500e+02 3.036800003051757812e+01 3.903799819946289062e+01
1.230199966430664062e+02 3.086000061035156250e+01 3.903900146484375000e+01
1.225800018310546875e+02 3.135099983215332031e+01 3.900500106811523438e+01
1.220999984741210938e+02 3.182699966430664062e+01 3.895399856567382812e+01
1.214599990844726562e+02 3.232400131225585938e+01 3.890800094604492188e+01
1.208199996948242188e+02 3.275500106811523438e+01 3.889799880981445312e+01
1.200800018310546875e+02 3.320199966430664062e+01 3.888100051879882812e+01
1.192799987792968750e+02 3.372800064086914062e+01 3.882899856567382812e+01
1.185100021362304688e+02 3.410499954223632812e+01 3.881999969482421875e+01
1.177099990844726562e+02 3.443999862670898438e+01 3.886000061035156250e+01
1.169400024414062500e+02 3.467599868774414062e+01 3.884400177001953125e+01
1.160500030517578125e+02 3.490700149536132812e+01 3.879700088500976562e+01
1.150800018310546875e+02 3.509500122070312500e+01 3.873099899291992188e+01
1.140800018310546875e+02 3.519300079345703125e+01 3.874000167846679688e+01
1.132300033569335938e+02 3.522200012207031250e+01 3.878300094604492188e+01
1.121600036621093750e+02 3.525099945068359375e+01 3.879800033569335938e+01
1.111999969482421875e+02 3.522100067138671875e+01 3.881100082397460938e+01
1.101399993896484375e+02 3.516500091552734375e+01 3.881399917602539062e+01
1.091699981689453125e+02 3.506499862670898438e+01 3.884299850463867188e+01
1.081100006103515625e+02 3.493700027465820312e+01 3.885400009155273438e+01
1.071500015258789062e+02 3.485900115966796875e+01 3.883599853515625000e+01
1.061200027465820312e+02 3.481999969482421875e+01 3.877600097656250000e+01
1.051200027465820312e+02 3.472600173950195312e+01 3.874599838256835938e+01
1.039300003051757812e+02 3.464799880981445312e+01 3.870500183105468750e+01
1.029000015258789062e+02 3.462400054931640625e+01 3.867300033569335938e+01
1.019199981689453125e+02 3.461999893188476562e+01 3.863100051879882812e+01
1.008399963378906250e+02 3.460599899291992188e+01 3.857899856567382812e+01
9.980400085449218750e+01 3.453300094604492188e+01 3.855799865722656250e+01
9.875099945068359375e+01 3.449100112915039062e+01 3.854000091552734375e+01
9.769200134277343750e+01 3.448400115966796875e+01 3.850199890136718750e+01
9.669599914550781250e+01 3.450799942016601562e+01 3.848400115966796875e+01
9.559899902343750000e+01 3.456700134277343750e+01 3.846699905395507812e+01
9.459899902343750000e+01 3.465100097656250000e+01 3.841899871826171875e+01
9.350900268554687500e+01 3.472499847412109375e+01 3.837699890136718750e+01
9.236900329589843750e+01 3.477899932861328125e+01 3.837400054931640625e+01
9.115100097656250000e+01 3.479999923706054688e+01 3.836999893188476562e+01
9.000599670410156250e+01 3.480699920654296875e+01 3.835599899291992188e+01
8.880799865722656250e+01 3.476399993896484375e+01 3.834299850463867188e+01
8.783499908447265625e+01 3.488999938964843750e+01 3.838899993896484375e+01
8.694699859619140625e+01 3.505599975585937500e+01 3.847000122070312500e+01
8.603399658203125000e+01 3.506200027465820312e+01 3.853400039672851562e+01
8.468699645996093750e+01 3.488100051879882812e+01 3.855099868774414062e+01
8.355699920654296875e+01 3.484400177001953125e+01 3.852600097656250000e+01
8.256500244140625000e+01 3.483300018310546875e+01 3.855699920654296875e+01
8.151899719238281250e+01 3.489300155639648438e+01 3.851399993896484375e+01
8.034700012207031250e+01 3.479700088500976562e+01 3.849100112915039062e+01
7.906099700927734375e+01 3.466999816894531250e+01 3.845899963378906250e+01
7.789399719238281250e+01 3.457899856567382812e+01 3.844599914550781250e+01
7.683899688720703125e+01 3.454000091552734375e+01 3.843000030517578125e+01
7.562899780273437500e+01 3.449300003051757812e+01 3.839899826049804688e+01
7.447100067138671875e+01 3.442100143432617188e+01 3.837599945068359375e+01
7.334400177001953125e+01 3.435200119018554688e+01 3.834600067138671875e+01
7.209400177001953125e+01 3.428900146484375000e+01 3.828699874877929688e+01
7.100700378417968750e+01 3.421900177001953125e+01 3.825600051879882812e+01
6.993699645996093750e+01 3.416400146484375000e+01 3.822600173950195312e+01
6.869499969482421875e+01 3.416199874877929688e+01 3.816400146484375000e+01
6.727600097656250000e+01 3.410300064086914062e+01 3.808800125122070312e+01
6.608999633789062500e+01 3.402099990844726562e+01 3.801800155639648438e+01
6.481300354003906250e+01 3.397200012207031250e+01 3.796599960327148438e+01
6.358700180053710938e+01 3.399399948120117188e+01 3.788700103759765625e+01
6.238100051879882812e+01 3.398799896240234375e+01 3.780099868774414062e+01
6.114799880981445312e+01 3.394699859619140625e+01 3.770199966430664062e+01
5.990700149536132812e+01 3.387200164794921875e+01 3.761999893188476562e+01
5.855899810791015625e+01 3.382699966430664062e+01 3.756399917602539062e+01
5.738800048828125000e+01 3.373899841308593750e+01 3.750600051879882812e+01
5.619300079345703125e+01 3.377500152587890625e+01 3.749599838256835938e+01
5.491500091552734375e+01 3.399300003051757812e+01 3.795800018310546875e+01
5.367200088500976562e+01 3.406100082397460938e+01 3.786899948120117188e+01
5.238199996948242188e+01 3.405199813842773438e+01 3.771300125122070312e+01
5.112500000000000000e+01 3.414300155639648438e+01 3.768899917602539062e+01
4.988999938964843750e+01 3.424700164794921875e+01 3.764799880981445312e+01
4.864899826049804688e+01 3.428900146484375000e+01 3.755799865722656250e+01
4.731800079345703125e+01 3.437500000000000000e+01 3.744400024414062500e+01
4.576800155639648438e+01 3.451800155639648438e+01 3.737599945068359375e+01
4.447999954223632812e+01 3.451699829101562500e+01 3.743000030517578125e+01
4.327399826049804688e+01 3.476599884033203125e+01 3.737500000000000000e+01
4.210200119018554688e+01 3.490999984741210938e+01 3.727000045776367188e+01
4.084700012207031250e+01 3.498899841308593750e+01 3.704100036621093750e+01
3.969499969482421875e+01 3.506200027465820312e+01 3.695199966430664062e+01
3.846699905395507812e+01 3.520299911499023438e+01 3.677600097656250000e+01
3.731900024414062500e+01 3.537599945068359375e+01 3.666999816894531250e+01
3.615100097656250000e+01 3.551200103759765625e+01 3.653300094604492188e+01
3.497999954223632812e+01 3.565200042724609375e+01 3.636999893188476562e+01
3.379499816894531250e+01 3.573899841308593750e+01 3.620999908447265625e+01
3.267300033569335938e+01 3.581900024414062500e+01 3.604800033569335938e+01
3.151600074768066406e+01 3.590399932861328125e+01 3.587400054931640625e+01
3.024699974060058594e+01 3.596300125122070312e+01 3.566199874877929688e+01
2.907999992370605469e+01 3.604199981689453125e+01 3.545299911499023438e+01
2.790500068664550781e+01 3.616699981689453125e+01 3.532699966430664062e+01
2.673399925231933594e+01 3.627199935913085938e+01 3.514899826049804688e+01
2.559199905395507812e+01 3.642200088500976562e+01 3.493799972534179688e+01
2.432299995422363281e+01 3.648400115966796875e+01 3.472299957275390625e+01
2.335799980163574219e+01 3.637300109863281250e+01 3.457400131225585938e+01
2.224900054931640625e+01 3.631100082397460938e+01 3.440599822998046875e+01
2.114399909973144531e+01 3.633700180053710938e+01 3.421699905395507812e+01
2.018099975585937500e+01 3.635900115966796875e+01 3.405799865722656250e+01
1.904500007629394531e+01 3.635100173950195312e+01 3.387799835205078125e+01
1.803100013732910156e+01 3.637400054931640625e+01 3.371099853515625000e+01
1.678499984741210938e+01 3.638700103759765625e+01 3.350400161743164062e+01
1.557100009918212891e+01 3.641299819946289062e+01 3.331100082397460938e+01
1.450000000000000000e+01 3.645299911499023438e+01 3.312799835205078125e+01
1.343299961090087891e+01 3.652899932861328125e+01 3.295000076293945312e+01
1.237500000000000000e+01 3.661299896240234375e+01 3.277000045776367188e+01
1.133399963378906250e+01 3.663899993896484375e+01 3.260499954223632812e+01
1.047700023651123047e+01 3.665800094604492188e+01 3.246300125122070312e+01
9.468000411987304688e+00 3.669900131225585938e+01 3.229000091552734375e+01
8.397000312805175781e+00 3.671500015258789062e+01 3.209700012207031250e+01
7.506999969482421875e+00 3.677000045776367188e+01 3.193199920654296875e+01
6.612999916076660156e+00 3.680099868774414062e+01 3.176099967956542969e+01
5.585000038146972656e+00 3.682799911499023438e+01 3.156800079345703125e+01
4.586999893188476562e+00 3.687599945068359375e+01 3.139200019836425781e+01
3.753999948501586914e+00 3.690299987792968750e+01 3.125000000000000000e+01
2.891000032424926758e+00 3.695600128173828125e+01 3.110799980163574219e+01
2.049000024795532227e+00 3.695500183105468750e+01 3.096800041198730469e+01
1.215999960899353027e+00 3.695500183105468750e+01 3.085000038146972656e+01
4.219999909400939941e-01 3.688899993896484375e+01 3.073600006103515625e+01
-3.440000116825103760e-01 3.680699920654296875e+01 3.062599945068359375e+01
-1.154999971389770508e+00 3.665999984741210938e+01 3.051300048828125000e+01
-1.985999941825866699e+00 3.652000045776367188e+01 3.041699981689453125e+01
-2.812999963760375977e+00 3.627199935913085938e+01 3.033099937438964844e+01
-3.631999969482421875e+00 3.601800155639648438e+01 3.029899978637695312e+01
-4.357999801635742188e+00 3.576499938964843750e+01 3.027899932861328125e+01
-5.052999973297119141e+00 3.547600173950195312e+01 3.028199958801269531e+01
-5.755000114440917969e+00 3.513000106811523438e+01 3.031699943542480469e+01
-6.343999862670898438e+00 3.477799987792968750e+01 3.031900024414062500e+01
-6.899000167846679688e+00 3.437799835205078125e+01 3.031599998474121094e+01
-7.440000057220458984e+00 3.392100143432617188e+01 3.031900024414062500e+01
-7.901999950408935547e+00 3.343299865722656250e+01 3.034199905395507812e+01
-8.470999717712402344e+00 3.280199813842773438e+01 3.038400077819824219e+01
-8.951999664306640625e+00 3.217900085449218750e+01 3.046999931335449219e+01
-9.100000381469726562e+00 3.177000045776367188e+01 3.056399917602539062e+01
-9.182000160217285156e+00 3.134300041198730469e+01 3.060199928283691406e+01
-9.364999771118164062e+00 3.092499923706054688e+01 3.067799949645996094e+01
-9.567999839782714844e+00 3.042300033569335938e+01 3.076600074768066406e+01
-9.718000411987304688e+00 2.991200065612792969e+01 3.087899971008300781e+01
-9.817000389099121094e+00 2.940500068664550781e+01 3.098999977111816406e+01
-9.864000320434570312e+00 2.889100074768066406e+01 3.112800025939941406e+01
-9.862000465393066406e+00 2.837199974060058594e+01 3.126799964904785156e+01
-9.829000473022460938e+00 2.782200050354003906e+01 3.142000007629394531e+01
-9.760999679565429688e+00 2.736899948120117188e+01 3.154999923706054688e+01
-9.670000076293945312e+00 2.689800071716308594e+01 3.169300079345703125e+01
-9.545000076293945312e+00 2.637500000000000000e+01 3.186199951171875000e+01
-9.352999687194824219e+00 2.583499908447265625e+01 3.206999969482421875e+01
-9.078000068664550781e+00 2.528599929809570312e+01 3.228200149536132812e+01
-8.777000427246093750e+00 2.479100036621093750e+01 3.250099945068359375e+01
-8.461000442504882812e+00 2.438999938964843750e+01 3.270100021362304688e+01
-8.190999984741210938e+00 2.410400009155273438e+01 3.285900115966796875e+01
-7.869999885559082031e+00 2.383200073242187500e+01 3.302399826049804688e+01
-7.532999992370605469e+00 2.361300086975097656e+01 3.318000030517578125e+01
-7.218999862670898438e+00 2.345800018310546875e+01 3.330199813842773438e+01
-6.831999778747558594e+00 2.329800033569335938e+01 3.343099975585937500e+01
-6.467999935150146484e+00 2.316600036621093750e+01 3.354700088500976562e+01
-6.059999942779541016e+00 2.305299949645996094e+01 3.366799926757812500e+01
-5.616000175476074219e+00 2.297699928283691406e+01 3.378699874877929688e+01
-5.288000106811523438e+00 2.295499992370605469e+01 3.386500167846679688e+01
-5.017000198364257812e+00 2.294899940490722656e+01 3.393099975585937500e+01
-4.802999973297119141e+00 2.295899963378906250e+01 3.397600173950195312e+01
-4.605000019073486328e+00 2.297299957275390625e+01 3.400899887084960938e+01
-4.440999984741210938e+00 2.299699974060058594e+01 3.403099822998046875e+01
-4.331999778747558594e+00 2.301000022888183594e+01 3.404899978637695312e+01
-4.250000000000000000e+00 2.301399993896484375e+01 3.406000137329101562e+01
-4.195000171661376953e+00 2.301300048828125000e+01 3.406800079345703125e+01
-4.171999931335449219e+00 2.301199913024902344e+01 3.407099914550781250e+01
-4.145999908447265625e+00 2.300499916076660156e+01 3.407300186157226562e+01
-4.105999946594238281e+00 2.299500083923339844e+01 3.408399963378906250e+01
-4.065999984741210938e+00 2.298900032043457031e+01 3.409400177001953125e+01
-4.034999847412109375e+00 2.298299980163574219e+01 3.410300064086914062e+01
-4.030000209808349609e+00 2.298100090026855469e+01 3.410400009155273438e+01
-4.034999847412109375e+00 2.298100090026855469e+01 3.410400009155273438e+01
-4.034999847412109375e+00 2.298100090026855469e+01 3.410400009155273438e+01
-4.035999774932861328e+00 2.298100090026855469e+01 3.410300064086914062e+01
-4.034999847412109375e+00 2.298100090026855469e+01 3.410300064086914062e+01
-4.034999847412109375e+00 2.298100090026855469e+01 3.410300064086914062e+01
-4.035999774932861328e+00 2.298100090026855469e+01 3.410300064086914062e+01
-4.035999774932861328e+00 2.298100090026855469e+01 3.410300064086914062e+01
-4.035999774932861328e+00 2.298100090026855469e+01 3.410300064086914062e+01
-4.035999774932861328e+00 2.298100090026855469e+01 3.410300064086914062e+01
-4.035999774932861328e+00 2.298100090026855469e+01 3.410300064086914062e+01
