5.978472158312797546e-02 -3.083830699324607849e-02 -7.349900901317596436e-03
3.188626468181610107e-02 -4.250178486108779907e-02 -2.970398962497711182e-02
1.299448311328887939e-03 -2.505794540047645569e-02 -2.123022079467773438e-02
1.294067502021789551e-02 -1.113786548376083374e-02 -3.892496228218078613e-03
2.225496992468833923e-02 -7.580056786537170410e-03 -5.886130034923553467e-03
1.035423204302787781e-02 4.735324531793594360e-03 6.840460002422332764e-03
-7.453225553035736084e-04 -1.467224210500717163e-03 -2.088099718093872070e-04
-1.365056261420249939e-02 -1.363445445895195007e-02 -1.401771605014801025e-02
-1.431415602564811707e-02 -1.441003754734992981e-02 -1.466174423694610596e-02
-1.445387676358222961e-02 -1.553900912404060364e-02 -1.493766903877258301e-02
-1.483473274856805801e-02 -1.572055928409099579e-02 -1.464274525642395020e-02
-1.622233912348747253e-02 -1.554354652762413025e-02 -1.595684885978698730e-02
-1.877790503203868866e-02 -1.648922637104988098e-02 -1.720616221427917480e-02
-1.898834481835365295e-02 -1.751730963587760925e-02 -1.718573272228240967e-02
-1.976416632533073425e-02 -1.751969382166862488e-02 -1.805812120437622070e-02
-1.959188468754291534e-02 -1.777124963700771332e-02 -1.829913258552551270e-02
-2.087767608463764191e-02 -1.789592951536178589e-02 -1.934012770652770996e-02
-2.116074785590171814e-02 -1.886862143874168396e-02 -2.034974098205566406e-02
-2.073428221046924591e-02 -1.841291226446628571e-02 -2.044677734375000000e-02
-2.408738061785697937e-02 -1.905081793665885925e-02 -2.081963419914245605e-02
-2.557583525776863098e-02 -1.935217902064323425e-02 -2.085688710212707520e-02
-2.563191764056682587e-02 -1.878170110285282135e-02 -2.041627466678619385e-02
-2.445209957659244537e-02 -1.998072676360607147e-02 -2.155843377113342285e-02
-2.457432821393013000e-02 -2.014261111617088318e-02 -2.167376875877380371e-02
-2.543793246150016785e-02 -1.925080083310604095e-02 -2.064941823482513428e-02
-2.695538476109504700e-02 -2.022552117705345154e-02 -2.189770340919494629e-02
-2.569664455950260162e-02 -2.123677171766757965e-02 -2.184966206550598145e-02
-2.548098191618919373e-02 -2.073144540190696716e-02 -2.186167240142822266e-02
-2.467841282486915588e-02 -2.030961588025093079e-02 -2.237239480018615723e-02
-2.561855874955654144e-02 -1.998671330511569977e-02 -2.120375633239746094e-02
-2.850022912025451660e-02 -1.896841637790203094e-02 -1.618842221796512604e-02
-3.833826258778572083e-02 -1.399308070540428162e-02 -3.361047245562076569e-03
-4.932929947972297668e-02 -9.892139583826065063e-03 2.060607075691223145e-03
-6.102674454450607300e-02 -8.125681430101394653e-03 3.792532486841082573e-03
-7.410254329442977905e-02 -6.925049703568220139e-03 9.261685423552989960e-03
-8.755706250667572021e-02 -7.038529962301254272e-03 1.373720169067382812e-02
-1.119091510772705078e-01 -6.440039724111557007e-03 1.821133494377136230e-02
-1.394795179367065430e-01 -4.112369788344949484e-04 2.262010611593723297e-02
-1.692848354578018188e-01 4.286522977054119110e-03 1.970070414245128632e-02
-1.955380439758300781e-01 8.515584282577037811e-03 7.951386272907257080e-03
-2.088402360677719116e-01 8.724361658096313477e-03 3.254018723964691162e-03
-2.218403667211532593e-01 1.045933738350868225e-02 5.791738629341125488e-03
-2.347556203603744507e-01 2.065115794539451599e-02 2.313237637281417847e-02
-2.399228662252426147e-01 3.052357025444507599e-02 6.571362167596817017e-02
-2.539718747138977051e-01 4.571898654103279114e-02 6.313177198171615601e-02
-2.575350403785705566e-01 5.474387481808662415e-02 4.420521110296249390e-02
-2.528497576713562012e-01 5.223030596971511841e-02 4.496878013014793396e-02
-2.437761276960372925e-01 6.426763534545898438e-02 5.467417836189270020e-02
-2.328953444957733154e-01 7.694184780120849609e-02 5.765326321125030518e-02
-2.200833261013031006e-01 8.115095645189285278e-02 4.661251604557037354e-02
-2.048607021570205688e-01 7.560732960700988770e-02 3.306720778346061707e-02
-1.822406649589538574e-01 6.881067156791687012e-02 1.403721421957015991e-02
-1.612473428249359131e-01 5.390857905149459839e-02 1.717351842671632767e-03
-1.511558890342712402e-01 4.033233225345611572e-02 -9.188947151415050030e-04
-1.436264365911483765e-01 4.381844401359558105e-02 3.287627128884196281e-03
-1.387716382741928101e-01 4.378323256969451904e-02 1.912846043705940247e-02
-1.392982602119445801e-01 4.632629081606864929e-02 3.357692062854766846e-02
-1.431248635053634644e-01 5.377829447388648987e-02 3.525886312127113342e-02
-1.403814256191253662e-01 6.902505457401275635e-02 4.623039811849594116e-02
-1.390186697244644165e-01 7.858819514513015747e-02 7.641550898551940918e-02
-1.199778541922569275e-01 9.666935354471206665e-02 8.499889820814132690e-02
-1.301583796739578247e-01 1.120148003101348877e-01 6.275971978902816772e-02
-1.718786805868148804e-01 1.168678328394889832e-01 4.593908786773681641e-02
-1.793513596057891846e-01 1.341242194175720215e-01 7.436458766460418701e-02
-1.703143417835235596e-01 1.434647887945175171e-01 5.750734359025955200e-02
-2.313252240419387817e-01 1.455935537815093994e-01 1.367418188601732254e-02
-2.398900389671325684e-01 1.425017118453979492e-01 4.209309071302413940e-02
-2.681939303874969482e-01 1.600035876035690308e-01 8.203202486038208008e-02
-2.211680710315704346e-01 1.794773638248443604e-01 3.183912485837936401e-02
-2.120813876390457153e-01 1.936234980821609497e-01 1.136160492897033691e-01
-1.724353730678558350e-01 2.410106211900711060e-01 9.039434045553207397e-02
-1.859333813190460205e-01 2.321931421756744385e-01 1.563936769962310791e-01
-1.595650464296340942e-01 2.169185876846313477e-01 2.234826385974884033e-01
-2.536401748657226562e-01 2.186979949474334717e-01 1.440132111310958862e-01
-1.741916239261627197e-01 2.577054202556610107e-01 7.844607532024383545e-02
-2.292979359626770020e-01 2.357718795537948608e-01 2.175039350986480713e-01
-1.723150759935379028e-01 1.787386238574981689e-01 2.208357900381088257e-01
-1.583624929189682007e-01 1.158587709069252014e-01 2.808514833450317383e-01
-7.458003610372543335e-02 7.806772738695144653e-02 3.026021122932434082e-01
-1.733874715864658356e-02 8.536478877067565918e-02 2.809033691883087158e-01
-2.904428355395793915e-02 7.507277280092239380e-02 3.694447875022888184e-01
-5.029874667525291443e-02 4.461983218789100647e-02 3.429699838161468506e-01
-4.554888606071472168e-02 3.784507140517234802e-02 3.567690849304199219e-01
-2.121594548225402832e-02 7.421772181987762451e-02 4.411801099777221680e-01
-4.770345240831375122e-02 6.551139056682586670e-02 5.108516216278076172e-01
-5.733821541070938110e-02 4.935403540730476379e-02 5.539723634719848633e-01
-6.557085365056991577e-02 3.336491808295249939e-02 5.632124543190002441e-01
-6.322275847196578979e-02 2.811424247920513153e-02 6.045960783958435059e-01
-6.414133310317993164e-02 1.596218091435730457e-03 6.055508852005004883e-01
-5.508201569318771362e-02 4.744397941976785660e-03 6.361382603645324707e-01
-5.234851688146591187e-02 2.261738292872905731e-02 6.595900058746337891e-01
-4.680715128779411316e-02 3.819701075553894043e-02 6.701539158821105957e-01
-6.064571440219879150e-02 2.482175827026367188e-02 6.777600646018981934e-01
-4.955190420150756836e-02 2.445342205464839935e-02 6.819378733634948730e-01
-3.094671852886676788e-02 3.255672007799148560e-02 7.105615735054016113e-01
-3.693519160151481628e-02 1.358832884579896927e-02 7.116448879241943359e-01
-4.739831015467643738e-02 -4.415894392877817154e-03 7.168526649475097656e-01
-4.247704148292541504e-02 -4.539694171398878098e-03 7.413025498390197754e-01
-3.893980383872985840e-02 -4.587725852616131306e-04 7.646306753158569336e-01
-3.625802695751190186e-02 -2.348637674003839493e-03 7.864215373992919922e-01
-4.582784697413444519e-02 -2.056000754237174988e-03 7.881088852882385254e-01
-4.362958669662475586e-02 -3.296416485682129860e-03 8.004633188247680664e-01
-3.083047457039356232e-02 4.071117436978965998e-04 8.287137746810913086e-01
-3.095089457929134369e-02 1.299414131790399551e-02 8.432770371437072754e-01
-4.662075638771057129e-02 1.124990638345479965e-02 8.417975306510925293e-01
-4.167983308434486389e-02 1.774841919541358948e-02 8.627099394798278809e-01
-4.191847518086433411e-02 2.151428908109664917e-02 8.899466991424560547e-01
-5.367279797792434692e-02 1.177774649113416672e-02 8.827809691429138184e-01
-6.098260357975959778e-02 -3.750849573407322168e-04 8.384667634963989258e-01
-5.352793261408805847e-02 7.240422070026397705e-03 8.689876794815063477e-01
-5.359836295247077942e-02 1.148340385407209396e-02 8.707307577133178711e-01
-4.957567155361175537e-02 1.211979426443576813e-02 8.842031955718994141e-01
-3.056296892464160919e-02 1.646145060658454895e-02 8.920816779136657715e-01
3.525162581354379654e-03 1.062946394085884094e-02 8.772596120834350586e-01
1.457473356276750565e-02 -2.904271008446812630e-03 8.400056362152099609e-01
1.662514731287956238e-02 -1.505079306662082672e-02 8.191958665847778320e-01
3.470489056780934334e-03 -2.872280403971672058e-02 7.946125864982604980e-01
7.717124186456203461e-03 -2.288968302309513092e-02 7.667434215545654297e-01
3.583569452166557312e-02 -1.258837245404720306e-02 7.505124211311340332e-01
4.980070888996124268e-02 -5.449597258120775223e-03 7.793503403663635254e-01
4.325810074806213379e-02 -1.643430627882480621e-02 7.667182683944702148e-01
4.312157258391380310e-02 -1.338446326553821564e-02 7.539427280426025391e-01
8.212774991989135742e-02 6.046530324965715408e-03 7.450661659240722656e-01
9.783203154802322388e-02 6.747389677911996841e-03 7.472063899040222168e-01
1.030036956071853638e-01 6.345635745674371719e-03 7.394706010818481445e-01
1.171828433871269226e-01 8.337848819792270660e-03 7.382351160049438477e-01
1.145079880952835083e-01 2.370321191847324371e-02 7.460170984268188477e-01
1.085102111101150513e-01 5.066402256488800049e-02 7.675600051879882812e-01
9.742636233568191528e-02 6.573326140642166138e-02 7.906555533409118652e-01
9.141346067190170288e-02 7.660887390375137329e-02 7.748009562492370605e-01
7.744655013084411621e-02 7.429402321577072144e-02 7.333416938781738281e-01
1.004822030663490295e-01 5.730857700109481812e-02 7.346029281616210938e-01
1.105846837162971497e-01 2.524808980524539948e-02 7.304787635803222656e-01
1.667407453060150146e-01 1.681572012603282928e-02 6.795629858970642090e-01
2.792935669422149658e-01 -3.702636808156967163e-03 6.219152808189392090e-01
3.236660659313201904e-01 -4.633611813187599182e-02 5.509129762649536133e-01
3.416821956634521484e-01 -6.782716512680053711e-02 4.766160547733306885e-01
3.967245519161224365e-01 -7.524468004703521729e-02 3.878986537456512451e-01
4.212895631790161133e-01 -9.000796824693679810e-02 3.843937516212463379e-01
4.754728972911834717e-01 -1.177691146731376648e-01 3.915699124336242676e-01
5.185872316360473633e-01 -1.561044901609420776e-01 3.272674977779388428e-01
5.638557672500610352e-01 -1.548710912466049194e-01 2.367954254150390625e-01
6.038736701011657715e-01 -1.297177225351333618e-01 1.937056481838226318e-01
6.033236980438232422e-01 -1.367973685264587402e-01 1.738236546516418457e-01
5.910568237304687500e-01 -1.116383299231529236e-01 1.138012260198593140e-01
5.006672143936157227e-01 -1.640105247497558594e-01 1.021182537078857422e-01
5.291069149971008301e-01 -1.964797973632812500e-01 2.386343292891979218e-02
5.373148322105407715e-01 -1.799490004777908325e-01 8.710650727152824402e-03
5.998678803443908691e-01 -1.382444202899932861e-01 3.166183829307556152e-02
6.591861844062805176e-01 -5.939644202589988708e-02 8.705380558967590332e-02
6.744297146797180176e-01 -4.827574640512466431e-02 6.715442240238189697e-02
6.590618491172790527e-01 -5.860210582613945007e-02 7.005158066749572754e-02
6.756267547607421875e-01 -1.044002622365951538e-01 4.575252905488014221e-02
6.927667856216430664e-01 -1.267915219068527222e-01 5.824194476008415222e-02
6.762945652008056641e-01 -1.250362247228622437e-01 7.815008610486984253e-02
6.749177575111389160e-01 -1.212374642491340637e-01 9.018579870462417603e-02
6.640599370002746582e-01 -1.244233623147010803e-01 7.068661600351333618e-02
6.602513790130615234e-01 -1.414802074432373047e-01 4.679979011416435242e-02
6.825255155563354492e-01 -1.376347690820693970e-01 4.075770452618598938e-02
7.191076278686523438e-01 -1.392007172107696533e-01 3.851957246661186218e-02
7.319540977478027344e-01 -1.331677436828613281e-01 3.019549697637557983e-02
7.671518325805664062e-01 -1.110911667346954346e-01 1.636555232107639313e-02
7.703378796577453613e-01 -9.498101472854614258e-02 9.661392308771610260e-03
7.232058048248291016e-01 -1.147534847259521484e-01 7.557356264442205429e-03
7.114443778991699219e-01 -1.180918365716934204e-01 1.679072529077529907e-02
7.059446573257446289e-01 -1.374969184398651123e-01 2.150696702301502228e-02
7.503898143768310547e-01 -1.353921890258789062e-01 3.755259513854980469e-02
7.898480296134948730e-01 -1.268831491470336914e-01 5.078394338488578796e-02
7.817246317863464355e-01 -1.238073781132698059e-01 3.531280532479286194e-02
7.748665213584899902e-01 -1.147615686058998108e-01 6.146141327917575836e-03
7.382645606994628906e-01 -1.174182370305061340e-01 -3.154607117176055908e-02
7.154371142387390137e-01 -1.290012300014495850e-01 -5.521906912326812744e-02
7.204316258430480957e-01 -1.107442677021026611e-01 -6.030851975083351135e-02
7.168990969657897949e-01 -9.682035446166992188e-02 -6.002217531204223633e-02
6.830230355262756348e-01 -8.067146688699722290e-02 -6.707824766635894775e-02
6.694803237915039062e-01 -6.838968396186828613e-02 -7.711981236934661865e-02
6.176777482032775879e-01 -5.159832537174224854e-02 -9.768936038017272949e-02
5.632500648498535156e-01 -2.930029481649398804e-02 -7.803928852081298828e-02
5.223465561866760254e-01 1.063199830241501331e-03 -5.298296362161636353e-02
5.018694400787353516e-01 7.509266491979360580e-03 -5.895350500941276550e-02
4.852606058120727539e-01 -2.027931064367294312e-02 -7.023908197879791260e-02
4.520295262336730957e-01 -4.719446599483489990e-02 -7.153009623289108276e-02
4.341599643230438232e-01 -5.714430287480354309e-02 -8.315455913543701172e-02
4.535743892192840576e-01 -7.443200796842575073e-02 -8.654058724641799927e-02
4.178347587585449219e-01 -1.143838763236999512e-01 -1.133324429392814636e-01
3.490941822528839111e-01 -1.136151477694511414e-01 -1.080394759774208069e-01
2.729806900024414062e-01 -7.125011086463928223e-02 -1.108398213982582092e-01
2.114166766405105591e-01 5.114163085818290710e-02 -1.107059344649314880e-01
1.368662267923355103e-01 1.768896430730819702e-01 -5.344652757048606873e-02
7.668755203485488892e-02 2.121788412332534790e-01 -2.157015353441238403e-02
3.253760561347007751e-02 2.374945878982543945e-01 7.262770831584930420e-02
-3.963259607553482056e-02 2.534852325916290283e-01 1.506251245737075806e-01
-3.792351856827735901e-02 2.655114233493804932e-01 1.691688746213912964e-01
-1.944528706371784210e-02 2.741779386997222900e-01 1.324324160814285278e-01
5.060989782214164734e-02 3.006003797054290771e-01 2.484795749187469482e-01
7.516749948263168335e-02 2.890553176403045654e-01 3.154934644699096680e-01
-1.330557372421026230e-02 2.729943692684173584e-01 3.617651760578155518e-01
4.998273402452468872e-02 2.226531058549880981e-01 3.540982007980346680e-01
8.588313357904553413e-04 1.721195131540298462e-01 4.118614196777343750e-01
-2.534635365009307861e-02 1.250579506158828735e-01 3.857847750186920166e-01
-4.302771296352148056e-03 1.172690242528915405e-01 4.070980548858642578e-01
3.052688436582684517e-03 1.509963274002075195e-01 4.281110465526580811e-01
-2.316786721348762512e-02 1.444615125656127930e-01 4.404227733612060547e-01
1.818729750812053680e-02 1.154362037777900696e-01 5.306028723716735840e-01
1.265751896426081657e-03 9.919250011444091797e-02 6.690208911895751953e-01
6.762106716632843018e-02 1.384483426809310913e-01 7.732174396514892578e-01
1.247878447175025940e-01 1.720673739910125732e-01 8.060624003410339355e-01
1.123355776071548462e-01 1.730688363313674927e-01 7.968311905860900879e-01
6.000556424260139465e-02 1.383395493030548096e-01 7.381762266159057617e-01
4.501413926482200623e-02 1.034944280982017517e-01 6.964054703712463379e-01
6.031266227364540100e-02 9.276674687862396240e-02 7.049883008003234863e-01
8.513133972883224487e-02 9.444162994623184204e-02 7.434267401695251465e-01
1.118422076106071472e-01 1.062196046113967896e-01 7.732512950897216797e-01
9.271237999200820923e-02 1.002041399478912354e-01 7.493769526481628418e-01
8.021039515733718872e-02 1.008023098111152649e-01 7.394268512725830078e-01
1.030537709593772888e-01 1.105390265583992004e-01 7.636047601699829102e-01
1.121763065457344055e-01 1.277680844068527222e-01 7.855654954910278320e-01
1.138904988765716553e-01 1.242266520857810974e-01 8.094538450241088867e-01
1.057233363389968872e-01 1.092452704906463623e-01 8.049248456954956055e-01
1.071876436471939087e-01 1.187509521842002869e-01 8.207325935363769531e-01
9.221206605434417725e-02 1.287648528814315796e-01 8.112661242485046387e-01
7.816005498170852661e-02 1.190184354782104492e-01 7.956479191780090332e-01
7.806986570358276367e-02 1.020104140043258667e-01 8.003176450729370117e-01
8.480150252580642700e-02 1.095215678215026855e-01 8.310902714729309082e-01
1.022148132324218750e-01 1.134527698159217834e-01 8.604499697685241699e-01
1.070835739374160767e-01 1.040835604071617126e-01 8.647182583808898926e-01
1.125647425651550293e-01 9.799179434776306152e-02 8.597451448440551758e-01
1.165872439742088318e-01 1.031272262334823608e-01 8.651005625724792480e-01
1.142226234078407288e-01 1.042399257421493530e-01 8.731965422630310059e-01
1.084767729043960571e-01 9.134325385093688965e-02 8.648556470870971680e-01
1.488897204399108887e-01 1.063411831855773926e-01 9.077295660972595215e-01
1.600262820720672607e-01 1.232456490397453308e-01 9.160764813423156738e-01
1.506061553955078125e-01 1.125908121466636658e-01 9.121238589286804199e-01
1.864203512668609619e-01 1.216287165880203247e-01 9.426113367080688477e-01
1.862819343805313110e-01 1.164005771279335022e-01 9.370662569999694824e-01
1.690509915351867676e-01 9.747216105461120605e-02 9.296365380287170410e-01
2.002042531967163086e-01 1.073893457651138306e-01 9.376787543296813965e-01
1.882455050945281982e-01 9.909406304359436035e-02 9.028903245925903320e-01
1.631904691457748413e-01 8.750107884407043457e-02 8.937960863113403320e-01
1.776449680328369141e-01 1.154746711254119873e-01 9.340990781784057617e-01
1.894031465053558350e-01 1.274510920047760010e-01 9.487525820732116699e-01
1.469298005104064941e-01 1.200400218367576599e-01 9.212929010391235352e-01
1.507832258939743042e-01 1.283655911684036255e-01 9.128417372703552246e-01
1.403010785579681396e-01 1.352504342794418335e-01 9.008730649948120117e-01
1.096474379301071167e-01 1.108675599098205566e-01 8.543380498886108398e-01
1.405609697103500366e-01 1.000493541359901428e-01 8.484389185905456543e-01
1.676269769668579102e-01 1.029342710971832275e-01 8.584808111190795898e-01
1.567597091197967529e-01 7.903746515512466431e-02 8.285699486732482910e-01
1.699432432651519775e-01 6.552407145500183105e-02 8.244689106941223145e-01
1.708645671606063843e-01 8.661577850580215454e-02 8.303301334381103516e-01
1.824760437011718750e-01 9.787400066852569580e-02 8.327089548110961914e-01
1.799211651086807251e-01 7.845782488584518433e-02 8.067618608474731445e-01
1.760196685791015625e-01 1.007619053125381470e-01 8.058891892433166504e-01
1.864587813615798950e-01 1.039562076330184937e-01 8.032128810882568359e-01
2.056897878646850586e-01 9.674827009439468384e-02 7.876416444778442383e-01
2.149722129106521606e-01 1.232098191976547241e-01 7.946770191192626953e-01
1.963780820369720459e-01 1.754635721445083618e-01 7.889845371246337891e-01
1.596162319183349609e-01 1.631346195936203003e-01 7.538846731185913086e-01
1.344656497240066528e-01 1.454768627882003784e-01 7.454832792282104492e-01
1.469443589448928833e-01 1.568917185068130493e-01 7.503182888031005859e-01
1.590093523263931274e-01 1.802720427513122559e-01 7.604051828384399414e-01
1.810591071844100952e-01 1.798777580261230469e-01 7.498067021369934082e-01
1.762918978929519653e-01 1.648243665695190430e-01 6.955500245094299316e-01
1.636618524789810181e-01 1.547650992870330811e-01 6.280838251113891602e-01
1.564205884933471680e-01 1.530499458312988281e-01 5.969404578208923340e-01
1.603544801473617554e-01 1.531109064817428589e-01 5.718416571617126465e-01
1.371467709541320801e-01 1.472384184598922729e-01 5.271890163421630859e-01
1.034006625413894653e-01 1.151032224297523499e-01 4.667931199073791504e-01
7.143703848123550415e-02 9.384661912918090820e-02 3.862110376358032227e-01
4.450710117816925049e-02 8.265463262796401978e-02 3.589947223663330078e-01
5.586329847574234009e-02 6.774107366800308228e-02 3.510718643665313721e-01
7.181373983621597290e-02 7.425861060619354248e-02 3.445094525814056396e-01
1.066748425364494324e-01 8.585078269243240356e-02 3.244060277938842773e-01
1.263957619667053223e-01 1.011679768562316895e-01 3.062063455581665039e-01
1.631212830543518066e-01 1.190736517310142517e-01 3.184419572353363037e-01
1.640501469373703003e-01 1.164242401719093323e-01 2.992161214351654053e-01
1.381551325321197510e-01 1.064510047435760498e-01 2.650447189807891846e-01
1.085536181926727295e-01 1.224406212568283081e-01 2.440740317106246948e-01
1.414493024349212646e-01 1.003547608852386475e-01 2.473441660404205322e-01
1.803932338953018188e-01 9.566703438758850098e-02 2.172376513481140137e-01
1.899616122245788574e-01 1.201312616467475891e-01 1.660174727439880371e-01
2.551558315753936768e-01 1.324465125799179077e-01 1.294250190258026123e-01
3.100678324699401855e-01 1.348709762096405029e-01 1.226057112216949463e-01
3.047913610935211182e-01 1.484282910823822021e-01 1.575625389814376831e-01
3.246357142925262451e-01 1.315694898366928101e-01 1.667420417070388794e-01
3.174075186252593994e-01 1.351138502359390259e-01 1.108398288488388062e-01
2.665034532546997070e-01 1.409358531236648560e-01 5.788469687104225159e-02
2.598510086536407471e-01 1.319863051176071167e-01 8.328743278980255127e-02
3.098821043968200684e-01 1.416305750608444214e-01 1.044785007834434509e-01
4.016866981983184814e-01 1.355185210704803467e-01 4.892638325691223145e-02
4.469105601310729980e-01 1.279095411300659180e-01 5.327559262514114380e-02
4.395535588264465332e-01 1.410575062036514282e-01 1.018154695630073547e-01
5.091709494590759277e-01 1.521653085947036743e-01 1.111542582511901855e-01
5.338634252548217773e-01 1.410081684589385986e-01 7.410550862550735474e-02
5.453767776489257812e-01 9.721763432025909424e-02 4.819051921367645264e-02
4.573695361614227295e-01 8.404713124036788940e-02 3.459310531616210938e-02
4.347415566444396973e-01 1.009653657674789429e-01 2.395977452397346497e-02
4.532744884490966797e-01 5.794238299131393433e-02 -4.731261171400547028e-03
4.303380548954010010e-01 3.066629916429519653e-02 -3.586740791797637939e-02
4.362106025218963623e-01 1.098576001822948456e-02 -2.757741883397102356e-02
4.319824576377868652e-01 -2.529821544885635376e-02 -7.056511938571929932e-02
4.075801074504852295e-01 -7.345204055309295654e-02 -7.993528246879577637e-02
4.346090555191040039e-01 -1.223807334899902344e-01 -8.226061612367630005e-02
4.638134241104125977e-01 -1.875260472297668457e-01 -9.999734908342361450e-02
4.718988537788391113e-01 -2.051174044609069824e-01 -8.553489297628402710e-02
4.713866710662841797e-01 -2.505116760730743408e-01 -9.538088738918304443e-02
4.936439394950866699e-01 -2.846984267234802246e-01 -3.664003685116767883e-02
4.666681587696075439e-01 -2.756355106830596924e-01 2.261859737336635590e-02
4.231877326965332031e-01 -3.055419027805328369e-01 2.712523005902767181e-02
4.254320263862609863e-01 -2.762348949909210205e-01 1.039203181862831116e-01
4.367514252662658691e-01 -3.208841979503631592e-01 2.020539939403533936e-01
4.017120897769927979e-01 -3.896904289722442627e-01 1.780906617641448975e-01
4.730576872825622559e-01 -3.551889061927795410e-01 2.934330999851226807e-01
4.847577214241027832e-01 -3.597761988639831543e-01 4.190832972526550293e-01
3.712982833385467529e-01 -3.113294839859008789e-01 4.707881510257720947e-01
2.867603600025177002e-01 -3.272259831428527832e-01 5.437231063842773438e-01
1.848095357418060303e-01 -4.093402326107025146e-01 5.109169483184814453e-01
1.875834017992019653e-01 -3.036902248859405518e-01 5.441549420356750488e-01
4.456854611635208130e-02 -1.390600353479385376e-01 7.344812154769897461e-01
6.356298457831144333e-03 -1.305036991834640503e-01 6.641086935997009277e-01
-1.426804810762405396e-02 -1.150174960494041443e-01 5.043371915817260742e-01
5.934989824891090393e-02 -9.468519687652587891e-02 4.906798601150512695e-01
5.059288814663887024e-02 -9.605271369218826294e-02 5.941753387451171875e-01
7.907035760581493378e-03 -1.077439188957214355e-01 6.463251709938049316e-01
-3.248046338558197021e-02 -1.117956414818763733e-01 6.616054773330688477e-01
-5.939550697803497314e-02 -7.833900302648544312e-02 6.945400238037109375e-01
-7.105457782745361328e-02 -6.073764711618423462e-02 7.385834455490112305e-01
-5.295309051871299744e-02 -5.669352784752845764e-02 7.787672877311706543e-01
-4.654471576213836670e-02 -2.939943596720695496e-02 8.058959245681762695e-01
-5.763533338904380798e-02 -1.755768898874521255e-03 8.347253203392028809e-01
-5.565655231475830078e-02 1.657125353813171387e-02 8.201470971107482910e-01
-3.917005658149719238e-02 4.974382743239402771e-02 8.565394878387451172e-01
-3.699582815170288086e-02 7.420611381530761719e-02 8.878034353256225586e-01
-4.728490114212036133e-02 8.800474554300308228e-02 9.328724145889282227e-01
-3.027010150253772736e-02 8.567916601896286011e-02 9.229009747505187988e-01
-1.637879572808742523e-02 7.555110007524490356e-02 8.796870112419128418e-01
-9.284982457756996155e-03 8.174268901348114014e-02 8.567949533462524414e-01
-6.308701820671558380e-03 9.308698028326034546e-02 8.616088032722473145e-01
-6.081436295062303543e-03 1.187592670321464539e-01 8.810822963714599609e-01
-2.817336469888687134e-02 1.259533911943435669e-01 9.002313017845153809e-01
-4.665448889136314392e-02 1.134556233882904053e-01 8.857111334800720215e-01
-7.369721680879592896e-02 9.067343920469284058e-02 8.399982452392578125e-01
-8.691764622926712036e-02 8.798024058341979980e-02 8.063236474990844727e-01
-8.435122668743133545e-02 9.159514307975769043e-02 8.577242493629455566e-01
-8.446788787841796875e-02 1.126463785767555237e-01 9.004220366477966309e-01
-8.871936053037643433e-02 1.118198633193969727e-01 9.190009236335754395e-01
-8.534989506006240845e-02 1.213351115584373474e-01 9.640518426895141602e-01
-8.514259755611419678e-02 1.333986073732376099e-01 9.648175239562988281e-01
-7.898874580860137939e-02 1.318595409393310547e-01 9.598529338836669922e-01
-7.365010678768157959e-02 1.243741810321807861e-01 9.510966539382934570e-01
-7.736419141292572021e-02 1.161701083183288574e-01 9.417726397514343262e-01
-8.095520734786987305e-02 1.051259338855743408e-01 9.368168711662292480e-01
-8.419659733772277832e-02 9.125709533691406250e-02 9.507224559783935547e-01
-7.973845303058624268e-02 1.103967875242233276e-01 9.467548131942749023e-01
-1.025265008211135864e-01 1.256427168846130371e-01 9.483919143676757812e-01
-1.232996657490730286e-01 1.379176229238510132e-01 9.867205023765563965e-01
-1.268903315067291260e-01 1.370177865028381348e-01 1.026456594467163086e+00
-1.500774770975112915e-01 1.389102786779403687e-01 1.057693123817443848e+00
-1.816449016332626343e-01 1.302617043256759644e-01 1.020127296447753906e+00
-1.965609043836593628e-01 1.325852423906326294e-01 9.796876311302185059e-01
-1.942850649356842041e-01 1.431822031736373901e-01 9.704862833023071289e-01
-1.637744307518005371e-01 1.468809992074966431e-01 9.977393746376037598e-01
-1.511317789554595947e-01 1.519716978073120117e-01 9.876413345336914062e-01
-1.180634573101997375e-01 1.523614972829818726e-01 9.370065331459045410e-01
-9.812191873788833618e-02 1.352217942476272583e-01 8.943008184432983398e-01
-1.070483326911926270e-01 1.349145770072937012e-01 9.122477173805236816e-01
-1.152544245123863220e-01 1.299620419740676880e-01 8.837045431137084961e-01
-1.189359873533248901e-01 1.235280930995941162e-01 8.366534113883972168e-01
-1.313246190547943115e-01 1.130790784955024719e-01 8.518689274787902832e-01
-1.291985362768173218e-01 1.079785302281379700e-01 8.094109892845153809e-01
-1.497905999422073364e-01 1.038725599646568298e-01 7.518563866615295410e-01
-1.457676738500595093e-01 1.123997941613197327e-01 7.742961645126342773e-01
-1.442759037017822266e-01 1.064025312662124634e-01 8.012076020240783691e-01
-1.541375368833541870e-01 9.940522164106369019e-02 7.718011140823364258e-01
-2.250983268022537231e-01 1.045104861259460449e-01 6.834672093391418457e-01
-2.640438079833984375e-01 1.300579160451889038e-01 6.909621357917785645e-01
-2.682850062847137451e-01 1.370185911655426025e-01 6.655263304710388184e-01
-2.961244285106658936e-01 1.543898284435272217e-01 6.210399270057678223e-01
-3.655243515968322754e-01 1.494804322719573975e-01 5.743687152862548828e-01
-3.825490772724151611e-01 1.442904770374298096e-01 5.252688527107238770e-01
-4.183051288127899170e-01 1.876079142093658447e-01 4.503092765808105469e-01
-4.819085597991943359e-01 1.971076130867004395e-01 3.778302371501922607e-01
-5.445516705513000488e-01 2.003426551818847656e-01 3.535297214984893799e-01
-6.219099760055541992e-01 2.152027785778045654e-01 3.106216192245483398e-01
-7.082479000091552734e-01 2.428689897060394287e-01 2.027698308229446411e-01
-6.888749599456787109e-01 1.890211850404739380e-01 1.603243052959442139e-01
-7.303358912467956543e-01 1.765192747116088867e-01 6.749971956014633179e-02
-6.579830646514892578e-01 1.095761880278587341e-01 4.881044104695320129e-02
-7.702818512916564941e-01 1.106838211417198181e-01 2.229358255863189697e-02
-7.429039478302001953e-01 7.465676218271255493e-02 -1.997817307710647583e-02
-7.184140086174011230e-01 6.715783476829528809e-02 7.978603243827819824e-03
-7.707329392433166504e-01 8.853570371866226196e-02 -1.080215442925691605e-02
-8.159618377685546875e-01 4.382570087909698486e-02 -3.468677401542663574e-02
-7.851766943931579590e-01 -3.066981770098209381e-02 -4.359226301312446594e-02
-8.386727571487426758e-01 -4.320319369435310364e-02 -4.649671167135238647e-02
-7.904567122459411621e-01 -4.099698364734649658e-02 -1.774263381958007812e-02
-7.427828311920166016e-01 -4.867476224899291992e-02 2.821930497884750366e-02
-7.866670489311218262e-01 -1.928143948316574097e-02 8.129666559398174286e-03
-7.972176074981689453e-01 -2.656820416450500488e-02 2.638486027717590332e-02
-8.141382336616516113e-01 -3.042310290038585663e-02 7.677155733108520508e-02
-7.992120385169982910e-01 -4.757675155997276306e-02 7.340499013662338257e-02
-7.612877488136291504e-01 -7.442427426576614380e-02 -1.986726373434066772e-02
-8.472806811332702637e-01 -9.627491980791091919e-02 -8.311938494443893433e-02
-8.919346928596496582e-01 -5.515273660421371460e-02 -4.689196124672889709e-02
-9.065127372741699219e-01 -6.731300801038742065e-02 -2.531873993575572968e-02
-8.754448294639587402e-01 -7.704435288906097412e-02 1.764820516109466553e-02
-8.764431476593017578e-01 -1.085137277841567993e-01 2.623657882213592529e-02
-8.587088584899902344e-01 -1.130470559000968933e-01 3.270865604281425476e-02
-8.112741708755493164e-01 -1.291957497596740723e-01 1.333798654377460480e-02
-7.817238569259643555e-01 -1.821915507316589355e-01 -1.722293905913829803e-02
-7.805655002593994141e-01 -1.796959489583969116e-01 -3.893145918846130371e-02
-7.350357770919799805e-01 -1.548641175031661987e-01 -5.246210470795631409e-02
-7.241536974906921387e-01 -1.667706966400146484e-01 -4.084421321749687195e-02
-7.303256392478942871e-01 -1.694856435060501099e-01 -3.960791975259780884e-02
-7.308611273765563965e-01 -1.594921946525573730e-01 -4.160094261169433594e-02
-6.568206548690795898e-01 -1.534310877323150635e-01 -3.973584622144699097e-02
-6.237795948982238770e-01 -1.420263200998306274e-01 -3.410300612449645996e-02
-5.776744484901428223e-01 -1.461001187562942505e-01 -1.504057459533214569e-02
-5.229245424270629883e-01 -1.454149931669235229e-01 -1.965506700798869133e-03
-4.883686602115631104e-01 -1.428530961275100708e-01 8.819551207125186920e-03
-4.704000949859619141e-01 -1.506841778755187988e-01 -4.721441306173801422e-03
-3.517823815345764160e-01 -1.657393574714660645e-01 2.174248360097408295e-02
-3.495264947414398193e-01 -1.467711627483367920e-01 7.371538877487182617e-02
-4.755468666553497314e-01 -1.689819991588592529e-01 9.535496681928634644e-02
-4.297006130218505859e-01 -2.096536457538604736e-01 8.129641413688659668e-02
-2.871734201908111572e-01 -2.618035078048706055e-01 1.744698584079742432e-01
-2.172395437955856323e-01 -2.412665039300918579e-01 2.680242061614990234e-01
-2.041106820106506348e-01 -2.002579420804977417e-01 2.499498724937438965e-01
-1.743305176496505737e-01 -2.537664771080017090e-01 2.508111596107482910e-01
-1.118083149194717407e-01 -2.727611958980560303e-01 3.573222756385803223e-01
-3.055504895746707916e-02 -2.692568004131317139e-01 4.333592355251312256e-01
-1.817888021469116211e-02 -2.623360455036163330e-01 3.788414001464843750e-01
5.919116362929344177e-02 -1.900888830423355103e-01 4.461509287357330322e-01
9.420132637023925781e-02 -8.007928729057312012e-02 5.619512796401977539e-01
1.212545856833457947e-01 -9.423439949750900269e-02 5.036963820457458496e-01
9.671161323785781860e-02 -3.011901117861270905e-02 4.976467788219451904e-01
6.880877166986465454e-02 -7.926492393016815186e-02 5.095911622047424316e-01
8.734677731990814209e-02 -1.021071076393127441e-01 5.308867096900939941e-01
1.773522496223449707e-01 -9.585116803646087646e-02 6.101411581039428711e-01
1.110619008541107178e-01 -5.200918018817901611e-02 5.804640054702758789e-01
1.205031275749206543e-01 -2.699394337832927704e-02 5.238763689994812012e-01
9.772514551877975464e-02 -3.911016508936882019e-02 5.471193790435791016e-01
1.712834835052490234e-01 4.098679870367050171e-02 5.570837855339050293e-01
1.975465714931488037e-01 7.284538447856903076e-02 6.349843144416809082e-01
1.957746893167495728e-01 1.145316809415817261e-01 6.664621829986572266e-01
1.959398984909057617e-01 1.032140702009201050e-01 6.106936931610107422e-01
2.112115472555160522e-01 8.734785765409469604e-02 6.295329928398132324e-01
2.370225340127944946e-01 1.194466352462768555e-01 6.618531346321105957e-01
2.601780295372009277e-01 1.420575827360153198e-01 6.636638641357421875e-01
2.558656632900238037e-01 1.481465250253677368e-01 6.634246706962585449e-01
2.744664549827575684e-01 1.514488011598587036e-01 6.559823155403137207e-01
2.489565610885620117e-01 1.537799239158630371e-01 6.714383363723754883e-01
2.359659522771835327e-01 1.482785791158676147e-01 6.597925424575805664e-01
2.600477337837219238e-01 1.363966763019561768e-01 6.672407984733581543e-01
2.697926759719848633e-01 1.369619071483612061e-01 6.828550100326538086e-01
2.413232028484344482e-01 1.268616765737533569e-01 6.876241564750671387e-01
2.455929219722747803e-01 1.161492541432380676e-01 6.913831233978271484e-01
2.803156077861785889e-01 1.067706793546676636e-01 6.846709847450256348e-01
2.766921818256378174e-01 1.213449537754058838e-01 6.950528025627136230e-01
2.636555433273315430e-01 1.403912603855133057e-01 6.994597315788269043e-01
2.764645218849182129e-01 1.529897451400756836e-01 6.958634853363037109e-01
3.390024900436401367e-01 1.537461727857589722e-01 6.821807026863098145e-01
3.138308823108673096e-01 1.328336447477340698e-01 6.755495667457580566e-01
2.711521387100219727e-01 1.197042539715766907e-01 6.830895543098449707e-01
2.739128768444061279e-01 1.231099814176559448e-01 6.897468566894531250e-01
2.954363226890563965e-01 1.364302188158035278e-01 6.930487155914306641e-01
2.644498646259307861e-01 1.225017756223678589e-01 6.732637882232666016e-01
1.929701268672943115e-01 8.873629570007324219e-02 6.552607417106628418e-01
1.653790473937988281e-01 7.551973313093185425e-02 6.427659392356872559e-01
2.074512541294097900e-01 7.194298505783081055e-02 6.096797585487365723e-01
2.343610674142837524e-01 7.420939207077026367e-02 5.834358930587768555e-01
2.138718813657760620e-01 8.083278685808181763e-02 5.819387435913085938e-01
2.276106625795364380e-01 1.025671809911727905e-01 5.899922251701354980e-01
2.459726929664611816e-01 1.105678156018257141e-01 6.088553071022033691e-01
2.382120192050933838e-01 1.207110062241554260e-01 5.993835330009460449e-01
1.856387853622436523e-01 1.272290498018264771e-01 5.925809741020202637e-01
1.478980630636215210e-01 1.219415590167045593e-01 5.617363452911376953e-01
8.070319890975952148e-02 1.020423695445060730e-01 5.298873782157897949e-01
2.770056575536727905e-02 1.064952686429023743e-01 4.553803503513336182e-01
-7.909363508224487305e-02 3.592121601104736328e-02 4.045725166797637939e-01
-5.808803811669349670e-02 1.413510087877511978e-02 3.720718622207641602e-01
-3.462155582383275032e-03 7.551732659339904785e-02 4.521004557609558105e-01
-6.894711405038833618e-02 1.221840381622314453e-01 4.893211424350738525e-01
-1.329849660396575928e-01 6.891543418169021606e-02 4.464182555675506592e-01
-1.104592978954315186e-01 4.838642105460166931e-02 4.999170303344726562e-01
-9.451031684875488281e-02 -6.763756275177001953e-03 4.379286468029022217e-01
-2.361062467098236084e-01 -1.669272035360336304e-02 3.415593504905700684e-01
-3.324695825576782227e-01 -4.305375739932060242e-02 2.061719447374343872e-01
-2.646191418170928955e-01 -3.006700659170746803e-03 2.177456915378570557e-01
-2.737397849559783936e-01 -3.076674789190292358e-02 2.218815982341766357e-01
-3.163686692714691162e-01 -5.065335705876350403e-02 1.148960739374160767e-01
-3.385153710842132568e-01 -7.725226134061813354e-02 7.825332134962081909e-02
-3.592757284641265869e-01 -5.700330063700675964e-02 3.371103107929229736e-02
-2.928288877010345459e-01 -6.551015377044677734e-02 2.454729750752449036e-02
-2.489021718502044678e-01 6.610177922993898392e-03 3.309440240263938904e-02
-2.007082849740982056e-01 6.076983362436294556e-02 4.661617428064346313e-02
-1.575434058904647827e-01 9.822136163711547852e-02 8.718282729387283325e-02
-1.685253828763961792e-01 8.536793291568756104e-02 -4.414610099047422409e-03
-1.661938130855560303e-01 4.616640508174896240e-02 -3.539305552840232849e-02
-1.152843236923217773e-01 4.869150742888450623e-02 -3.726908564567565918e-02
-1.009329929947853088e-01 5.997618287801742554e-02 7.378065958619117737e-03
-7.503651082515716553e-02 4.725615307688713074e-02 -5.084164906293153763e-03
-2.642964571714401245e-02 2.864483371376991272e-02 -2.383833518251776695e-03
7.972076535224914551e-03 1.655532605946063995e-02 -1.664260961115360260e-02
1.668465882539749146e-02 1.410837657749652863e-02 -2.200012281537055969e-02
1.910178363323211670e-02 1.658128201961517334e-02 -2.429644763469696045e-02
2.257744222879409790e-02 1.668992266058921814e-02 -2.369132637977600098e-02
2.470972202718257904e-02 1.922912523150444031e-02 -2.026312425732612610e-02
2.777227014303207397e-02 1.770247891545295715e-02 -1.375254988670349121e-02
2.859875559806823730e-02 1.615403965115547180e-02 -8.914634585380554199e-03
2.829220145940780640e-02 1.614956930279731750e-02 -7.924467325210571289e-03
2.889183908700942993e-02 1.516557950526475906e-02 -1.246372237801551819e-02
2.652388811111450195e-02 1.591833867132663727e-02 -1.210921537131071091e-02
2.763497456908226013e-02 1.550375670194625854e-02 -1.169432979077100754e-02
2.536808513104915619e-02 1.474153157323598862e-02 -1.029223483055830002e-02
2.455990761518478394e-02 1.427840813994407654e-02 -1.265634596347808838e-02
2.447351068258285522e-02 1.462113112211227417e-02 -1.373851299285888672e-02
