-7.616616785526275635e-03 -1.953340135514736176e-02 7.466909885406494141e-01
-1.205903291702270508e-02 -1.561102829873561859e-02 7.561740279197692871e-01
-8.888103067874908447e-03 -1.020811311900615692e-02 7.857012748718261719e-01
4.143454134464263916e-04 9.849425405263900757e-04 8.248385787010192871e-01
8.820805698633193970e-03 -4.984345287084579468e-04 8.023164272308349609e-01
1.357182860374450684e-02 -3.629922866821289062e-05 7.784847021102905273e-01
1.548519730567932129e-02 -1.144062168896198273e-02 8.053749799728393555e-01
9.784162044525146484e-03 -1.993531174957752228e-02 8.991840481758117676e-01
1.864328980445861816e-03 -2.272325567901134491e-02 9.559249281883239746e-01
-5.433246493339538574e-03 -2.018080465495586395e-02 1.022508025169372559e+00
-1.575294882059097290e-03 -2.306301705539226532e-02 1.062520623207092285e+00
-2.583906054496765137e-03 -2.776834927499294281e-02 1.069960117340087891e+00
-4.547879099845886230e-03 -2.814575098454952240e-02 1.065379023551940918e+00
9.143240749835968018e-04 -3.322997689247131348e-02 1.052028656005859375e+00
7.048718631267547607e-03 -2.701086364686489105e-02 9.889991283416748047e-01
1.253957301378250122e-02 -1.687586866319179535e-02 9.735826849937438965e-01
6.260719150304794312e-03 -1.560247503221035004e-02 9.379473328590393066e-01
2.530235797166824341e-03 -2.596913836896419525e-02 9.081107974052429199e-01
-1.133766025304794312e-02 -1.592257432639598846e-02 8.453961014747619629e-01
-1.963593810796737671e-02 -3.201244398951530457e-03 8.515192866325378418e-01
-8.638005703687667847e-03 -9.372299537062644958e-03 9.035359025001525879e-01
3.783348947763442993e-03 -1.869517378509044647e-02 8.069419860839843750e-01
-3.005437552928924561e-03 -1.766059361398220062e-02 7.266838550567626953e-01
-9.817875921726226807e-03 1.531090028584003448e-02 7.779979109764099121e-01
-1.052737236022949219e-03 8.284186944365501404e-03 7.435978055000305176e-01
1.040285080671310425e-02 3.653615713119506836e-03 6.423432230949401855e-01
5.459077656269073486e-04 -1.611510291695594788e-03 6.457859873771667480e-01
-7.520288228988647461e-03 4.244323819875717163e-03 6.786792278289794922e-01
-3.827795386314392090e-03 3.993501886725425720e-03 7.394654750823974609e-01
-4.822157323360443115e-03 -3.285538405179977417e-04 7.360047698020935059e-01
-9.705036878585815430e-03 5.120221525430679321e-03 6.935275197029113770e-01
-1.988310366868972778e-02 8.934402838349342346e-03 7.004132866859436035e-01
-5.262579768896102905e-03 3.804830834269523621e-03 7.498636245727539062e-01
-4.637703299522399902e-03 -1.481506787240505219e-02 7.972801923751831055e-01
-1.057170331478118896e-02 -1.617584563791751862e-02 8.536344766616821289e-01
2.955682575702667236e-03 -1.083830557763576508e-02 9.214848875999450684e-01
2.473474293947219849e-02 -6.171407178044319153e-03 9.930000305175781250e-01
2.809226512908935547e-02 -1.507892645895481110e-02 1.063731908798217773e+00
2.389539778232574463e-02 -3.078498877584934235e-02 1.146928191184997559e+00
2.071199566125869751e-02 -2.593579329550266266e-02 1.156621336936950684e+00
1.320303231477737427e-02 -1.559093408286571503e-02 1.141544818878173828e+00
1.525374501943588257e-02 -1.324436999857425690e-02 1.159110784530639648e+00
1.952808350324630737e-02 -1.289420388638973236e-02 1.185387015342712402e+00
2.111465483903884888e-02 -1.278322748839855194e-02 1.196499109268188477e+00
2.127458900213241577e-02 -1.159441284835338593e-02 1.148568511009216309e+00
1.973720639944076538e-02 -1.209777407348155975e-02 1.097243905067443848e+00
2.052179723978042603e-02 -9.669398888945579529e-03 1.087389826774597168e+00
2.607122063636779785e-02 -1.844197511672973633e-03 1.075197815895080566e+00
2.955997735261917114e-02 4.981448873877525330e-03 1.066357493400573730e+00
2.221962064504623413e-02 9.590975940227508545e-03 1.042056441307067871e+00
1.900955289602279663e-02 1.117316074669361115e-02 1.023729681968688965e+00
1.547869294881820679e-02 9.567823261022567749e-03 1.070502996444702148e+00
1.123156398534774780e-02 2.295874059200286865e-03 1.124166846275329590e+00
7.941439747810363770e-03 -2.944137901067733765e-03 1.135158419609069824e+00
8.723363280296325684e-03 -1.041982881724834442e-02 1.148586034774780273e+00
6.763685494661331177e-03 -5.450483411550521851e-03 1.172960638999938965e+00
4.803981631994247437e-03 -3.311216831207275391e-03 1.185931801795959473e+00
3.345314413309097290e-03 -4.914382472634315491e-03 1.203451514244079590e+00
2.900864928960800171e-03 -6.568370386958122253e-03 1.199975728988647461e+00
2.322636544704437256e-03 -5.994515493512153625e-03 1.187004208564758301e+00
2.788811922073364258e-03 -7.256314158439636230e-03 1.197700381278991699e+00
1.998756080865859985e-03 -5.857011303305625916e-03 1.166742205619812012e+00
8.313506841659545898e-03 1.969618722796440125e-03 1.123727679252624512e+00
1.107156276702880859e-02 7.296685129404067993e-03 1.093078613281250000e+00
7.903568446636199951e-03 8.612114004790782928e-03 1.041363000869750977e+00
7.874563336372375488e-03 1.411578804254531860e-02 9.854082465171813965e-01
7.285259664058685303e-03 1.099090650677680969e-02 9.649833440780639648e-01
7.925469428300857544e-03 -1.392986625432968140e-03 1.002986192703247070e+00
9.390853345394134521e-03 -3.240790218114852905e-03 1.002727627754211426e+00
1.022525876760482788e-02 3.454297780990600586e-03 9.710336327552795410e-01
1.154239475727081299e-02 1.181193348020315170e-02 8.919382691383361816e-01
4.781905561685562134e-03 2.233221940696239471e-02 8.829416036605834961e-01
-1.873243227601051331e-02 1.497908309102058411e-02 8.449791073799133301e-01
1.694454997777938843e-02 1.378679648041725159e-03 9.066101312637329102e-01
1.658243685960769653e-02 -3.017367795109748840e-03 9.499132633209228516e-01
2.008229494094848633e-02 -1.227010041475296021e-03 9.379070997238159180e-01
1.448480039834976196e-02 1.001381501555442810e-02 9.744293093681335449e-01
1.051923632621765137e-02 -1.013386994600296021e-03 9.005166888236999512e-01
1.106005907058715820e-02 -3.972243517637252808e-03 8.383239507675170898e-01
8.279733359813690186e-03 -5.049785599112510681e-03 8.399017453193664551e-01
-1.414440572261810303e-03 -1.383590139448642731e-02 8.198608160018920898e-01
-7.085844874382019043e-03 -1.995150558650493622e-02 8.660945892333984375e-01
-9.053308516740798950e-03 -2.477625571191310883e-02 9.027546048164367676e-01
-9.540010243654251099e-03 -2.828708849847316742e-02 8.736016154289245605e-01
-1.227478682994842529e-02 -2.672842703759670258e-02 8.230696916580200195e-01
-2.812847495079040527e-03 -2.903826721012592316e-02 8.414123654365539551e-01
-8.204843848943710327e-03 -2.019590698182582855e-02 7.630055546760559082e-01
3.269325941801071167e-03 -5.380190908908843994e-03 7.042191624641418457e-01
-1.329408586025238037e-02 -1.496776379644870758e-02 6.945390701293945312e-01
-1.557873189449310303e-02 -1.675136946141719818e-02 7.694866061210632324e-01
-6.320714950561523438e-03 -2.745821513235569000e-02 8.013221025466918945e-01
1.247045397758483887e-02 -2.232126705348491669e-02 8.009824156761169434e-01
1.355370879173278809e-02 -2.611089684069156647e-02 6.689234972000122070e-01
-1.215380057692527771e-02 -2.855289168655872345e-02 5.981819033622741699e-01
-1.407572627067565918e-02 -2.464891038835048676e-02 7.840151786804199219e-01
-1.740864664316177368e-02 -2.456029318273067474e-02 7.537057399749755859e-01
-2.130112051963806152e-02 -2.457765303552150726e-02 6.243019104003906250e-01
-2.965101599693298340e-02 -2.566262148320674896e-02 5.719527602195739746e-01
-3.677538782358169556e-02 -2.602783404290676117e-02 5.763264894485473633e-01
-3.615036606788635254e-02 -3.392575681209564209e-02 6.013370752334594727e-01
1.125066727399826050e-02 -2.045600675046443939e-02 7.256979942321777344e-01
9.433872997760772705e-03 1.238941587507724762e-02 9.713191986083984375e-01
-6.236072629690170288e-03 1.476058550179004669e-02 8.469166755676269531e-01
-2.781480550765991211e-03 2.169976010918617249e-03 7.940040230751037598e-01
6.020896136760711670e-03 -1.607366465032100677e-02 7.593208551406860352e-01
-1.535542309284210205e-03 -2.193657122552394867e-02 8.285638093948364258e-01
1.777283847332000732e-03 -1.773550920188426971e-02 9.228504300117492676e-01
-2.952300012111663818e-03 -1.661238633096218109e-02 8.856067657470703125e-01
-1.591865718364715576e-02 -1.651818864047527313e-02 1.001807332038879395e+00
4.984598606824874878e-03 -2.932440303266048431e-02 9.281928539276123047e-01
-7.630228996276855469e-03 -1.635385863482952118e-02 9.540501236915588379e-01
3.603272140026092529e-03 -1.018950901925563812e-02 9.774351119995117188e-01
-9.577758610248565674e-04 -6.794111803174018860e-03 9.793451428413391113e-01
2.679537981748580933e-03 -7.178923115134239197e-03 9.569144248962402344e-01
1.531366258859634399e-03 -9.417394176125526428e-03 9.102069139480590820e-01
-3.749735653400421143e-03 -1.090739481151103973e-02 8.990938663482666016e-01
-1.114102080464363098e-02 -1.890659891068935394e-02 9.116749763488769531e-01
-1.364447176456451416e-02 -1.478341035544872284e-02 9.521726369857788086e-01
-1.608658954501152039e-02 -1.087117753922939301e-02 9.358822107315063477e-01
-1.575860753655433655e-02 -1.487027294933795929e-02 8.942034244537353516e-01
-1.788100972771644592e-02 -1.162639074027538300e-02 9.270021915435791016e-01
-1.716908067464828491e-02 -4.219723865389823914e-03 9.890816807746887207e-01
-1.834861934185028076e-02 2.156775444746017456e-03 1.011017680168151855e+00
-8.659638464450836182e-03 1.830964162945747375e-02 9.597129821777343750e-01
-1.798897981643676758e-03 7.644547149538993835e-03 8.430107235908508301e-01
3.292486071586608887e-04 2.683768048882484436e-03 7.809222936630249023e-01
6.341874599456787109e-03 2.453790977597236633e-03 7.972347736358642578e-01
1.471377909183502197e-04 -3.477489575743675232e-03 9.228864908218383789e-01
-1.272015273571014404e-02 -5.509821698069572449e-03 1.009335756301879883e+00
-1.412879675626754761e-02 -7.415315136313438416e-03 1.024351119995117188e+00
-1.148750633001327515e-02 -1.022665761411190033e-02 1.115456461906433105e+00
-1.006115972995758057e-02 -7.909124717116355896e-03 1.164260864257812500e+00
-2.971000969409942627e-03 4.626829177141189575e-04 1.139821648597717285e+00
4.618614912033081055e-05 -1.040763594210147858e-02 1.059428215026855469e+00
3.601834177970886230e-03 -1.397514529526233673e-02 9.874891042709350586e-01
1.259446144104003906e-03 -1.556677557528018951e-02 9.594291448593139648e-01
2.355318516492843628e-03 -5.759349092841148376e-03 9.342601299285888672e-01
4.117384552955627441e-03 2.134868875145912170e-03 9.187439680099487305e-01
1.000775396823883057e-02 -1.600017771124839783e-03 9.534509181976318359e-01
1.195711642503738403e-02 -4.130667075514793396e-03 9.636805653572082520e-01
3.660120069980621338e-03 -3.672985360026359558e-03 9.974845647811889648e-01
-4.952497780323028564e-03 -5.308179184794425964e-03 1.029345512390136719e+00
-4.700504243373870850e-03 -5.681382492184638977e-03 1.017291426658630371e+00
-1.001697033643722534e-03 -3.671983256936073303e-03 1.033832073211669922e+00
6.460975855588912964e-03 -7.922176271677017212e-03 1.060325980186462402e+00
1.016606390476226807e-02 -7.819553837180137634e-03 1.066898226737976074e+00
9.533636271953582764e-03 -3.976998850703239441e-03 1.001386761665344238e+00
9.081523865461349487e-03 -3.575319424271583557e-03 9.403041005134582520e-01
1.089803129434585571e-02 -5.086498335003852844e-03 9.898754954338073730e-01
3.314461559057235718e-03 -6.000608205795288086e-03 9.867461323738098145e-01
4.165779799222946167e-03 -2.581477165222167969e-04 9.739909768104553223e-01
8.972547948360443115e-04 3.156011924147605896e-03 9.774146676063537598e-01
-6.669424474239349365e-04 3.138912841677665710e-03 1.046071410179138184e+00
-2.270318567752838135e-03 5.043797194957733154e-03 1.062777042388916016e+00
-5.692787468433380127e-03 1.796899177134037018e-02 1.086164593696594238e+00
-6.627298891544342041e-03 1.912051811814308167e-02 1.110665082931518555e+00
-4.043541848659515381e-03 7.937152869999408722e-03 1.169371604919433594e+00
-2.090428024530410767e-03 -2.695556730031967163e-03 1.201852917671203613e+00
-4.900705069303512573e-03 7.902812212705612183e-03 1.181204676628112793e+00
-1.130700111389160156e-04 1.830936409533023834e-02 1.221164703369140625e+00
-1.649767160415649414e-03 1.476787030696868896e-02 1.237464070320129395e+00
-2.117708325386047363e-03 3.694308921694755554e-03 1.229196190834045410e+00
-9.848110377788543701e-03 -1.084621064364910126e-02 1.241507649421691895e+00
-1.012420281767845154e-02 -3.001719526946544647e-02 1.242166161537170410e+00
-6.588675081729888916e-03 -3.742182999849319458e-02 1.226832270622253418e+00
8.031275123357772827e-03 -2.811188809573650360e-02 1.249356508255004883e+00
3.815975040197372437e-03 -2.619936875998973846e-02 1.285967946052551270e+00
4.812568426132202148e-03 -2.745663188397884369e-02 1.333621978759765625e+00
2.412542700767517090e-03 -2.951111830770969391e-02 1.326019883155822754e+00
9.547844529151916504e-04 -2.966401167213916779e-02 1.327852725982666016e+00
2.802874892950057983e-03 -3.216435760259628296e-02 1.330283761024475098e+00
4.440713673830032349e-03 -3.584996610879898071e-02 1.328157782554626465e+00
7.769424468278884888e-03 -3.508571535348892212e-02 1.303245067596435547e+00
1.128015667200088501e-02 -2.560254000127315521e-02 1.231009125709533691e+00
1.177488267421722412e-02 -2.613326348364353180e-02 1.215216040611267090e+00
3.165233880281448364e-03 -2.568860165774822235e-02 1.253474593162536621e+00
1.001536846160888672e-03 -1.825862936675548553e-02 1.257559180259704590e+00
-2.954632043838500977e-03 -1.938255317509174347e-02 1.252125740051269531e+00
-3.253068774938583374e-03 -2.197190187871456146e-02 1.264684438705444336e+00
-2.647660672664642334e-03 -1.900451444089412689e-02 1.249457359313964844e+00
-3.951787948608398438e-03 -1.829426921904087067e-02 1.241169095039367676e+00
-2.292122691869735718e-03 -1.656143553555011749e-02 1.227587699890136719e+00
-5.780946463346481323e-03 -1.867406629025936127e-02 1.224433660507202148e+00
-1.525022089481353760e-02 -1.419126428663730621e-02 1.216090917587280273e+00
-2.015708386898040771e-02 -1.049581728875637054e-02 1.202420234680175781e+00
-2.642744779586791992e-02 -1.416824944317340851e-02 1.169333219528198242e+00
-2.084378525614738464e-02 -1.002843491733074188e-02 1.129721522331237793e+00
-1.175751164555549622e-02 -4.468068480491638184e-03 1.069998621940612793e+00
-8.002329617738723755e-03 -1.675104722380638123e-03 1.067491531372070312e+00
-3.140345215797424316e-03 4.318039864301681519e-03 1.041586637496948242e+00
2.290993928909301758e-03 -3.042435273528099060e-03 1.061206102371215820e+00
7.002085447311401367e-03 -8.349357172846794128e-03 1.080695152282714844e+00
6.681088358163833618e-03 -7.976796478033065796e-04 1.054246544837951660e+00
4.321869462728500366e-03 -2.006096765398979187e-03 1.089478135108947754e+00
7.764846086502075195e-03 -6.426045671105384827e-03 1.086000084877014160e+00
6.461217999458312988e-03 -8.083494380116462708e-03 1.050967812538146973e+00
6.503339856863021851e-03 -1.202673278748989105e-02 9.687231183052062988e-01
3.147765994071960449e-03 -1.068819873034954071e-02 9.055181145668029785e-01
-4.135526716709136963e-03 -2.397922798991203308e-03 8.820793628692626953e-01
-8.401501923799514771e-03 -3.674061968922615051e-03 9.372843503952026367e-01
-6.988249719142913818e-03 -2.001795731484889984e-02 9.865044355392456055e-01
-8.070904761552810669e-03 -1.682939194142818451e-02 9.358322620391845703e-01
-5.492299795150756836e-03 -1.449639908969402313e-02 8.496581315994262695e-01
-4.182644188404083252e-03 -1.086088828742504120e-02 9.039613604545593262e-01
-9.431216865777969360e-03 -3.094686195254325867e-03 9.556035399436950684e-01
-9.234622120857238770e-03 2.336157485842704773e-03 9.791482686996459961e-01
-9.917814284563064575e-03 7.353546097874641418e-03 1.033963561058044434e+00
-8.832439780235290527e-04 -1.053472980856895447e-03 1.010251641273498535e+00
8.771337568759918213e-03 1.734079793095588684e-03 1.016157746315002441e+00
1.442594081163406372e-02 2.484703436493873596e-03 1.013402938842773438e+00
1.521039009094238281e-02 3.196338191628456116e-03 1.008832573890686035e+00
1.297000795602798462e-02 4.881048575043678284e-03 9.862895607948303223e-01
1.212754100561141968e-02 4.979873076081275940e-03 9.690703153610229492e-01
9.665854275226593018e-03 4.316354170441627502e-03 9.377224445343017578e-01
8.772715926170349121e-03 1.364374533295631409e-03 8.887388706207275391e-01
6.536524742841720581e-03 -4.567986354231834412e-03 7.514945268630981445e-01
9.638585150241851807e-03 -5.496790632605552673e-03 7.215201854705810547e-01
1.116208732128143311e-02 -3.151049837470054626e-03 7.333074212074279785e-01
1.483472436666488647e-02 -2.995600923895835876e-03 7.662284970283508301e-01
1.355934143066406250e-02 -2.707680687308311462e-03 8.288623690605163574e-01
8.895277976989746094e-03 6.177071481943130493e-04 8.201415538787841797e-01
3.752700984477996826e-03 3.800485283136367798e-04 7.288804650306701660e-01
4.782386124134063721e-03 -2.074530348181724548e-03 7.453405857086181641e-01
4.899896681308746338e-03 -1.623248681426048279e-03 7.407523989677429199e-01
6.295233964920043945e-03 -1.591077074408531189e-03 7.095664739608764648e-01
7.738225162029266357e-03 -1.500194892287254333e-03 7.138480544090270996e-01
8.603438735008239746e-03 -1.358693465590476990e-03 7.214663028717041016e-01
9.295485913753509521e-03 -1.002943143248558044e-03 7.380727529525756836e-01
1.022072881460189819e-02 -3.442522138357162476e-04 7.590693831443786621e-01
1.044083386659622192e-02 -6.582792848348617554e-04 7.762718200683593750e-01
1.068530231714248657e-02 5.489978939294815063e-04 7.896873950958251953e-01
1.073903590440750122e-02 1.305202022194862366e-03 7.948089241981506348e-01
1.203055679798126221e-02 2.864861860871315002e-03 8.133619427680969238e-01
1.382685452699661255e-02 3.299215808510780334e-03 8.469703197479248047e-01
1.322980970144271851e-02 3.192001953721046448e-03 8.528022170066833496e-01
1.167792081832885742e-02 3.300763666629791260e-03 8.156480193138122559e-01
1.171521842479705811e-02 3.699168562889099121e-03 7.755594849586486816e-01
1.210163533687591553e-02 4.343725740909576416e-03 7.482759356498718262e-01
1.186582446098327637e-02 5.265936255455017090e-03 7.382247447967529297e-01
1.073322445154190063e-02 5.990494042634963989e-03 7.293933033943176270e-01
9.022533893585205078e-03 7.574321702122688293e-03 6.969338655471801758e-01
8.934047073125839233e-03 9.482440538704395294e-03 6.803429722785949707e-01
9.062148630619049072e-03 1.026806235313415527e-02 6.840667128562927246e-01
8.822128176689147949e-03 9.138920344412326813e-03 6.836969256401062012e-01
8.252922445535659790e-03 7.500375621020793915e-03 7.017666101455688477e-01
1.149597764015197754e-02 7.764700800180435181e-03 7.334780097007751465e-01
1.338356733322143555e-02 9.290123358368873596e-03 7.733523845672607422e-01
1.432085037231445312e-02 1.058069616556167603e-02 8.107312917709350586e-01
1.374736428260803223e-02 9.882473386824131012e-03 8.043158054351806641e-01
1.286213845014572144e-02 1.061983872205018997e-02 7.729181051254272461e-01
1.225730776786804199e-02 1.201686728745698929e-02 7.497681975364685059e-01
9.835049510002136230e-03 1.024984475225210190e-02 7.119637131690979004e-01
8.036974817514419556e-03 9.960917755961418152e-03 6.940257549285888672e-01
8.165396749973297119e-03 1.354009658098220825e-02 6.959511041641235352e-01
9.160030633211135864e-03 1.343440171331167221e-02 7.399374246597290039e-01
1.062214374542236328e-02 1.158310752362012863e-02 7.485611438751220703e-01
1.053653657436370850e-02 1.082633249461650848e-02 7.337857484817504883e-01
1.023887842893600464e-02 1.096854079514741898e-02 7.467811107635498047e-01
1.198870688676834106e-02 1.061901636421680450e-02 7.739933729171752930e-01
1.106685400009155273e-02 1.128653250634670258e-02 8.075731992721557617e-01
1.131763309240341187e-02 1.235995255410671234e-02 7.689300179481506348e-01
1.207754015922546387e-02 1.126083731651306152e-02 7.176925539970397949e-01
1.429130136966705322e-02 9.186401963233947754e-03 7.165207266807556152e-01
1.421019434928894043e-02 1.034640986472368240e-02 7.524428963661193848e-01
1.301070302724838257e-02 1.079456601291894913e-02 7.139654755592346191e-01
1.146069169044494629e-02 1.088977884501218796e-02 6.845793128013610840e-01
1.092846691608428955e-02 1.118961255997419357e-02 7.183908820152282715e-01
1.121927797794342041e-02 1.261086761951446533e-02 7.520965933799743652e-01
1.140922307968139648e-02 1.337810885161161423e-02 7.659403681755065918e-01
1.168763637542724609e-02 1.263875607401132584e-02 7.459804415702819824e-01
1.348888874053955078e-02 1.228536479175090790e-02 7.516627311706542969e-01
1.280654221773147583e-02 1.296523772180080414e-02 7.813163995742797852e-01
1.236861199140548706e-02 1.421641651540994644e-02 7.999058365821838379e-01
1.246938854455947876e-02 1.517303101718425751e-02 8.072504997253417969e-01
1.241741329431533813e-02 1.510944031178951263e-02 8.099431991577148438e-01
1.130758225917816162e-02 1.518452912569046021e-02 8.035190105438232422e-01
1.184780150651931763e-02 1.574398390948772430e-02 8.078675270080566406e-01
1.278160512447357178e-02 1.525476481765508652e-02 8.351039290428161621e-01
1.309355348348617554e-02 1.551972329616546631e-02 8.364089131355285645e-01
1.294949650764465332e-02 1.510990969836711884e-02 8.275880217552185059e-01
1.183483749628067017e-02 1.379012968391180038e-02 8.171998262405395508e-01
1.125484704971313477e-02 1.310622692108154297e-02 8.081151843070983887e-01
1.204850524663925171e-02 1.321216858923435211e-02 8.010850548744201660e-01
1.221155375242233276e-02 1.236964203417301178e-02 7.998539805412292480e-01
1.257226616144180298e-02 1.283229328691959381e-02 7.674493789672851562e-01
1.351202279329299927e-02 1.246094144880771637e-02 7.698001265525817871e-01
1.269242912530899048e-02 1.175270415842533112e-02 7.915119528770446777e-01
1.271747797727584839e-02 1.254014112055301666e-02 8.126899600028991699e-01
1.468323916196823120e-02 1.340677775442600250e-02 8.241647481918334961e-01
1.388747245073318481e-02 1.222255267202854156e-02 8.282794356346130371e-01
1.349320262670516968e-02 1.207801140844821930e-02 8.241061568260192871e-01
1.375241577625274658e-02 1.176398433744907379e-02 8.213000297546386719e-01
1.382553577423095703e-02 1.214713789522647858e-02 8.197802305221557617e-01
1.282751560211181641e-02 1.175458170473575592e-02 8.032857775688171387e-01
1.304725557565689087e-02 1.184205152094364166e-02 8.022388219833374023e-01
1.418519765138626099e-02 1.207343675196170807e-02 8.396629095077514648e-01
1.359019428491592407e-02 1.150859333574771881e-02 8.488772511482238770e-01
1.358681172132492065e-02 1.139208115637302399e-02 8.444495797157287598e-01
1.279482990503311157e-02 1.135160960257053375e-02 8.009317517280578613e-01
1.234613358974456787e-02 1.108997501432895660e-02 7.642096877098083496e-01
1.343483477830886841e-02 1.143592037260532379e-02 7.746080160140991211e-01
1.464206725358963013e-02 1.228257454931735992e-02 8.062347769737243652e-01
1.476574689149856567e-02 1.324688829481601715e-02 8.142456412315368652e-01
1.375715434551239014e-02 1.270108856260776520e-02 7.877839803695678711e-01
1.320143043994903564e-02 1.156210340559482574e-02 7.806339263916015625e-01
1.304750889539718628e-02 1.197465695440769196e-02 7.874006032943725586e-01
1.383232325315475464e-02 1.219538785517215729e-02 7.850342988967895508e-01
1.360967010259628296e-02 1.238898374140262604e-02 7.829090952873229980e-01
1.360058039426803589e-02 1.362560130655765533e-02 7.916083335876464844e-01
1.343801617622375488e-02 1.253534294664859772e-02 7.865887880325317383e-01
1.406189054250717163e-02 1.207474805414676666e-02 7.869354486465454102e-01
1.393499225378036499e-02 1.213529147207736969e-02 7.852353453636169434e-01
1.423377543687820435e-02 1.220362819731235504e-02 7.762036323547363281e-01
1.432505995035171509e-02 1.228418387472629547e-02 7.771841883659362793e-01
1.414955407381057739e-02 1.308160461485385895e-02 7.835062146186828613e-01
1.347222179174423218e-02 1.243976689875125885e-02 7.853610515594482422e-01
1.361211389303207397e-02 1.272145844995975494e-02 7.872550487518310547e-01
1.482265442609786987e-02 1.422404684126377106e-02 7.999685406684875488e-01
1.554945856332778931e-02 1.380310393869876862e-02 8.059754371643066406e-01
1.474318653345108032e-02 1.366431452333927155e-02 8.019198179244995117e-01
1.407099515199661255e-02 1.501823402941226959e-02 7.984710931777954102e-01
1.357086747884750366e-02 1.489005424082279205e-02 7.983037829399108887e-01
1.379667967557907104e-02 1.421032287180423737e-02 7.991115450859069824e-01
1.393664628267288208e-02 1.408548094332218170e-02 7.989211082458496094e-01
1.458648592233657837e-02 1.370357908308506012e-02 7.899829149246215820e-01
1.444936543703079224e-02 1.361977495253086090e-02 7.731021046638488770e-01
1.431655883789062500e-02 1.471337117254734039e-02 7.647752165794372559e-01
1.576739549636840820e-02 1.368119753897190094e-02 7.706913352012634277e-01
1.588704437017440796e-02 1.376552321016788483e-02 7.807557582855224609e-01
1.468140631914138794e-02 1.433778088539838791e-02 7.749595642089843750e-01
1.425386220216751099e-02 1.377422269433736801e-02 7.682014107704162598e-01
1.443375647068023682e-02 1.291163731366395950e-02 7.617722749710083008e-01
1.477354019880294800e-02 1.243767887353897095e-02 7.509844303131103516e-01
1.410327851772308350e-02 1.277498155832290649e-02 7.596168518066406250e-01
1.376075297594070435e-02 1.273976825177669525e-02 7.559713721275329590e-01
1.376089453697204590e-02 1.282089762389659882e-02 7.564142346382141113e-01
1.432652771472930908e-02 1.238282211124897003e-02 7.621976733207702637e-01
1.492536067962646484e-02 1.269314903765916824e-02 7.631923556327819824e-01
1.435595005750656128e-02 1.255155168473720551e-02 7.618367671966552734e-01
1.364842057228088379e-02 1.331046223640441895e-02 7.683818936347961426e-01
1.407200098037719727e-02 1.321176998317241669e-02 7.861710786819458008e-01
1.468052715063095093e-02 1.253496855497360229e-02 7.955312132835388184e-01
1.527237147092819214e-02 1.309423521161079407e-02 7.957391142845153809e-01
1.498022675514221191e-02 1.374224759638309479e-02 7.724444270133972168e-01
1.372835785150527954e-02 1.448169164359569550e-02 7.673498988151550293e-01
1.219912618398666382e-02 1.479123439639806747e-02 7.665333151817321777e-01
1.172343641519546509e-02 1.374423969537019730e-02 7.801843881607055664e-01
1.152762770652770996e-02 1.239103544503450394e-02 7.710649967193603516e-01
1.038405299186706543e-02 1.215134002268314362e-02 7.672585248947143555e-01
1.036126911640167236e-02 1.214536093175411224e-02 7.800728678703308105e-01
1.145263016223907471e-02 1.424701046198606491e-02 7.920873761177062988e-01
1.163309812545776367e-02 1.565710827708244324e-02 7.865390777587890625e-01
1.135466992855072021e-02 1.632409170269966125e-02 7.781279087066650391e-01
1.010684669017791748e-02 1.662856712937355042e-02 7.798282504081726074e-01
1.037863641977310181e-02 1.624335907399654388e-02 7.765856981277465820e-01
1.072537899017333984e-02 1.500894129276275635e-02 7.710920572280883789e-01
9.723179042339324951e-03 1.309581100940704346e-02 7.553126215934753418e-01
9.233228862285614014e-03 1.351742912083864212e-02 7.440854907035827637e-01
9.020756930112838745e-03 1.422039698809385300e-02 7.526645660400390625e-01
9.042311459779739380e-03 1.449045538902282715e-02 7.442523837089538574e-01
9.582012891769409180e-03 1.584470830857753754e-02 7.401787638664245605e-01
9.874038398265838623e-03 1.780811883509159088e-02 7.316300272941589355e-01
9.922072291374206543e-03 1.682425290346145630e-02 7.242399454116821289e-01
1.031204313039779663e-02 1.475585624575614929e-02 7.341063022613525391e-01
9.551644325256347656e-03 1.405587140470743179e-02 7.452321052551269531e-01
9.870357811450958252e-03 1.372691430151462555e-02 7.120074033737182617e-01
1.068566739559173584e-02 1.491486281156539917e-02 7.063432931900024414e-01
8.301679044961929321e-03 1.579457335174083710e-02 7.213098406791687012e-01
9.061373770236968994e-03 1.463187765330076218e-02 7.365822792053222656e-01
1.001080125570297241e-02 1.412893272936344147e-02 7.643175721168518066e-01
9.383872151374816895e-03 1.368626300245523453e-02 7.778778076171875000e-01
9.649701416492462158e-03 1.295498944818973541e-02 7.368357777595520020e-01
1.085941493511199951e-02 1.313710119575262070e-02 6.847592592239379883e-01
9.752608835697174072e-03 1.423004548996686935e-02 7.013211250305175781e-01
1.004857569932937622e-02 1.416525710374116898e-02 6.887906193733215332e-01
1.118772476911544800e-02 1.384294778108596802e-02 6.848372220993041992e-01
1.100685447454452515e-02 1.243066228926181793e-02 6.962729096412658691e-01
1.061748713254928589e-02 1.108453609049320221e-02 6.902844905853271484e-01
1.104541122913360596e-02 1.129301823675632477e-02 6.880269646644592285e-01
1.001245528459548950e-02 1.127841509878635406e-02 6.831551790237426758e-01
1.022771745920181274e-02 1.052021421492099762e-02 6.741814613342285156e-01
1.066408306360244751e-02 1.142170466482639313e-02 6.757984161376953125e-01
1.088532060384750366e-02 1.208912767469882965e-02 6.906534433364868164e-01
1.118851453065872192e-02 1.173638738691806793e-02 6.811586022377014160e-01
1.205999404191970825e-02 1.164708472788333893e-02 6.742422580718994141e-01
1.260892301797866821e-02 1.104947365820407867e-02 6.899676322937011719e-01
1.262186467647552490e-02 9.795868769288063049e-03 6.927971839904785156e-01
1.299170404672622681e-02 9.936699643731117249e-03 6.934623122215270996e-01
1.311937719583511353e-02 1.112906076014041901e-02 6.953564286231994629e-01
1.312817633152008057e-02 1.159953512251377106e-02 6.945967674255371094e-01
1.369235664606094360e-02 1.223673857748508453e-02 6.892260909080505371e-01
1.379211992025375366e-02 1.340561546385288239e-02 6.992117762565612793e-01
1.339324563741683960e-02 1.411947049200534821e-02 6.972073912620544434e-01
1.279299706220626831e-02 1.338707841932773590e-02 6.762852668762207031e-01
1.342875510454177856e-02 1.235597766935825348e-02 6.514735817909240723e-01
1.428932696580886841e-02 1.249943114817142487e-02 6.330079436302185059e-01
1.441374421119689941e-02 1.400535739958286285e-02 6.389278769493103027e-01
1.333562284708023071e-02 1.611743308603763580e-02 6.672152876853942871e-01
1.330076158046722412e-02 1.613383926451206207e-02 6.864973902702331543e-01
1.421538740396499634e-02 1.498260535299777985e-02 6.599985957145690918e-01
1.395080238580703735e-02 1.338576711714267731e-02 6.358537673950195312e-01
1.245244592428207397e-02 1.216002739965915680e-02 6.016154289245605469e-01
1.135156303644180298e-02 1.192917861044406891e-02 5.877904891967773438e-01
9.855151176452636719e-03 1.353272236883640289e-02 6.094248890876770020e-01
9.712517261505126953e-03 1.348117925226688385e-02 6.111288070678710938e-01
9.557388722896575928e-03 1.328928209841251373e-02 6.163048744201660156e-01
9.040929377079010010e-03 1.511774398386478424e-02 6.310242414474487305e-01
9.151436388492584229e-03 1.607494987547397614e-02 6.400025486946105957e-01
7.884211838245391846e-03 1.811667717993259430e-02 6.299803256988525391e-01
7.047422230243682861e-03 2.005099691450595856e-02 6.179880499839782715e-01
6.126306951045989990e-03 2.004077471792697906e-02 6.014168262481689453e-01
4.508577287197113037e-03 1.951157487928867340e-02 5.780025720596313477e-01
3.817610442638397217e-03 1.919581927359104156e-02 5.642526745796203613e-01
4.516534507274627686e-03 1.889240182936191559e-02 5.610961914062500000e-01
5.363859236240386963e-03 1.782889105379581451e-02 5.659495592117309570e-01
6.581895053386688232e-03 1.685216464102268219e-02 5.726350545883178711e-01
7.966890931129455566e-03 1.486503519117832184e-02 5.915612578392028809e-01
8.780077099800109863e-03 1.331567205488681793e-02 6.002266407012939453e-01
9.880207479000091553e-03 1.364544965326786041e-02 6.112731695175170898e-01
1.105181127786636353e-02 1.402851380407810211e-02 6.253296732902526855e-01
1.265466958284378052e-02 1.385105587542057037e-02 6.431038379669189453e-01
1.347451657056808472e-02 1.378298737108707428e-02 6.593778729438781738e-01
1.325538009405136108e-02 1.287407614290714264e-02 6.658372282981872559e-01
1.260188221931457520e-02 1.222300529479980469e-02 6.436836123466491699e-01
9.914122521877288818e-03 1.252358499914407730e-02 6.345869898796081543e-01
7.394261658191680908e-03 1.357421558350324631e-02 6.460734009742736816e-01
6.420120596885681152e-03 1.484864391386508942e-02 6.514745950698852539e-01
9.109918028116226196e-03 1.614648103713989258e-02 6.621908545494079590e-01
1.045085489749908447e-02 1.463335566222667694e-02 6.757593750953674316e-01
9.376041591167449951e-03 1.228513754904270172e-02 6.785659790039062500e-01
8.772652596235275269e-03 1.287749689072370529e-02 6.748641729354858398e-01
8.922230452299118042e-03 1.578148454427719116e-02 6.657564640045166016e-01
7.201690226793289185e-03 1.890386454761028290e-02 6.316961050033569336e-01
4.883129149675369263e-03 2.118997834622859955e-02 6.221461296081542969e-01
3.869589418172836304e-03 2.342042885720729828e-02 6.070336699485778809e-01
3.958523273468017578e-03 2.227178588509559631e-02 5.971731543540954590e-01
4.573971033096313477e-03 2.128543332219123840e-02 5.854285955429077148e-01
4.314355552196502686e-03 2.061423100531101227e-02 5.939335227012634277e-01
3.639042377471923828e-03 2.031398937106132507e-02 6.142045259475708008e-01
3.098547458648681641e-03 1.967811025679111481e-02 6.375324130058288574e-01
3.568865358829498291e-03 1.959578320384025574e-02 6.156973838806152344e-01
2.328302711248397827e-03 1.804091408848762512e-02 6.173048615455627441e-01
-3.457218408584594727e-04 1.844141818583011627e-02 6.361672282218933105e-01
8.763670921325683594e-04 1.915182173252105713e-02 6.490590572357177734e-01
4.598945379257202148e-04 1.710180006921291351e-02 6.748284101486206055e-01
4.886165261268615723e-04 1.696867495775222778e-02 6.698541641235351562e-01
1.360960304737091064e-03 1.631880179047584534e-02 6.658341884613037109e-01
2.324614673852920532e-03 1.646205782890319824e-02 6.696136593818664551e-01
2.360805869102478027e-03 1.646665297448635101e-02 6.855083703994750977e-01
2.876475453376770020e-03 1.567200943827629089e-02 6.925764679908752441e-01
3.204833716154098511e-03 1.430109143257141113e-02 6.905794739723205566e-01
1.863181591033935547e-03 1.429074257612228394e-02 6.705830693244934082e-01
7.124617695808410645e-04 1.447041518986225128e-02 6.645560860633850098e-01
-3.869608044624328613e-04 1.386178098618984222e-02 6.599888205528259277e-01
-1.032825559377670288e-03 1.320022810250520706e-02 6.511563062667846680e-01
-1.147393137216567993e-03 1.243578922003507614e-02 6.425953507423400879e-01
3.138929605484008789e-05 1.196812093257904053e-02 6.473726630210876465e-01
-4.739612340927124023e-04 8.567680604755878448e-03 6.596315503120422363e-01
-2.951242029666900635e-03 5.526544526219367981e-03 6.368768215179443359e-01
-5.803786218166351318e-03 2.803772687911987305e-03 6.127521395683288574e-01
-1.399610191583633423e-03 1.886479556560516357e-03 6.077221035957336426e-01
2.448540180921554565e-03 4.711898043751716614e-03 6.217921972274780273e-01
2.875726670026779175e-03 8.097779005765914917e-03 6.524053215980529785e-01
3.089848905801773071e-03 1.120161637663841248e-02 6.764703392982482910e-01
1.334097236394882202e-03 9.699266403913497925e-03 6.731522083282470703e-01
3.499649465084075928e-04 6.788482889533042908e-03 6.799467802047729492e-01
1.447454094886779785e-03 4.150046035647392273e-03 7.027512788772583008e-01
3.983914852142333984e-03 4.808936268091201782e-03 7.518770694732666016e-01
8.822623640298843384e-03 5.903840065002441406e-03 8.055909276008605957e-01
1.142363250255584717e-02 6.008937954902648926e-03 8.575319051742553711e-01
1.331257820129394531e-02 3.844434395432472229e-03 8.831583857536315918e-01
1.254422217607498169e-02 1.296753063797950745e-03 8.983609080314636230e-01
1.231489330530166626e-02 9.643472731113433838e-05 9.251850843429565430e-01
1.302246004343032837e-02 -1.753767952322959900e-03 9.406639337539672852e-01
1.091053336858749390e-02 -1.386484131217002869e-03 8.896573185920715332e-01
7.787697017192840576e-03 -2.487128600478172302e-03 8.463035225868225098e-01
6.635122001171112061e-03 -1.664182171225547791e-03 8.264315724372863770e-01
5.933083593845367432e-03 3.848318010568618774e-04 8.324843049049377441e-01
6.621509790420532227e-03 3.571454435586929321e-04 8.400173187255859375e-01
6.380036473274230957e-03 2.024153247475624084e-03 8.294972181320190430e-01
5.921669304370880127e-03 8.974466472864151001e-04 8.042880296707153320e-01
5.202598869800567627e-03 3.126109018921852112e-03 8.010554909706115723e-01
2.659037709236145020e-03 4.381427541375160217e-03 8.143551349639892578e-01
2.274744212627410889e-03 7.204497233033180237e-03 8.305300474166870117e-01
4.011742770671844482e-03 6.339440122246742249e-03 8.297553062438964844e-01
5.970440804958343506e-03 6.681585684418678284e-03 8.471974730491638184e-01
7.384456694126129150e-03 7.216149941086769104e-03 8.583816885948181152e-01
7.351316511631011963e-03 6.485933437943458557e-03 8.435102105140686035e-01
7.342629134654998779e-03 6.465116515755653381e-03 8.211134672164916992e-01
7.619298994541168213e-03 5.987608805298805237e-03 8.190684914588928223e-01
7.726758718490600586e-03 6.359973922371864319e-03 7.893369197845458984e-01
5.707636475563049316e-03 6.672600284218788147e-03 7.628105878829956055e-01
3.446489572525024414e-03 7.090711966156959534e-03 7.559635639190673828e-01
2.939641475677490234e-03 7.913673296570777893e-03 7.532093524932861328e-01
4.661999642848968506e-03 6.142372265458106995e-03 8.094105720520019531e-01
6.788507103919982910e-03 6.067628040909767151e-03 8.435502052307128906e-01
8.598826825618743896e-03 5.050951614975929260e-03 8.774300217628479004e-01
8.497960865497589111e-03 6.197506561875343323e-03 8.436156511306762695e-01
5.288176238536834717e-03 5.195358768105506897e-03 7.949244976043701172e-01
3.649875521659851074e-03 2.763131633400917053e-03 7.836124897003173828e-01
5.112223327159881592e-03 2.703079953789710999e-03 7.932241559028625488e-01
5.962967872619628906e-03 5.339467898011207581e-03 7.889720797538757324e-01
5.321182310581207275e-03 5.898291245102882385e-03 7.517834901809692383e-01
5.322091281414031982e-03 6.072783842682838440e-03 7.621874213218688965e-01
6.031982600688934326e-03 6.266469135880470276e-03 7.721971273422241211e-01
8.678920567035675049e-03 8.018815889954566956e-03 7.981544733047485352e-01
1.049442589282989502e-02 7.975036278367042542e-03 7.894353270530700684e-01
1.075337082147598267e-02 8.379826322197914124e-03 7.888045310974121094e-01
1.073908060789108276e-02 8.488113060593605042e-03 7.884543538093566895e-01
1.095076650381088257e-02 8.775049820542335510e-03 7.919896841049194336e-01
9.561486542224884033e-03 8.436718955636024475e-03 7.735632061958312988e-01
8.375197649002075195e-03 8.372986689209938049e-03 7.643948793411254883e-01
6.486311554908752441e-03 7.719362154603004456e-03 7.750495076179504395e-01
7.197737693786621094e-03 7.164368405938148499e-03 7.996888160705566406e-01
6.091266870498657227e-03 6.367111578583717346e-03 7.920598983764648438e-01
7.578909397125244141e-03 7.701897993683815002e-03 7.494980096817016602e-01
8.634112775325775146e-03 1.117094792425632477e-02 7.443026900291442871e-01
8.565962314605712891e-03 1.303152181208133698e-02 7.584509849548339844e-01
7.308267056941986084e-03 1.462862268090248108e-02 7.522163987159729004e-01
4.223179072141647339e-03 1.432721037417650223e-02 7.605814337730407715e-01
3.931924700736999512e-03 1.143631804734468460e-02 7.737149000167846680e-01
8.060727268457412720e-03 8.012828417122364044e-03 8.200404644012451172e-01
9.986490011215209961e-03 4.468390718102455139e-03 8.446828722953796387e-01
1.089083403348922729e-02 5.482027307152748108e-03 8.350586295127868652e-01
6.300140172243118286e-03 9.022289887070655823e-03 7.654320597648620605e-01
6.739072501659393311e-03 1.074383873492479324e-02 7.444283366203308105e-01
6.088808178901672363e-03 1.242199353873729706e-02 7.120009660720825195e-01
4.974015057086944580e-03 1.513033919036388397e-02 6.716946363449096680e-01
8.506786078214645386e-03 1.537877134978771210e-02 6.600256562232971191e-01
5.816183984279632568e-03 1.612714305520057678e-02 6.376506686210632324e-01
1.867234706878662109e-03 1.485539507120847702e-02 6.157776117324829102e-01
1.662854105234146118e-03 1.482425071299076080e-02 6.216570138931274414e-01
8.806034922599792480e-03 1.457253471016883850e-02 6.614223122596740723e-01
1.247001439332962036e-02 1.620115526020526886e-02 6.584944128990173340e-01
1.268634945154190063e-02 1.763636246323585510e-02 6.661974191665649414e-01
1.090246438980102539e-02 1.798389852046966553e-02 6.889347434043884277e-01
8.466217666864395142e-03 1.868386007845401764e-02 6.811221241950988770e-01
9.055085480213165283e-03 1.838339865207672119e-02 6.876415610313415527e-01
8.329819887876510620e-03 1.770924590528011322e-02 7.137457132339477539e-01
6.843920797109603882e-03 1.776966825127601624e-02 7.344298362731933594e-01
7.009346038103103638e-03 1.941725611686706543e-02 7.427048087120056152e-01
7.835790514945983887e-03 1.867938227951526642e-02 7.538827657699584961e-01
8.933521807193756104e-03 1.590436697006225586e-02 7.766410708427429199e-01
9.439200162887573242e-03 1.517915725708007812e-02 7.922313809394836426e-01
1.045282185077667236e-02 1.391531806439161301e-02 8.104806542396545410e-01
8.377276360988616943e-03 1.358990650624036789e-02 8.431071043014526367e-01
7.052190601825714111e-03 1.201818697154521942e-02 8.673599362373352051e-01
7.798787206411361694e-03 1.179555524140596390e-02 8.774297833442687988e-01
7.789190858602523804e-03 1.266497373580932617e-02 8.846178650856018066e-01
8.045051246881484985e-03 1.125592552125453949e-02 8.906739354133605957e-01
7.209938019514083862e-03 1.049628667533397675e-02 9.100648164749145508e-01
7.171250879764556885e-03 1.038587838411331177e-02 8.816993832588195801e-01
6.999202072620391846e-03 6.966499611735343933e-03 8.469213843345642090e-01
6.429046392440795898e-03 1.653105020523071289e-03 8.520680069923400879e-01
4.009246826171875000e-03 2.373233437538146973e-03 8.661287426948547363e-01
4.554208368062973022e-03 3.518259152770042419e-03 8.550053238868713379e-01
5.429010838270187378e-03 5.005478858947753906e-03 8.258789181709289551e-01
4.023429006338119507e-03 4.248337820172309875e-03 8.260443210601806641e-01
7.826387882232666016e-04 3.543609753251075745e-03 8.124361634254455566e-01
-1.955475658178329468e-03 4.727227613329887390e-03 7.722983956336975098e-01
-1.256179064512252808e-03 6.934506818652153015e-03 7.860344052314758301e-01
1.945789903402328491e-03 8.808068931102752686e-03 8.245469331741333008e-01
6.189499050378799438e-03 9.459333494305610657e-03 8.176034092903137207e-01
7.761668413877487183e-03 1.147152855992317200e-02 7.960926294326782227e-01
4.821754992008209229e-03 1.344634033739566803e-02 8.052426576614379883e-01
1.890107989311218262e-03 1.277693547308444977e-02 8.300086855888366699e-01
-2.788297832012176514e-03 9.251976385712623596e-03 8.072430491447448730e-01
-7.260382175445556641e-03 8.387664332985877991e-03 7.834047675132751465e-01
-6.517812609672546387e-03 1.227402128279209137e-02 7.985923886299133301e-01
-3.708772361278533936e-03 1.512887515127658844e-02 8.121967315673828125e-01
-2.334989607334136963e-03 1.586740650236606598e-02 8.378818035125732422e-01
6.566196680068969727e-05 1.433005370199680328e-02 8.820221424102783203e-01
-9.053200483322143555e-05 1.463317312300205231e-02 8.970628380775451660e-01
-9.488388895988464355e-04 1.698779501020908356e-02 9.103548526763916016e-01
1.125626266002655029e-03 1.651417650282382965e-02 8.888450264930725098e-01
3.053918480873107910e-04 1.220458187162876129e-02 8.727026581764221191e-01
-1.739598810672760010e-03 1.086598075926303864e-02 8.512314558029174805e-01
-2.402700483798980713e-03 8.566269651055335999e-03 8.378827571868896484e-01
1.455657184123992920e-03 6.838330999016761780e-03 8.508126735687255859e-01
5.415283143520355225e-03 6.432855501770973206e-03 8.471379280090332031e-01
5.203180015087127686e-03 8.646065369248390198e-03 8.506109714508056641e-01
5.803667008876800537e-03 9.627992287278175354e-03 8.774479031562805176e-01
8.401654660701751709e-03 8.214199915528297424e-03 9.385732412338256836e-01
6.371848285198211670e-03 6.557295098900794983e-03 9.943362474441528320e-01
4.933908581733703613e-03 8.079299703240394592e-03 9.482316374778747559e-01
8.299194276332855225e-03 7.388332858681678772e-03 9.144964218139648438e-01
5.091018974781036377e-03 4.384825006127357483e-03 9.054410457611083984e-01
8.011832833290100098e-04 1.377189531922340393e-03 9.135191440582275391e-01
4.015266895294189453e-03 4.450032487511634827e-03 9.082610011100769043e-01
8.759453892707824707e-03 1.402966119349002838e-02 9.399502277374267578e-01
7.971249520778656006e-03 1.475487090647220612e-02 9.595988988876342773e-01
1.589395105838775635e-03 9.744549170136451721e-03 8.973819017410278320e-01
3.417737782001495361e-03 5.552861839532852173e-04 9.161263108253479004e-01
1.155094802379608154e-02 -2.633532509207725525e-03 9.783569574356079102e-01
1.262629777193069458e-02 4.111507907509803772e-03 9.904996156692504883e-01
6.075195968151092529e-03 2.080390229821205139e-03 9.242593646049499512e-01
5.175881087779998779e-03 3.578031435608863831e-03 9.029217958450317383e-01
3.005556762218475342e-03 2.804661169648170471e-03 8.513962030410766602e-01
-2.358779311180114746e-04 5.689654499292373657e-04 7.907619476318359375e-01
2.932392060756683350e-03 -9.710248559713363647e-04 7.793149948120117188e-01
8.385851979255676270e-03 -1.086387597024440765e-02 8.330601453781127930e-01
1.097007095813751221e-02 -9.156739339232444763e-03 9.282487630844116211e-01
1.108642667531967163e-02 -2.241289243102073669e-03 9.753717184066772461e-01
2.606488764286041260e-03 1.340711489319801331e-03 9.308531880378723145e-01
2.263769507408142090e-03 4.969367757439613342e-03 9.063688516616821289e-01
4.948087036609649658e-03 6.052250042557716370e-03 9.406673908233642578e-01
1.058978587388992310e-02 8.642280474305152893e-03 9.576714038848876953e-01
1.093101501464843750e-02 6.648594513535499573e-03 9.150294065475463867e-01
4.611857235431671143e-03 4.068279638886451721e-03 8.469707965850830078e-01
2.838917076587677002e-03 4.525477066636085510e-03 8.140344619750976562e-01
1.440219581127166748e-03 -2.939309924840927124e-04 7.669551372528076172e-01
5.767889320850372314e-03 -1.816052943468093872e-03 7.933204770088195801e-01
7.583048194646835327e-03 2.132434397935867310e-03 7.795857191085815430e-01
6.623279303312301636e-03 3.469698131084442139e-03 7.468606829643249512e-01
3.186803311109542847e-03 -1.039166003465652466e-03 8.028457164764404297e-01
3.799695521593093872e-03 -2.461768686771392822e-03 8.440382480621337891e-01
4.711955785751342773e-03 -2.519177272915840149e-03 8.281568884849548340e-01
4.732120782136917114e-03 -6.271043792366981506e-03 8.412480354309082031e-01
9.250305593013763428e-03 -8.091220632195472717e-03 8.855323791503906250e-01
1.347584277391433716e-02 -7.597595453262329102e-03 9.019508957862854004e-01
1.212108880281448364e-02 -2.178596332669258118e-03 8.755848407745361328e-01
3.233261406421661377e-03 3.996204584836959839e-03 8.421437144279479980e-01
5.882270634174346924e-03 -2.173874527215957642e-03 8.561843037605285645e-01
6.861027330160140991e-03 -8.280375972390174866e-03 8.687056303024291992e-01
8.423402905464172363e-04 -3.499098122119903564e-03 8.296834826469421387e-01
3.325589001178741455e-03 2.337418496608734131e-03 8.422293066978454590e-01
3.321826457977294922e-03 3.376133739948272705e-03 8.699007034301757812e-01
3.778487443923950195e-03 6.943333894014358521e-03 8.542174100875854492e-01
3.407862037420272827e-03 8.274671621620655060e-03 8.317442536354064941e-01
1.392442733049392700e-03 5.047731101512908936e-03 7.848246693611145020e-01
-3.190424293279647827e-03 -2.161320298910140991e-04 7.369858026504516602e-01
2.184577286243438721e-03 -1.659188419580459595e-04 7.694742083549499512e-01
4.239123314619064331e-03 3.923699259757995605e-04 7.864425182342529297e-01
5.622942000627517700e-03 1.440649852156639099e-03 7.903587222099304199e-01
8.624244481325149536e-03 2.521844580769538879e-03 8.349018692970275879e-01
1.080282777547836304e-02 2.039261162281036377e-04 8.526433110237121582e-01
1.100230216979980469e-02 9.036660194396972656e-04 8.406784534454345703e-01
1.034456491470336914e-02 5.978019908070564270e-03 8.392847180366516113e-01
1.091816276311874390e-02 3.347452729940414429e-03 8.124727010726928711e-01
9.104885160923004150e-03 2.622604370117187500e-04 8.214417695999145508e-01
9.808376431465148926e-03 3.679636865854263306e-04 8.380722999572753906e-01
6.066102534532546997e-03 4.674077033996582031e-03 7.963387966156005859e-01
4.143603146076202393e-03 7.491912692785263062e-04 7.959828972816467285e-01
4.425872117280960083e-03 7.068794220685958862e-04 8.127976059913635254e-01
6.577845662832260132e-03 3.922477364540100098e-03 7.578526139259338379e-01
6.972085684537887573e-03 5.532817915081977844e-03 7.672282457351684570e-01
5.875647068023681641e-03 6.660028360784053802e-03 7.702897787094116211e-01
3.079485148191452026e-03 7.092244923114776611e-03 7.611811757087707520e-01
3.360830247402191162e-03 7.354086264967918396e-03 7.698959112167358398e-01
7.216800004243850708e-03 6.714095361530780792e-03 7.999981641769409180e-01
6.628990173339843750e-03 6.689910776913166046e-03 7.990420460700988770e-01
4.027545452117919922e-03 6.811812520027160645e-03 7.785333991050720215e-01
6.769921630620956421e-03 6.862544454634189606e-03 7.894077897071838379e-01
9.748160839080810547e-03 7.311875931918621063e-03 7.735529541969299316e-01
5.968682467937469482e-03 4.773730412125587463e-03 7.608552575111389160e-01
4.460237920284271240e-03 5.274690687656402588e-03 7.496363520622253418e-01
5.644533783197402954e-03 5.820430815219879150e-03 7.515518069267272949e-01
6.959442049264907837e-03 6.403246894478797913e-03 7.572546005249023438e-01
5.805939435958862305e-03 8.537108078598976135e-03 7.826026678085327148e-01
2.630822360515594482e-03 8.906731382012367249e-03 8.232582211494445801e-01
8.959099650382995605e-04 6.895685568451881409e-03 7.963758707046508789e-01
1.898646354675292969e-03 2.598280087113380432e-03 7.953495979309082031e-01
4.738844931125640869e-03 5.507925525307655334e-03 8.086689710617065430e-01
3.221385180950164795e-03 5.341703072190284729e-03 8.293381929397583008e-01
2.352602779865264893e-03 3.267923370003700256e-03 8.166943788528442383e-01
1.212693750858306885e-03 2.441519871354103088e-03 7.974037528038024902e-01
5.297310650348663330e-03 4.707226529717445374e-03 8.148865699768066406e-01
1.093363761901855469e-02 4.994610324501991272e-03 8.284615874290466309e-01
1.196984201669692993e-02 4.055762663483619690e-03 8.222732543945312500e-01
9.313307702541351318e-03 2.006852999329566956e-03 8.099255561828613281e-01
1.097781211137771606e-02 2.020353451371192932e-03 8.181587457656860352e-01
1.624561101198196411e-02 5.072647705674171448e-03 8.740472793579101562e-01
1.004296541213989258e-02 4.828492179512977600e-03 8.458729982376098633e-01
5.207367241382598877e-03 7.619449868798255920e-03 7.608435750007629395e-01
5.751632153987884521e-03 6.339335814118385315e-03 7.578703761100769043e-01
7.458530366420745850e-03 6.992900744080543518e-03 7.557426691055297852e-01
6.618611514568328857e-03 7.302025333046913147e-03 7.632216215133666992e-01
6.379805505275726318e-03 6.741860881447792053e-03 7.744368314743041992e-01
6.181918084621429443e-03 6.323123350739479065e-03 7.756871581077575684e-01
6.600119173526763916e-03 5.574623122811317444e-03 7.700521945953369141e-01
7.890082895755767822e-03 4.601726308465003967e-03 7.649527788162231445e-01
8.137069642543792725e-03 4.402408376336097717e-03 7.590950727462768555e-01
9.556598961353302002e-03 4.915306344628334045e-03 7.593034505844116211e-01
1.112531870603561401e-02 5.794087424874305725e-03 7.753340601921081543e-01
1.361360400915145874e-02 7.111931219696998596e-03 7.826693654060363770e-01
1.275470107793807983e-02 8.338654413819313049e-03 7.895749807357788086e-01
1.389106363058090210e-02 8.748868480324745178e-03 7.881721258163452148e-01
1.356416195631027222e-02 8.696192875504493713e-03 7.914633154869079590e-01
1.218876987695693970e-02 1.032398082315921783e-02 7.770773172378540039e-01
1.131149381399154663e-02 1.038063503801822662e-02 7.646582722663879395e-01
1.126714795827865601e-02 1.032724417746067047e-02 7.741155028343200684e-01
1.137723773717880249e-02 1.049550808966159821e-02 7.861648797988891602e-01
1.029380410909652710e-02 9.980091825127601624e-03 7.720801234245300293e-01
1.050399243831634521e-02 8.979344740509986877e-03 7.484129071235656738e-01
9.176053106784820557e-03 9.602392092347145081e-03 7.537490129470825195e-01
9.254872798919677734e-03 1.076651550829410553e-02 7.568179965019226074e-01
1.024284958839416504e-02 9.529346600174903870e-03 7.463687658309936523e-01
9.653255343437194824e-03 1.035335101187229156e-02 7.331612110137939453e-01
1.182768493890762329e-02 1.137263514101505280e-02 7.636890411376953125e-01
9.663350880146026611e-03 1.359673775732517242e-02 7.675305604934692383e-01
6.006717681884765625e-03 1.556763984262943268e-02 8.084799647331237793e-01
5.741246044635772705e-03 1.521670259535312653e-02 7.632701396942138672e-01
8.059315383434295654e-03 1.714798249304294586e-02 7.476912736892700195e-01
7.847599685192108154e-03 1.430791057646274567e-02 7.812611460685729980e-01
5.296580493450164795e-03 1.279052533209323883e-02 7.754649519920349121e-01
1.127989590167999268e-02 8.404052816331386566e-03 8.078899979591369629e-01
1.416788250207901001e-02 7.902474142611026764e-03 7.876679301261901855e-01
1.089029014110565186e-02 8.439655415713787079e-03 7.713010907173156738e-01
7.327284663915634155e-03 7.058187387883663177e-03 7.408193945884704590e-01
6.771095097064971924e-03 8.245801553130149841e-03 7.269505262374877930e-01
1.148035377264022827e-02 1.124727167189121246e-02 7.701357603073120117e-01
1.346200704574584961e-02 1.237758155912160873e-02 7.963613867759704590e-01
1.257188618183135986e-02 1.140126213431358337e-02 7.580496668815612793e-01
1.085174828767776489e-02 8.732580579817295074e-03 7.196758389472961426e-01
9.312234818935394287e-03 6.986261345446109772e-03 7.222030758857727051e-01
9.305216372013092041e-03 8.381729945540428162e-03 7.139999866485595703e-01
1.205243170261383057e-02 1.012737303972244263e-02 7.762177586555480957e-01
1.146197319030761719e-02 1.168409455567598343e-02 7.752868533134460449e-01
1.242125034332275391e-02 1.074380986392498016e-02 7.318001389503479004e-01
9.384460747241973877e-03 8.873435668647289276e-03 7.153541445732116699e-01
8.757337927818298340e-03 9.057031944394111633e-03 7.295477390289306641e-01
1.016321778297424316e-02 5.404969677329063416e-03 7.149791717529296875e-01
8.295468986034393311e-03 5.543407052755355835e-03 7.119230031967163086e-01
6.715849041938781738e-03 7.260360755026340485e-03 6.984074115753173828e-01
6.921112537384033203e-03 8.921669796109199524e-03 7.150031328201293945e-01
9.080473333597183228e-03 1.049727946519851685e-02 7.482041716575622559e-01
1.205206662416458130e-02 9.228559210896492004e-03 7.621892690658569336e-01
7.109832018613815308e-03 4.825655370950698853e-03 7.370653748512268066e-01
2.596210688352584839e-03 1.916350796818733215e-03 7.264044284820556641e-01
4.583235830068588257e-03 2.999905496835708618e-03 7.872055172920227051e-01
5.181498825550079346e-03 1.662762835621833801e-03 8.592768907546997070e-01
6.028767675161361694e-03 5.040982738137245178e-03 8.455514311790466309e-01
2.758745104074478149e-03 7.943443022668361664e-03 8.001754283905029297e-01
2.303216606378555298e-03 6.514908745884895325e-03 7.919164896011352539e-01
9.190771728754043579e-03 5.826555192470550537e-03 8.418117761611938477e-01
1.716169714927673340e-02 3.633037209510803223e-03 9.411954283714294434e-01
1.936981827020645142e-02 6.036829203367233276e-03 9.274540543556213379e-01
1.257266104221343994e-02 1.116665359586477280e-02 8.450821042060852051e-01
1.621275395154953003e-02 9.687250480055809021e-03 8.901060819625854492e-01
2.040330320596694946e-02 9.553567506372928619e-03 8.948684334754943848e-01
1.547001302242279053e-02 1.010018773376941681e-02 8.220121264457702637e-01
1.135356724262237549e-02 1.031428482383489609e-02 8.142154812812805176e-01
1.261742413043975830e-02 9.499597363173961639e-03 7.966784238815307617e-01
1.250966638326644897e-02 8.803511969745159149e-03 7.766990661621093750e-01
1.265621185302734375e-02 8.625237271189689636e-03 7.816410660743713379e-01
1.260223984718322754e-02 8.218498900532722473e-03 7.845501899719238281e-01
1.370043307542800903e-02 8.131147362291812897e-03 7.797110080718994141e-01
1.387058198451995850e-02 8.138407021760940552e-03 7.732512950897216797e-01
1.256060600280761719e-02 9.764102287590503693e-03 7.900823354721069336e-01
1.365336030721664429e-02 6.793659180402755737e-03 8.202598094940185547e-01
1.312819123268127441e-02 6.870856508612632751e-03 8.373569846153259277e-01
1.342868804931640625e-02 8.780863136053085327e-03 8.037517666816711426e-01
8.816964924335479736e-03 8.996570482850074768e-03 7.624424695968627930e-01
1.136706024408340454e-02 7.711390033364295959e-03 7.869721651077270508e-01
1.171521097421646118e-02 6.537208333611488342e-03 7.717931270599365234e-01
1.067011803388595581e-02 6.060266867280006409e-03 7.659777998924255371e-01
9.606525301933288574e-03 5.571195855736732483e-03 7.568290829658508301e-01
8.507460355758666992e-03 5.235979333519935608e-03 7.466202378273010254e-01
7.582597434520721436e-03 4.578376188874244690e-03 7.399615049362182617e-01
6.301909685134887695e-03 3.227779641747474670e-03 7.431110739707946777e-01
6.672196090221405029e-03 3.974208608269691467e-03 7.532195448875427246e-01
5.310416221618652344e-03 2.646679058670997620e-03 7.428081035614013672e-01
4.385456442832946777e-03 4.544967785477638245e-03 7.132287025451660156e-01
4.876114428043365479e-03 4.834393039345741272e-03 7.169615030288696289e-01
5.175486207008361816e-03 3.670195117592811584e-03 7.199029922485351562e-01
4.661902785301208496e-03 3.397220745682716370e-03 7.172790765762329102e-01
5.139477550983428955e-03 4.143262282013893127e-03 7.154226303100585938e-01
6.502367556095123291e-03 4.145631566643714905e-03 7.107945680618286133e-01
7.493264973163604736e-03 3.578478470444679260e-03 7.242286205291748047e-01
7.342264056205749512e-03 3.894278779625892639e-03 7.375538945198059082e-01
6.515361368656158447e-03 3.908241167664527893e-03 7.476031184196472168e-01
5.530200898647308350e-03 3.875100985169410706e-03 7.398707866668701172e-01
4.851996898651123047e-03 4.895145073533058167e-03 7.315597534179687500e-01
4.865147173404693604e-03 5.193287506699562073e-03 7.343469858169555664e-01
4.512019455432891846e-03 4.277044907212257385e-03 7.443656921386718750e-01
4.360757768154144287e-03 5.112225189805030823e-03 7.490622997283935547e-01
4.208862781524658203e-03 6.082588806748390198e-03 7.587734460830688477e-01
2.710275352001190186e-03 8.692855015397071838e-03 7.464085817337036133e-01
7.919885218143463135e-03 1.035659946501255035e-02 7.745209336280822754e-01
1.721204817295074463e-02 9.054386988282203674e-03 8.727957010269165039e-01
1.787082105875015259e-02 1.160460151731967926e-02 8.799859285354614258e-01
8.908562362194061279e-03 1.537712849676609039e-02 8.451443910598754883e-01
4.822812974452972412e-03 1.467003859579563141e-02 8.423205614089965820e-01
5.146168172359466553e-03 1.338026858866214752e-02 8.436936140060424805e-01
7.230050861835479736e-03 1.611665822565555573e-02 8.696855306625366211e-01
7.007382810115814209e-03 1.576956547796726227e-02 8.528945446014404297e-01
8.116342127323150635e-03 1.556494273245334625e-02 8.586400747299194336e-01
7.624290883541107178e-03 1.584444381296634674e-02 8.541977405548095703e-01
7.363311946392059326e-03 1.495257951319217682e-02 8.433966636657714844e-01
6.891578435897827148e-03 1.692386902868747711e-02 8.362720012664794922e-01
6.755076348781585693e-03 1.587360538542270660e-02 8.179860711097717285e-01
6.751604378223419189e-03 1.416107453405857086e-02 8.159221410751342773e-01
4.455752670764923096e-03 1.434057392179965973e-02 8.355610370635986328e-01
3.541864454746246338e-03 1.263591088354587555e-02 8.332914113998413086e-01
1.778155565261840820e-03 1.458550430834293365e-02 8.271356821060180664e-01
2.910770475864410400e-03 1.240702904760837555e-02 8.404722809791564941e-01
4.359878599643707275e-03 9.605938568711280823e-03 8.337426185607910156e-01
5.865223705768585205e-03 6.329203024506568909e-03 8.540102839469909668e-01
4.706852138042449951e-03 5.602339282631874084e-03 8.663321733474731445e-01
4.622567445039749146e-03 4.638373851776123047e-03 8.879917860031127930e-01
5.890842527151107788e-03 4.044078290462493896e-03 9.248936772346496582e-01
3.208685666322708130e-03 2.135902643203735352e-03 9.396628737449645996e-01
4.618018865585327148e-04 1.371644437313079834e-03 9.326491951942443848e-01
3.575898706912994385e-03 4.097785800695419312e-03 9.305578470230102539e-01
4.904620349407196045e-03 8.116227574646472931e-03 8.944155573844909668e-01
3.020286560058593750e-03 1.011380087584257126e-02 8.532945513725280762e-01
1.747183501720428467e-03 1.085658650845289230e-02 8.271984457969665527e-01
2.520378679037094116e-03 1.118666399270296097e-02 8.287065029144287109e-01
3.450900316238403320e-03 9.796530939638614655e-03 8.506497740745544434e-01
2.987317740917205811e-03 7.781600579619407654e-03 8.377690315246582031e-01
1.188259571790695190e-03 7.046526297926902771e-03 8.142629861831665039e-01
1.390788704156875610e-03 8.302663452923297882e-03 8.037499785423278809e-01
2.133920788764953613e-03 6.752025336027145386e-03 8.141887784004211426e-01
-2.292621880769729614e-03 4.228601232171058655e-03 7.958005070686340332e-01
-3.833293914794921875e-03 6.933694705367088318e-03 7.788056135177612305e-01
6.754696369171142578e-04 8.207434788346290588e-03 7.834225296974182129e-01
-2.139471471309661865e-04 7.971837185323238373e-03 7.740646600723266602e-01
-3.649033606052398682e-04 9.690848179161548615e-03 7.712424397468566895e-01
-3.862306475639343262e-04 8.993636816740036011e-03 7.654314637184143066e-01
-1.774057745933532715e-03 8.044220507144927979e-03 7.452101707458496094e-01
-3.667291253805160522e-03 8.828145451843738556e-03 7.130215764045715332e-01
-3.355041146278381348e-03 8.117424324154853821e-03 7.309372425079345703e-01
-5.018346011638641357e-03 7.151978090405464172e-03 7.266162633895874023e-01
-4.219006747007369995e-03 6.854888983070850372e-03 7.157244086265563965e-01
-4.813581705093383789e-03 4.850273951888084412e-03 6.995061635971069336e-01
-5.126107484102249146e-03 4.168193787336349487e-03 6.841090321540832520e-01
-3.185424953699111938e-03 3.153912723064422607e-03 6.824440360069274902e-01
-3.689572215080261230e-03 2.234170213341712952e-03 6.826531887054443359e-01
-3.917548805475234985e-03 2.792192623019218445e-03 6.708178520202636719e-01
-4.547823220491409302e-03 2.142710611224174500e-03 6.668046712875366211e-01
-5.895707756280899048e-03 1.727154478430747986e-03 6.518235802650451660e-01
-4.521213471889495850e-03 1.310054212808609009e-03 6.808801293373107910e-01
-5.978766828775405884e-03 4.825219511985778809e-04 7.010262012481689453e-01
-5.394060164690017700e-03 8.118022233247756958e-04 6.987931132316589355e-01
-4.859343171119689941e-03 -1.600198447704315186e-05 7.114201784133911133e-01
-9.680654853582382202e-03 -1.114729791879653931e-03 7.026768922805786133e-01
-1.089405640959739685e-02 -1.205712556838989258e-03 7.082802653312683105e-01
-1.495411247014999390e-02 -3.351600840687751770e-03 7.251092791557312012e-01
-1.672485843300819397e-02 -4.534179344773292542e-03 7.088249921798706055e-01
-1.477904617786407471e-02 -2.402523532509803772e-03 7.034960985183715820e-01
-1.323200762271881104e-02 -1.715883612632751465e-03 6.834786534309387207e-01
-1.792279258370399475e-02 -5.339724943041801453e-03 7.078466415405273438e-01
-2.136318385601043701e-02 -5.764568224549293518e-03 6.748680472373962402e-01
-1.556406170129776001e-02 -3.532087430357933044e-03 6.950050592422485352e-01
-1.274597644805908203e-02 -4.101550206542015076e-03 7.181377410888671875e-01
-1.074241846799850464e-02 -4.505893215537071228e-03 7.486086487770080566e-01
-8.297808468341827393e-03 -5.031501874327659607e-03 7.703188657760620117e-01
-4.732944071292877197e-03 -3.307124599814414978e-03 7.995660305023193359e-01
-4.819341003894805908e-03 -4.324888810515403748e-03 8.170393705368041992e-01
-4.770033061504364014e-03 -4.140606150031089783e-03 8.212677240371704102e-01
-4.494145512580871582e-03 -1.588812097907066345e-03 8.072808980941772461e-01
-5.468070507049560547e-03 -2.006983384490013123e-03 8.049466013908386230e-01
-6.870254874229431152e-03 -2.226820215582847595e-03 7.982614636421203613e-01
-5.473926663398742676e-03 -1.146739348769187927e-03 8.095329403877258301e-01
-3.183372318744659424e-03 1.085685566067695618e-03 8.207526206970214844e-01
-1.523420214653015137e-04 2.868706360459327698e-03 8.239797353744506836e-01
2.867832779884338379e-03 5.479143932461738586e-03 8.235419392585754395e-01
1.057192683219909668e-03 4.484849050641059875e-03 8.188982009887695312e-01
-9.852647781372070312e-05 3.465840592980384827e-03 8.197206258773803711e-01
1.637473702430725098e-03 3.601538017392158508e-03 8.358298540115356445e-01
4.078824073076248169e-03 3.042044118046760559e-03 8.596182465553283691e-01
5.841568112373352051e-03 2.528773620724678040e-03 8.779826760292053223e-01
5.442418158054351807e-03 2.402925863862037659e-03 8.684642314910888672e-01
3.692813217639923096e-03 1.827644184231758118e-03 8.498445749282836914e-01
4.252079874277114868e-03 1.526216045022010803e-03 8.523495793342590332e-01
7.086679339408874512e-03 -2.835744991898536682e-03 8.893789052963256836e-01
5.698107182979583740e-03 -3.843070939183235168e-03 8.857376575469970703e-01
5.372777581214904785e-03 -3.310462459921836853e-03 8.854625225067138672e-01
7.121134549379348755e-03 -4.857813939452171326e-03 9.046213626861572266e-01
8.524820208549499512e-03 -3.190888091921806335e-03 9.001330733299255371e-01
6.309777498245239258e-03 -3.244018182158470154e-03 8.904331922531127930e-01
3.259107470512390137e-03 -3.685375675559043884e-03 8.614283800125122070e-01
4.559896886348724365e-03 -4.228373989462852478e-03 8.542764782905578613e-01
2.971719950437545776e-03 -6.684735417366027832e-03 8.253772258758544922e-01
8.348077535629272461e-04 -1.122392527759075165e-02 7.665213346481323242e-01
-3.570050001144409180e-03 -1.533945463597774506e-02 6.965090036392211914e-01
-4.326246678829193115e-03 -1.686076633632183075e-02 6.315394639968872070e-01
-1.753989607095718384e-03 -1.616905815899372101e-02 6.007791757583618164e-01
-2.747394144535064697e-03 -1.563207246363162994e-02 5.728160738945007324e-01
-7.005050778388977051e-03 -1.529077254235744476e-02 5.878190994262695312e-01
-1.833444461226463318e-02 -1.479434408247470856e-02 5.592089891433715820e-01
-2.206049114465713501e-02 -1.668183319270610809e-02 6.078466773033142090e-01
-1.960465312004089355e-02 -1.457983814179897308e-02 6.735938787460327148e-01
-1.213752850890159607e-02 -6.215037778019905090e-03 7.079696655273437500e-01
-6.849814206361770630e-03 1.216875389218330383e-03 6.977543234825134277e-01
-1.286618411540985107e-02 2.364410087466239929e-03 6.683416366577148438e-01
-1.962359994649887085e-02 3.646891564130783081e-03 6.696444749832153320e-01
-2.204467728734016418e-02 1.477768644690513611e-03 6.468114852905273438e-01
-1.598606258630752563e-02 -1.181414537131786346e-02 5.837445259094238281e-01
-1.093350350856781006e-03 -1.681195758283138275e-02 7.475438117980957031e-01
-1.050305739045143127e-02 -2.008238248527050018e-02 8.488510847091674805e-01
-7.891677320003509521e-03 -1.068102382123470306e-02 8.256071805953979492e-01
-1.390604674816131592e-02 -5.150483921170234680e-03 6.968827247619628906e-01
-1.823748648166656494e-02 -4.488328471779823303e-03 6.497517824172973633e-01
-2.403004840016365051e-02 -5.320511758327484131e-03 6.403872370719909668e-01
-3.061814419925212860e-02 -4.878517240285873413e-03 6.466341018676757812e-01
-2.624222263693809509e-02 -3.632925450801849365e-03 6.735778450965881348e-01
-2.755269221961498260e-02 -6.276838481426239014e-03 7.260082960128784180e-01
-2.644416503608226776e-02 -6.069097667932510376e-03 6.926509141921997070e-01
-2.397034876048564911e-02 -2.021020278334617615e-03 6.366246938705444336e-01
-1.818645745515823364e-02 -2.202050760388374329e-03 6.133089661598205566e-01
-8.874699473381042480e-03 -4.975883290171623230e-03 5.989995598793029785e-01
-3.072131425142288208e-03 -4.644514992833137512e-03 6.085044741630554199e-01
-5.082972347736358643e-04 1.675179228186607361e-03 6.385758519172668457e-01
-6.782334297895431519e-03 6.811452098190784454e-03 6.416112184524536133e-01
-7.258985191583633423e-03 5.665618926286697388e-03 7.183585762977600098e-01
-1.311309635639190674e-03 -2.420831471681594849e-03 8.074176311492919922e-01
1.458686590194702148e-02 -1.540550962090492249e-03 7.200568318367004395e-01
1.824870705604553223e-02 -1.343588717281818390e-02 6.232627034187316895e-01
6.331201642751693726e-03 -1.768784411251544952e-02 5.906132459640502930e-01
-1.892633736133575439e-04 -1.633624918758869171e-02 5.961018800735473633e-01
-4.138406366109848022e-03 -1.047770120203495026e-02 7.548751831054687500e-01
-4.155095666646957397e-03 -8.960148319602012634e-03 8.240448832511901855e-01
-7.631108164787292480e-03 -5.559308454394340515e-03 8.127273917198181152e-01
-8.139930665493011475e-03 -4.721755161881446838e-03 8.736181855201721191e-01
-9.331665933132171631e-03 -5.539610981941223145e-03 9.747716188430786133e-01
-9.950354695320129395e-03 -2.374004572629928589e-03 9.476947188377380371e-01
-5.388658493757247925e-03 -2.396384254097938538e-03 8.550072908401489258e-01
-3.742434084415435791e-03 -9.724101051688194275e-03 8.805012702941894531e-01
-1.764561980962753296e-03 -9.562613442540168762e-03 9.077107906341552734e-01
-3.833491355180740356e-03 -4.971748217940330505e-03 9.145389199256896973e-01
-4.383679479360580444e-03 -4.298545420169830322e-03 8.999766707420349121e-01
9.788349270820617676e-04 -3.091556951403617859e-03 8.813199996948242188e-01
1.046497374773025513e-03 -5.105230957269668579e-04 8.669443726539611816e-01
2.027645707130432129e-03 2.529136836528778076e-04 8.528750538825988770e-01
7.349461317062377930e-03 -7.238382473587989807e-03 8.640300035476684570e-01
3.794491291046142578e-03 -4.908336326479911804e-03 9.475834965705871582e-01
3.729920834302902222e-03 1.971747726202011108e-03 9.758021831512451172e-01
4.904583096504211426e-03 6.262173876166343689e-03 9.437345862388610840e-01
3.764010965824127197e-03 5.242470651865005493e-03 8.657142519950866699e-01
2.342864871025085449e-03 7.004171609878540039e-03 8.163507580757141113e-01
7.069680839776992798e-03 1.026025973260402679e-02 8.223560452461242676e-01
3.021840006113052368e-03 7.052515633404254913e-03 8.684148192405700684e-01
-7.843188941478729248e-04 1.614855602383613586e-03 9.211019277572631836e-01
-7.966607809066772461e-03 4.433840513229370117e-04 8.304561376571655273e-01
-9.889606386423110962e-03 -2.819957211613655090e-03 7.876664996147155762e-01
-8.448544889688491821e-03 -3.338661044836044312e-04 8.046721220016479492e-01
-3.376197069883346558e-03 -1.396054401993751526e-03 7.952381372451782227e-01
-5.383834242820739746e-03 -2.298686653375625610e-03 7.357604503631591797e-01
-1.742225140333175659e-03 5.073565989732742310e-04 7.263493537902832031e-01
8.226707577705383301e-04 7.719788700342178345e-04 7.465391755104064941e-01
-1.286320388317108154e-03 2.142140641808509827e-03 7.532681822776794434e-01
1.070104539394378662e-03 4.406848922371864319e-03 7.626639604568481445e-01
3.914438188076019287e-03 3.171259537339210510e-03 7.323998212814331055e-01
-4.472509026527404785e-04 -3.109034150838851929e-04 6.212939620018005371e-01
-3.615438938140869141e-03 -4.157181829214096069e-04 5.582832098007202148e-01
-4.601128399372100830e-03 -9.276997298002243042e-04 5.725761651992797852e-01
-1.019101589918136597e-02 -5.371576175093650818e-03 6.288951635360717773e-01
-7.589511573314666748e-03 -1.055233739316463470e-02 6.829067468643188477e-01
-3.608889877796173096e-03 -9.780643507838249207e-03 6.667382717132568359e-01
-4.587180912494659424e-03 -7.873645052313804626e-03 6.157438755035400391e-01
-4.942417144775390625e-03 -6.351610645651817322e-03 6.195560693740844727e-01
-1.161515712738037109e-03 -5.177481099963188171e-03 6.377167701721191406e-01
6.637111306190490723e-03 -9.559001773595809937e-04 6.742664575576782227e-01
8.014827966690063477e-03 -4.481373354792594910e-03 6.695411205291748047e-01
-4.749521613121032715e-04 -1.036950759589672089e-02 6.440132856369018555e-01
-9.961992502212524414e-03 -4.195613786578178406e-03 6.568880081176757812e-01
-9.909950196743011475e-03 -2.939416095614433289e-03 6.902995109558105469e-01
-9.312339127063751221e-03 -1.622250303626060486e-03 7.004523277282714844e-01
-1.083944737911224365e-02 -6.458070129156112671e-04 6.727833747863769531e-01
-9.754121303558349609e-03 -1.932470127940177917e-03 6.591562032699584961e-01
-4.820771515369415283e-03 1.865709200501441956e-03 7.187927365303039551e-01
5.399323999881744385e-03 6.882848218083381653e-03 7.713637948036193848e-01
6.943903863430023193e-03 9.411120787262916565e-03 7.880978584289550781e-01
2.395756542682647705e-03 1.072190143167972565e-02 7.997471690177917480e-01
1.710020005702972412e-03 9.688356891274452209e-03 8.038221597671508789e-01
3.386318683624267578e-03 4.920342937111854553e-03 8.114358186721801758e-01
1.427889615297317505e-02 7.868470624089241028e-03 8.804879188537597656e-01
1.963002979755401611e-02 9.065741673111915588e-03 8.827930688858032227e-01
1.973544806241989136e-02 8.824827149510383606e-03 8.936938047409057617e-01
1.820138096809387207e-02 1.046431250870227814e-02 8.856050372123718262e-01
2.034626156091690063e-02 9.618142619729042053e-03 8.975481986999511719e-01
1.954422146081924438e-02 8.363680914044380188e-03 9.113837480545043945e-01
1.547358930110931396e-02 6.540643051266670227e-03 9.198166131973266602e-01
1.546137779951095581e-02 4.778372123837471008e-03 9.260260462760925293e-01
1.197344809770584106e-02 7.198074832558631897e-03 9.116656780242919922e-01
1.231941580772399902e-02 8.360737934708595276e-03 9.197622537612915039e-01
1.393479108810424805e-02 9.002754464745521545e-03 9.328579306602478027e-01
1.404971629381179810e-02 8.311213925480842590e-03 9.307384490966796875e-01
1.560129970312118530e-02 6.411718204617500305e-03 9.210378527641296387e-01
1.764962822198867798e-02 5.387181416153907776e-03 9.060250520706176758e-01
1.664931327104568481e-02 7.006326690316200256e-03 8.871898055076599121e-01
1.463492959737777710e-02 5.826996639370918274e-03 8.655632138252258301e-01
1.141135394573211670e-02 2.455698326230049133e-03 8.291283845901489258e-01
6.679728627204895020e-03 7.852260023355484009e-04 7.948193550109863281e-01
7.552668452262878418e-03 -1.817135140299797058e-03 7.860752344131469727e-01
7.581435143947601318e-03 -3.226241096854209900e-03 7.758401036262512207e-01
4.584420472383499146e-03 -3.845481202006340027e-03 7.562967538833618164e-01
-9.141713380813598633e-04 -4.217134788632392883e-03 7.061432003974914551e-01
-1.170486211776733398e-04 -1.600854098796844482e-03 7.067645788192749023e-01
-6.415955722332000732e-04 -1.125149428844451904e-04 7.178726792335510254e-01
-1.754552125930786133e-03 -9.142942726612091064e-04 6.908258795738220215e-01
5.190446972846984863e-04 -1.581046730279922485e-03 7.005592584609985352e-01
-2.714805305004119873e-04 -3.665328025817871094e-03 6.929852366447448730e-01
1.718368381261825562e-03 -2.919064834713935852e-03 6.842105984687805176e-01
2.815037965774536133e-03 -5.041975528001785278e-04 6.848267912864685059e-01
-1.040730625391006470e-03 -1.487432047724723816e-03 6.608656644821166992e-01
-1.928389072418212891e-03 -6.288290023803710938e-05 6.526957750320434570e-01
-1.795146614313125610e-03 1.408727839589118958e-03 6.558101177215576172e-01
-1.239936798810958862e-03 2.600478008389472961e-03 6.540155410766601562e-01
-4.861213266849517822e-03 -8.300803601741790771e-04 6.539364457130432129e-01
-5.694065243005752563e-03 -2.654932439327239990e-03 6.531037092208862305e-01
-5.807742476463317871e-03 -4.216570407152175903e-03 6.447956562042236328e-01
-5.190312862396240234e-03 -4.134792834520339966e-03 6.561885476112365723e-01
-2.856936305761337280e-03 -4.589028656482696533e-03 6.650635004043579102e-01
-2.618778496980667114e-03 -5.733810365200042725e-03 6.574839353561401367e-01
-1.887172460556030273e-03 -3.922266885638237000e-03 6.661364436149597168e-01
-3.448911011219024658e-04 -1.307992264628410339e-03 6.821160912513732910e-01
2.363864332437515259e-03 -1.551751047372817993e-03 6.766278743743896484e-01
1.500327140092849731e-03 -1.898579299449920654e-03 6.370888948440551758e-01
6.507039070129394531e-04 -1.778881996870040894e-03 6.072784662246704102e-01
2.503659576177597046e-03 -1.481981948018074036e-03 6.107540130615234375e-01
2.697188407182693481e-03 -3.406796604394912720e-04 6.045386195182800293e-01
6.978511810302734375e-04 2.673864364624023438e-04 6.092347502708435059e-01
-1.422483474016189575e-03 2.158544957637786865e-04 5.931041240692138672e-01
-4.113242030143737793e-03 2.325559034943580627e-03 5.659817457199096680e-01
-3.793798387050628662e-04 7.360937073826789856e-03 5.842449665069580078e-01
7.822439074516296387e-04 1.049547735601663589e-02 6.338260173797607422e-01
-3.277473151683807373e-04 1.284964568912982941e-02 6.795411109924316406e-01
1.477226614952087402e-04 1.336291152983903885e-02 7.039136886596679688e-01
1.865651458501815796e-03 1.370965130627155304e-02 7.500238418579101562e-01
5.925334990024566650e-04 1.163160335272550583e-02 8.001385927200317383e-01
-1.500558108091354370e-03 8.663507178425788879e-03 8.352524638175964355e-01
1.809522509574890137e-04 6.184168159961700439e-03 8.608957529067993164e-01
2.954408526420593262e-03 5.900721997022628784e-03 8.742913007736206055e-01
-2.416647970676422119e-03 6.677436642348766327e-03 8.555561304092407227e-01
-6.529353559017181396e-04 8.511839434504508972e-03 9.051426053047180176e-01
6.239660084247589111e-03 6.032705307006835938e-03 9.886849522590637207e-01
6.966546177864074707e-03 2.002306282520294189e-03 1.025313496589660645e+00
3.869187086820602417e-03 -1.480368897318840027e-03 1.027706384658813477e+00
1.278370618820190430e-04 -1.651067286729812622e-03 1.004053115844726562e+00
1.713816076517105103e-03 3.615982830524444580e-03 9.833452701568603516e-01
3.130923956632614136e-03 6.479896605014801025e-03 9.441935420036315918e-01
1.014806330204010010e-03 6.503237411379814148e-03 8.906992077827453613e-01
3.730155527591705322e-03 4.981795325875282288e-03 8.637025952339172363e-01
8.221372961997985840e-03 6.987670436501502991e-03 9.558629989624023438e-01
6.442330777645111084e-03 8.512029424309730530e-03 9.697525501251220703e-01
5.752205848693847656e-03 3.366226330399513245e-03 9.615713357925415039e-01
4.330791532993316650e-03 3.467226400971412659e-03 9.772864580154418945e-01
3.797486424446105957e-03 8.142435923218727112e-03 9.692514538764953613e-01
5.168356001377105713e-03 7.233718410134315491e-03 9.784218072891235352e-01
4.249610006809234619e-03 4.985326901078224182e-03 9.860968589782714844e-01
3.500767052173614502e-03 6.370360031723976135e-03 9.809679985046386719e-01
6.348021328449249268e-03 5.039507523179054260e-03 9.663621187210083008e-01
3.735058009624481201e-03 5.003074184060096741e-03 9.416441917419433594e-01
2.381108701229095459e-03 4.212701693177223206e-03 9.284259676933288574e-01
3.470890223979949951e-03 2.957606688141822815e-03 9.329534769058227539e-01
2.907678484916687012e-03 1.826772466301918030e-03 9.215296506881713867e-01
3.252677619457244873e-03 -1.048719510436058044e-03 9.099373221397399902e-01
5.374521017074584961e-03 -2.057870849967002869e-03 9.171281456947326660e-01
6.157331168651580811e-03 4.767123609781265259e-04 9.134360551834106445e-01
7.515937089920043945e-03 1.541966572403907776e-03 9.116464257240295410e-01
7.867395877838134766e-03 1.394281163811683655e-03 9.074628353118896484e-01
7.649444043636322021e-03 1.965114846825599670e-03 9.059556722640991211e-01
7.831566035747528076e-03 3.012159839272499084e-03 9.127070903778076172e-01
7.075406610965728760e-03 4.088202491402626038e-03 9.148853421211242676e-01
8.454106748104095459e-03 4.518980160355567932e-03 9.475268125534057617e-01
1.102953404188156128e-02 6.317818537354469299e-03 9.843744039535522461e-01
1.066518574953079224e-02 7.629999890923500061e-03 9.836410284042358398e-01
1.069893687963485718e-02 8.415946736931800842e-03 9.435653090476989746e-01
1.140794157981872559e-02 8.168334141373634338e-03 9.002102613449096680e-01
7.697597146034240723e-03 6.996745243668556213e-03 8.749964237213134766e-01
8.550576865673065186e-03 3.991687670350074768e-03 9.047235250473022461e-01
8.907385170459747314e-03 3.230268135666847229e-03 9.181053042411804199e-01
7.926568388938903809e-03 -1.328047364950180054e-04 9.399174451828002930e-01
6.242789328098297119e-03 -2.722358331084251404e-03 9.655916094779968262e-01
4.421584308147430420e-03 -1.127785071730613708e-03 9.524809122085571289e-01
2.504266798496246338e-03 -2.296365797519683838e-03 9.480853676795959473e-01
-1.946765929460525513e-03 -1.615654677152633667e-03 9.383968114852905273e-01
-4.566106945276260376e-03 -1.505486667156219482e-03 9.348769187927246094e-01
-5.336478352546691895e-03 -4.204351454973220825e-03 9.419122338294982910e-01
-2.367757260799407959e-03 -4.330022260546684265e-03 9.223335385322570801e-01
-3.322325646877288818e-03 -6.550602614879608154e-03 9.131504893302917480e-01
-3.509797155857086182e-03 -5.700705572962760925e-03 9.125963449478149414e-01
6.002038717269897461e-04 -5.988312885165214539e-03 9.578228592872619629e-01
4.353046417236328125e-03 -4.675623029470443726e-03 9.828478097915649414e-01
7.569998502731323242e-03 -3.402857109904289246e-03 9.976481795310974121e-01
9.464845061302185059e-03 -2.939408645033836365e-03 1.010019540786743164e+00
1.046156138181686401e-02 -1.979755237698554993e-03 1.018247365951538086e+00
1.094812154769897461e-02 -1.950288191437721252e-03 1.026154994964599609e+00
1.016766577959060669e-02 -2.274967730045318604e-03 1.023766756057739258e+00
1.002681255340576172e-02 -1.181401312351226807e-03 1.024288654327392578e+00
1.316720992326736450e-02 2.712627872824668884e-03 1.043422222137451172e+00
1.656374335289001465e-02 6.022050976753234863e-03 1.079845786094665527e+00
1.695118844509124756e-02 6.722686812281608582e-03 1.089403986930847168e+00
1.455073803663253784e-02 6.337154656648635864e-03 1.070212006568908691e+00
1.205878704786300659e-02 6.188243627548217773e-03 1.043195843696594238e+00
1.193039864301681519e-02 5.876230075955390930e-03 1.027069687843322754e+00
1.287503540515899658e-02 5.665674805641174316e-03 1.025354027748107910e+00
1.283876597881317139e-02 4.747694358229637146e-03 1.018549323081970215e+00
1.065547019243240356e-02 5.065822973847389221e-03 9.996252059936523438e-01
1.067120581865310669e-02 5.775606259703636169e-03 9.847669005393981934e-01
9.934902191162109375e-03 4.394490271806716919e-03 9.730704426765441895e-01
1.022846251726150513e-02 4.824861884117126465e-03 9.770994186401367188e-01
1.030430197715759277e-02 4.074543714523315430e-03 9.741510748863220215e-01
1.167804002761840820e-02 3.843778744339942932e-03 9.814375042915344238e-01
1.268262416124343872e-02 3.570694476366043091e-03 9.819944500923156738e-01
1.226052641868591309e-02 2.347214147448539734e-03 9.661859273910522461e-01
1.184450089931488037e-02 2.164356410503387451e-04 9.450970888137817383e-01
1.239842921495437622e-02 -4.489272832870483398e-04 9.350925683975219727e-01
