-7.304627448320388794e-02 1.499298959970474243e-03 2.813325524330139160e-01
2.247896417975425720e-02 -6.827703118324279785e-02 -2.769012153148651123e-01
-9.568361937999725342e-02 -2.786008268594741821e-02 2.268277853727340698e-01
-1.303977072238922119e-01 4.809774458408355713e-02 1.245970204472541809e-01
9.225816465914249420e-03 6.045457441359758377e-03 -2.784687876701354980e-01
-8.352243900299072266e-02 -1.878508739173412323e-02 2.660726904869079590e-01
-6.774304807186126709e-02 4.527690634131431580e-02 1.965634077787399292e-01
3.306032344698905945e-02 3.129542991518974304e-02 -1.545538753271102905e-01
-6.612993031740188599e-02 -2.235698513686656952e-02 4.670043662190437317e-02
-7.282017916440963745e-02 3.527580201625823975e-02 -7.106200791895389557e-03
-4.935992881655693054e-02 8.192905038595199585e-02 -7.932337932288646698e-03
-2.969796024262905121e-02 1.269152015447616577e-01 -3.007738664746284485e-02
-1.282642781734466553e-01 -1.373849064111709595e-01 -2.548862248659133911e-02
-1.592318117618560791e-01 -2.516153156757354736e-01 1.463193725794553757e-02
-9.553941339254379272e-02 -1.538921892642974854e-01 2.799158217385411263e-03
2.699827076867222786e-03 2.575772106647491455e-01 -1.339909620583057404e-02
-1.063872203230857849e-01 5.042651668190956116e-02 -1.366813480854034424e-02
-8.178749680519104004e-02 1.018444150686264038e-01 8.373160846531391144e-03
-1.792736053466796875e-01 1.616241293959319592e-03 3.527756407856941223e-02
-1.722711622714996338e-01 -1.450556814670562744e-01 -2.114536426961421967e-02
1.985286623239517212e-01 1.148982569575309753e-01 -6.201458349823951721e-02
-3.334457427263259888e-02 3.655136525630950928e-01 6.784584373235702515e-02
-2.848100662231445312e-01 -2.176400572061538696e-01 -9.703231626190245152e-04
2.049075439572334290e-02 3.886701771989464760e-03 3.003293648362159729e-03
-8.554519712924957275e-02 -1.697055064141750336e-02 -2.156629972159862518e-02
-1.266715228557586670e-01 3.364463895559310913e-02 3.269229829311370850e-02
-3.532983660697937012e-01 -9.969124570488929749e-03 5.470754695124924183e-04
1.896922439336776733e-01 -1.183134540915489197e-01 9.608803520677611232e-05
-9.463693946599960327e-02 5.451522395014762878e-02 -4.552830010652542114e-02
-8.306062221527099609e-02 1.111246383516117930e-04 -3.919795528054237366e-02
-2.862214297056198120e-02 4.481457173824310303e-03 7.746702991425991058e-03
-3.971532732248306274e-02 -9.733763523399829865e-03 1.101050991564989090e-02
-3.906863182783126831e-02 -8.089561015367507935e-03 1.022165734320878983e-02
-3.868804126977920532e-02 -8.004627190530300140e-03 1.029026322066783905e-02
-3.803750872611999512e-02 -7.808837573975324631e-03 1.019589789211750031e-02
-3.797816112637519836e-02 -8.215341717004776001e-03 1.054978184401988983e-02
-3.744388744235038757e-02 -8.875331841409206390e-03 1.065562013536691666e-02
-3.778678551316261292e-02 -8.015179075300693512e-03 1.076654903590679169e-02
-3.848668187856674194e-02 -7.832946255803108215e-03 1.063341274857521057e-02
-3.685603663325309753e-02 -6.338510196655988693e-03 1.032512541860342026e-02
-3.646871820092201233e-02 -6.107324268668889999e-03 1.221223920583724976e-02
-3.644445911049842834e-02 -6.402194499969482422e-03 1.228778436779975891e-02
-3.632141649723052979e-02 -6.449871230870485306e-03 1.219269633293151855e-02
-3.644201159477233887e-02 -6.617639679461717606e-03 1.208919286727905273e-02
-3.625120967626571655e-02 -6.846475414931774139e-03 1.204975601285696030e-02
-3.610200062394142151e-02 -6.917637307196855545e-03 1.203908491879701614e-02
-3.647757694125175476e-02 -5.510372575372457504e-03 1.197168044745922089e-02
-3.469671308994293213e-02 -8.054207079112529755e-03 1.203217450529336929e-02
-4.149974510073661804e-02 -8.758757263422012329e-03 1.447232812643051147e-02
-4.070998355746269226e-02 -7.927417755126953125e-03 1.207011379301548004e-02
-4.128004238009452820e-02 -2.337635727599263191e-03 1.010299194604158401e-02
-4.319469258189201355e-02 -3.616038942709565163e-03 1.039041206240653992e-02
-4.399685189127922058e-02 -1.355402637273073196e-03 1.016345247626304626e-02
-4.534086957573890686e-02 1.158005092293024063e-03 9.616596624255180359e-03
-4.247885197401046753e-02 -1.660079346038401127e-03 8.879178203642368317e-03
-4.115691035985946655e-02 -2.160509349778294563e-03 9.022245183587074280e-03
-4.125448688864707947e-02 -2.210248028859496117e-03 9.090709500014781952e-03
-4.151828587055206299e-02 -2.177543239668011665e-03 9.287163615226745605e-03
-4.150035977363586426e-02 -2.162007614970207214e-03 9.278517216444015503e-03
-4.171626269817352295e-02 -2.224262803792953491e-03 9.405244141817092896e-03
-4.049302637577056885e-02 -1.867791055701673031e-03 9.008502587676048279e-03
-4.173519834876060486e-02 9.213782614096999168e-04 1.081559062004089355e-02
-4.314991459250450134e-02 -2.539159613661468029e-04 1.234447490423917770e-02
-4.239551723003387451e-02 2.848801705113146454e-05 1.171943638473749161e-02
-4.345918446779251099e-02 2.069764886982738972e-04 1.176109630614519119e-02
-4.311984777450561523e-02 -4.928999696858227253e-04 1.207298506051301956e-02
-4.343419894576072693e-02 -6.604904774576425552e-04 1.186808198690414429e-02
-4.318663105368614197e-02 -2.534461964387446642e-04 1.187814399600028992e-02
-4.361993819475173950e-02 6.372280768118798733e-04 1.229813415557146072e-02
-6.442875415086746216e-02 5.877419188618659973e-02 2.861233241856098175e-02
-2.517796820029616356e-03 2.686500316485762596e-03 6.891330331563949585e-02
-5.442637205123901367e-02 3.199782921001315117e-03 8.918426185846328735e-02
-1.698033213615417480e-01 -5.177649483084678650e-02 1.826269626617431641e-01
-7.363029755651950836e-03 1.417720969766378403e-02 2.373683964833617210e-03
-3.447496518492698669e-02 8.326228708028793335e-02 6.479614228010177612e-02
-4.458079487085342407e-02 1.054866686463356018e-01 1.017457246780395508e-01
-1.029962822794914246e-01 1.557866930961608887e-01 6.072350591421127319e-02
-5.733487010002136230e-02 2.076236307621002197e-01 1.795284263789653778e-02
-9.172073006629943848e-02 1.986434310674667358e-01 -3.635188192129135132e-02
-2.353321909904479980e-01 3.668619394302368164e-01 7.986669987440109253e-02
-2.538642287254333496e-01 2.907125055789947510e-01 -2.583494782447814941e-02
-2.179358899593353271e-01 3.408573567867279053e-01 -8.621960878372192383e-02
-2.033771276473999023e-01 2.021869271993637085e-01 -6.952428817749023438e-02
-2.939277291297912598e-01 2.258262038230895996e-01 -6.136475130915641785e-02
-2.234837114810943604e-01 1.460583060979843140e-01 -4.936200752854347229e-02
-3.019975125789642334e-01 2.538447976112365723e-01 2.668524393811821938e-03
-3.126592636108398438e-01 2.947684526443481445e-01 -8.152573369443416595e-03
-3.435877561569213867e-01 2.405282855033874512e-01 2.577377669513225555e-02
-3.527902364730834961e-01 2.679491639137268066e-01 1.356438100337982178e-01
-3.087348341941833496e-01 -9.759929962456226349e-04 8.780551701784133911e-02
-2.900780439376831055e-01 1.124407048337161541e-03 2.042944356799125671e-02
-3.079518973827362061e-01 8.853780478239059448e-02 7.358968257904052734e-03
-3.122164905071258545e-01 1.251926571130752563e-01 -1.866414211690425873e-02
-2.886665463447570801e-01 1.405517160892486572e-01 -2.564629726111888885e-02
-1.916779130697250366e-01 1.807315498590469360e-01 -9.004310704767704010e-03
-2.158616036176681519e-01 1.319067478179931641e-01 1.180236972868442535e-02
-2.002136260271072388e-01 1.228554323315620422e-01 -7.173129823058843613e-03
-1.564804464578628540e-01 1.297919154167175293e-01 4.153664782643318176e-02
1.005294770002365112e-01 2.891455590724945068e-02 4.212555661797523499e-02
-1.233430877327919006e-01 9.409298747777938843e-02 4.650555178523063660e-02
-1.060252785682678223e-01 5.585708096623420715e-02 8.020243048667907715e-02
1.834347248077392578e-01 4.710474982857704163e-02 9.786642342805862427e-02
-2.159878909587860107e-01 3.484698235988616943e-01 -1.916123926639556885e-01
-1.864318177103996277e-02 -9.413465112447738647e-02 2.460485696792602539e-02
-4.337176680564880371e-01 3.844594657421112061e-01 5.449380725622177124e-02
-3.977801799774169922e-01 3.593356311321258545e-01 1.552648693323135376e-01
-3.360306620597839355e-01 4.250180423259735107e-01 1.180464699864387512e-01
-1.357910633087158203e-01 2.931755185127258301e-01 1.973600126802921295e-02
-1.935914307832717896e-01 4.160093069076538086e-01 -7.168748974800109863e-02
1.119208261370658875e-01 2.464221864938735962e-01 2.019808441400527954e-01
-2.027336880564689636e-02 1.982420682907104492e-01 3.937626024708151817e-04
1.120037883520126343e-01 2.764329686760902405e-02 -7.502856105566024780e-02
8.314502239227294922e-02 -2.058407105505466461e-02 8.135428279638290405e-02
2.233241796493530273e-01 -7.772447168827056885e-02 -2.163174934685230255e-02
2.298457324504852295e-01 -9.248838759958744049e-03 -1.150516048073768616e-01
2.429765909910202026e-01 1.095883026719093323e-01 1.256156340241432190e-02
1.624837815761566162e-01 4.545880109071731567e-02 -1.106599904596805573e-02
6.381025910377502441e-02 -1.770393550395965576e-02 2.508159354329109192e-02
2.756466269493103027e-01 -3.265673518180847168e-01 -8.580943569540977478e-03
1.529967337846755981e-01 -3.013543188571929932e-01 -1.396725047379732132e-02
2.047745436429977417e-01 -4.405961334705352783e-01 -6.953602656722068787e-03
1.675318628549575806e-01 -2.995088696479797363e-01 2.315110294148325920e-03
2.395140975713729858e-01 -4.106262028217315674e-01 -3.946713730692863464e-02
7.927289605140686035e-02 -1.570962369441986084e-02 -6.164969131350517273e-02
2.613226771354675293e-01 -2.189418971538543701e-01 -1.101066470146179199e-01
8.597915619611740112e-02 -2.721369564533233643e-01 -9.898515045642852783e-02
1.425589621067047119e-02 -1.145032495260238647e-01 -9.265719354152679443e-02
-1.162781193852424622e-01 8.727253228425979614e-02 -1.767373532056808472e-01
-1.891008317470550537e-01 4.998132959008216858e-02 -1.816135495901107788e-01
-2.163984477519989014e-01 2.069264203310012817e-01 1.393757015466690063e-02
-2.014832794666290283e-01 1.313324272632598877e-01 5.067082494497299194e-02
-2.029868513345718384e-01 1.714390963315963745e-01 -1.132873743772506714e-01
-2.010254412889480591e-01 1.940621137619018555e-01 -1.047905981540679932e-01
-8.290272206068038940e-02 5.253837108612060547e-01 -6.104153394699096680e-02
-3.614512085914611816e-01 6.629492044448852539e-01 -6.241682916879653931e-02
-3.614287972450256348e-01 4.514083266258239746e-01 -2.373173087835311890e-02
-3.033526241779327393e-01 3.818131983280181885e-01 8.534602820873260498e-04
-3.326446712017059326e-01 3.538728058338165283e-01 1.812217198312282562e-02
-2.056549936532974243e-01 3.459731340408325195e-01 -4.823414981365203857e-02
-1.043709367513656616e-01 3.392517566680908203e-01 -5.937698483467102051e-02
-1.803288012742996216e-01 4.016863405704498291e-01 -8.602601289749145508e-02
-3.181963562965393066e-01 4.702303707599639893e-01 -6.598226726055145264e-02
-4.038710296154022217e-01 2.804621458053588867e-01 -6.070162169635295868e-03
-2.323043197393417358e-01 -2.994719147682189941e-01 1.349023282527923584e-01
-1.128213256597518921e-01 1.910639554262161255e-01 1.516302675008773804e-01
5.631360411643981934e-01 -8.802136778831481934e-01 1.893716305494308472e-01
3.298519849777221680e-01 -2.775628864765167236e-01 1.153728067874908447e-01
9.955060482025146484e-02 2.307859659194946289e-01 -1.432690024375915527e-01
-6.856135278940200806e-02 2.312960326671600342e-01 -3.213246539235115051e-02
-2.114448100328445435e-01 3.898990750312805176e-01 -1.509207785129547119e-01
-5.347967520356178284e-02 4.175873696804046631e-01 -1.993807256221771240e-01
-3.220874667167663574e-01 4.896717369556427002e-01 -2.539075911045074463e-02
-3.725592195987701416e-01 3.099995851516723633e-01 -1.215163245797157288e-01
-4.369784295558929443e-01 3.915624022483825684e-01 1.288983155973255634e-03
-1.418634951114654541e-01 -2.152204513549804688e-02 9.723029285669326782e-02
-2.424135357141494751e-01 1.867603510618209839e-02 9.351853281259536743e-02
-7.410424947738647461e-02 3.780132532119750977e-02 1.103166565299034119e-01
-8.822912722826004028e-02 -2.286692261695861816e-01 9.445977956056594849e-02
-9.677208960056304932e-02 -1.438157707452774048e-01 2.128941118717193604e-01
6.927184760570526123e-02 -3.501302897930145264e-01 -1.434508804231882095e-02
2.070452123880386353e-01 -3.873817324638366699e-01 3.506542742252349854e-02
1.233817264437675476e-01 -2.849032282829284668e-01 5.228549614548683167e-02
1.144780293107032776e-01 -3.895663321018218994e-01 7.891121506690979004e-02
2.081416994333267212e-01 -3.970186412334442139e-01 6.861515343189239502e-02
1.584542095661163330e-01 -3.162548243999481201e-01 -1.432308927178382874e-02
1.664499938488006592e-01 -3.942632973194122314e-01 8.941999077796936035e-02
3.435196876525878906e-01 -3.268542885780334473e-01 -4.140659049153327942e-02
3.085448741912841797e-01 -3.189063966274261475e-01 1.690306328237056732e-02
2.916210889816284180e-01 -2.940906286239624023e-01 7.613429334014654160e-04
2.437897725030779839e-03 -2.047402113676071167e-01 6.749782711267471313e-02
2.535731494426727295e-01 -2.896695137023925781e-01 -2.286178246140480042e-02
2.805123925209045410e-01 -3.001518845558166504e-01 -1.897629946470260620e-01
2.169622480869293213e-01 -3.358791172504425049e-01 -1.217717453837394714e-01
1.380262225866317749e-01 -1.359483152627944946e-01 3.901878744363784790e-02
-1.447487175464630127e-01 -2.613100409507751465e-01 1.139877215027809143e-01
-1.137623339891433716e-01 -2.148488759994506836e-01 2.822824567556381226e-02
-2.376263737678527832e-01 2.224404066801071167e-01 2.127549424767494202e-02
-3.733943775296211243e-02 3.999984860420227051e-01 1.601410210132598877e-01
1.562265455722808838e-01 4.522146582603454590e-01 2.811033129692077637e-01
1.021872311830520630e-01 1.937670558691024780e-01 2.982634902000427246e-01
5.008537322282791138e-02 8.975146710872650146e-02 1.284852772951126099e-01
-5.180094763636589050e-02 4.031210392713546753e-02 6.855256110429763794e-02
-7.903780043125152588e-02 2.864741161465644836e-02 2.431916072964668274e-02
-9.335014969110488892e-02 7.505533099174499512e-02 1.624662615358829498e-02
5.738927517086267471e-03 1.315300464630126953e-01 -4.378504678606987000e-02
1.196025758981704712e-01 6.751232594251632690e-02 2.846274757757782936e-03
1.109194681048393250e-01 -2.710618264973163605e-02 5.978963524103164673e-02
1.959114372730255127e-01 -1.678119897842407227e-01 1.631404459476470947e-02
7.515460252761840820e-02 -1.903585344552993774e-01 -3.128783404827117920e-02
1.184383481740951538e-01 -3.181374967098236084e-01 5.197211727499961853e-02
1.049202531576156616e-01 -1.428065001964569092e-01 -8.286778628826141357e-02
2.408436238765716553e-01 2.301213704049587250e-02 -1.897989064455032349e-01
1.102879345417022705e-01 2.701937966048717499e-02 -8.574598468840122223e-03
9.402586519718170166e-02 1.393036246299743652e-01 -1.959846913814544678e-02
4.720507562160491943e-02 1.527172327041625977e-01 -6.614568084478378296e-02
2.655753493309020996e-02 2.033712565898895264e-01 -1.403423547744750977e-01
8.240271359682083130e-02 1.899550110101699829e-01 -2.667810954153537750e-02
-5.751710850745439529e-03 2.234583199024200439e-01 -3.901132196187973022e-02
-1.230127885937690735e-01 4.384338259696960449e-01 -9.614457190036773682e-02
-1.905776411294937134e-01 5.393159985542297363e-01 -6.860365718603134155e-02
-3.710368275642395020e-01 4.939142465591430664e-01 -1.707436703145503998e-02
-3.347043395042419434e-01 4.604769051074981689e-01 3.818817064166069031e-02
-4.479148983955383301e-01 5.355734825134277344e-01 1.210571601986885071e-01
-3.858207166194915771e-01 4.768921434879302979e-01 -5.023195594549179077e-02
-2.692746818065643311e-01 4.465898871421813965e-01 -7.922210544347763062e-02
-2.535496056079864502e-01 3.320957422256469727e-01 -5.962811782956123352e-02
-3.932160139083862305e-01 2.487561255693435669e-01 -4.455759376287460327e-02
-3.721451759338378906e-01 1.861877441406250000e-01 -1.382185816764831543e-01
-4.315963685512542725e-01 -5.315647274255752563e-02 -1.029639504849910736e-02
-3.862149417400360107e-01 -9.415324777364730835e-02 8.080489933490753174e-02
-3.290697336196899414e-01 -1.714956015348434448e-01 2.371744811534881592e-01
-1.258829087018966675e-01 -4.009418189525604248e-01 1.709731072187423706e-01
1.360763013362884521e-01 -5.022400617599487305e-01 2.562679648399353027e-01
2.369942218065261841e-01 -5.216171145439147949e-01 1.085624396800994873e-01
9.718974679708480835e-02 -2.976825237274169922e-01 1.398298442363739014e-01
1.292126774787902832e-01 -2.253053486347198486e-01 1.060596257448196411e-01
2.502475976943969727e-01 -4.155536592006683350e-01 7.902434095740318298e-03
3.313160836696624756e-01 -3.416787683963775635e-01 4.663176834583282471e-02
3.473003506660461426e-01 -3.645136356353759766e-01 5.079527199268341064e-02
2.435973882675170898e-01 -4.340981245040893555e-01 1.871488615870475769e-02
5.123805627226829529e-02 -2.152950763702392578e-01 6.608898937702178955e-02
1.679553240537643433e-01 -3.681327998638153076e-01 -3.749499097466468811e-02
1.875075101852416992e-01 -2.450336962938308716e-01 -7.594845257699489594e-03
1.091737002134323120e-01 -7.042508572340011597e-02 7.518503814935684204e-02
2.172087691724300385e-02 -1.425886899232864380e-01 1.010521799325942993e-01
1.057410910725593567e-01 2.979653701186180115e-02 -1.723225228488445282e-02
8.482369780540466309e-02 -2.998687885701656342e-02 2.552212774753570557e-02
9.503733366727828979e-02 -1.023754775524139404e-01 4.219772294163703918e-02
1.738589853048324585e-01 -2.401099801063537598e-01 3.774841129779815674e-02
1.553522497415542603e-01 -3.033727407455444336e-01 8.234195411205291748e-02
1.098603010177612305e-01 -1.895187944173812866e-01 1.800434589385986328e-01
1.107048466801643372e-01 -9.806079417467117310e-02 1.135163083672523499e-01
9.653051942586898804e-02 -1.261163502931594849e-01 8.568798750638961792e-02
1.026943847537040710e-01 -1.101564988493919373e-01 1.356343030929565430e-01
1.969385594129562378e-01 -2.327650785446166992e-01 1.628366559743881226e-01
2.025639712810516357e-01 -3.009551167488098145e-01 1.841250807046890259e-01
2.234869450330734253e-01 -2.814633548259735107e-01 9.156809747219085693e-02
2.080664038658142090e-01 -2.380842864513397217e-01 -1.862353086471557617e-02
2.224165499210357666e-01 -2.603462636470794678e-01 2.529104985296726227e-02
2.549290359020233154e-01 -2.646514177322387695e-01 5.831217765808105469e-02
1.392067819833755493e-01 -6.822282820940017700e-02 6.611356139183044434e-02
1.194291859865188599e-01 -8.431229740381240845e-02 -2.689446695148944855e-02
1.548140794038772583e-01 -8.679889142513275146e-02 -2.515387348830699921e-02
1.897951960563659668e-01 -2.552794218063354492e-01 9.509648382663726807e-02
1.573180109262466431e-01 -2.409595400094985962e-01 1.000814288854598999e-01
1.014406904578208923e-01 -2.634140253067016602e-01 6.795524060726165771e-02
3.419080749154090881e-02 -2.274699360132217407e-01 5.621638894081115723e-02
-4.443168174475431442e-03 -1.933255642652511597e-01 4.386037960648536682e-02
-1.018710732460021973e-01 -2.108128219842910767e-01 -7.442207634449005127e-02
6.492514908313751221e-02 -2.036890089511871338e-01 -2.824841812252998352e-02
7.226576656103134155e-02 -2.113979160785675049e-01 -1.321035530418157578e-02
-7.574911415576934814e-02 -1.299089789390563965e-01 7.988357543945312500e-02
-6.910224258899688721e-02 -4.122542589902877808e-02 -1.918690628372132778e-03
3.767776489257812500e-02 1.662477552890777588e-01 -1.357795894145965576e-01
5.571154505014419556e-02 -9.514907747507095337e-02 5.141581967473030090e-02
1.493805944919586182e-01 -1.400113850831985474e-01 3.677997738122940063e-02
1.287475600838661194e-02 -5.404873192310333252e-02 2.915113233029842377e-03
-2.802490815520286560e-02 1.475750207901000977e-01 -2.609045505523681641e-01
-1.790564879775047302e-02 1.076635345816612244e-01 -1.791569739580154419e-01
-7.106048613786697388e-02 2.052106410264968872e-01 -2.991345822811126709e-01
-1.144362017512321472e-01 3.365755975246429443e-01 -2.680345177650451660e-01
-8.789322525262832642e-02 3.164803683757781982e-01 -3.574128150939941406e-01
1.434431131929159164e-02 5.215166881680488586e-02 -1.262851208448410034e-01
-1.744887381792068481e-01 -4.663341119885444641e-02 6.753641366958618164e-02
-8.509480953216552734e-02 -1.661409996449947357e-02 1.072451025247573853e-01
-8.885004371404647827e-02 -1.901361942291259766e-01 -3.085896139964461327e-03
-2.406284958124160767e-01 5.320879817008972168e-02 1.126379966735839844e-01
-1.841926872730255127e-01 8.449658751487731934e-02 1.116937473416328430e-01
-1.951070576906204224e-01 1.313246190547943115e-01 1.207589507102966309e-01
-2.404999434947967529e-01 8.292311429977416992e-02 1.052395999431610107e-01
-3.008240163326263428e-01 1.344684045761823654e-02 1.509974151849746704e-01
-1.082353889942169189e-01 -9.455079585313796997e-02 2.319099903106689453e-01
-1.669075153768062592e-02 2.488628588616847992e-02 2.747962474822998047e-01
-2.542325854301452637e-02 1.408670395612716675e-01 2.425163537263870239e-01
-2.482649497687816620e-02 4.700424894690513611e-02 1.710830926895141602e-01
-3.393075615167617798e-02 -8.898679912090301514e-02 5.923091992735862732e-02
-5.306357145309448242e-02 -2.104826420545578003e-01 -2.803983539342880249e-02
-4.128178581595420837e-02 -2.114913910627365112e-01 -1.964535564184188843e-03
4.405824840068817139e-02 -2.969052791595458984e-01 -4.022798687219619751e-02
5.108522251248359680e-02 -3.406909108161926270e-01 -2.412652224302291870e-02
1.788338064216077328e-03 -2.875060439109802246e-01 4.040430113673210144e-02
8.765982836484909058e-02 -4.667812883853912354e-01 5.564928054809570312e-03
2.067975997924804688e-01 -4.725926816463470459e-01 5.625179037451744080e-02
-2.831959631294012070e-03 -4.151096642017364502e-01 1.596091538667678833e-01
-4.455517977476119995e-02 -3.650688827037811279e-01 -4.605086892843246460e-02
-2.015304192900657654e-02 -1.412708461284637451e-01 -1.178500354290008545e-01
-2.795446105301380157e-02 -4.443104192614555359e-02 -2.253342978656291962e-02
-7.139026653021574020e-03 -2.840494737029075623e-02 5.570105277001857758e-03
-5.745792388916015625e-02 -2.246707864105701447e-02 -1.602563261985778809e-02
-1.488767713308334351e-01 -6.315010786056518555e-02 6.081803143024444580e-02
