2.4052e-06,4.5691e-05,4.3899e-05
-0.0005799,-8.0742e-05,-0.0001062
-0.0016318,-0.00072775,0.00038827
-0.0029682,-0.0013155,7.8575e-05
-0.0042506,-0.0022437,-0.00011763
-0.0065689,-0.0034293,0.00037377
-0.0088677,-0.0046578,0.00035786
-0.01096,-0.0065999,0.00072041
-0.011781,-0.0072797,0.0021956
-0.013385,-0.0078803,0.0042403
-0.013919,-0.0083042,0.0071995
-0.014739,-0.0086396,0.01091
-0.0156,-0.0089378,0.016859
-0.016677,-0.0096899,0.024993
-0.018538,-0.0099637,0.034295
-0.021304,-0.010368,0.044059
-0.023451,-0.010338,0.053315
-0.025811,-0.0095089,0.063529
-0.027081,-0.0087259,0.075258
-0.027615,-0.0075808,0.088492
-0.027142,-0.0061514,0.10151
-0.026281,-0.0053172,0.11462
-0.024499,-0.0037238,0.12781
-0.023433,-0.0026197,0.14199
-0.02178,-0.0015039,0.15545
-0.019465,-0.0006113,0.16959
-0.01781,0.00014153,0.18432
-0.016419,0.0006113,0.19961
-0.015053,0.00010701,0.21466
-0.013849,1.0185e-05,0.23026
-0.013712,-0.00015421,0.2461
-0.01322,-0.00077213,0.26264
-0.011777,-0.00085184,0.27999
-0.011502,-0.00147,0.29671
-0.011384,-0.0021271,0.31204
-0.011771,-0.0022768,0.32616
-0.012182,-0.0023495,0.34003
-0.012355,-0.0011412,0.35203
-0.012302,-0.00015765,0.36325
-0.011378,0.00017786,0.37437
-0.010838,0.00046853,0.38477
-0.011355,3.4509e-05,0.39476
-0.012659,-7.7751e-05,0.40596
-0.013468,-0.00083681,0.41695
-0.013303,-0.00063869,0.42811
-0.013183,-0.0014289,0.43862
-0.012297,-0.0011492,0.44877
-0.011035,-0.0010965,0.45814
-0.010369,-0.0021283,0.46707
-0.0087931,-0.0033645,0.47584
-0.0069949,-0.0038026,0.48361
-0.0049963,-0.0039557,0.49022
-0.0035644,-0.0033845,0.49588
-0.0028009,-0.0019958,0.50032
-0.0016849,-0.00084723,0.50631
-0.00083577,-0.00049223,0.51283
-0.00030983,-0.00024534,0.51765
0.00095202,0.00032269,0.52226
0.0016142,0.0012813,0.5276
0.002651,0.0027212,0.53202
0.0032849,0.0038736,0.53631
0.0056086,0.0029844,0.54027
0.0069777,0.0024417,0.54316
0.009521,0.0016243,0.54646
0.011339,0.0014297,0.54978
0.013382,0.0024302,0.55376
0.015871,0.0034143,0.55778
0.018398,0.0045889,0.56139
0.021394,0.0064057,0.56525
0.023546,0.0082954,0.56816
0.024819,0.010105,0.57136
0.026493,0.011639,0.57423
0.027567,0.012991,0.57719
0.028808,0.013814,0.581
0.030446,0.014357,0.58422
0.032946,0.015859,0.58691
0.035459,0.017365,0.58947
0.037622,0.018936,0.59094
0.039245,0.019399,0.59164
0.039231,0.019479,0.59132
0.039369,0.01968,0.591
0.039178,0.020361,0.58982
0.039444,0.021213,0.5892
0.03912,0.022339,0.58863
0.039196,0.023483,0.58999
0.039016,0.025758,0.59075
0.03933,0.030557,0.59178
0.040028,0.036128,0.59223
0.04066,0.041039,0.59136
0.042055,0.046302,0.58913
0.043731,0.051265,0.58593
0.045704,0.057051,0.58063
0.046592,0.063227,0.57452
0.048373,0.068973,0.5678
0.049601,0.07426,0.56032
0.050137,0.079143,0.55122
0.049978,0.083013,0.54053
0.049786,0.085856,0.52883
0.048161,0.087855,0.51614
0.046907,0.09044,0.5017
0.045173,0.093068,0.48665
0.043328,0.095875,0.47059
0.041446,0.097792,0.45345
0.040041,0.10004,0.43569
0.039921,0.10203,0.41731
0.039339,0.10359,0.39786
0.038715,0.10506,0.37797
0.037363,0.10623,0.35759
0.035758,0.10712,0.33767
0.034733,0.10763,0.31843
0.034787,0.10878,0.29958
0.035672,0.1111,0.27982
0.036963,0.11325,0.25986
0.039752,0.11488,0.24012
0.042209,0.11646,0.22023
0.045222,0.11785,0.20088
0.048947,0.11974,0.18327
0.053625,0.12118,0.16728
0.059763,0.12316,0.15188
0.066321,0.12387,0.13818
0.074018,0.12642,0.12452
0.080849,0.12816,0.11317
0.088426,0.13083,0.10051
0.097264,0.13251,0.08952
0.10657,0.1342,0.077336
0.11598,0.13582,0.066
0.12574,0.13778,0.054828
0.13565,0.13931,0.042862
0.14662,0.14095,0.032349
0.15779,0.14249,0.019758
0.16895,0.14393,0.0079421
0.17959,0.14572,-0.0057248
0.19046,0.1466,-0.01758
0.20137,0.14724,-0.029651
0.21299,0.14803,-0.040177
0.2255,0.14864,-0.05191
0.23882,0.14958,-0.066175
0.25301,0.15035,-0.078296
0.26674,0.1512,-0.092218
0.28059,0.15186,-0.10531
0.29435,0.15249,-0.12049
0.30653,0.15254,-0.13281
0.31892,0.15167,-0.14461
0.33053,0.15108,-0.15889
0.34216,0.15123,-0.17196
0.35517,0.15101,-0.18634
0.36879,0.15094,-0.20049
0.38268,0.15009,-0.21496
0.39648,0.14833,-0.2272
0.41105,0.1464,-0.23813
0.42483,0.14506,-0.24829
0.43938,0.14287,-0.26043
0.4539,0.14078,-0.27381
0.46816,0.14019,-0.28816
0.48284,0.1428,-0.30178
0.49681,0.14474,-0.31415
0.51292,0.14572,-0.32678
0.53017,0.14715,-0.33948
0.54751,0.1487,-0.34981
0.56387,0.15011,-0.35777
0.58027,0.1499,-0.36316
0.59711,0.14956,-0.36832
0.61404,0.14998,-0.37345
0.63056,0.14918,-0.3775
0.64763,0.14683,-0.38029
0.66348,0.14372,-0.38303
0.67937,0.13946,-0.38467
0.69424,0.13529,-0.38656
0.70806,0.13203,-0.38995
0.72181,0.12937,-0.39326
0.73482,0.12702,-0.39705
0.74783,0.1241,-0.39963
0.75973,0.12148,-0.4017
0.77147,0.11853,-0.40301
0.78342,0.11321,-0.40274
0.79401,0.10693,-0.40122
0.80355,0.10002,-0.39877
0.81155,0.094355,-0.39722
0.81823,0.089164,-0.3951
0.82391,0.082727,-0.39276
0.82811,0.075508,-0.39069
0.83185,0.069174,-0.38903
0.83546,0.063537,-0.38672
0.8402,0.057695,-0.38384
0.84384,0.052708,-0.38115
0.84639,0.048443,-0.37867
0.84833,0.045582,-0.37464
0.85089,0.043558,-0.37116
0.8521,0.042266,-0.36845
0.8526,0.039171,-0.36483
0.85292,0.036027,-0.36135
0.85315,0.03336,-0.35869
0.85361,0.029867,-0.35604
0.85263,0.0266,-0.35284
0.85045,0.024166,-0.35033
0.84879,0.022723,-0.34865
0.84613,0.021388,-0.34791
0.84318,0.020609,-0.34724
0.84007,0.019194,-0.34536
0.83679,0.017609,-0.34322
0.83262,0.017356,-0.34091
0.8266,0.01643,-0.33931
0.81921,0.014955,-0.33774
0.81159,0.014048,-0.33613
0.80409,0.012595,-0.33465
0.79767,0.010383,-0.3336
0.79143,0.0085482,-0.33292
0.7867,0.00679,-0.33199
0.78223,0.0054619,-0.33032
0.77794,0.0037773,-0.3284
0.77443,0.0028719,-0.32745
0.76941,0.0027095,-0.32635
0.7641,0.0018293,-0.3249
0.75861,0.0015425,-0.32322
0.75302,0.0017491,-0.32266
0.74731,0.0022362,-0.32361
0.74229,0.0031641,-0.32545
0.73889,0.0042165,-0.32703
0.73581,0.0054871,-0.32793
0.73369,0.0053957,-0.32966
0.73259,0.0051101,-0.33208
0.73229,0.0047866,-0.33367
0.73185,0.0046561,-0.33568
0.73203,0.0034577,-0.33745
0.73273,0.0021178,-0.33783
0.73476,0.00010173,-0.33819
0.73655,-0.00147,-0.33813
0.73827,-0.0030309,-0.34
0.73999,-0.0035519,-0.3425
0.74234,-0.0042387,-0.34405
0.74618,-0.0055244,-0.345
0.75035,-0.0084799,-0.34496
0.75368,-0.017242,-0.34477
0.75732,-0.02951,-0.34479
0.76069,-0.035281,-0.34408
0.76285,-0.042171,-0.34422
0.76446,-0.045235,-0.34541
0.7663,-0.04873,-0.34717
0.76837,-0.050554,-0.34929
0.77067,-0.051937,-0.35084
0.77258,-0.053347,-0.35175
0.7746,-0.053431,-0.35236
0.77677,-0.052551,-0.35253
0.7786,-0.051248,-0.35261
0.78073,-0.049139,-0.35264
0.78358,-0.047103,-0.35404
0.78646,-0.044458,-0.35636
0.79031,-0.04195,-0.35893
0.79397,-0.039332,-0.36053
0.79724,-0.037652,-0.36236
0.80068,-0.036412,-0.36517
0.80406,-0.034691,-0.36781
0.80699,-0.033344,-0.37008
0.81162,-0.032618,-0.37235
0.81612,-0.031442,-0.37309
0.82013,-0.030198,-0.37329
0.82455,-0.029272,-0.37322
0.82929,-0.028142,-0.37363
0.83441,-0.027459,-0.37414
0.83892,-0.027417,-0.37312
0.84304,-0.027618,-0.37229
0.84688,-0.02663,-0.37196
0.85052,-0.02612,-0.3708
0.85427,-0.025649,-0.36953
0.85837,-0.025915,-0.36826
0.86207,-0.026692,-0.3672
0.86516,-0.028833,-0.36614
0.8684,-0.03113,-0.36589
0.87155,-0.032499,-0.36608
0.87417,-0.032953,-0.36732
0.87552,-0.032764,-0.36939
0.87614,-0.03393,-0.37141
0.87666,-0.035447,-0.37187
0.87724,-0.037652,-0.3712
0.87774,-0.040465,-0.37176
0.87671,-0.04246,-0.37338
0.87519,-0.044505,-0.37526
0.87352,-0.046444,-0.37701
0.87273,-0.049096,-0.37942
0.87107,-0.052051,-0.38145
0.87,-0.054272,-0.38336
0.86862,-0.056546,-0.38579
0.86825,-0.059424,-0.38826
0.86816,-0.06254,-0.3901
0.86722,-0.066104,-0.39106
0.86609,-0.069512,-0.39211
0.86483,-0.073271,-0.39281
0.86308,-0.076617,-0.3937
0.86168,-0.080123,-0.3941
0.86002,-0.082433,-0.39486
0.85806,-0.08413,-0.39461
0.85481,-0.087038,-0.39464
0.85217,-0.090624,-0.39454
0.85021,-0.093652,-0.39542
0.8495,-0.096575,-0.39633
0.84881,-0.10051,-0.39683
0.84747,-0.10458,-0.39561
0.84567,-0.10747,-0.39545
0.84415,-0.1091,-0.39455
0.84239,-0.1122,-0.3943
0.83982,-0.11502,-0.39524
0.83742,-0.1179,-0.39542
0.83496,-0.12063,-0.39488
0.83243,-0.12335,-0.39494
0.8295,-0.12774,-0.39509
0.82726,-0.13205,-0.39491
0.82494,-0.13389,-0.39565
0.82218,-0.13459,-0.39779
0.81907,-0.13478,-0.40113
0.81571,-0.13576,-0.40514
0.81202,-0.13669,-0.41037
0.80869,-0.13876,-0.41618
0.80502,-0.14042,-0.42249
0.80169,-0.14074,-0.42906
0.79793,-0.14101,-0.43581
0.79313,-0.14189,-0.44255
0.78846,-0.14279,-0.44883
0.78403,-0.1433,-0.4548
0.77908,-0.14373,-0.46099
0.77362,-0.14455,-0.46599
0.7675,-0.14506,-0.46972
0.76073,-0.14573,-0.47219
0.75428,-0.14639,-0.47291
0.74812,-0.14664,-0.47396
0.74311,-0.14589,-0.47512
0.73794,-0.14634,-0.476
0.73191,-0.14612,-0.47643
0.72544,-0.14627,-0.47695
0.71831,-0.14657,-0.47749
0.71119,-0.14545,-0.47642
0.70407,-0.14404,-0.47519
0.69767,-0.14334,-0.47365
0.69099,-0.14238,-0.47236
0.68493,-0.1409,-0.47062
0.67934,-0.13977,-0.46877
0.67394,-0.13782,-0.46593
0.66871,-0.1377,-0.46202
0.66303,-0.13728,-0.45682
0.65655,-0.13734,-0.45216
0.65015,-0.13662,-0.44849
0.64389,-0.13518,-0.44376
0.63884,-0.13331,-0.43867
0.63414,-0.13036,-0.43408
0.62926,-0.12772,-0.43053
0.62494,-0.12437,-0.42721
0.62084,-0.12117,-0.42241
0.61718,-0.11906,-0.41611
0.61414,-0.1168,-0.41048
0.6111,-0.11591,-0.40375
0.6084,-0.11644,-0.39455
0.60494,-0.11686,-0.38469
0.60186,-0.1171,-0.37528
0.59796,-0.11757,-0.36587
0.59415,-0.11907,-0.3563
0.58954,-0.12086,-0.3476
0.58458,-0.12172,-0.3401
0.5795,-0.12134,-0.33512
0.57465,-0.12097,-0.33104
0.56937,-0.12056,-0.32864
0.56483,-0.12015,-0.32698
0.56069,-0.11868,-0.32588
0.5558,-0.11642,-0.32509
0.5508,-0.11379,-0.3255
0.54539,-0.1108,-0.32725
0.54025,-0.10699,-0.33003
0.53523,-0.10349,-0.33245
0.53024,-0.10016,-0.33437
0.52499,-0.098445,-0.33715
0.51927,-0.096404,-0.33992
0.51351,-0.093792,-0.34198
0.50783,-0.091256,-0.34341
0.50174,-0.089444,-0.34455
0.4976,-0.087139,-0.34521
0.4929,-0.084515,-0.34572
0.48877,-0.080685,-0.34571
0.48448,-0.076964,-0.34555
0.48048,-0.07434,-0.34506
0.47674,-0.071153,-0.34561
0.4749,-0.068159,-0.34583
0.47514,-0.064678,-0.34737
0.47579,-0.06096,-0.34954
0.47728,-0.057481,-0.35298
0.47955,-0.053438,-0.35581
0.48184,-0.049638,-0.35733
0.48509,-0.04571,-0.35882
0.48895,-0.042716,-0.36076
0.49218,-0.040708,-0.36311
0.49609,-0.038768,-0.36571
0.50033,-0.037858,-0.3675
0.50486,-0.037085,-0.3695
0.50987,-0.036681,-0.37114
0.51407,-0.036533,-0.3727
0.5179,-0.036226,-0.3734
0.52195,-0.035617,-0.37287
0.52509,-0.034368,-0.37208
0.52747,-0.033994,-0.37118
0.52911,-0.034046,-0.36961
0.5294,-0.03413,-0.36803
0.5297,-0.034255,-0.36639
0.52945,-0.034435,-0.36431
0.52793,-0.034319,-0.36138
0.52595,-0.034009,-0.35787
0.52358,-0.033767,-0.35426
0.51979,-0.034732,-0.35136
0.51497,-0.036446,-0.34693
0.5096,-0.039343,-0.34085
0.50318,-0.042841,-0.33373
0.49492,-0.046237,-0.32508
0.4857,-0.049342,-0.31673
0.47592,-0.052146,-0.30803
0.46692,-0.054927,-0.29886
0.45833,-0.056717,-0.28923
0.45026,-0.058903,-0.27897
0.44257,-0.06,-0.26857
0.43623,-0.0609,-0.25815
0.42933,-0.061024,-0.24792
0.42272,-0.060234,-0.2366
0.4167,-0.059501,-0.22376
0.4095,-0.058456,-0.212
0.40305,-0.05722,-0.20085
0.39655,-0.054588,-0.19069
0.38925,-0.050744,-0.18222
0.38286,-0.047275,-0.17213
0.375,-0.043666,-0.16236
0.36901,-0.040087,-0.15141
0.36393,-0.03708,-0.13971
0.3583,-0.035372,-0.12849
0.35584,-0.034072,-0.11575
0.35185,-0.032308,-0.10253
0.35044,-0.031577,-0.087863
0.34704,-0.031702,-0.074448
0.3461,-0.031565,-0.059239
0.3459,-0.031154,-0.043342
0.34327,-0.031103,-0.027916
0.34292,-0.031217,-0.0095903
0.33912,-0.030889,0.0090728
0.33839,-0.029575,0.030016
0.33848,-0.026585,0.052546
0.33664,-0.023131,0.074365
0.33674,-0.020964,0.097879
0.33308,-0.019519,0.12061
0.33126,-0.018928,0.14501
0.32708,-0.018395,0.17012
0.32396,-0.017492,0.1939
0.32104,-0.016747,0.21961
0.31723,-0.015309,0.24511
0.31484,-0.014018,0.27186
0.31171,-0.010997,0.2984
0.30936,-0.0076477,0.32506
0.30724,-0.0046752,0.35062
0.3039,-0.0014923,0.37632
0.30028,0.0025811,0.40251
0.29525,0.0073769,0.42826
0.29079,0.011521,0.45429
0.28689,0.015354,0.47923
0.28273,0.017849,0.50249
0.27899,0.020884,0.52482
0.27631,0.023233,0.54588
0.27473,0.025407,0.56602
0.2742,0.028608,0.58564
0.27377,0.030266,0.60387
0.27429,0.032959,0.62266
0.27531,0.035505,0.64012
0.27651,0.03728,0.65535
0.27731,0.039161,0.66883
0.27898,0.041834,0.68084
0.28086,0.044799,0.69187
0.28257,0.04885,0.70237
0.28503,0.053122,0.71252
0.28739,0.056916,0.7215
0.28961,0.059904,0.72978
0.29234,0.06173,0.73693
0.29415,0.062695,0.74397
0.29844,0.063895,0.7559
0.29883,0.06541,0.75679
0.30054,0.067696,0.76376
0.30229,0.06959,0.77064
0.30352,0.07143,0.77767
0.30453,0.072275,0.78371
0.30503,0.073083,0.78864
0.30517,0.073146,0.79235
0.30557,0.07225,0.79533
0.30508,0.070839,0.79704
0.30443,0.070062,0.79843
0.30368,0.069368,0.7988
0.30244,0.068582,0.79796
0.29995,0.067226,0.79635
0.29703,0.065869,0.79407
0.29446,0.065005,0.79034
0.29167,0.064487,0.7853
0.28875,0.064282,0.77898
0.28555,0.06564,0.77153
0.28155,0.066509,0.7643
0.27609,0.06793,0.75453
0.27105,0.070139,0.74604
0.26676,0.072748,0.73679
0.2619,0.075589,0.72801
0.25627,0.079847,0.71851
0.25022,0.084189,0.70767
0.24425,0.089326,0.69596
0.23788,0.09473,0.68253
0.23104,0.099678,0.66854
0.2242,0.10293,0.65363
0.21685,0.1063,0.63802
0.20966,0.10947,0.62227
0.20098,0.11362,0.60614
0.19309,0.11825,0.58969
0.18509,0.12303,0.57342
0.17711,0.12703,0.55679
0.17024,0.13041,0.54203
0.16383,0.13388,0.52769
0.15757,0.13747,0.51529
0.15164,0.1413,0.5046
0.14507,0.14471,0.49451
0.13752,0.14817,0.4863
0.12899,0.1512,0.47801
0.12044,0.15391,0.47215
0.11093,0.15694,0.46682
0.099086,0.16087,0.46137
0.087637,0.16481,0.45862
0.073075,0.16783,0.45422
0.059223,0.16935,0.45042
0.045207,0.17099,0.44623
0.028794,0.17308,0.43967
0.014927,0.17466,0.43517
-0.0023534,0.17563,0.42906
-0.017093,0.17623,0.42393
-0.032117,0.17611,0.41759
-0.049639,0.17575,0.40772
-0.064499,0.17491,0.39859
-0.082266,0.17264,0.38518
-0.095521,0.16892,0.37255
-0.10892,0.16632,0.35983
-0.12645,0.16614,0.34582
-0.14034,0.16596,0.33479
-0.15937,0.16668,0.32139
-0.17534,0.16939,0.31151
-0.1921,0.17326,0.30175
-0.21263,0.17739,0.28835
-0.22935,0.18148,0.27566
-0.24866,0.18564,0.25982
-0.26315,0.18851,0.2452
-0.27935,0.19047,0.22838
-0.29219,0.19319,0.21308
-0.30493,0.19628,0.19846
-0.31705,0.19758,0.18153
-0.32657,0.19897,0.16741
-0.33856,0.20261,0.15481
-0.35117,0.20754,0.1433
-0.36487,0.21217,0.13021
-0.37817,0.21606,0.119
-0.39166,0.22104,0.10815
-0.40364,0.22604,0.10012
-0.41513,0.23024,0.092507
-0.42877,0.23404,0.084714
-0.44384,0.23807,0.07718
-0.45913,0.24108,0.069361
-0.47602,0.24312,0.060639
-0.49261,0.24379,0.050281
-0.50913,0.24542,0.040684
-0.52571,0.24532,0.031709
-0.54115,0.24308,0.022939
-0.55812,0.2421,0.015561
-0.57507,0.24162,0.0086442
-0.59239,0.24149,0.002361
-0.60984,0.24134,-0.0031275
-0.62697,0.24,-0.0073293
-0.6442,0.23871,-0.010309
-0.66106,0.23625,-0.012028
-0.67585,0.23372,-0.01326
-0.6899,0.23056,-0.013198
-0.7039,0.22738,-0.012076
-0.71926,0.22473,-0.009878
-0.73418,0.22237,-0.0069174
-0.75035,0.22106,-0.0026506
-0.766,0.22055,0.0016472
-0.78132,0.22011,0.0062741
-0.79635,0.21999,0.011358
-0.81036,0.21994,0.016637
-0.82343,0.22022,0.021515
-0.83642,0.2224,0.02723
-0.84934,0.22506,0.032213
-0.86125,0.22724,0.035869
-0.87308,0.22891,0.039769
-0.88313,0.23084,0.043447
-0.89209,0.23305,0.045588
-0.90112,0.23545,0.048244
-0.9092,0.23862,0.051747
-0.91699,0.2416,0.054943
-0.92411,0.24321,0.05767
-0.93015,0.24433,0.058597
-0.93528,0.24471,0.059372
-0.93942,0.24547,0.060872
-0.94248,0.24597,0.062259
-0.94427,0.24584,0.062579
-0.94603,0.24464,0.062973
-0.94608,0.24383,0.063023
-0.94558,0.24244,0.062406
-0.94528,0.24118,0.062802
-0.94519,0.24018,0.062687
-0.94361,0.23782,0.062616
-0.94243,0.23552,0.062469
-0.94361,0.23422,0.06262
-0.93973,0.2326,0.061679
-0.93726,0.23063,0.060451
-0.93495,0.228,0.0593
-0.93241,0.22553,0.05787
-0.92931,0.2239,0.056678
-0.92697,0.22238,0.056003
-0.92382,0.2218,0.055305
-0.9198,0.22189,0.054108
-0.91647,0.22238,0.052371
-0.91454,0.22179,0.05182
-0.91096,0.22072,0.05124
-0.90787,0.21912,0.050595
-0.9055,0.21749,0.050313
-0.90444,0.21695,0.050048
-0.90452,0.21718,0.050895
-0.90482,0.2175,0.052213
-0.90497,0.21712,0.052501
-0.90485,0.21612,0.053822
-0.90561,0.21476,0.05685
-0.90639,0.21298,0.060061
-0.90619,0.21017,0.062858
-0.90588,0.20782,0.065264
-0.90602,0.20625,0.069101
-0.90833,0.20521,0.071331
-0.91135,0.20518,0.073162
-0.91507,0.20503,0.075116
-0.9182,0.20447,0.076629
-0.92194,0.20403,0.077826
-0.92668,0.20412,0.078709
-0.92955,0.2053,0.079002
-0.93322,0.20612,0.079455
-0.9365,0.20802,0.079616
-0.9393,0.21001,0.078122
-0.94133,0.21075,0.076949
-0.94294,0.21115,0.076301
-0.94467,0.21012,0.075308
-0.94676,0.20906,0.075275
-0.94885,0.2072,0.075061
-0.95146,0.20581,0.074228
-0.95615,0.20581,0.073474
-0.95591,0.20434,0.071397
-0.95726,0.20273,0.068813
-0.95838,0.20066,0.066535
-0.95887,0.19887,0.065052
-0.9595,0.1971,0.063767
-0.95925,0.19503,0.061975
-0.95836,0.19373,0.060535
-0.95778,0.19236,0.058923
-0.9573,0.19109,0.05657
-0.95751,0.19031,0.054298
-0.95702,0.18932,0.05162
-0.95683,0.18745,0.048659
-0.95654,0.18503,0.045743
-0.95621,0.18214,0.043705
-0.95605,0.17916,0.041937
-0.95627,0.17684,0.039985
-0.95659,0.17492,0.037528
-0.95678,0.17291,0.036026
-0.95634,0.16978,0.034894
-0.95704,0.16758,0.033576
-0.95765,0.16678,0.031873
-0.95788,0.16797,0.030235
-0.95824,0.16896,0.028903
-0.95728,0.16949,0.027319
-0.95679,0.16874,0.025428
-0.95544,0.16828,0.023995
-0.95457,0.16772,0.022086
-0.95211,0.16727,0.02114
-0.94979,0.1662,0.021311
-0.9478,0.16421,0.021781
-0.94624,0.16304,0.02324
-0.94543,0.16218,0.025272
-0.94423,0.16151,0.027405
-0.94378,0.16111,0.029705
-0.94334,0.15975,0.031851
-0.94242,0.15796,0.032917
-0.94124,0.15635,0.03342
-0.93928,0.15537,0.033827
-0.93788,0.15416,0.034708
-0.93346,0.15291,0.034948
-0.93071,0.15218,0.034959
-0.92869,0.15032,0.03617
-0.92679,0.1495,0.036742
-0.92533,0.14948,0.03772
-0.92319,0.14972,0.038057
-0.92177,0.14968,0.038171
-0.92166,0.1494,0.03785
-0.92225,0.14942,0.037601
-0.92255,0.14915,0.037037
-0.92243,0.14816,0.036167
-0.92248,0.14669,0.034996
-0.92137,0.14541,0.033754
-0.92078,0.14446,0.032167
-0.92096,0.14378,0.030234
-0.92186,0.14247,0.028343
-0.92247,0.14171,0.025607
-0.92301,0.14064,0.02307
-0.92315,0.13983,0.020356
-0.92374,0.13775,0.018531
-0.92487,0.13477,0.016569
-0.92523,0.13207,0.01441
-0.92481,0.13069,0.011813
-0.92562,0.12886,0.0086978
-0.9273,0.12704,0.0054166
-0.92882,0.12482,0.0018724
-0.93048,0.12348,-0.0010717
-0.93215,0.12176,-0.0033225
-0.93283,0.11951,-0.0050154
-0.93407,0.11814,-0.0067667
-0.93508,0.11645,-0.0084052
-0.93725,0.11498,-0.0093311
-0.93954,0.11403,-0.010491
-0.94209,0.11463,-0.011716
-0.94399,0.11563,-0.01213
-0.94601,0.1152,-0.012506
-0.94791,0.11469,-0.011718
-0.94858,0.11337,-0.010491
-0.94931,0.11183,-0.0094211
-0.94907,0.11148,-0.0087851
-0.94968,0.10986,-0.0085802
-0.94968,0.10846,-0.009342
-0.94878,0.10745,-0.010332
-0.94956,0.1067,-0.011437
-0.95055,0.10585,-0.012227
-0.95194,0.10364,-0.013629
-0.95164,0.10177,-0.014569
-0.95016,0.10013,-0.0148
-0.9484,0.09879,-0.015648
-0.9458,0.097222,-0.016681
-0.94332,0.09568,-0.017284
-0.94034,0.095098,-0.017814
-0.93604,0.09552,-0.017639
-0.93109,0.095129,-0.017752
-0.92565,0.094835,-0.017008
-0.92106,0.095742,-0.015709
-0.91626,0.096822,-0.014022
-0.91133,0.098699,-0.012875
-0.90552,0.099929,-0.012391
-0.9,0.10127,-0.012376
-0.89532,0.10248,-0.012841
-0.8888,0.10447,-0.013648
-0.88191,0.10685,-0.014547
-0.87465,0.10849,-0.015628
-0.86691,0.11047,-0.016854
-0.86005,0.1127,-0.018608
-0.85317,0.11611,-0.020347
-0.84473,0.1193,-0.021798
-0.83626,0.1223,-0.021815
-0.82709,0.12582,-0.022352
-0.81618,0.12874,-0.022861
-0.80557,0.13079,-0.022725
-0.79493,0.13271,-0.022014
-0.78499,0.13453,-0.021188
-0.77434,0.13674,-0.019821
-0.76265,0.13833,-0.018044
-0.75133,0.13942,-0.016118
-0.74004,0.13998,-0.014983
-0.72907,0.14061,-0.013542
-0.71788,0.14112,-0.012273
-0.70697,0.14169,-0.010855
-0.69486,0.1427,-0.0094101
-0.68466,0.14423,-0.0078284
-0.67426,0.14594,-0.0057561
-0.66411,0.14726,-0.0035106
-0.65393,0.14888,-0.00043576
-0.64411,0.15029,0.0021849
-0.63435,0.15182,0.0055416
-0.62463,0.15347,0.0078599
-0.61568,0.15514,0.0098089
-0.60584,0.15827,0.012116
-0.59554,0.15996,0.014377
-0.58348,0.16123,0.017409
-0.57048,0.16121,0.020922
-0.55709,0.16262,0.023786
-0.54417,0.16527,0.027762
-0.53092,0.16821,0.032086
-0.51762,0.17056,0.036996
-0.50518,0.17232,0.041525
-0.49298,0.17364,0.046632
-0.4803,0.1754,0.052206
-0.46772,0.17707,0.057911
-0.45482,0.1788,0.063359
-0.44256,0.18024,0.06896
-0.43005,0.18189,0.075235
-0.4177,0.18306,0.081219
-0.40416,0.18342,0.08747
-0.389,0.18385,0.092828
-0.37375,0.18406,0.097379
-0.36014,0.18457,0.10316
-0.34851,0.18503,0.10917
-0.33824,0.18647,0.11698
-0.32644,0.18735,0.12227
-0.31582,0.18835,0.12835
-0.30453,0.18855,0.13409
-0.29412,0.18787,0.14184
-0.28317,0.187,0.15215
-0.27194,0.18654,0.16102
-0.26093,0.18681,0.17228
-0.24981,0.18756,0.18054
-0.23988,0.18836,0.19095
-0.23139,0.18927,0.20175
-0.22329,0.19025,0.2152
-0.21527,0.19015,0.22864
-0.20786,0.18913,0.2399
-0.20004,0.1883,0.25241
-0.19096,0.18789,0.26455
-0.18132,0.18684,0.27954
-0.17157,0.18608,0.29381
-0.16157,0.1862,0.3112
-0.15169,0.18698,0.32793
-0.14217,0.1868,0.34726
-0.13172,0.18606,0.36886
-0.11979,0.18458,0.39156
-0.10793,0.18307,0.41114
-0.095846,0.18143,0.42918
-0.084454,0.18,0.44996
-0.07105,0.17932,0.47093
-0.057963,0.17716,0.49135
-0.0459,0.1741,0.5131
-0.033001,0.17054,0.53417
-0.018814,0.16803,0.55629
-0.0063997,0.16536,0.57705
0.0049684,0.16252,0.59691
0.015333,0.15898,0.61631
0.024487,0.15513,0.63561
0.033103,0.15217,0.65441
0.041275,0.14928,0.67407
0.047568,0.14641,0.69276
0.052943,0.1439,0.71124
0.057098,0.14082,0.7289
0.061172,0.1394,0.74604
0.06455,0.13869,0.76259
0.067132,0.13899,0.7793
0.068694,0.13849,0.79515
0.070177,0.13792,0.81032
0.072793,0.13674,0.82426
0.075037,0.13628,0.836
0.077834,0.13702,0.84716
0.079667,0.13818,0.8577
0.080504,0.13986,0.8674
0.080714,0.14057,0.87759
0.081644,0.14095,0.88734
0.083073,0.1422,0.89518
0.084296,0.143,0.90233
0.085201,0.14435,0.90901
0.085333,0.14559,0.91412
0.086141,0.14628,0.91904
0.085595,0.1481,0.92165
0.085894,0.14952,0.92346
0.084973,0.15086,0.92508
0.084031,0.15192,0.92645
0.082965,0.15383,0.92692
0.082626,0.15584,0.92673
0.081994,0.15674,0.92514
0.081915,0.15745,0.92373
0.08152,0.15829,0.9222
0.081375,0.1589,0.92045
0.08148,0.15942,0.918
0.081493,0.16025,0.91411
0.081129,0.16064,0.90883
0.080987,0.16015,0.9027
0.081671,0.16037,0.89539
0.082263,0.16045,0.88687
0.083545,0.16046,0.87753
0.084459,0.16029,0.86756
0.085174,0.15957,0.85495
0.085895,0.15997,0.84208
0.086275,0.16067,0.82783
0.086695,0.16121,0.81397
0.087048,0.16178,0.79931
0.087385,0.16178,0.78393
0.087322,0.16103,0.76728
0.087535,0.15886,0.74935
0.088244,0.15654,0.73273
0.090298,0.15536,0.7167
0.092971,0.15441,0.70142
0.096251,0.15364,0.68835
0.10153,0.1532,0.67709
0.10747,0.154,0.66752
0.11341,0.15447,0.65656
0.11863,0.15465,0.64644
0.12451,0.1539,0.63746
0.13137,0.15261,0.62773
0.14009,0.15102,0.61968
0.14993,0.14997,0.61058
0.16127,0.14965,0.60199
0.1724,0.14974,0.59124
0.18486,0.14932,0.58328
0.19767,0.15022,0.57319
0.20987,0.15003,0.56446
0.22286,0.15035,0.5531
0.23561,0.15049,0.54438
0.24934,0.15068,0.53606
0.2641,0.15119,0.52512
0.27877,0.15086,0.51696
0.29311,0.15016,0.50584
0.30647,0.15079,0.49814
0.32069,0.15333,0.48523
0.33663,0.15701,0.47205
0.35392,0.16279,0.45527
0.37151,0.17047,0.43266
0.38954,0.17795,0.41341
0.40638,0.18452,0.3937
0.42242,0.19052,0.37941
0.44038,0.19171,0.36397
0.45605,0.19475,0.34821
0.47334,0.19709,0.33337
0.48978,0.19808,0.31738
0.50633,0.2019,0.29972
0.52278,0.20609,0.281
0.53943,0.20973,0.26524
0.55604,0.2138,0.24976
0.57187,0.21858,0.23265
0.58723,0.22488,0.21488
0.60222,0.23279,0.19553
0.61679,0.23825,0.17708
0.63233,0.24358,0.15726
0.6466,0.25075,0.13763
0.66089,0.25726,0.11801
0.67444,0.26186,0.0983
0.68886,0.26518,0.080563
0.70277,0.26873,0.063747
0.71605,0.27208,0.048899
0.72929,0.27454,0.035276
0.74394,0.27632,0.024728
0.75852,0.27763,0.015773
0.77331,0.27902,0.0073193
0.78712,0.27956,-0.00032049
0.80232,0.27889,-0.0060357
0.8173,0.27685,-0.011035
0.82906,0.27432,-0.013479
0.84053,0.27349,-0.014913
0.85205,0.27232,-0.015823
0.86315,0.27174,-0.017016
0.87261,0.27205,-0.01804
0.88187,0.27206,-0.01873
0.89002,0.27277,-0.019147
0.89782,0.27401,-0.019275
0.90694,0.27554,-0.019344
0.91212,0.27568,-0.019036
0.91789,0.27502,-0.019062
0.9229,0.27332,-0.017444
0.92812,0.26981,-0.015403
0.93245,0.26609,-0.014876
0.93614,0.26233,-0.015316
0.93991,0.25803,-0.014898
0.94337,0.25376,-0.015394
0.94518,0.24923,-0.01676
0.94695,0.24508,-0.017951
0.94785,0.24085,-0.017879
0.94875,0.23636,-0.018077
0.94947,0.23158,-0.018425
0.94951,0.22806,-0.019163
0.9497,0.22613,-0.021233
0.94943,0.2236,-0.021994
0.94978,0.22203,-0.022829
0.94979,0.22081,-0.023712
0.94914,0.21896,-0.025218
0.94733,0.21664,-0.026338
0.94603,0.21465,-0.02662
0.94433,0.21239,-0.027171
0.94152,0.21026,-0.027694
0.93807,0.20862,-0.028694
0.93494,0.20827,-0.030422
0.9336,0.20793,-0.032326
0.93173,0.20776,-0.033995
0.93001,0.20811,-0.035472
0.92649,0.20802,-0.037028
0.9232,0.20793,-0.038908
0.91974,0.20855,-0.041661
0.9168,0.20863,-0.043708
0.91338,0.20755,-0.045035
0.9101,0.20743,-0.044221
0.90753,0.20713,-0.043564
0.90434,0.20739,-0.042922
0.90058,0.20666,-0.042658
0.89665,0.2058,-0.042249
0.89168,0.20549,-0.041084
0.88746,0.20597,-0.04132
0.88438,0.20545,-0.041807
0.87962,0.2041,-0.042211
0.8749,0.20374,-0.042391
0.86948,0.20381,-0.044343
0.86438,0.20378,-0.046961
0.86072,0.20394,-0.048133
0.85603,0.20335,-0.048567
0.85092,0.20396,-0.050025
0.84594,0.20544,-0.051057
0.84143,0.20782,-0.052114
0.83713,0.20922,-0.052519
0.83312,0.21032,-0.052746
0.82938,0.21214,-0.052148
0.8269,0.21512,-0.051467
0.82504,0.21657,-0.050249
0.82192,0.2176,-0.048873
0.8185,0.21749,-0.047021
0.81399,0.21763,-0.045595
0.81013,0.21824,-0.043737
0.80646,0.21898,-0.042615
0.80175,0.21971,-0.042527
0.79598,0.22176,-0.042447
0.7905,0.22329,-0.041179
0.78598,0.22486,-0.040415
0.78039,0.22585,-0.040206
0.77438,0.22692,-0.039895
0.76871,0.22774,-0.038818
0.76345,0.228,-0.037714
0.75954,0.22968,-0.037418
0.75613,0.23171,-0.03762
0.75406,0.23393,-0.037397
0.7523,0.23523,-0.036686
0.75067,0.23688,-0.036787
0.74905,0.23839,-0.037019
0.7476,0.23924,-0.037357
0.74733,0.23998,-0.037063
0.74746,0.2416,-0.038441
0.74795,0.24345,-0.040422
0.74914,0.24566,-0.043465
0.74965,0.24776,-0.046309
0.75131,0.24999,-0.049619
0.75455,0.25218,-0.052927
0.75852,0.25416,-0.056085
0.7631,0.25555,-0.060615
0.76732,0.25698,-0.065624
0.77252,0.25854,-0.069031
0.77836,0.26,-0.072265
0.78563,0.26001,-0.07503
0.794,0.2596,-0.078281
0.80339,0.25897,-0.08151
0.81357,0.25858,-0.084066
0.82414,0.25766,-0.086666
0.83542,0.25734,-0.088011
0.84682,0.25707,-0.08959
0.85975,0.25604,-0.090762
0.87028,0.25413,-0.091543
0.88199,0.25054,-0.091883
0.89593,0.24619,-0.091786
0.90882,0.24222,-0.09131
0.92225,0.23889,-0.090038
0.93611,0.23502,-0.088987
0.95006,0.2311,-0.087285
0.96329,0.22663,-0.085322
0.97624,0.22183,-0.082496
0.98935,0.21719,-0.08118
1.0031,0.21231,-0.079175
1.0161,0.20693,-0.075411
1.0271,0.20189,-0.071103
1.0373,0.198,-0.067973
1.0465,0.19339,-0.064872
1.0559,0.18893,-0.06129
1.0652,0.18411,-0.058022
1.074,0.18092,-0.054603
1.0816,0.17798,-0.050788
1.0878,0.17447,-0.045753
1.0922,0.17001,-0.040377
1.0969,0.16589,-0.035159
1.0997,0.16159,-0.031233
1.1014,0.1578,-0.027736
1.1053,0.1544,-0.025011
1.1082,0.15215,-0.021404
1.1114,0.14974,-0.017311
1.1144,0.14734,-0.01318
1.1179,0.14523,-0.0088272
1.1212,0.14212,-0.0060867
1.1237,0.14043,-0.0038675
1.1244,0.13886,-0.0016405
1.1247,0.13745,0.0013419
1.1245,0.13646,0.0035275
1.1247,0.13579,0.0063682
1.1246,0.1359,0.0085126
1.1223,0.1373,0.010109
1.1201,0.13928,0.011377
1.1172,0.14144,0.013504
1.1149,0.14248,0.015437
1.1136,0.14209,0.018709
1.1128,0.1409,0.021304
1.1103,0.14043,0.024266
1.1076,0.14043,0.025881
1.1039,0.14064,0.026587
1.1017,0.14121,0.026809
1.1002,0.14076,0.026089
1.0996,0.14002,0.026286
1.0984,0.13955,0.026259
1.0962,0.13926,0.025136
1.095,0.13836,0.024891
1.0945,0.13898,0.023628
1.0931,0.13806,0.022928
1.0922,0.13691,0.022305
1.0914,0.13614,0.020114
1.0904,0.13617,0.016175
1.0885,0.13759,0.010989
1.0867,0.13997,0.0049799
1.0846,0.14252,-0.0014326
1.0831,0.14422,-0.0086384
1.0827,0.14408,-0.016622
1.08,0.14351,-0.022993
1.0792,0.14289,-0.029346
1.0778,0.14239,-0.035991
1.0774,0.14137,-0.0432
1.0764,0.14078,-0.050248
1.0758,0.14124,-0.058287
1.0756,0.14132,-0.066009
1.0751,0.14061,-0.073657
1.0754,0.14108,-0.080516
1.0759,0.14084,-0.085835
1.0764,0.14017,-0.09007
1.0768,0.13887,-0.092252
1.0774,0.13816,-0.093537
1.0794,0.13772,-0.094508
1.0807,0.13756,-0.094642
1.0819,0.13657,-0.093244
1.0842,0.13595,-0.089925
1.0858,0.13346,-0.085342
1.0882,0.13153,-0.080078
1.0902,0.12903,-0.073901
1.0921,0.12758,-0.068413
1.0937,0.12577,-0.063499
1.094,0.12517,-0.059643
1.094,0.12514,-0.055998
1.0933,0.12462,-0.051564
1.0917,0.12364,-0.047846
1.0899,0.12294,-0.044265
1.0879,0.12295,-0.039781
1.0845,0.12354,-0.034538
1.0799,0.12408,-0.028968
1.0735,0.12511,-0.023437
1.066,0.12627,-0.018438
1.0594,0.12665,-0.012727
1.0524,0.12742,-0.0071869
1.0465,0.12751,-0.0027646
1.041,0.12814,0.00070538
1.0352,0.12914,0.0035525
1.0308,0.13041,0.0047002
1.0272,0.13235,0.0047571
1.0227,0.1348,0.0055358
1.0189,0.13716,0.0052101
1.0155,0.13968,0.005965
1.0117,0.14147,0.0056624
1.0086,0.14362,0.0054184
1.0058,0.14464,0.0061769
1.0036,0.14535,0.0080181
1.0019,0.14637,0.0098672
1.0004,0.14772,0.012083
0.99874,0.14911,0.013925
0.99739,0.15071,0.014721
0.99734,0.15216,0.015624
0.99712,0.15285,0.016528
0.99731,0.15463,0.01745
0.99713,0.158,0.017872
0.99648,0.16137,0.01988
0.99466,0.16464,0.022072
0.99173,0.16656,0.024266
0.98726,0.16677,0.027305
0.98167,0.16605,0.02946
0.97617,0.16608,0.031954
0.96947,0.16591,0.033576
0.96123,0.16714,0.034563
0.95007,0.16926,0.035061
0.93697,0.17123,0.035136
0.92228,0.17312,0.034971
0.90702,0.17411,0.035568
0.89119,0.17543,0.03603
0.87519,0.17578,0.036026
0.85909,0.17579,0.036033
0.84283,0.1759,0.036446
0.82753,0.17589,0.036322
0.8123,0.1761,0.036466
0.79775,0.1754,0.03692
0.78397,0.17436,0.037936
0.77221,0.17398,0.036808
0.75801,0.17263,0.035935
0.74467,0.17069,0.035076
0.7304,0.1688,0.034732
0.71565,0.16663,0.035293
0.70058,0.16391,0.034826
0.68546,0.16188,0.034706
0.67219,0.16066,0.033046
0.66051,0.16015,0.031231
0.65038,0.15988,0.028882
0.64109,0.16002,0.026665
0.63235,0.16049,0.024424
0.62439,0.16032,0.02195
0.6159,0.1605,0.01891
0.6071,0.16111,0.015141
0.59837,0.16046,0.009927
0.58986,0.1598,0.0053095
0.58228,0.15809,0.00049451
0.57639,0.15685,-0.0045
0.57128,0.15514,-0.0089862
0.5676,0.15351,-0.01448
0.56482,0.15221,-0.021047
0.56273,0.15057,-0.028334
0.56109,0.14839,-0.034665
0.5593,0.14619,-0.043275
0.55917,0.14445,-0.051812
0.55884,0.14318,-0.061345
0.56017,0.14175,-0.070581
0.56014,0.14084,-0.080917
0.56165,0.13968,-0.091249
0.56286,0.13778,-0.10251
0.56239,0.13514,-0.11536
0.56322,0.13333,-0.12875
0.56204,0.13278,-0.14494
0.56221,0.13347,-0.16071
0.56221,0.13453,-0.17725
0.56263,0.1364,-0.19266
0.56365,0.13632,-0.20835
0.56274,0.1358,-0.22569
0.56293,0.13514,-0.24182
0.56139,0.13488,-0.25991
0.55928,0.13566,-0.27726
0.55491,0.13711,-0.29797
0.5501,0.1394,-0.31731
0.54442,0.14277,-0.33685
0.53594,0.145,-0.35811
0.52816,0.14809,-0.37856
0.51927,0.1518,-0.40075
0.51136,0.15646,-0.42112
0.49937,0.16255,-0.44298
0.48714,0.16827,-0.46283
0.4729,0.17476,-0.48206
0.45722,0.17902,-0.50151
0.4421,0.184,-0.51931
0.42283,0.19003,-0.53993
0.40399,0.19582,-0.5576
0.3849,0.20188,-0.57349
0.36465,0.20845,-0.59013
0.34397,0.21489,-0.60431
0.32121,0.22154,-0.61858
0.30026,0.22624,-0.63131
0.27866,0.23079,-0.64318
0.25694,0.23575,-0.65392
0.23548,0.23999,-0.66466
0.21416,0.2433,-0.67541
0.19344,0.2462,-0.68519
0.1723,0.24986,-0.6945
0.15131,0.2537,-0.70217
0.1316,0.256,-0.70927
0.11173,0.25881,-0.71718
0.092083,0.26356,-0.72475
0.071742,0.27087,-0.73092
0.049803,0.27861,-0.73623
0.029002,0.28631,-0.74241
0.0089109,0.29493,-0.74868
-0.0096823,0.30238,-0.75383
-0.027576,0.30789,-0.75894
-0.044804,0.31321,-0.76382
-0.060778,0.31864,-0.76894
-0.075406,0.32328,-0.77481
-0.089428,0.32776,-0.78094
-0.10274,0.33256,-0.78723
-0.11595,0.33862,-0.79461
-0.12593,0.34536,-0.79847
-0.13506,0.35246,-0.80502
-0.14245,0.35721,-0.81049
-0.14885,0.36144,-0.81454
-0.1542,0.36617,-0.81941
-0.15857,0.37067,-0.82224
-0.16127,0.3747,-0.82505
-0.1626,0.37779,-0.82736
-0.16241,0.37996,-0.82957
-0.16037,0.38177,-0.83021
-0.1572,0.38279,-0.83037
-0.15372,0.38342,-0.82906
-0.15043,0.38416,-0.82679
-0.14668,0.38488,-0.82232
-0.14187,0.38531,-0.81606
-0.13815,0.38689,-0.80926
-0.13484,0.38836,-0.80027
-0.13278,0.39002,-0.79192
-0.13112,0.39084,-0.78317
-0.12807,0.39097,-0.77419
-0.12565,0.39108,-0.76353
-0.1236,0.39086,-0.75356
-0.1226,0.39117,-0.74356
-0.12021,0.39138,-0.73181
-0.11954,0.39127,-0.72041
-0.11874,0.39218,-0.70803
-0.11916,0.39305,-0.69696
-0.12084,0.39372,-0.68702
-0.12229,0.39396,-0.67726
-0.1254,0.39443,-0.66692
-0.12898,0.39557,-0.65525
-0.13268,0.39699,-0.64334
-0.1379,0.39778,-0.63324
-0.14174,0.39674,-0.62193
-0.14806,0.39434,-0.61153
-0.15394,0.39265,-0.59978
-0.16238,0.3914,-0.58862
-0.16882,0.38982,-0.57484
-0.17816,0.38776,-0.56256
-0.18641,0.38714,-0.54705
-0.1978,0.38735,-0.53436
-0.2052,0.38701,-0.5198
-0.21213,0.38624,-0.50577
-0.22209,0.38428,-0.49321
-0.2305,0.38292,-0.47802
-0.24269,0.3829,-0.46468
-0.25273,0.38433,-0.44822
-0.26587,0.38743,-0.43088
-0.27755,0.39186,-0.4093
-0.29081,0.39655,-0.38919
-0.29972,0.39825,-0.37008
-0.30847,0.39788,-0.35234
-0.3187,0.39795,-0.33594
-0.32816,0.39781,-0.3196
-0.33978,0.39714,-0.30437
-0.34926,0.39705,-0.29104
-0.36224,0.39794,-0.27751
-0.37224,0.39896,-0.26425
-0.38518,0.40121,-0.25064
-0.3986,0.40312,-0.23878
-0.41211,0.40407,-0.22652
-0.42359,0.40524,-0.21419
-0.43724,0.4085,-0.20206
-0.45061,0.41226,-0.18972
-0.46405,0.41503,-0.17752
-0.47722,0.41806,-0.16427
-0.48985,0.42075,-0.15292
-0.50301,0.4222,-0.14319
-0.51581,0.42365,-0.13442
-0.52889,0.42545,-0.1263
-0.5417,0.42725,-0.11936
-0.55465,0.42882,-0.11269
-0.56836,0.43152,-0.10544
-0.58118,0.43465,-0.099088
-0.59409,0.43678,-0.09445
-0.60742,0.43908,-0.089956
-0.62103,0.44088,-0.085623
-0.63484,0.44256,-0.082318
-0.64944,0.44498,-0.078685
-0.66311,0.44756,-0.076047
-0.67458,0.45001,-0.073588
-0.68692,0.45243,-0.070707
-0.69812,0.45573,-0.06805
-0.70891,0.45997,-0.064819
-0.71938,0.46457,-0.060926
-0.72858,0.46932,-0.058246
-0.73738,0.47458,-0.056929
-0.74662,0.47915,-0.055991
-0.75539,0.48218,-0.055522
-0.76378,0.48554,-0.054915
-0.77229,0.48885,-0.054454
-0.78038,0.49192,-0.054123
-0.78722,0.49494,-0.05514
-0.79253,0.49757,-0.057444
-0.79784,0.49988,-0.059231
-0.80167,0.50058,-0.060177
-0.8061,0.50107,-0.062355
-0.80978,0.50096,-0.064394
-0.81279,0.50066,-0.06637
-0.81597,0.50012,-0.068051
-0.81811,0.49843,-0.070466
-0.82117,0.49727,-0.072342
-0.82312,0.49493,-0.074627
-0.82458,0.49223,-0.07755
-0.82511,0.4897,-0.079237
-0.8251,0.48754,-0.08076
-0.82392,0.48549,-0.082795
-0.82223,0.48373,-0.084749
-0.82122,0.48268,-0.085924
-0.8203,0.48146,-0.086578
-0.81922,0.4801,-0.08717
-0.81765,0.4788,-0.087405
-0.81608,0.47819,-0.087284
-0.81424,0.47737,-0.087269
-0.81209,0.47631,-0.087289
-0.81088,0.47471,-0.087172
-0.81058,0.4727,-0.086797
-0.81125,0.4705,-0.085836
-0.81218,0.47002,-0.08404
-0.81273,0.47004,-0.082497
-0.8133,0.46986,-0.081144
-0.81323,0.46977,-0.079603
-0.81414,0.47034,-0.078783
-0.81558,0.4706,-0.077414
-0.81761,0.46996,-0.078202
-0.81879,0.4685,-0.079064
-0.82042,0.46688,-0.07922
-0.82314,0.46607,-0.07987
-0.82531,0.4652,-0.081322
-0.82873,0.46442,-0.083256
-0.83205,0.46492,-0.084943
-0.83564,0.46519,-0.086432
-0.83897,0.46541,-0.088184
-0.84177,0.46508,-0.090401
-0.84628,0.46478,-0.093086
-0.8493,0.46389,-0.096247
-0.85354,0.46301,-0.099304
-0.85677,0.46146,-0.10122
-0.86071,0.45958,-0.10357
-0.86563,0.45736,-0.10638
-0.87147,0.45365,-0.10918
-0.87715,0.45008,-0.11101
-0.88309,0.44779,-0.11213
-0.88666,0.44511,-0.1136
-0.89208,0.44259,-0.11566
-0.89652,0.44045,-0.11932
-0.90076,0.43879,-0.12182
-0.90425,0.43606,-0.12425
-0.90759,0.43347,-0.12714
-0.91036,0.4311,-0.12932
-0.91268,0.42969,-0.13171
-0.91371,0.42849,-0.13385
-0.91483,0.42703,-0.13509
-0.9156,0.42425,-0.13613
-0.91575,0.42149,-0.13737
-0.91658,0.41966,-0.13926
-0.9169,0.41821,-0.1405
-0.91727,0.41642,-0.14154
-0.9187,0.41503,-0.14272
-0.91984,0.41381,-0.14391
-0.92071,0.41206,-0.14523
-0.92117,0.41011,-0.14577
-0.9223,0.40978,-0.14546
-0.92432,0.41037,-0.14513
-0.92513,0.40962,-0.14403
-0.92423,0.40908,-0.14326
-0.92351,0.40922,-0.14198
-0.9225,0.40843,-0.14135
-0.92031,0.4074,-0.13987
-0.91767,0.40619,-0.13836
-0.91573,0.40459,-0.13667
-0.91516,0.40277,-0.13286
-0.91418,0.40073,-0.12806
-0.91234,0.39906,-0.12394
-0.91188,0.39793,-0.11977
-0.91166,0.39587,-0.11569
-0.91149,0.39412,-0.11188
-0.91214,0.39177,-0.10907
-0.91214,0.38831,-0.10601
-0.91175,0.38456,-0.10387
-0.91187,0.38091,-0.10203
-0.91296,0.37833,-0.099976
-0.91568,0.37571,-0.096871
-0.91714,0.37312,-0.093964
-0.91815,0.37036,-0.091503
-0.91901,0.36724,-0.089328
-0.92117,0.36455,-0.087288
-0.92349,0.36227,-0.086108
-0.92546,0.36015,-0.085118
-0.92575,0.35761,-0.085284
-0.9272,0.35515,-0.085902
-0.92938,0.35167,-0.086842
-0.93256,0.34806,-0.088251
-0.93577,0.34494,-0.089606
-0.93952,0.3421,-0.091355
-0.94297,0.34005,-0.092918
-0.94584,0.33888,-0.094198
-0.94886,0.33708,-0.095504
-0.95218,0.33518,-0.096298
-0.95648,0.33346,-0.096931
-0.96018,0.33133,-0.096853
-0.96452,0.32935,-0.097462
-0.96947,0.32687,-0.098008
-0.97434,0.32423,-0.099771
-0.97766,0.32127,-0.10265
-0.98028,0.31902,-0.106
-0.98285,0.31693,-0.10897
-0.98417,0.31547,-0.11215
-0.98507,0.31443,-0.11521
-0.98546,0.31306,-0.11829
-0.98468,0.31032,-0.12124
-0.98399,0.30736,-0.12378
-0.98316,0.30403,-0.12674
-0.98167,0.30117,-0.1303
-0.98052,0.29874,-0.13389
-0.97846,0.29562,-0.13631
-0.97706,0.29394,-0.13754
-0.97524,0.29167,-0.13825
-0.97211,0.2884,-0.13909
-0.96872,0.28673,-0.14021
-0.96531,0.28452,-0.14143
-0.96094,0.28146,-0.14356
-0.95612,0.27989,-0.14598
-0.95088,0.27759,-0.14899
-0.94439,0.27517,-0.15142
-0.9377,0.27339,-0.15421
-0.93111,0.27235,-0.1564
-0.9227,0.27235,-0.15795
-0.91453,0.27229,-0.15969
-0.90503,0.2725,-0.16157
-0.89602,0.27303,-0.16387
-0.88611,0.2737,-0.16646
-0.87564,0.27426,-0.16963
-0.86544,0.27539,-0.17316
-0.85535,0.27632,-0.17689
-0.8454,0.2778,-0.1799
-0.83502,0.27959,-0.18216
-0.82386,0.28169,-0.18469
-0.81258,0.28397,-0.18678
-0.80052,0.28647,-0.18796
-0.78778,0.28895,-0.18969
-0.77493,0.29112,-0.19054
-0.76183,0.29318,-0.19013
-0.74637,0.29545,-0.18608
-0.72579,0.29682,-0.17978
-0.70718,0.29886,-0.17442
-0.69064,0.29976,-0.16998
-0.67582,0.30037,-0.16604
-0.66229,0.3008,-0.16217
-0.65085,0.30243,-0.15864
-0.64153,0.30429,-0.15491
-0.63319,0.30616,-0.15189
-0.62549,0.30869,-0.14931
-0.61897,0.31148,-0.14696
-0.61287,0.31294,-0.14518
-0.60709,0.31422,-0.14424
-0.60106,0.3158,-0.14413
-0.59638,0.31629,-0.14377
-0.59466,0.31699,-0.14336
-0.58187,0.31797,-0.1434
-0.56997,0.3184,-0.1431
-0.55777,0.3191,-0.14313
-0.54523,0.32065,-0.14326
-0.53143,0.32302,-0.14449
-0.51664,0.32634,-0.14542
-0.5018,0.33049,-0.14646
-0.48671,0.33564,-0.14728
-0.47019,0.34203,-0.14826
-0.45323,0.34784,-0.14937
-0.4352,0.35339,-0.15105
-0.4158,0.35945,-0.15308
-0.39595,0.36491,-0.15468
-0.37557,0.37138,-0.15643
-0.35508,0.37754,-0.15762
-0.33508,0.38343,-0.15826
-0.31524,0.39065,-0.15766
-0.29573,0.39758,-0.1567
-0.27695,0.40525,-0.15622
-0.25952,0.4132,-0.15638
-0.24423,0.42051,-0.15622
-0.22974,0.42777,-0.15505
-0.21691,0.43453,-0.15364
-0.20574,0.4407,-0.15252
-0.19562,0.44697,-0.15167
-0.18633,0.45303,-0.1504
-0.17795,0.45831,-0.14902
-0.1713,0.46299,-0.14881
-0.16578,0.4676,-0.14987
-0.16147,0.47217,-0.15071
-0.1578,0.47608,-0.15115
-0.15473,0.48019,-0.15187
-0.15154,0.48348,-0.15331
-0.14938,0.48689,-0.15544
-0.14892,0.49008,-0.15734
-0.15122,0.49275,-0.15893
-0.15567,0.49486,-0.16039
-0.16128,0.49702,-0.16152
-0.16687,0.49869,-0.16263
-0.17274,0.50045,-0.16433
-0.17982,0.50274,-0.1655
-0.18835,0.5053,-0.16745
-0.19832,0.50737,-0.16882
-0.20944,0.50878,-0.16939
-0.22182,0.50993,-0.16899
-0.23585,0.51046,-0.16872
-0.25113,0.51246,-0.16817
-0.26797,0.51497,-0.16774
-0.28499,0.51722,-0.16692
-0.3016,0.51877,-0.16476
-0.317,0.51973,-0.16244
-0.33306,0.52071,-0.15984
-0.34957,0.52118,-0.1585
-0.36643,0.52144,-0.1567
-0.38336,0.52276,-0.15448
-0.40076,0.52285,-0.15214
-0.41834,0.52156,-0.15157
-0.43437,0.51923,-0.15209
-0.45062,0.51791,-0.15269
-0.46706,0.51814,-0.15284
-0.4843,0.51753,-0.15299
-0.50227,0.51781,-0.15228
-0.51969,0.51703,-0.15135
-0.53643,0.5165,-0.15034
-0.55267,0.5166,-0.14999
-0.56973,0.51719,-0.14998
-0.58568,0.51785,-0.14986
-0.60292,0.51787,-0.15004
-0.61981,0.51744,-0.15119
-0.63606,0.51779,-0.15198
-0.65237,0.51857,-0.15267
-0.66828,0.52023,-0.15357
-0.68311,0.52064,-0.1548
-0.6968,0.51979,-0.15624
-0.71025,0.5196,-0.15713
-0.72373,0.51936,-0.15791
-0.73628,0.51863,-0.15802
-0.74935,0.5171,-0.15795
-0.76126,0.5154,-0.15762
-0.77321,0.51411,-0.15659
-0.78462,0.51272,-0.15514
-0.7944,0.51151,-0.15376
-0.80394,0.51009,-0.15226
-0.81265,0.50896,-0.15015
-0.82121,0.50767,-0.14861
-0.82939,0.50611,-0.14717
-0.83737,0.50431,-0.14651
-0.8443,0.50263,-0.14578
-0.85104,0.50095,-0.14477
-0.85745,0.49982,-0.14421
-0.86323,0.4992,-0.1432
-0.86852,0.49907,-0.1416
-0.87299,0.49838,-0.13965
-0.87673,0.49689,-0.13725
-0.88092,0.49543,-0.13408
-0.88425,0.49486,-0.13177
-0.88743,0.49469,-0.12958
-0.89003,0.49384,-0.12775
-0.89261,0.49336,-0.12578
-0.89491,0.49297,-0.12389
-0.89695,0.49298,-0.12083
-0.89878,0.49268,-0.11777
-0.89988,0.49331,-0.1152
-0.89962,0.49425,-0.11182
-0.8999,0.49428,-0.10767
-0.89939,0.49518,-0.10399
-0.90036,0.49514,-0.10112
-0.90034,0.4946,-0.098386
-0.90071,0.49418,-0.095228
-0.90046,0.49424,-0.093372
-0.89956,0.4945,-0.091957
-0.89797,0.49322,-0.090305
-0.89648,0.49127,-0.088958
-0.89553,0.48871,-0.087469
-0.89418,0.48716,-0.086457
-0.89313,0.48685,-0.085773
-0.89102,0.4871,-0.084878
-0.88847,0.48669,-0.084527
-0.886,0.48544,-0.084067
-0.8849,0.4842,-0.083349
-0.885,0.48284,-0.08213
-0.88493,0.48136,-0.080206
-0.88485,0.47987,-0.078497
-0.88365,0.47871,-0.077142
-0.88248,0.4764,-0.076614
-0.88244,0.47462,-0.077753
-0.88233,0.47252,-0.077793
-0.88192,0.4717,-0.078499
-0.88144,0.4704,-0.079369
-0.8811,0.46806,-0.080267
-0.88042,0.46565,-0.081537
-0.87979,0.46319,-0.083703
-0.87908,0.46036,-0.085384
-0.87865,0.45741,-0.086587
-0.87895,0.45494,-0.087418
-0.87898,0.45252,-0.087426
-0.87864,0.44972,-0.087795
-0.87804,0.44651,-0.088169
-0.87772,0.44225,-0.088484
-0.87779,0.43718,-0.089673
-0.87705,0.43161,-0.090105
-0.87735,0.4266,-0.091553
-0.87781,0.42092,-0.092183
-0.87751,0.41551,-0.092797
-0.87869,0.41062,-0.09472
-0.87951,0.40642,-0.097726
-0.87949,0.40187,-0.1004
-0.88021,0.39884,-0.10344
-0.88066,0.39566,-0.10623
-0.88136,0.39371,-0.10857
-0.8828,0.39198,-0.11106
-0.8851,0.39051,-0.11433
-0.88749,0.38778,-0.11738
-0.88994,0.38498,-0.12044
-0.89284,0.3822,-0.12265
-0.89531,0.38006,-0.12518
-0.89789,0.37816,-0.12738
-0.89956,0.37652,-0.12828
-0.90036,0.37439,-0.12839
-0.90067,0.37129,-0.12834
-0.90094,0.36753,-0.12838
-0.90151,0.36413,-0.12866
-0.90196,0.36094,-0.12844
-0.90202,0.35805,-0.12945
-0.90151,0.35497,-0.13167
-0.90086,0.35075,-0.13365
-0.89994,0.34621,-0.1361
-0.89963,0.34278,-0.13926
-0.90029,0.33946,-0.14238
-0.90057,0.33632,-0.14559
-0.90072,0.33303,-0.14837
-0.90099,0.32951,-0.15114
-0.90177,0.3273,-0.1539
-0.90301,0.32565,-0.15735
-0.90488,0.32314,-0.16109
-0.90511,0.32051,-0.16458
-0.90551,0.31757,-0.16707
-0.9067,0.31379,-0.16988
-0.90713,0.31035,-0.17187
-0.90723,0.30741,-0.17364
-0.9074,0.30477,-0.17579
-0.90713,0.30242,-0.1773
-0.90657,0.29943,-0.17968
-0.90628,0.29789,-0.18268
-0.90603,0.2964,-0.18515
-0.90601,0.29431,-0.18712
-0.90481,0.29249,-0.18792
-0.9035,0.29092,-0.18909
-0.90232,0.28956,-0.19026
-0.90174,0.28833,-0.19168
-0.9003,0.28684,-0.19273
-0.89903,0.28543,-0.19371
-0.89836,0.28491,-0.19539
-0.89834,0.28438,-0.19742
-0.89685,0.28475,-0.19894
-0.89582,0.28512,-0.1991
-0.89407,0.28482,-0.1992
-0.89344,0.28425,-0.19854
-0.89394,0.28413,-0.19769
-0.89473,0.28354,-0.19735
-0.8951,0.28331,-0.19583
-0.89405,0.28402,-0.19405
-0.89248,0.28497,-0.19225
-0.88907,0.28537,-0.18938
-0.88511,0.2853,-0.18786
-0.8828,0.28437,-0.18661
-0.88194,0.28436,-0.18659
-0.8813,0.28602,-0.18525
-0.87864,0.28825,-0.18606
-0.87507,0.29082,-0.18733
-0.87146,0.29137,-0.18936
-0.86557,0.29075,-0.19012
-0.86259,0.29029,-0.19104
-0.86011,0.29014,-0.19231
-0.85749,0.28946,-0.19243
-0.85365,0.28899,-0.19309
-0.85091,0.28936,-0.19262
-0.84829,0.28986,-0.19276
-0.84546,0.29036,-0.19297
-0.84295,0.29098,-0.19419
-0.8392,0.2916,-0.19435
-0.8367,0.29252,-0.1946
-0.83398,0.29248,-0.19426
-0.83072,0.29089,-0.19288
-0.82564,0.28956,-0.19132
-0.81979,0.2859,-0.19009
-0.81561,0.28215,-0.18995
-0.81118,0.28003,-0.19018
-0.80735,0.27819,-0.19084
-0.80242,0.27704,-0.1923
-0.79732,0.27552,-0.19509
-0.79233,0.27328,-0.19728
-0.7873,0.27136,-0.19878
-0.78209,0.27078,-0.20033
-0.77823,0.27128,-0.20102
-0.77451,0.27124,-0.20186
-0.76978,0.27062,-0.20455
-0.76499,0.2704,-0.20612
-0.76024,0.27036,-0.20856
-0.75619,0.26978,-0.21207
-0.75261,0.27003,-0.21599
-0.74864,0.26964,-0.21993
-0.74461,0.26802,-0.22282
-0.73969,0.26603,-0.22543
-0.73391,0.26264,-0.22855
-0.72845,0.25821,-0.23252
-0.72337,0.25455,-0.23617
-0.71953,0.25142,-0.2385
-0.71568,0.24954,-0.24052
-0.71043,0.24848,-0.24271
-0.70543,0.2482,-0.24358
-0.70006,0.24758,-0.24501
-0.69472,0.24727,-0.24502
-0.68812,0.24744,-0.24488
-0.68219,0.2484,-0.2446
-0.67606,0.24834,-0.24356
-0.66959,0.24873,-0.24163
-0.66324,0.25017,-0.23659
-0.65678,0.25121,-0.23123
-0.65017,0.25195,-0.2252
-0.64281,0.25193,-0.21901
-0.63549,0.25105,-0.2126
-0.62865,0.25057,-0.20513
-0.62224,0.25082,-0.19685
-0.61611,0.25126,-0.18836
-0.6096,0.25185,-0.17973
-0.6025,0.25272,-0.16984
-0.5949,0.25266,-0.15981
-0.58753,0.25175,-0.14934
-0.57976,0.24992,-0.13855
-0.5717,0.24826,-0.12712
-0.56417,0.24715,-0.1154
-0.55735,0.24639,-0.10345
-0.5498,0.24561,-0.091418
-0.54208,0.24508,-0.080472
-0.53459,0.24465,-0.071199
-0.52659,0.24469,-0.062988
-0.51834,0.24417,-0.054366
-0.51081,0.24337,-0.046457
-0.50316,0.24202,-0.040057
-0.4962,0.24111,-0.035715
-0.48852,0.23963,-0.033958
-0.48059,0.23872,-0.03327
-0.47209,0.23734,-0.033101
-0.4633,0.23576,-0.032309
-0.4538,0.23451,-0.032411
-0.44384,0.23381,-0.034493
-0.4334,0.23363,-0.037704
-0.42278,0.23344,-0.042026
-0.41367,0.23358,-0.046326
-0.40364,0.23362,-0.052211
-0.39366,0.23414,-0.058551
-0.38379,0.23439,-0.066569
-0.37312,0.23337,-0.075861
-0.36385,0.23277,-0.085486
-0.35279,0.23307,-0.096268
-0.34399,0.23321,-0.10606
-0.33577,0.23352,-0.11519
-0.32699,0.2342,-0.12607
-0.32035,0.23574,-0.13647
-0.31257,0.23833,-0.14874
-0.3065,0.24058,-0.16104
-0.30094,0.24195,-0.17388
-0.29417,0.24425,-0.18816
-0.28891,0.24743,-0.20208
-0.2817,0.24938,-0.21566
-0.27504,0.25011,-0.22642
-0.26807,0.2511,-0.23622
-0.26257,0.25239,-0.24459
-0.257,0.25435,-0.25313
-0.25081,0.25658,-0.26288
-0.2472,0.25857,-0.27198
-0.24345,0.26111,-0.28143
-0.24219,0.26377,-0.28939
-0.24143,0.26484,-0.29689
-0.24023,0.26564,-0.30373
-0.2387,0.26714,-0.30987
-0.23653,0.2698,-0.31746
-0.23472,0.27287,-0.32396
-0.23259,0.27458,-0.3312
-0.22994,0.27578,-0.33927
-0.22688,0.2756,-0.3473
-0.2217,0.27348,-0.35345
-0.21644,0.27162,-0.36062
-0.21173,0.27204,-0.37029
-0.20809,0.27478,-0.38269
-0.20321,0.27867,-0.39615
-0.20015,0.28228,-0.40912
-0.19745,0.28468,-0.42006
-0.1924,0.28627,-0.43012
-0.18853,0.28714,-0.43932
-0.18195,0.28629,-0.44721
-0.17595,0.28309,-0.45333
-0.17111,0.27825,-0.45913
-0.16671,0.27578,-0.46902
-0.16279,0.27647,-0.48076
-0.15736,0.27768,-0.4922
-0.15265,0.27857,-0.50517
-0.14936,0.28046,-0.51933
-0.14812,0.2817,-0.53351
-0.14735,0.28196,-0.54767
-0.14602,0.28378,-0.56421
-0.14453,0.28403,-0.58077
-0.14267,0.28537,-0.59986
-0.14063,0.2861,-0.62019
-0.1377,0.28828,-0.64192
-0.13466,0.28932,-0.66431
-0.13107,0.29046,-0.6872
-0.12621,0.2917,-0.70889
-0.12178,0.29233,-0.73048
-0.11759,0.29311,-0.75408
-0.11478,0.29523,-0.77934
-0.11225,0.29648,-0.80399
-0.10989,0.29641,-0.82669
-0.10879,0.29588,-0.8492
-0.10843,0.29467,-0.87178
-0.10905,0.29431,-0.89476
-0.10963,0.29395,-0.91907
-0.11079,0.29395,-0.94294
-0.11147,0.29494,-0.96747
-0.11163,0.2947,-0.99101
-0.11063,0.29403,-1.0125
-0.10914,0.29154,-1.0337
-0.10838,0.2881,-1.0544
-0.1084,0.28405,-1.0752
-0.10831,0.2809,-1.0964
-0.10784,0.27872,-1.1159
-0.10682,0.27584,-1.1327
-0.10656,0.27321,-1.1466
-0.10555,0.27051,-1.1586
-0.10437,0.26692,-1.1687
-0.10325,0.26414,-1.1791
-0.10182,0.26099,-1.1874
-0.099507,0.25743,-1.1932
-0.097617,0.25365,-1.1978
-0.096003,0.24968,-1.2008
-0.095707,0.24538,-1.2042
-0.094184,0.24049,-1.206
-0.092419,0.23547,-1.2079
-0.090084,0.23051,-1.2093
-0.08819,0.22575,-1.2098
-0.086786,0.22085,-1.2104
-0.085045,0.2164,-1.2119
-0.084057,0.21102,-1.2126
-0.082703,0.20602,-1.2122
-0.081811,0.20073,-1.2113
-0.081347,0.19546,-1.2108
-0.081786,0.1918,-1.2103
-0.081637,0.1887,-1.211
-0.081678,0.18522,-1.2105
-0.081253,0.18216,-1.2092
-0.079729,0.17932,-1.2082
-0.078496,0.17612,-1.2074
-0.077115,0.17421,-1.2072
-0.076108,0.17297,-1.2074
-0.07536,0.17151,-1.207
-0.074246,0.1697,-1.2049
-0.07271,0.16669,-1.2017
-0.071326,0.16359,-1.199
-0.070862,0.16137,-1.1957
-0.070331,0.15888,-1.191
-0.069244,0.15536,-1.1857
-0.068617,0.15108,-1.1797
-0.068245,0.14687,-1.175
-0.06873,0.14333,-1.1709
-0.070362,0.14015,-1.1674
-0.072629,0.13661,-1.1632
-0.07487,0.13343,-1.1587
-0.076974,0.13042,-1.1548
-0.07902,0.12814,-1.1507
-0.080646,0.12691,-1.1471
-0.082211,0.1259,-1.1432
-0.082397,0.12542,-1.1381
-0.084042,0.12432,-1.134
-0.088171,0.12266,-1.1307
-0.092553,0.12132,-1.1291
-0.09712,0.12034,-1.1289
-0.1017,0.11792,-1.1271
-0.10537,0.11598,-1.1248
-0.10855,0.11417,-1.1225
-0.11153,0.1133,-1.1205
-0.11436,0.11139,-1.1186
-0.11715,0.10847,-1.1164
-0.11949,0.10423,-1.1131
-0.12086,0.10026,-1.11
-0.12236,0.095789,-1.1076
-0.12338,0.091194,-1.1054
-0.12337,0.086996,-1.104
-0.1232,0.084029,-1.1014
-0.12292,0.082236,-1.0996
-0.12198,0.081,-1.098
-0.12075,0.078451,-1.0951
-0.12008,0.075685,-1.0925
-0.11937,0.072304,-1.0885
-0.11825,0.069105,-1.0837
-0.11689,0.067294,-1.0796
-0.11587,0.065689,-1.076
-0.11435,0.063979,-1.0732
-0.11343,0.06311,-1.0709
-0.11314,0.063533,-1.0689
-0.11254,0.063873,-1.0662
-0.11062,0.063753,-1.0636
-0.10858,0.063289,-1.06
-0.10806,0.063111,-1.0567
-0.10828,0.063487,-1.0528
-0.10804,0.062662,-1.0481
-0.10913,0.061064,-1.044
-0.11039,0.059546,-1.0393
-0.11224,0.058486,-1.0356
-0.11322,0.057623,-1.0308
-0.11391,0.056455,-1.027
-0.1143,0.055494,-1.0234
-0.11435,0.05364,-1.0193
-0.1158,0.052076,-1.015
-0.117,0.04977,-1.0105
-0.11808,0.048471,-1.006
-0.11959,0.047257,-1.0019
-0.12038,0.046597,-0.99703
-0.12127,0.045395,-0.99202
-0.1217,0.043337,-0.98653
-0.12221,0.042068,-0.98079
-0.12192,0.040878,-0.9759
-0.12094,0.040434,-0.97138
-0.118,0.03946,-0.96706
-0.11378,0.038193,-0.96267
-0.10886,0.036455,-0.9577
-0.10432,0.033896,-0.95322
-0.099768,0.031444,-0.9482
-0.094324,0.029183,-0.94357
-0.088355,0.027051,-0.93989
-0.081161,0.025387,-0.93577
-0.073384,0.022707,-0.93226
-0.064155,0.021019,-0.92865
-0.053668,0.019741,-0.92591
-0.042279,0.018544,-0.92247
-0.029865,0.017264,-0.91885
-0.017071,0.017013,-0.91472
-0.0045065,0.018224,-0.91075
0.010025,0.019515,-0.9067
0.024369,0.020424,-0.90349
0.040521,0.021031,-0.90039
0.056091,0.02226,-0.89695
0.072009,0.022907,-0.89358
0.089591,0.023674,-0.89005
0.1065,0.02461,-0.88576
0.12501,0.025278,-0.88172
0.14333,0.025919,-0.87704
0.16211,0.026944,-0.87167
0.18267,0.02814,-0.86623
0.2033,0.028785,-0.86161
0.22331,0.029387,-0.85696
0.24321,0.031405,-0.85311
0.26244,0.033731,-0.84902
0.28187,0.035909,-0.84537
0.30156,0.038052,-0.84281
0.32173,0.040353,-0.84115
0.34231,0.04266,-0.84024
0.36119,0.044785,-0.83968
0.37927,0.045655,-0.83955
0.39617,0.045896,-0.83922
0.41179,0.045987,-0.84027
0.42682,0.045971,-0.8419
0.44127,0.045889,-0.84398
0.45409,0.045432,-0.84606
0.46656,0.044694,-0.84811
0.47766,0.04355,-0.8499
0.48867,0.043551,-0.8527
0.49617,0.043605,-0.85275
0.50407,0.04353,-0.85531
0.51137,0.041941,-0.8577
0.51702,0.03962,-0.85965
0.52072,0.037397,-0.86212
0.5219,0.035192,-0.86458
0.52165,0.033809,-0.86679
0.5206,0.033271,-0.86947
0.51836,0.033368,-0.87115
0.51571,0.032861,-0.87346
0.51191,0.033643,-0.87633
0.50694,0.034995,-0.87927
0.50042,0.036506,-0.88125
0.49292,0.037639,-0.88241
0.48582,0.038908,-0.8827
0.47966,0.040495,-0.88258
0.47329,0.042201,-0.88284
0.46737,0.044892,-0.88344
0.4619,0.04784,-0.88395
0.45656,0.051382,-0.88421
0.45172,0.054886,-0.88389
0.44658,0.057681,-0.88251
0.44131,0.060446,-0.88106
0.43652,0.063055,-0.87976
0.43162,0.066279,-0.87824
0.42695,0.068613,-0.87565
0.42228,0.070548,-0.87461
0.41759,0.073058,-0.87371
0.41173,0.075225,-0.87129
0.40543,0.076553,-0.86769
0.39852,0.077655,-0.86257
0.39112,0.078061,-0.85527
0.38311,0.078255,-0.84617
0.37508,0.078474,-0.83481
0.36682,0.078934,-0.82236
0.3592,0.079653,-0.80784
0.35192,0.080158,-0.79194
0.34435,0.080961,-0.77517
0.33649,0.082017,-0.75729
0.32792,0.082687,-0.73812
0.31929,0.082807,-0.71798
0.31173,0.082626,-0.69699
0.30459,0.082634,-0.67683
0.29565,0.082193,-0.65444
0.2873,0.081531,-0.63376
0.27924,0.081459,-0.61453
0.27096,0.082747,-0.596
0.26305,0.084996,-0.57881
0.25657,0.085748,-0.56155
0.24954,0.085857,-0.54533
0.2432,0.085616,-0.52907
0.23723,0.085491,-0.51324
0.23088,0.084456,-0.49739
0.22524,0.083022,-0.48048
0.22002,0.080962,-0.46405
0.21589,0.079378,-0.44811
0.21231,0.079018,-0.43129
0.20804,0.078694,-0.41374
0.20379,0.078293,-0.39402
0.19771,0.078421,-0.37422
0.19157,0.079421,-0.35399
0.18482,0.081416,-0.33541
0.1767,0.083868,-0.31842
0.16943,0.085546,-0.30233
0.16296,0.08731,-0.28737
0.15772,0.088673,-0.27326
0.15343,0.090329,-0.25849
0.14967,0.091441,-0.24383
0.14702,0.091813,-0.22959
0.1444,0.091915,-0.21629
0.14238,0.091422,-0.20355
0.14145,0.089389,-0.19064
0.14073,0.088119,-0.17778
0.14185,0.086333,-0.16481
0.14293,0.084671,-0.15302
0.14613,0.082424,-0.14184
0.1494,0.081508,-0.13086
0.15462,0.081129,-0.12135
0.16249,0.082796,-0.1129
0.17003,0.085409,-0.1061
0.17965,0.089259,-0.10029
0.19026,0.093667,-0.096018
0.20161,0.096834,-0.089788
0.21476,0.10078,-0.082921
0.22739,0.104,-0.074923
0.24145,0.10687,-0.066123
0.2574,0.11114,-0.057659
0.27598,0.1161,-0.049114
0.29327,0.12073,-0.03958
0.3113,0.12328,-0.028704
0.32959,0.12498,-0.016367
0.34728,0.12608,-0.0025858
0.36508,0.12647,0.011775
0.38271,0.12716,0.026649
0.40066,0.12768,0.04237
0.41853,0.12854,0.059086
0.43592,0.12868,0.077121
0.45387,0.12989,0.095384
0.47111,0.1313,0.1146
0.48901,0.13328,0.13346
0.50552,0.13349,0.15412
0.52252,0.13414,0.17552
0.53916,0.13494,0.19738
0.55471,0.13469,0.21959
0.56873,0.13505,0.24143
0.58212,0.13551,0.26275
0.59707,0.13605,0.28327
0.61143,0.13626,0.30288
0.62567,0.1355,0.32168
0.63983,0.13379,0.33977
0.65331,0.13111,0.35641
0.67051,0.12906,0.37507
0.67912,0.1274,0.38627
0.6932,0.12584,0.40097
0.70819,0.12387,0.41501
0.72254,0.12247,0.42804
0.73657,0.12092,0.4402
0.75206,0.11879,0.45242
0.7667,0.11721,0.46352
0.78077,0.11521,0.47382
0.79356,0.11302,0.48358
0.80697,0.11119,0.49352
0.81962,0.10802,0.50317
0.83219,0.10551,0.51189
0.8453,0.10468,0.5193
0.85791,0.10345,0.52544
0.8719,0.10284,0.53081
0.8855,0.10198,0.53521
0.89877,0.10007,0.53886
0.9107,0.097943,0.54243
0.92091,0.095559,0.54485
0.93172,0.092927,0.54628
0.94177,0.090354,0.54709
0.95105,0.088171,0.54744
0.96067,0.086651,0.54785
0.96916,0.085327,0.54696
0.97743,0.084013,0.54655
0.98506,0.083359,0.54561
0.99123,0.082255,0.54344
0.99672,0.080917,0.5423
1.0016,0.080758,0.53921
1.0061,0.081101,0.53592
1.0106,0.080677,0.53319
1.0142,0.080237,0.53203
1.0173,0.080674,0.53212
1.0194,0.081184,0.53196
1.0218,0.081973,0.53166
1.0248,0.083111,0.53192
1.0269,0.083399,0.53204
1.0296,0.083313,0.5325
1.0324,0.082494,0.53384
1.0357,0.081535,0.53655
1.0374,0.080293,0.53939
1.0388,0.078514,0.54258
1.0395,0.075834,0.54528
1.0403,0.073146,0.54843
1.0409,0.070893,0.5512
1.0407,0.068354,0.55385
1.0394,0.065579,0.55658
1.0384,0.063735,0.55892
1.0363,0.063203,0.56015
1.0344,0.062766,0.56071
1.0314,0.06251,0.56185
1.0288,0.062107,0.56419
1.0258,0.061165,0.56675
1.0227,0.059721,0.56907
1.0187,0.059072,0.57032
1.0145,0.058671,0.57158
1.0104,0.058024,0.57284
1.0069,0.057731,0.57391
1.0037,0.058155,0.57452
0.99907,0.059409,0.5738
0.99402,0.060913,0.5719
0.99154,0.062183,0.56996
0.99024,0.062952,0.56667
0.9896,0.064019,0.56226
0.98978,0.065564,0.55611
0.99028,0.067747,0.54833
0.9901,0.069648,0.53901
0.99069,0.069496,0.53089
0.99292,0.06949,0.52321
0.99461,0.069812,0.5177
0.99486,0.070898,0.51313
0.99598,0.072174,0.50745
0.99806,0.072471,0.50305
1.0005,0.07306,0.49928
1.0027,0.073787,0.496
1.0048,0.07493,0.49204
1.0067,0.075495,0.48861
1.0085,0.07597,0.48695
1.0096,0.076611,0.48572
1.0111,0.077302,0.48389
1.012,0.078161,0.48214
1.013,0.078725,0.47946
1.015,0.079181,0.47562
1.0163,0.079226,0.47179
1.0179,0.080029,0.46888
1.02,0.081249,0.46562
1.0223,0.083533,0.46146
1.0243,0.086164,0.45616
1.0248,0.089034,0.44932
1.0256,0.090934,0.44187
1.0257,0.091514,0.4353
1.0263,0.091925,0.42912
1.0269,0.093256,0.42143
1.0276,0.093792,0.41453
1.0294,0.093713,0.40819
1.0318,0.094238,0.4018
1.0335,0.093758,0.39606
1.0348,0.09376,0.39037
1.0364,0.094825,0.38506
1.0408,0.094874,0.3813
1.0385,0.096655,0.37498
1.0392,0.098469,0.36878
1.0395,0.099866,0.36375
1.04,0.10189,0.35923
1.0412,0.10415,0.35486
1.0422,0.10667,0.3504
1.0429,0.10925,0.34607
1.0431,0.11082,0.34122
1.0432,0.11082,0.33715
1.0433,0.11015,0.33363
1.0432,0.10789,0.33026
1.0443,0.10568,0.32649
1.0454,0.10453,0.32303
1.0462,0.10456,0.31895
1.0477,0.10447,0.31495
1.0488,0.10409,0.31244
1.0498,0.10303,0.31077
1.0502,0.10256,0.31028
1.0507,0.10175,0.30959
1.0495,0.10161,0.30884
1.0484,0.10133,0.30658
1.0474,0.10157,0.30288
1.0456,0.10086,0.29802
1.0448,0.099106,0.29504
1.0436,0.096805,0.29319
1.0425,0.095236,0.29162
1.0405,0.094255,0.2888
1.0377,0.093777,0.28655
1.0357,0.092186,0.28421
1.0338,0.09008,0.28186
1.032,0.088769,0.27945
1.0301,0.088314,0.27669
1.0275,0.089285,0.27348
1.0247,0.090864,0.27021
1.0225,0.091728,0.26709
1.0199,0.092287,0.26362
1.0162,0.094355,0.25939
1.0125,0.097618,0.25506
1.0085,0.1013,0.25027
1.0037,0.10458,0.24549
0.99909,0.10737,0.24114
0.99424,0.10921,0.23823
0.98839,0.11114,0.23554
0.98185,0.11331,0.23331
0.97595,0.11546,0.23102
0.96963,0.11589,0.22898
0.96365,0.1174,0.228
0.95677,0.11867,0.22787
0.9498,0.12093,0.22857
0.93939,0.12355,0.22859
0.92871,0.12647,0.22683
0.91666,0.1313,0.22381
0.90352,0.13581,0.21961
0.88952,0.13805,0.21668
0.8748,0.13989,0.21344
0.85937,0.1421,0.20926
0.84364,0.14467,0.20458
0.82815,0.14818,0.20028
0.8121,0.15206,0.19567
0.79487,0.15608,0.19084
0.77747,0.15965,0.18633
0.76037,0.16299,0.18089
0.74363,0.16697,0.17463
0.72744,0.17141,0.16815
0.71118,0.17658,0.16167
0.69376,0.18051,0.15617
0.6767,0.18545,0.15053
0.65858,0.18995,0.14471
0.63934,0.19398,0.13996
0.61941,0.19721,0.13501
0.59926,0.20002,0.13018
0.57908,0.20182,0.12614
0.55882,0.20271,0.12393
0.53854,0.20336,0.12194
0.51867,0.20334,0.12
0.49862,0.20431,0.11738
0.47858,0.20532,0.11455
0.45897,0.20564,0.11222
0.43956,0.20525,0.11049
0.42108,0.20452,0.10802
0.40322,0.20343,0.10542
0.38537,0.2032,0.10303
0.36845,0.2036,0.10107
0.35295,0.20433,0.099507
0.33829,0.20454,0.098176
0.32477,0.20425,0.097412
0.31242,0.20442,0.097429
0.29999,0.20493,0.096021
0.28526,0.2056,0.094036
0.26791,0.20588,0.090946
0.24824,0.20587,0.087343
0.22708,0.20553,0.082693
0.20523,0.20612,0.077042
0.18334,0.20747,0.071032
0.1608,0.20892,0.064762
0.14116,0.21046,0.058146
0.12333,0.21277,0.052576
0.10787,0.21492,0.047032
0.09336,0.2184,0.042047
0.080842,0.22076,0.037192
0.069413,0.22373,0.032498
0.059091,0.22724,0.028042
0.05015,0.22998,0.023736
0.042718,0.23199,0.019387
0.036161,0.23383,0.015925
0.030123,0.23563,0.012958
0.024956,0.2375,0.0098462
0.02045,0.23952,0.0078682
0.01695,0.24127,0.0056047
0.013683,0.24318,0.0026199
0.011494,0.24535,0.00064303
0.0090645,0.24692,-0.001705
0.0056929,0.24883,-0.003879
0.0031544,0.25104,-0.006908
0.0012026,0.25406,-0.010433
-0.00050404,0.25762,-0.014543
-0.0012954,0.26281,-0.019088
-0.0025447,0.26743,-0.02329
-0.0042098,0.27072,-0.026029
-0.0051436,0.2743,-0.028907
-0.0065225,0.27723,-0.031381
-0.0087233,0.28014,-0.033475
-0.010443,0.2827,-0.035019
-0.010836,0.28518,-0.037449
-0.010472,0.28755,-0.040501
-0.01079,0.28983,-0.043935
-0.011445,0.29156,-0.047752
-0.011645,0.29355,-0.050053
-0.012054,0.29541,-0.052462
-0.01153,0.29664,-0.053958
-0.011061,0.29815,-0.05511
-0.009812,0.30025,-0.055842
-0.0090355,0.30273,-0.056693
-0.0087498,0.30587,-0.058206
-0.0089031,0.30891,-0.058948
-0.0086032,0.31231,-0.059352
-0.0079001,0.31555,-0.059848
-0.0070538,0.3181,-0.060097
-0.0059215,0.32096,-0.060408
-0.0040078,0.32325,-0.061189
-0.0026537,0.32533,-0.062585
-0.0019924,0.32656,-0.064375
-0.00094316,0.32765,-0.066517
0.00063896,0.32951,-0.068506
0.0017717,0.33113,-0.069514
0.0026682,0.33259,-0.070642
0.0029848,0.33302,-0.071765
0.0030542,0.33427,-0.072836
0.0037384,0.33484,-0.074133
0.004722,0.33495,-0.074648
0.0054708,0.33571,-0.075074
0.00642,0.33641,-0.076044
0.0078956,0.33778,-0.0768
0.0098323,0.33891,-0.078685
0.011914,0.34081,-0.080357
0.013381,0.34448,-0.082547
0.014966,0.34784,-0.084458
0.016368,0.35101,-0.085921
0.018894,0.35385,-0.088388
0.021666,0.3556,-0.090282
0.023628,0.35643,-0.091244
0.02628,0.3577,-0.091596
0.029393,0.35917,-0.092827
0.032802,0.36157,-0.094111
0.037107,0.36434,-0.094873
0.042899,0.36731,-0.094892
0.049993,0.36974,-0.094233
0.059635,0.37131,-0.092272
0.070198,0.37269,-0.089277
0.08186,0.37467,-0.084847
0.094397,0.37705,-0.080681
0.10922,0.37916,-0.075175
0.12476,0.37968,-0.069333
0.13998,0.37938,-0.060981
0.15542,0.37944,-0.052243
0.1699,0.38015,-0.042509
0.18323,0.38126,-0.029525
0.19558,0.38194,-0.015804
0.20768,0.38358,-0.00054775
0.21971,0.38498,0.015993
0.23059,0.3867,0.033627
0.24049,0.3888,0.052155
0.24884,0.39056,0.071097
0.25562,0.39235,0.08999
0.26206,0.3938,0.11016
0.26686,0.39484,0.13096
0.27031,0.39604,0.15374
0.27291,0.39692,0.17654
0.27283,0.3985,0.20087
0.27129,0.40002,0.22715
0.27133,0.40124,0.2542
0.26995,0.40294,0.28281
0.26601,0.40494,0.30994
0.26148,0.40514,0.33562
0.25692,0.40466,0.36198
0.25021,0.4031,0.38848
0.24084,0.40219,0.41642
0.23036,0.40035,0.44449
0.21868,0.3994,0.47307
0.20552,0.39848,0.5013
0.1913,0.39687,0.52755
0.17707,0.39448,0.5532
0.16153,0.39174,0.578
0.14655,0.38841,0.60246
0.13294,0.38621,0.6265
0.12036,0.38415,0.65093
0.10791,0.38232,0.67389
0.096633,0.37986,0.69751
0.085519,0.37676,0.72142
0.074732,0.37363,0.74421
0.066278,0.37065,0.76723
0.059661,0.36794,0.79058
0.054424,0.36635,0.81514
0.049838,0.36489,0.83869
0.045606,0.36331,0.86091
0.041602,0.36245,0.88133
0.038897,0.36254,0.90062
0.03593,0.36159,0.91889
0.033525,0.36144,0.93484
0.031097,0.36029,0.94802
0.029182,0.35847,0.96103
0.027307,0.35717,0.97276
0.025856,0.35652,0.9834
0.024026,0.35601,0.99208
0.021747,0.35542,0.99981
0.020267,0.35475,1.0068
0.019717,0.35503,1.0119
0.018383,0.35505,1.0165
0.017492,0.35654,1.0193
0.015819,0.3577,1.0216
0.015487,0.35847,1.0242
0.015632,0.35976,1.0259
0.015716,0.36059,1.0272
0.015438,0.36123,1.0289
0.014975,0.36138,1.0284
0.014083,0.3612,1.028
0.01405,0.36098,1.027
0.013755,0.36001,1.0256
0.013844,0.35801,1.0234
0.01367,0.35559,1.0213
0.013397,0.35284,1.0183
0.011819,0.35077,1.0166
0.010085,0.34927,1.0146
0.0099495,0.34812,1.0126
0.010599,0.34797,1.0104
0.011316,0.34758,1.0077
0.012025,0.34693,1.0043
0.012936,0.34576,1.0002
0.013562,0.34436,0.99547
0.014326,0.34288,0.99051
0.01453,0.34095,0.98558
0.013937,0.33925,0.98115
0.013926,0.33899,0.97784
0.014466,0.33953,0.97576
0.014108,0.33967,0.97303
0.01331,0.34001,0.97043
0.013024,0.34062,0.9677
0.013139,0.34094,0.96473
0.013772,0.34106,0.96152
0.014189,0.34172,0.95799
0.014011,0.34245,0.95517
0.013842,0.34307,0.95157
0.013744,0.34347,0.94723
0.01312,0.34321,0.94276
0.012056,0.34343,0.93821
0.010999,0.34307,0.93435
0.0098252,0.34413,0.93125
0.0086855,0.34574,0.92593
0.0080469,0.34738,0.92065
0.0068776,0.34876,0.91617
0.0061972,0.34926,0.9122
0.0057366,0.35019,0.90754
0.0051041,0.35115,0.90326
0.0047795,0.3508,0.89983
0.0045166,0.35016,0.89678
0.0045423,0.35034,0.89424
0.0052018,0.35012,0.89096
0.0063295,0.35089,0.88817
0.0072311,0.35167,0.88528
0.0076878,0.35189,0.88179
0.008673,0.35064,0.87966
0.0082985,0.34851,0.87935
0.0068169,0.34671,0.88067
0.0055443,0.34554,0.88247
0.0037946,0.34429,0.88556
0.0021661,0.34241,0.88853
0.0013268,0.34094,0.89072
0.00036734,0.34058,0.89388
-0.00071973,0.34064,0.89827
-0.0018337,0.34022,0.90478
-0.003388,0.33961,0.91027
-0.0056435,0.33922,0.916
-0.008793,0.33835,0.92185
-0.012103,0.33647,0.92798
-0.014443,0.33356,0.93432
-0.017942,0.33034,0.94127
-0.020614,0.32739,0.94903
-0.022799,0.32656,0.95624
-0.02507,0.32638,0.96238
-0.028338,0.32617,0.96929
-0.031488,0.32639,0.9748
-0.035204,0.32755,0.98025
-0.03827,0.32964,0.98563
-0.041725,0.33179,0.99052
-0.044586,0.33437,0.99496
-0.048026,0.33601,0.99763
-0.051128,0.33695,0.99919
-0.053236,0.33733,0.99998
-0.056041,0.33751,1.0005
-0.058596,0.33737,1.0008
-0.060874,0.33657,1.0009
-0.061568,0.3358,0.9999
-0.061719,0.33507,0.99828
-0.062394,0.33414,0.99625
-0.063933,0.33323,0.99337
-0.066244,0.33256,0.98953
-0.068752,0.33113,0.9855
-0.07059,0.32904,0.98059
-0.071093,0.32722,0.97477
-0.071489,0.32526,0.96787
-0.071659,0.32233,0.96115
-0.07155,0.31968,0.95375
-0.070919,0.31822,0.94604
-0.071385,0.31661,0.93887
-0.071884,0.31526,0.93024
-0.072129,0.31406,0.92129
-0.07091,0.31288,0.91252
-0.069809,0.31081,0.90343
-0.06823,0.30881,0.89406
-0.067494,0.30632,0.88581
-0.067017,0.30386,0.87723
-0.065425,0.30173,0.86976
-0.064754,0.29931,0.862
-0.064481,0.29851,0.8546
-0.06372,0.29885,0.84671
-0.062427,0.29873,0.83954
-0.062231,0.29857,0.83242
-0.062217,0.29809,0.82878
-0.062122,0.29788,0.82615
-0.061824,0.29788,0.82411
-0.061253,0.29935,0.82287
-0.060399,0.29996,0.82226
-0.059916,0.29995,0.82208
-0.059285,0.29974,0.82251
-0.05868,0.2999,0.82446
-0.059057,0.30017,0.8254
-0.060042,0.30107,0.8252
-0.060577,0.30157,0.8264
-0.061832,0.30118,0.82773
-0.064124,0.3004,0.82947
-0.065807,0.29924,0.83235
-0.067157,0.29874,0.83474
-0.06702,0.29824,0.83705
-0.066875,0.29747,0.83936
-0.066943,0.297,0.84235
-0.066933,0.29644,0.84557
-0.068077,0.29545,0.84878
-0.067986,0.29478,0.85199
-0.067487,0.29484,0.85464
-0.067019,0.29488,0.85806
-0.065194,0.29508,0.86042
-0.063438,0.29496,0.86301
-0.062108,0.29443,0.8658
-0.061647,0.29501,0.86915
-0.061717,0.29595,0.87195
-0.060969,0.29779,0.87367
-0.060206,0.29951,0.87484
-0.059241,0.30038,0.87552
-0.057386,0.30134,0.87541
-0.056179,0.30294,0.8749
-0.054974,0.30364,0.87367
-0.054435,0.3046,0.87301
-0.053403,0.30474,0.87136
-0.052395,0.30451,0.86831
-0.050631,0.30438,0.8642
-0.0492,0.30367,0.85836
-0.047848,0.30202,0.85192
-0.047377,0.29999,0.84429
-0.045995,0.29813,0.83644
-0.043407,0.29693,0.82784
-0.041697,0.29525,0.82035
-0.039675,0.29304,0.81326
-0.038006,0.2906,0.8065
-0.036719,0.28874,0.79995
-0.034565,0.28669,0.79379
-0.033266,0.28518,0.7883
-0.03237,0.28277,0.78391
-0.030991,0.28081,0.77953
-0.029076,0.27963,0.77646
-0.027868,0.27767,0.77371
-0.026696,0.27572,0.77169
-0.025771,0.27423,0.77062
-0.022914,0.27344,0.76977
-0.020426,0.27189,0.76932
-0.018897,0.26975,0.7687
-0.016737,0.26826,0.76886
-0.015692,0.26562,0.76963
-0.016534,0.26294,0.77193
-0.017797,0.26117,0.77388
-0.019316,0.26064,0.77792
-0.021171,0.2617,0.78192
-0.024258,0.26301,0.78665
-0.027452,0.2644,0.79115
-0.031208,0.2658,0.79628
-0.036462,0.26786,0.80233
-0.040128,0.26899,0.80862
-0.041361,0.26984,0.81619
-0.042429,0.27028,0.82389
-0.042067,0.26926,0.83245
-0.041303,0.26852,0.84154
-0.040731,0.26748,0.85142
-0.041194,0.2657,0.8628
-0.041476,0.26347,0.87397
-0.042839,0.26178,0.88594
-0.04302,0.25996,0.89807
-0.042526,0.25862,0.90968
-0.042096,0.25774,0.9205
-0.042215,0.25711,0.93074
-0.041821,0.25643,0.94059
-0.04126,0.25497,0.95001
-0.041145,0.25296,0.95975
-0.0415,0.25099,0.96919
-0.041052,0.24958,0.97773
-0.041133,0.24812,0.98389
-0.040667,0.24784,0.99011
-0.040316,0.24726,0.99551
-0.040744,0.24639,1.0002
-0.040919,0.24513,1.0031
-0.042183,0.24367,1.0054
-0.043782,0.24197,1.0069
-0.045221,0.24092,1.0083
-0.04667,0.23999,1.0102
-0.048694,0.24007,1.012
-0.050878,0.24041,1.0135
-0.052202,0.23983,1.0137
-0.052885,0.23844,1.0137
-0.054022,0.23691,1.0122
-0.053605,0.2363,1.009
-0.052531,0.23649,1.0044
-0.052215,0.23745,0.99989
-0.052695,0.23837,0.99321
-0.053941,0.23853,0.98544
-0.054948,0.23902,0.97766
-0.055272,0.23993,0.96896
-0.055553,0.24143,0.96001
-0.055152,0.2426,0.95053
-0.055747,0.24389,0.94041
-0.055915,0.24473,0.92832
-0.056114,0.24551,0.91611
-0.056466,0.24569,0.90391
-0.055997,0.24484,0.89309
-0.055422,0.24456,0.88262
-0.055203,0.24399,0.87289
-0.054779,0.24269,0.86269
-0.054227,0.24152,0.85327
-0.054309,0.23972,0.84462
-0.054761,0.2384,0.83674
-0.054937,0.23761,0.83043
-0.055261,0.23636,0.82396
-0.055811,0.23431,0.81862
-0.055025,0.23231,0.81508
-0.053541,0.23054,0.81255
-0.051001,0.22846,0.81133
-0.047539,0.22662,0.81149
-0.043667,0.2256,0.81203
-0.04057,0.22531,0.81336
-0.037245,0.22561,0.81477
-0.034457,0.22692,0.81824
-0.031393,0.22788,0.82112
-0.028709,0.22848,0.82286
-0.025613,0.22895,0.82562
-0.022249,0.22981,0.83079
-0.018672,0.22999,0.83615
-0.015902,0.22999,0.8419
-0.013715,0.22898,0.84599
-0.010829,0.22669,0.85009
-0.007123,0.22379,0.8569
-0.0043555,0.21961,0.86435
-0.0003865,0.21755,0.87045
0.0036583,0.21587,0.87683
0.0078593,0.21426,0.88279
0.01186,0.21142,0.89031
0.016373,0.2082,0.89714
0.020153,0.20509,0.90367
0.024405,0.2014,0.9106
0.029727,0.19857,0.91781
0.034922,0.19749,0.92523
0.039889,0.197,0.93274
0.04536,0.19618,0.93996
0.050463,0.19491,0.94744
0.054712,0.19278,0.95381
0.058671,0.18957,0.9597
0.06251,0.18613,0.96547
0.065141,0.18243,0.9724
0.066989,0.17977,0.97975
0.068934,0.17574,0.98879
0.071552,0.17071,0.99728
0.074079,0.16627,1.0042
0.076368,0.16222,1.01
0.077699,0.15842,1.0143
0.078488,0.15471,1.018
0.0783,0.15145,1.0217
0.077526,0.14852,1.0243
0.076172,0.14563,1.0268
0.074581,0.14282,1.0287
0.072137,0.13913,1.032
0.07004,0.13646,1.0347
0.068305,0.13388,1.0375
0.066498,0.13127,1.039
0.065577,0.1285,1.04
0.064844,0.12673,1.0412
0.064427,0.12524,1.0423
0.063379,0.12414,1.0433
0.061736,0.12279,1.0436
0.059692,0.12218,1.0427
0.058081,0.12193,1.0417
0.056155,0.12234,1.0406
0.052816,0.12325,1.0384
0.049389,0.12436,1.0346
0.045157,0.12578,1.0298
0.040215,0.12637,1.0248
0.036297,0.12694,1.0195
0.0331,0.12669,1.0149
0.030786,0.12719,1.0109
0.028981,0.12818,1.0072
0.026936,0.12977,1.003
0.024729,0.13184,0.99799
