7.410302013158798218e-02 -2.887876704335212708e-02 7.594399452209472656e-01
7.136691361665725708e-02 -3.141464293003082275e-02 7.213051915168762207e-01
6.239130720496177673e-02 -2.827814221382141113e-02 6.922062635421752930e-01
5.463465303182601929e-02 -2.638196200132369995e-02 7.043192982673645020e-01
5.081511661410331726e-02 -2.428023703396320343e-02 7.205016613006591797e-01
4.487413540482521057e-02 -1.813247054815292358e-02 6.982064247131347656e-01
4.530878737568855286e-02 -2.062179148197174072e-02 6.793076992034912109e-01
4.747574031352996826e-02 -2.212006971240043640e-02 6.753197908401489258e-01
5.004212632775306702e-02 -2.003790438175201416e-02 7.046453952789306641e-01
5.681945383548736572e-02 -3.293757792562246323e-03 7.300696372985839844e-01
4.468439891934394836e-02 -1.745149493217468262e-03 7.375565171241760254e-01
4.081897065043449402e-02 -6.429031025618314743e-03 7.247695326805114746e-01
3.474823385477066040e-02 -6.208877544850111008e-03 7.312473654747009277e-01
3.285600990056991577e-02 -7.129919715225696564e-03 7.435460686683654785e-01
3.301862627267837524e-02 -6.477888673543930054e-03 7.574897408485412598e-01
3.170763701200485229e-02 -1.135154347866773605e-02 7.647023797035217285e-01
2.625610120594501495e-02 -1.512098312377929688e-02 7.191264033317565918e-01
2.827958017587661743e-02 -1.569061167538166046e-02 6.799243092536926270e-01
3.292448818683624268e-02 -8.824895136058330536e-03 6.448570489883422852e-01
3.870204463601112366e-02 -1.285882946103811264e-02 6.427110433578491211e-01
3.720312565565109253e-02 -1.480733416974544525e-02 6.112180948257446289e-01
3.143777325749397278e-02 -1.836217381060123444e-02 5.070737004280090332e-01
3.929806500673294067e-02 -1.056364644318819046e-02 4.327652454376220703e-01
4.370708391070365906e-02 -1.091746729798614979e-03 5.063441991806030273e-01
3.669152781367301941e-02 3.368840785697102547e-03 4.585216641426086426e-01
3.659341484308242798e-02 -3.142427187412977219e-03 5.093767046928405762e-01
3.845052048563957214e-02 -4.714062437415122986e-03 5.780121684074401855e-01
4.652361571788787842e-02 -1.461840048432350159e-02 6.450850367546081543e-01
2.564489841461181641e-02 -1.610626466572284698e-02 6.977667212486267090e-01
1.928897760808467865e-02 -1.722957193851470947e-02 7.081109285354614258e-01
1.882816664874553680e-02 -1.478605717420578003e-02 6.931693553924560547e-01
2.219700627028942108e-02 -9.023657999932765961e-03 7.052439451217651367e-01
3.319133073091506958e-02 -2.443281235173344612e-03 7.108598351478576660e-01
2.677148394286632538e-02 -2.212909515947103500e-03 8.437047004699707031e-01
2.831680886447429657e-02 -4.523118957877159119e-03 8.815245032310485840e-01
2.754445746541023254e-02 -3.688236465677618980e-03 9.364958405494689941e-01
2.999280951917171478e-02 -8.581115864217281342e-03 9.711385369300842285e-01
3.173500671982765198e-02 -8.744185790419578552e-03 9.824363589286804199e-01
2.463741973042488098e-02 -6.115086376667022705e-03 1.013476729393005371e+00
1.483235042542219162e-02 -5.960289854556322098e-03 1.098711133003234863e+00
1.063804049044847488e-02 -1.181339006870985031e-02 1.125114202499389648e+00
1.111291814595460892e-02 -1.391472760587930679e-02 1.128166317939758301e+00
9.013433940708637238e-03 -1.897288858890533447e-02 1.170454263687133789e+00
7.742133922874927521e-03 -1.803029887378215790e-02 1.172446846961975098e+00
7.682425901293754578e-03 -1.627797633409500122e-02 1.106306672096252441e+00
5.137464962899684906e-03 -1.719147153198719025e-02 1.121780872344970703e+00
4.590537399053573608e-03 -1.697728037834167480e-02 1.118653535842895508e+00
1.482130144722759724e-03 -1.878466084599494934e-02 1.137405991554260254e+00
3.334035631269216537e-03 -1.718519069254398346e-02 1.115560412406921387e+00
4.740036092698574066e-03 -1.383246015757322311e-02 1.114902615547180176e+00
1.664612791500985622e-03 -1.217739749699831009e-02 1.125874519348144531e+00
2.040363848209381104e-03 -1.081970985978841782e-02 1.123110532760620117e+00
1.244780491106212139e-03 -1.259757764637470245e-02 1.141442298889160156e+00
-4.340130544733256102e-04 -1.299731992185115814e-02 1.171314597129821777e+00
-3.835040377452969551e-03 -1.170946937054395676e-02 1.180576205253601074e+00
8.302630158141255379e-05 -1.099370978772640228e-02 1.138542771339416504e+00
2.703301608562469482e-03 -1.298222225159406662e-02 1.124363541603088379e+00
6.678713485598564148e-03 -1.447145361453294754e-02 1.128877878189086914e+00
6.746258120983839035e-03 -1.567944698035717010e-02 1.116274714469909668e+00
7.334883324801921844e-03 -1.536921318620443344e-02 1.085082650184631348e+00
1.953258644789457321e-03 -1.473395247012376785e-02 1.055989623069763184e+00
3.437137638684362173e-05 -1.674739271402359009e-02 1.061571955680847168e+00
8.486176840960979462e-03 -1.632675528526306152e-02 1.032778859138488770e+00
2.903227694332599640e-03 -1.571281440556049347e-02 1.039395213127136230e+00
6.195056717842817307e-03 -1.735715940594673157e-02 1.030928492546081543e+00
1.635089633055031300e-03 -1.837344095110893250e-02 1.028755545616149902e+00
1.857800176367163658e-03 -2.213305048644542694e-02 9.911735057830810547e-01
1.155535937868990004e-04 -2.425780892372131348e-02 1.009655356407165527e+00
-1.663670118432492018e-04 -2.728361077606678009e-02 1.016569614410400391e+00
-1.204541302286088467e-03 -2.667715214192867279e-02 1.017111182212829590e+00
-8.682253770530223846e-03 -2.002940699458122253e-02 9.923445582389831543e-01
-7.927293889224529266e-03 -1.901230774819850922e-02 9.690805673599243164e-01
-1.487649045884609222e-03 -1.111886650323867798e-02 1.014770388603210449e+00
9.193208068609237671e-03 -2.459232322871685028e-02 1.133816480636596680e+00
-2.792078768834471703e-03 -1.876300014555454254e-02 1.144730806350708008e+00
-1.931349048390984535e-03 -1.761153712868690491e-02 1.161782264709472656e+00
-2.081262937281280756e-04 -1.229738350957632065e-02 1.112038254737854004e+00
9.803764522075653076e-03 -1.598412543535232544e-02 1.047595858573913574e+00
1.111304108053445816e-02 -1.812802068889141083e-02 1.020537495613098145e+00
1.003280002623796463e-02 -1.684623584151268005e-02 1.018571019172668457e+00
1.437233667820692062e-02 -1.665597036480903625e-02 1.014700412750244141e+00
9.943754412233829498e-03 -1.825071685016155243e-02 1.036986589431762695e+00
8.182049728929996490e-03 -1.594668813049793243e-02 1.097840785980224609e+00
7.678538095206022263e-03 -2.140072546899318695e-02 1.178189039230346680e+00
9.129181504249572754e-03 -1.805640012025833130e-02 1.153824687004089355e+00
8.562709204852581024e-03 -1.897372305393218994e-02 1.137173056602478027e+00
9.657225571572780609e-03 -2.175611630082130432e-02 1.152649521827697754e+00
1.055994629859924316e-02 -2.081218734383583069e-02 1.152007699012756348e+00
1.882724650204181671e-02 -1.414012443274259567e-02 1.061765789985656738e+00
1.890518143773078918e-02 -1.633347757160663605e-02 1.019988656044006348e+00
1.070504263043403625e-02 -1.932155154645442963e-02 1.080884099006652832e+00
1.306765154004096985e-02 -2.249453961849212646e-02 1.128041148185729980e+00
1.805750094354152679e-02 -1.999761350452899933e-02 1.070480942726135254e+00
1.276569813489913940e-02 -2.107432298362255096e-02 1.097952842712402344e+00
1.226746290922164917e-02 -3.149476274847984314e-02 1.103041768074035645e+00
1.312830019742250443e-02 -3.379203751683235168e-02 1.025433897972106934e+00
1.992114819586277008e-02 -3.723702952265739441e-02 1.012345433235168457e+00
2.704207599163055420e-02 -3.614928945899009705e-02 1.036542534828186035e+00
3.319901600480079651e-02 -3.575716167688369751e-02 9.299052357673645020e-01
5.422049202024936676e-03 -2.626814693212509155e-02 9.449337124824523926e-01
1.600585412234067917e-03 -2.543880045413970947e-02 9.955467581748962402e-01
1.286726910620927811e-02 -2.941043861210346222e-02 1.038113117218017578e+00
1.056045386940240860e-02 -2.354317717254161835e-02 9.867917895317077637e-01
-4.234784282743930817e-03 -1.438691839575767517e-02 1.004072427749633789e+00
-4.033019300550222397e-03 -1.107608713209629059e-02 9.923279285430908203e-01
3.755997633561491966e-03 -1.583890616893768311e-02 1.045889973640441895e+00
8.830524981021881104e-03 -1.941932551562786102e-02 1.021355390548706055e+00
1.459508948028087616e-02 -1.825818233191967010e-02 1.026485562324523926e+00
7.433993276208639145e-03 -1.401152182370424271e-02 1.046349406242370605e+00
1.719423010945320129e-02 -1.795633509755134583e-02 1.051588177680969238e+00
2.121175825595855713e-02 -1.766969449818134308e-02 1.014490127563476562e+00
2.415657788515090942e-02 -2.308375574648380280e-02 9.769108891487121582e-01
6.808302365243434906e-03 -1.508606597781181335e-02 9.702308177947998047e-01
1.553368754684925079e-02 -1.055651903152465820e-02 8.977646231651306152e-01
2.068234980106353760e-02 -1.217035856097936630e-02 8.561018109321594238e-01
2.329585514962673187e-02 -1.624291203916072845e-02 8.516443967819213867e-01
2.188157290220260620e-02 -1.733116619288921356e-02 8.494861125946044922e-01
5.730041302740573883e-03 -1.351222395896911621e-02 8.681890964508056641e-01
7.604865822941064835e-03 -1.514140516519546509e-02 8.987193703651428223e-01
-1.882147858850657940e-03 -1.445503067225217819e-02 9.619162082672119141e-01
-9.436383843421936035e-03 -1.266825199127197266e-02 9.645671844482421875e-01
-1.156614720821380615e-02 -1.020323485136032104e-02 1.024333715438842773e+00
6.947598420083522797e-03 -1.599289476871490479e-02 9.961113929748535156e-01
1.495113945566117764e-03 -8.890345692634582520e-03 9.894255399703979492e-01
-1.262845005840063095e-02 -2.129637077450752258e-02 1.094098806381225586e+00
3.532678354531526566e-03 -1.086973119527101517e-02 9.528141617774963379e-01
7.577528245747089386e-03 -1.449294108897447586e-02 9.599788784980773926e-01
9.753124788403511047e-03 -1.984260603785514832e-02 1.050543904304504395e+00
6.257476285099983215e-03 -2.095554210245609283e-02 1.079825520515441895e+00
7.759729865938425064e-03 -1.792657189071178436e-02 1.079574227333068848e+00
2.667395584285259247e-02 -1.889842748641967773e-02 1.075071096420288086e+00
1.989601738750934601e-02 -1.968237571418285370e-02 1.029414534568786621e+00
2.092429623007774353e-02 -1.906137540936470032e-02 1.002641797065734863e+00
1.466535218060016632e-02 -1.806423999369144440e-02 1.024537444114685059e+00
9.771456010639667511e-03 -1.651483960449695587e-02 1.006762862205505371e+00
5.700303241610527039e-03 -1.619280129671096802e-02 1.005470037460327148e+00
1.217954140156507492e-02 -1.265238970518112183e-02 1.024008870124816895e+00
1.431137882173061371e-02 -1.314750593155622482e-02 1.030348539352416992e+00
6.271438207477331161e-03 -1.236805506050586700e-02 1.052838921546936035e+00
6.508456543087959290e-03 -1.124795153737068176e-02 1.009898185729980469e+00
3.081424394622445107e-03 -9.178761392831802368e-03 9.740569591522216797e-01
-6.583879701793193817e-03 -7.899322547018527985e-03 9.606772065162658691e-01
-7.531261537224054337e-03 -6.403522100299596786e-03 9.657161235809326172e-01
-1.228985283523797989e-02 -7.951562292873859406e-03 9.872583746910095215e-01
-7.621794939041137695e-03 -1.110003236681222916e-02 9.916292428970336914e-01
-4.631898365914821625e-03 -2.126623876392841339e-02 1.010876059532165527e+00
-3.667877055704593658e-03 -2.194254845380783081e-02 1.080398678779602051e+00
-2.270820317789912224e-03 -2.233383245766162872e-02 1.157171607017517090e+00
-3.317157505080103874e-03 -2.170396223664283752e-02 1.167853116989135742e+00
2.052620984613895416e-03 -2.467330358922481537e-02 1.158695220947265625e+00
3.652246436104178429e-03 -2.612407505512237549e-02 1.187194705009460449e+00
-1.205157022923231125e-02 -2.858224697411060333e-02 1.229687094688415527e+00
-1.258967630565166473e-02 -2.944759652018547058e-02 1.273414492607116699e+00
-9.657377377152442932e-03 -3.312160819768905640e-02 1.272754669189453125e+00
-6.651448085904121399e-03 -2.876094914972782135e-02 1.242877006530761719e+00
-5.664406809955835342e-03 -2.303435094654560089e-02 1.203989386558532715e+00
-9.029251523315906525e-03 -2.340928092598915100e-02 1.193519115447998047e+00
-1.811925176298245788e-04 -2.782630920410156250e-02 1.223042130470275879e+00
-2.890268340706825256e-03 -3.337384387850761414e-02 1.296922445297241211e+00
2.983960439451038837e-04 -3.320452198386192322e-02 1.244972348213195801e+00
-2.569460775703191757e-03 -2.985598891973495483e-02 1.222843170166015625e+00
-7.536287419497966766e-03 -2.944502234458923340e-02 1.254890203475952148e+00
7.085960241965949535e-04 -2.849908359348773956e-02 1.235366106033325195e+00
-7.704351446591317654e-04 -2.545661851763725281e-02 1.228592157363891602e+00
8.118301630020141602e-03 -2.570730261504650116e-02 1.178561687469482422e+00
9.735641069710254669e-04 -3.068957105278968811e-02 1.209304571151733398e+00
8.089220151305198669e-03 -3.338495269417762756e-02 1.207931160926818848e+00
1.474245358258485794e-02 -3.603159636259078979e-02 1.189538002014160156e+00
1.454198360443115234e-02 -3.366642072796821594e-02 1.179088473320007324e+00
1.685553044080734253e-02 -3.561053425073623657e-02 1.191177964210510254e+00
1.622528582811355591e-02 -3.652121499180793762e-02 1.196232199668884277e+00
1.549221016466617584e-02 -3.637255728244781494e-02 1.188110589981079102e+00
2.500869147479534149e-02 -3.774560615420341492e-02 1.195124149322509766e+00
1.216382347047328949e-02 -3.688064217567443848e-02 1.239008426666259766e+00
1.838912256062030792e-02 -3.612331300973892212e-02 1.231521725654602051e+00
2.471065521240234375e-02 -3.796355798840522766e-02 1.208426117897033691e+00
2.082974091172218323e-02 -3.681469336152076721e-02 1.241417288780212402e+00
2.340167574584484100e-02 -3.444525226950645447e-02 1.234069943428039551e+00
2.549043856561183929e-02 -3.162506595253944397e-02 1.197798371315002441e+00
2.228910475969314575e-02 -3.396145254373550415e-02 1.187161922454833984e+00
1.739707775413990021e-02 -3.104882128536701202e-02 1.185686230659484863e+00
2.146644890308380127e-02 -2.812804840505123138e-02 1.161873698234558105e+00
2.007570303976535797e-02 -2.816496044397354126e-02 1.167327284812927246e+00
1.588754169642925262e-02 -2.680750004947185516e-02 1.181744217872619629e+00
9.898394346237182617e-03 -2.966180816292762756e-02 1.192746996879577637e+00
1.694831252098083496e-02 -2.759358473122119904e-02 1.166923880577087402e+00
1.303011551499366760e-02 -3.191068395972251892e-02 1.201533436775207520e+00
4.860583692789077759e-03 -2.816054970026016235e-02 1.187456011772155762e+00
4.239624831825494766e-03 -1.940390840172767639e-02 1.163875222206115723e+00
3.981683868914842606e-03 -2.148116193711757660e-02 1.193274021148681641e+00
6.911028642207384109e-03 -1.806591078639030457e-02 1.187637090682983398e+00
4.134012269787490368e-04 -1.280706468969583511e-02 1.199365854263305664e+00
4.020289517939090729e-03 -1.571516133844852448e-02 1.153390526771545410e+00
2.021666802465915680e-02 -1.723599992692470551e-02 1.081542253494262695e+00
2.568175643682479858e-02 -2.213895134627819061e-02 1.155813217163085938e+00
3.313207998871803284e-02 -1.043220050632953644e-02 1.207682728767395020e+00
2.818587236106395721e-02 -7.744553964585065842e-03 1.253104090690612793e+00
2.032939530909061432e-02 -9.883092716336250305e-03 1.289223313331604004e+00
1.108014583587646484e-02 -1.286109909415245056e-02 1.230002999305725098e+00
-8.354814723134040833e-03 -1.411055959761142731e-02 1.231063723564147949e+00
-1.995217613875865936e-02 -2.495438419282436371e-02 1.304759740829467773e+00
-1.868942007422447205e-02 -1.822862960398197174e-02 1.345601916313171387e+00
-2.654450945556163788e-03 -1.401015650480985641e-02 1.346731305122375488e+00
-4.428713582456111908e-03 -1.822810061275959015e-02 1.319931864738464355e+00
8.504375815391540527e-03 -2.162527106702327728e-02 1.282396078109741211e+00
2.310982719063758850e-02 -2.470588311553001404e-02 1.230839729309082031e+00
2.607993409037590027e-02 -2.394965477287769318e-02 1.248671770095825195e+00
2.082099951803684235e-02 -1.959225162863731384e-02 1.273634314537048340e+00
1.488668099045753479e-02 -1.446075551211833954e-02 1.242514252662658691e+00
1.276268810033798218e-02 -1.402479037642478943e-02 1.223195314407348633e+00
1.082063093781471252e-02 -1.261817757040262222e-02 1.223062038421630859e+00
1.309353020042181015e-02 -1.372285094112157822e-02 1.237042427062988281e+00
1.255901344120502472e-02 -1.172552723437547684e-02 1.266415357589721680e+00
1.423075608909130096e-02 -1.399071048945188522e-02 1.270241260528564453e+00
5.494843237102031708e-03 -2.090655639767646790e-02 1.254281044006347656e+00
2.703822217881679535e-03 -2.692988514900207520e-02 1.224646449089050293e+00
2.331090345978736877e-02 -1.805186457931995392e-02 1.272646069526672363e+00
1.984695903956890106e-02 -1.287633180618286133e-02 1.268251180648803711e+00
1.386831607669591904e-02 -9.746099822223186493e-03 1.250204801559448242e+00
1.174720004200935364e-02 -1.160605717450380325e-02 1.194155693054199219e+00
3.877776209264993668e-03 -8.098524995148181915e-03 1.157241582870483398e+00
1.483582891523838043e-03 -7.791978772729635239e-03 1.111396670341491699e+00
1.008391473442316055e-02 -9.775782935321331024e-03 1.155661344528198242e+00
1.481118332594633102e-02 -1.165031827986240387e-02 1.176968932151794434e+00
9.240901097655296326e-03 -6.093711126595735550e-03 1.177972435951232910e+00
6.617701146751642227e-03 -4.770131316035985947e-03 1.197561144828796387e+00
7.707973476499319077e-03 -5.149031057953834534e-03 1.198551177978515625e+00
7.064017001539468765e-03 -2.432381268590688705e-03 1.193734169006347656e+00
7.035155314952135086e-03 -4.075061995536088943e-03 1.172033667564392090e+00
2.896721009165048599e-03 -5.559435579925775528e-03 1.159127473831176758e+00
5.831521470099687576e-03 -6.448306143283843994e-03 1.155648231506347656e+00
5.162280518561601639e-03 -5.783628672361373901e-03 1.149410247802734375e+00
5.273233633488416672e-03 -6.662692409008741379e-03 1.127301454544067383e+00
5.761282052844762802e-03 -9.966012090444564819e-03 1.114438652992248535e+00
4.078702069818973541e-03 -1.178956776857376099e-02 1.101518273353576660e+00
5.327587947249412537e-03 -1.201868150383234024e-02 1.095962285995483398e+00
7.342567201703786850e-03 -1.219803187996149063e-02 1.117733955383300781e+00
1.053598430007696152e-02 -1.110489014536142349e-02 1.147986650466918945e+00
9.354013018310070038e-03 -1.137358974665403366e-02 1.118685722351074219e+00
1.086423266679048538e-02 -1.242930069565773010e-02 1.101432681083679199e+00
1.060789171606302261e-02 -1.378878299146890640e-02 1.103559017181396484e+00
1.034867297857999802e-02 -1.609898917376995087e-02 1.108554363250732422e+00
1.026820950210094452e-02 -1.653547398746013641e-02 1.121636509895324707e+00
1.230094302445650101e-02 -1.699261367321014404e-02 1.146854758262634277e+00
1.549539156258106232e-02 -1.834524981677532196e-02 1.155698418617248535e+00
1.167256617918610573e-03 -1.436307560652494431e-02 1.127485036849975586e+00
1.162581145763397217e-03 -9.244169108569622040e-03 1.122489571571350098e+00
-2.763235941529273987e-03 -7.032542023807764053e-03 1.115027189254760742e+00
-1.673705177381634712e-03 -9.331256151199340820e-03 1.120895028114318848e+00
2.841121749952435493e-03 -7.388905156403779984e-03 1.134636759757995605e+00
-4.259402630850672722e-04 -4.183260723948478699e-03 1.130911231040954590e+00
-3.381384303793311119e-03 -3.454384859651327133e-03 1.112737774848937988e+00
-6.717158947139978409e-03 -2.797576133161783218e-03 1.115674972534179688e+00
-4.726550541818141937e-03 -5.262333434075117111e-03 1.115317821502685547e+00
2.887145616114139557e-03 -1.625012233853340149e-02 1.138804078102111816e+00
1.077326294034719467e-02 -2.083965018391609192e-02 1.192508935928344727e+00
1.078228373080492020e-02 -2.030698768794536591e-02 1.183695673942565918e+00
8.216790854930877686e-03 -1.811977848410606384e-02 1.177681207656860352e+00
1.995815429836511612e-03 -1.359209604561328888e-02 1.156111359596252441e+00
1.618842245079576969e-03 -1.617460139095783234e-02 1.146210908889770508e+00
7.589999120682477951e-03 -1.948744617402553558e-02 1.180714368820190430e+00
7.217142730951309204e-03 -2.194069698452949524e-02 1.190649509429931641e+00
9.114428423345088959e-03 -2.122845128178596497e-02 1.226757526397705078e+00
5.916855297982692719e-03 -1.959649845957756042e-02 1.215594530105590820e+00
5.603841971606016159e-03 -1.939621195197105408e-02 1.172368526458740234e+00
4.574731457978487015e-03 -1.796579919755458832e-02 1.174827814102172852e+00
3.614770248532295227e-03 -1.747114956378936768e-02 1.186182975769042969e+00
4.132096190005540848e-03 -1.763769611716270447e-02 1.161289334297180176e+00
6.911083590239286423e-03 -1.744249649345874786e-02 1.155077219009399414e+00
4.866364877671003342e-03 -1.670992001891136169e-02 1.172585964202880859e+00
5.243950523436069489e-03 -1.654459349811077118e-02 1.186563014984130859e+00
1.954259118065237999e-03 -1.495660934597253799e-02 1.186452388763427734e+00
4.290374461561441422e-03 -1.492698770016431808e-02 1.164528608322143555e+00
4.107535351067781448e-03 -1.796052604913711548e-02 1.161603569984436035e+00
8.290162310004234314e-03 -1.887351833283901215e-02 1.177104234695434570e+00
4.687000066041946411e-03 -1.978200674057006836e-02 1.174736499786376953e+00
4.303866997361183167e-03 -1.929567940533161163e-02 1.167325139045715332e+00
6.305680144578218460e-03 -2.115793712437152863e-02 1.133844614028930664e+00
1.020815316587686539e-02 -2.449368685483932495e-02 1.113874197006225586e+00
8.330181241035461426e-03 -2.500700019299983978e-02 1.117107629776000977e+00
4.846303258091211319e-03 -2.424567379057407379e-02 1.117006301879882812e+00
5.432343110442161560e-03 -2.250646986067295074e-02 1.123224973678588867e+00
8.087707683444023132e-03 -2.219992503523826599e-02 1.106930851936340332e+00
8.174866437911987305e-03 -2.189471200108528137e-02 1.117723703384399414e+00
8.039506152272224426e-03 -2.166263200342655182e-02 1.130576252937316895e+00
8.130690082907676697e-03 -2.204799465835094452e-02 1.125537872314453125e+00
1.010522898286581039e-02 -2.450920641422271729e-02 1.129442811012268066e+00
6.598612759262323380e-03 -2.417313680052757263e-02 1.129611611366271973e+00
1.058317162096500397e-02 -2.762306667864322662e-02 1.122157454490661621e+00
9.428355842828750610e-03 -2.729264087975025177e-02 1.124030709266662598e+00
1.072509493678808212e-02 -2.643852867186069489e-02 1.124098420143127441e+00
1.147268526256084442e-02 -2.668972872197628021e-02 1.117382764816284180e+00
1.332493871450424194e-02 -2.792806737124919891e-02 1.131034731864929199e+00
1.040993444621562958e-02 -2.757459133863449097e-02 1.132673740386962891e+00
1.112569402903318405e-02 -2.540816180408000946e-02 1.152072310447692871e+00
1.217131223529577255e-02 -2.694463171064853668e-02 1.151390314102172852e+00
1.057650428265333176e-02 -2.896259166300296783e-02 1.130788326263427734e+00
1.302722096443176270e-02 -3.044387139379978180e-02 1.124985337257385254e+00
1.232795976102352142e-02 -2.962079085409641266e-02 1.144752860069274902e+00
1.088303048163652420e-02 -2.704508975148200989e-02 1.160418629646301270e+00
7.339035626500844955e-03 -2.590674720704555511e-02 1.164619684219360352e+00
9.336395189166069031e-03 -2.692080102860927582e-02 1.155255556106567383e+00
1.011619903147220612e-02 -3.003659285604953766e-02 1.140202641487121582e+00
6.257522385567426682e-03 -2.986414916813373566e-02 1.139967083930969238e+00
4.504960961639881134e-03 -2.994379401206970215e-02 1.145885705947875977e+00
6.246264558285474777e-03 -2.886334434151649475e-02 1.176756739616394043e+00
7.501719519495964050e-03 -2.892804518342018127e-02 1.173385620117187500e+00
5.053756292909383774e-03 -2.719115652143955231e-02 1.145464539527893066e+00
7.717060390859842300e-03 -2.954833209514617920e-02 1.128657221794128418e+00
8.893232792615890503e-03 -2.840103209018707275e-02 1.134311676025390625e+00
5.779562518000602722e-03 -2.814646810293197632e-02 1.123515963554382324e+00
5.148786120116710663e-03 -2.873642928898334503e-02 1.105520486831665039e+00
4.480427596718072891e-03 -2.796457149088382721e-02 1.108377099037170410e+00
8.981480263173580170e-03 -2.968654781579971313e-02 1.116421461105346680e+00
8.768659085035324097e-03 -2.947131544351577759e-02 1.129239916801452637e+00
5.753910169005393982e-03 -2.931850589811801910e-02 1.124367475509643555e+00
4.695526789873838425e-03 -2.813555486500263214e-02 1.115133643150329590e+00
3.716843435540795326e-03 -2.702240459620952606e-02 1.108685851097106934e+00
6.139931734651327133e-03 -2.879379503428936005e-02 1.102489590644836426e+00
4.256256856024265289e-03 -2.879344299435615540e-02 1.109530091285705566e+00
6.637230981141328812e-03 -2.765410766005516052e-02 1.124859094619750977e+00
4.369834903627634048e-03 -2.743033692240715027e-02 1.114367604255676270e+00
6.812805309891700745e-03 -3.015483170747756958e-02 1.105136632919311523e+00
6.025347858667373657e-03 -2.931688912212848663e-02 1.111902356147766113e+00
9.171192534267902374e-03 -2.871887944638729095e-02 1.110960721969604492e+00
1.118743047118186951e-02 -2.849092520773410797e-02 1.119690895080566406e+00
9.710250422358512878e-03 -2.840559929609298706e-02 1.129217743873596191e+00
1.106343790888786316e-02 -2.901618368923664093e-02 1.130582094192504883e+00
9.958654642105102539e-03 -2.787756733596324921e-02 1.122107744216918945e+00
1.345018576830625534e-02 -2.898181974887847900e-02 1.130928754806518555e+00
1.160294748842716217e-02 -2.954904735088348389e-02 1.147287964820861816e+00
9.165006689727306366e-03 -3.106497041881084442e-02 1.142022013664245605e+00
5.927521269768476486e-03 -2.863045036792755127e-02 1.151874542236328125e+00
5.509991198778152466e-03 -2.810461819171905518e-02 1.159563422203063965e+00
7.754798512905836105e-03 -2.966897934675216675e-02 1.149966716766357422e+00
7.832684554159641266e-03 -3.018117882311344147e-02 1.135142326354980469e+00
7.262581959366798401e-03 -2.923228591680526733e-02 1.142157673835754395e+00
6.952849216759204865e-03 -2.923701331019401550e-02 1.138929724693298340e+00
8.005448617041110992e-03 -2.906768582761287689e-02 1.165013194084167480e+00
4.562803078442811966e-03 -2.899847179651260376e-02 1.154356360435485840e+00
8.556624874472618103e-03 -2.877328358590602875e-02 1.131467700004577637e+00
6.626691669225692749e-03 -2.897045016288757324e-02 1.117104053497314453e+00
1.344058196991682053e-02 -3.041939064860343933e-02 1.127756595611572266e+00
6.441145204007625580e-03 -2.744283154606819153e-02 1.127064108848571777e+00
7.532822433859109879e-03 -2.746478281915187836e-02 1.138424754142761230e+00
7.978027686476707458e-03 -2.891895174980163574e-02 1.118925094604492188e+00
4.239121451973915100e-03 -2.931739203631877899e-02 1.104041576385498047e+00
7.070913910865783691e-03 -3.028435632586479187e-02 1.116481065750122070e+00
5.694338586181402206e-03 -2.941767871379852295e-02 1.110172271728515625e+00
1.281726174056529999e-03 -2.739290893077850342e-02 1.108419418334960938e+00
6.288128904998302460e-03 -2.805122919380664825e-02 1.122011780738830566e+00
9.542907588183879852e-03 -2.776675671339035034e-02 1.140061616897583008e+00
5.357171408832073212e-03 -2.714631520211696625e-02 1.141847848892211914e+00
7.121308706700801849e-03 -2.872509323060512543e-02 1.115399599075317383e+00
1.830097986385226250e-03 -3.015280701220035553e-02 1.085395932197570801e+00
2.110256813466548920e-03 -2.903798967599868774e-02 1.080529928207397461e+00
4.797056782990694046e-03 -2.865229733288288116e-02 1.075020074844360352e+00
4.504174459725618362e-03 -2.760453894734382629e-02 1.074080944061279297e+00
9.912413544952869415e-03 -2.953921817243099213e-02 1.079401254653930664e+00
9.561083279550075531e-03 -2.881131693720817566e-02 1.079353213310241699e+00
1.134858187288045883e-02 -2.896455861628055573e-02 1.086978554725646973e+00
1.101640891283750534e-02 -2.735460922122001648e-02 1.090586543083190918e+00
1.590964384377002716e-02 -2.604952827095985413e-02 1.096656084060668945e+00
1.252888329327106476e-02 -2.559403516352176666e-02 1.083826303482055664e+00
2.164078690111637115e-02 -2.618741616606712341e-02 1.117256045341491699e+00
1.803510822355747223e-02 -2.686991728842258453e-02 1.146319627761840820e+00
1.542650721967220306e-02 -2.608064375817775726e-02 1.183346509933471680e+00
1.731317490339279175e-02 -2.644070237874984741e-02 1.181246161460876465e+00
2.093563601374626160e-02 -2.730189822614192963e-02 1.229507684707641602e+00
1.574238575994968414e-02 -2.550170011818408966e-02 1.210821986198425293e+00
1.908067241311073303e-02 -2.656494453549385071e-02 1.183815002441406250e+00
1.897468790411949158e-02 -2.775574475526809692e-02 1.128648042678833008e+00
1.421969663351774216e-02 -2.622703835368156433e-02 1.106624603271484375e+00
1.573838479816913605e-02 -2.664892747998237610e-02 1.123742461204528809e+00
1.272277161478996277e-02 -2.642073854804039001e-02 1.116744279861450195e+00
1.301022339612245560e-02 -2.534419298171997070e-02 1.137343883514404297e+00
1.406113710254430771e-02 -2.560012042522430420e-02 1.149361610412597656e+00
1.647028513252735138e-02 -2.578509226441383362e-02 1.146220922470092773e+00
1.842865906655788422e-02 -2.531629428267478943e-02 1.135205507278442383e+00
1.613449305295944214e-02 -2.694154903292655945e-02 1.123650312423706055e+00
1.756138913333415985e-02 -2.587707899510860443e-02 1.127336621284484863e+00
1.476253662258386612e-02 -2.450860850512981415e-02 1.112092614173889160e+00
1.407024729996919632e-02 -2.457341738045215607e-02 1.123119711875915527e+00
1.477730460464954376e-02 -2.688744477927684784e-02 1.122379541397094727e+00
1.521382667124271393e-02 -2.663966640830039978e-02 1.124823689460754395e+00
1.050728093832731247e-02 -2.659264579415321350e-02 1.104921579360961914e+00
1.219970919191837311e-02 -2.688266523182392120e-02 1.097221136093139648e+00
1.649023965001106262e-02 -2.695054933428764343e-02 1.106024146080017090e+00
1.805995404720306396e-02 -2.784431912004947662e-02 1.095450043678283691e+00
1.716704107820987701e-02 -2.815917320549488068e-02 1.075747847557067871e+00
1.554397493600845337e-02 -2.646159194409847260e-02 1.077868342399597168e+00
1.567741483449935913e-02 -2.623147517442703247e-02 1.080918669700622559e+00
1.656168140470981598e-02 -2.565755322575569153e-02 1.065954804420471191e+00
1.486721727997064590e-02 -2.466204762458801270e-02 1.063281178474426270e+00
1.483413390815258026e-02 -2.517929486930370331e-02 1.084134697914123535e+00
1.312994863837957382e-02 -2.530561573803424835e-02 1.094411730766296387e+00
1.627643406391143799e-02 -2.392360381782054901e-02 1.096596121788024902e+00
1.675117760896682739e-02 -2.629021555185317993e-02 1.062012076377868652e+00
1.742661744356155396e-02 -2.713730931282043457e-02 1.038914918899536133e+00
1.604636944830417633e-02 -2.665799483656883240e-02 1.023098230361938477e+00
1.065343152731657028e-02 -2.341329865157604218e-02 1.030211210250854492e+00
7.172211073338985443e-03 -2.112152799963951111e-02 1.046143054962158203e+00
7.230281829833984375e-03 -2.258615568280220032e-02 1.053001403808593750e+00
6.631467025727033615e-03 -2.241511642932891846e-02 1.055850863456726074e+00
9.820453822612762451e-03 -2.237389981746673584e-02 1.043823719024658203e+00
9.542488493025302887e-03 -2.244019880890846252e-02 1.038582563400268555e+00
9.250258095562458038e-03 -2.245983853936195374e-02 1.035671710968017578e+00
9.148681536316871643e-03 -2.169774845242500305e-02 1.026430487632751465e+00
3.497381461784243584e-03 -2.095505036413669586e-02 1.019733786582946777e+00
7.569618523120880127e-03 -1.827793754637241364e-02 1.053519368171691895e+00
4.516174551099538803e-03 -1.745321415364742279e-02 1.050049543380737305e+00
4.000866319984197617e-03 -1.701205037534236908e-02 1.061167955398559570e+00
3.611113876104354858e-03 -1.932630129158496857e-02 1.063199996948242188e+00
9.456174448132514954e-03 -2.066349238157272339e-02 1.069308876991271973e+00
6.294330116361379623e-03 -2.217554673552513123e-02 1.060947179794311523e+00
9.346238337457180023e-03 -2.090320736169815063e-02 1.067694544792175293e+00
1.171702332794666290e-02 -2.105796709656715393e-02 1.068999767303466797e+00
7.757402490824460983e-03 -2.120281010866165161e-02 1.063926219940185547e+00
1.376590132713317871e-02 -2.243796736001968384e-02 1.058149218559265137e+00
9.496644139289855957e-03 -2.029591612517833710e-02 1.058676838874816895e+00
8.103608153760433197e-03 -2.122151665389537811e-02 1.034081697463989258e+00
2.601349260658025742e-03 -2.061959542334079742e-02 1.013146996498107910e+00
3.390650497749447823e-03 -1.970247365534305573e-02 1.026512861251831055e+00
2.939477097243070602e-03 -1.672035083174705505e-02 1.033169269561767578e+00
2.929644891992211342e-03 -1.746544986963272095e-02 1.060301899909973145e+00
3.857580712065100670e-03 -1.990540511906147003e-02 1.090171575546264648e+00
7.906682789325714111e-03 -2.157978340983390808e-02 1.104405999183654785e+00
7.536767050623893738e-03 -2.046694234013557434e-02 1.095346212387084961e+00
5.355179309844970703e-03 -2.036041393876075745e-02 1.077625870704650879e+00
6.538782268762588501e-03 -1.946576870977878571e-02 1.057736515998840332e+00
9.351447224617004395e-03 -1.883617602288722992e-02 1.049596786499023438e+00
5.828985478729009628e-03 -2.326754294335842133e-02 1.038877129554748535e+00
8.372453041374683380e-03 -2.350283600389957428e-02 1.032892584800720215e+00
9.267760440707206726e-03 -2.280164696276187897e-02 1.050388693809509277e+00
1.071455143392086029e-02 -2.471163682639598846e-02 1.034499049186706543e+00
1.300251577049493790e-02 -2.657400257885456085e-02 1.001824617385864258e+00
9.864969179034233093e-03 -2.418422326445579529e-02 9.813203811645507812e-01
1.473963912576436996e-02 -2.236806415021419525e-02 9.937682747840881348e-01
1.380788255482912064e-02 -1.608172059059143066e-02 1.002370595932006836e+00
1.991546526551246643e-02 -1.372542232275009155e-02 9.817807674407958984e-01
1.476913876831531525e-02 -1.447877753525972366e-02 9.678890705108642578e-01
1.826812140643596649e-02 -1.702127233147621155e-02 9.486878514289855957e-01
1.147087942808866501e-02 -2.113878726959228516e-02 9.746577143669128418e-01
1.313506159931421280e-02 -2.462946996092796326e-02 9.948460459709167480e-01
1.166744902729988098e-02 -1.979884132742881775e-02 9.722402691841125488e-01
1.306488271802663803e-02 -2.172912470996379852e-02 9.641024470329284668e-01
1.583686657249927521e-02 -2.361711673438549042e-02 9.375755786895751953e-01
1.514267083257436752e-02 -2.370114065706729889e-02 9.492081999778747559e-01
1.560329645872116089e-02 -2.216778136789798737e-02 9.645268321037292480e-01
1.518425531685352325e-02 -2.033480443060398102e-02 9.503213167190551758e-01
1.227689348161220551e-02 -1.862676627933979034e-02 9.416977167129516602e-01
1.178640313446521759e-02 -2.119166217744350433e-02 9.180559515953063965e-01
1.299864333122968674e-02 -2.099986746907234192e-02 9.058007001876831055e-01
1.801793836057186127e-02 -2.297995053231716156e-02 9.070484042167663574e-01
1.602624543011188507e-02 -2.214150503277778625e-02 9.168175458908081055e-01
1.377980597317218781e-02 -2.103206515312194824e-02 9.226731657981872559e-01
8.729077875614166260e-03 -1.911609433591365814e-02 9.407969117164611816e-01
8.380602113902568817e-03 -1.936610415577888489e-02 9.454587101936340332e-01
9.609908796846866608e-03 -1.821308955550193787e-02 9.329901933670043945e-01
1.472488418221473694e-02 -1.719489134848117828e-02 9.324292540550231934e-01
1.289956737309694290e-02 -1.863659545779228210e-02 9.193140864372253418e-01
1.236233767122030258e-02 -2.162142843008041382e-02 9.269485473632812500e-01
1.224637217819690704e-02 -2.293929271399974823e-02 9.442087411880493164e-01
1.538165379315614700e-02 -2.345719560980796814e-02 9.510830640792846680e-01
1.566498354077339172e-02 -2.384294196963310242e-02 9.384362101554870605e-01
1.458441186696290970e-02 -2.407662570476531982e-02 9.562625885009765625e-01
1.209757197648286819e-02 -2.103685401380062103e-02 9.690723419189453125e-01
1.564273051917552948e-02 -2.463316731154918671e-02 1.001239418983459473e+00
1.211404427886009216e-02 -2.832311578094959259e-02 1.037494421005249023e+00
4.339235369116067886e-03 -3.058240748941898346e-02 1.040311455726623535e+00
1.050748210400342941e-02 -2.917416580021381378e-02 1.059157490730285645e+00
1.063358038663864136e-02 -2.849073894321918488e-02 1.064425587654113770e+00
1.390969473868608475e-02 -2.807827107608318329e-02 1.075919032096862793e+00
1.062468439340591431e-02 -2.877310663461685181e-02 1.041494250297546387e+00
1.225056499242782593e-02 -2.968451380729675293e-02 1.020914793014526367e+00
1.171829737722873688e-02 -2.866674773395061493e-02 1.015038490295410156e+00
1.324797049164772034e-02 -2.423346973955631256e-02 1.016269326210021973e+00
1.254780218005180359e-02 -2.417329140007495880e-02 9.989826679229736328e-01
1.331321615725755692e-02 -3.169181197881698608e-02 9.778150916099548340e-01
1.707949861884117126e-02 -3.257669508457183838e-02 9.952632784843444824e-01
1.219691708683967590e-02 -2.957419306039810181e-02 9.810578823089599609e-01
1.355476211756467819e-02 -2.494600787758827209e-02 9.823443889617919922e-01
1.272139232605695724e-02 -2.298915013670921326e-02 1.016388773918151855e+00
1.276382897049188614e-02 -2.225974574685096741e-02 1.034725189208984375e+00
1.239186152815818787e-02 -2.257565967738628387e-02 1.034249067306518555e+00
1.063584815710783005e-02 -1.987322978675365448e-02 1.025255441665649414e+00
6.204338278621435165e-03 -1.838983781635761261e-02 1.010584950447082520e+00
6.881450768560171127e-03 -1.615414582192897797e-02 1.005420565605163574e+00
5.529437679797410965e-03 -1.670869067311286926e-02 1.004405021667480469e+00
7.194594014436006546e-03 -1.694316044449806213e-02 1.034025907516479492e+00
9.487462230026721954e-03 -1.682830788195133209e-02 1.052706122398376465e+00
1.038263645023107529e-02 -1.715544797480106354e-02 1.067963957786560059e+00
1.503745373338460922e-02 -1.938753761351108551e-02 1.092018842697143555e+00
1.088096015155315399e-02 -2.172115631401538849e-02 1.081012845039367676e+00
1.213789544999599457e-02 -2.019645459949970245e-02 1.093450427055358887e+00
1.388830225914716721e-02 -2.136353217065334320e-02 1.117840647697448730e+00
1.344178523868322372e-02 -1.948756352066993713e-02 1.168254971504211426e+00
1.172517798840999603e-02 -1.741481013596057892e-02 1.185350656509399414e+00
1.131186261773109436e-02 -1.727749966084957123e-02 1.151683688163757324e+00
1.202012971043586731e-02 -1.755836978554725647e-02 1.113645076751708984e+00
1.862460374832153320e-02 -2.019285596907138824e-02 1.096605777740478516e+00
2.281962521374225616e-02 -2.138192579150199890e-02 1.089323639869689941e+00
1.858751289546489716e-02 -2.426256425678730011e-02 1.063777923583984375e+00
1.466600503772497177e-02 -2.491504140198230743e-02 1.048967361450195312e+00
1.515194866806268692e-02 -2.202790230512619019e-02 1.044468402862548828e+00
1.646598614752292633e-02 -2.241383306682109833e-02 1.070248007774353027e+00
2.083545736968517303e-02 -2.145810611546039581e-02 1.089002728462219238e+00
1.929127052426338196e-02 -2.169548347592353821e-02 1.067032098770141602e+00
1.835472881793975830e-02 -2.225953713059425354e-02 1.038780212402343750e+00
1.675501838326454163e-02 -2.220861613750457764e-02 1.029677629470825195e+00
1.311590336263179779e-02 -2.228440530598163605e-02 1.045598864555358887e+00
1.212480757385492325e-02 -2.125697024166584015e-02 1.065361738204956055e+00
1.265708077698945999e-02 -2.117572911083698273e-02 1.075747966766357422e+00
9.775827638804912567e-03 -2.131913043558597565e-02 1.075821280479431152e+00
9.365540929138660431e-03 -2.034896053373813629e-02 1.101806521415710449e+00
1.148984488099813461e-02 -2.050353027880191803e-02 1.124888658523559570e+00
1.328471861779689789e-02 -1.871057413518428802e-02 1.101811408996582031e+00
1.228473801165819168e-02 -1.693597622215747833e-02 1.020640850067138672e+00
8.906140923500061035e-03 -1.747996360063552856e-02 9.563532471656799316e-01
1.410154253244400024e-02 -2.096618339419364929e-02 1.014775633811950684e+00
1.948992908000946045e-02 -2.083858102560043335e-02 1.069724202156066895e+00
1.780177466571331024e-02 -1.873460970818996429e-02 1.046581268310546875e+00
1.522333733737468719e-02 -1.892069168388843536e-02 1.080047726631164551e+00
1.401773374527692795e-02 -2.074153162539005280e-02 1.096090793609619141e+00
1.758942194283008575e-02 -1.811100356280803680e-02 1.081997275352478027e+00
1.805851608514785767e-02 -1.619223691523075104e-02 1.057269692420959473e+00
1.927802339196205139e-02 -1.779752597212791443e-02 1.028929710388183594e+00
1.603769510984420776e-02 -1.682967133820056915e-02 1.017394185066223145e+00
1.349946670234203339e-02 -1.638797111809253693e-02 1.024428844451904297e+00
1.115142460912466049e-02 -1.686208136379718781e-02 1.021357893943786621e+00
9.968136437237262726e-03 -1.539630722254514694e-02 1.002683281898498535e+00
1.041940413415431976e-02 -1.422552019357681274e-02 9.703941941261291504e-01
9.541979059576988220e-03 -1.530037540942430496e-02 9.523465633392333984e-01
1.242432836443185806e-02 -1.560045592486858368e-02 9.437648653984069824e-01
1.117029134184122086e-02 -1.602962799370288849e-02 9.626736044883728027e-01
1.431920193135738373e-02 -1.569085195660591125e-02 9.790294170379638672e-01
1.839531399309635162e-02 -1.406028773635625839e-02 1.026696085929870605e+00
1.697853393852710724e-02 -1.843962445855140686e-02 9.901472330093383789e-01
1.649940386414527893e-02 -1.962043903768062592e-02 9.993957281112670898e-01
1.591723784804344177e-02 -1.815385930240154266e-02 9.764437675476074219e-01
1.987788639962673187e-02 -1.607792451977729797e-02 9.881674051284790039e-01
1.868606731295585632e-02 -1.827891357243061066e-02 9.949434995651245117e-01
1.538108102977275848e-02 -2.168029733002185822e-02 9.903754591941833496e-01
1.641681604087352753e-02 -2.289815433323383331e-02 9.899730682373046875e-01
2.079116366803646088e-02 -2.479942701756954193e-02 9.996854662895202637e-01
2.603685297071933746e-02 -2.562587521970272064e-02 9.965239167213439941e-01
2.386173605918884277e-02 -2.867415174841880798e-02 9.889513850212097168e-01
2.601026371121406555e-02 -2.689975127577781677e-02 9.877868890762329102e-01
2.133076637983322144e-02 -2.481982484459877014e-02 9.185217022895812988e-01
2.244433574378490448e-02 -2.289684303104877472e-02 9.001346230506896973e-01
2.277834899723529816e-02 -2.079834789037704468e-02 8.932524323463439941e-01
1.842086017131805420e-02 -2.158530801534652710e-02 8.859890699386596680e-01
1.870051398873329163e-02 -2.071199566125869751e-02 8.785806298255920410e-01
2.255108021199703217e-02 -1.949472725391387939e-02 8.999134898185729980e-01
1.912763342261314392e-02 -2.055381983518600464e-02 9.444141387939453125e-01
1.728589273989200592e-02 -1.929269917309284210e-02 9.249012470245361328e-01
1.512242294847965240e-02 -1.615844294428825378e-02 8.943956494331359863e-01
1.439048163592815399e-02 -1.632204838097095490e-02 8.089916110038757324e-01
1.367760170251131058e-02 -1.309595350176095963e-02 7.774892449378967285e-01
1.592712104320526123e-02 -1.344019081443548203e-02 8.122661709785461426e-01
2.227769047021865845e-02 -1.589667610824108124e-02 8.774036169052124023e-01
2.622353658080101013e-02 -1.971443183720111847e-02 9.315739274024963379e-01
2.844880893826484680e-02 -2.260062471032142639e-02 9.164864420890808105e-01
2.645933814346790314e-02 -2.057098411023616791e-02 9.418323636054992676e-01
2.409451082348823547e-02 -2.033204585313796997e-02 9.444343447685241699e-01
1.879394426941871643e-02 -2.084904909133911133e-02 9.304413795471191406e-01
1.374187506735324860e-02 -2.086264640092849731e-02 9.359766244888305664e-01
8.780548349022865295e-03 -2.128233015537261963e-02 9.604945778846740723e-01
9.117489680647850037e-03 -2.377492375671863556e-02 9.665305614471435547e-01
1.163212489336729050e-02 -2.422870509326457977e-02 9.686274528503417969e-01
6.200821604579687119e-03 -2.371648885309696198e-02 9.861630201339721680e-01
7.461663801223039627e-03 -2.306605130434036255e-02 9.971578121185302734e-01
1.337053813040256500e-02 -2.108071930706501007e-02 9.690456986427307129e-01
1.483790948987007141e-02 -1.891507022082805634e-02 9.740027785301208496e-01
1.224675308912992477e-02 -1.977661624550819397e-02 1.001673579216003418e+00
1.013533212244510651e-02 -2.153949066996574402e-02 1.017753601074218750e+00
1.273523177951574326e-02 -2.016013860702514648e-02 1.010551810264587402e+00
1.043274626135826111e-02 -1.974074169993400574e-02 9.876850247383117676e-01
7.961588911712169647e-03 -2.095837518572807312e-02 9.873824715614318848e-01
7.476022001355886459e-03 -2.183734625577926636e-02 9.349671602249145508e-01
4.940679762512445450e-03 -2.481075003743171692e-02 9.239457249641418457e-01
-2.960765734314918518e-03 -2.536428533494472504e-02 9.340186715126037598e-01
6.463113706558942795e-03 -2.161347493529319763e-02 9.536983370780944824e-01
5.970837082713842392e-03 -1.727585680782794952e-02 9.868171215057373047e-01
8.628221228718757629e-03 -1.556961145251989365e-02 1.006960511207580566e+00
1.127571705728769302e-02 -1.706898957490921021e-02 9.826374650001525879e-01
1.092419493943452835e-02 -1.850486174225807190e-02 9.350878596305847168e-01
1.243445090949535370e-02 -1.811467111110687256e-02 9.344286918640136719e-01
1.905733160674571991e-02 -1.468715164810419083e-02 9.986844062805175781e-01
1.713872514665126801e-02 -1.984929107129573822e-02 1.045896530151367188e+00
1.207615062594413757e-02 -2.304832078516483307e-02 1.037010788917541504e+00
9.648425504565238953e-03 -2.437501400709152222e-02 9.728711247444152832e-01
1.445607468485832214e-02 -2.130221202969551086e-02 9.862409830093383789e-01
9.348165243864059448e-03 -1.832299120724201202e-02 1.009389638900756836e+00
1.010940410196781158e-02 -2.117048949003219604e-02 9.218687415122985840e-01
1.962906122207641602e-02 -1.770198158919811249e-02 8.930746912956237793e-01
1.688502728939056396e-02 -1.736631803214550018e-02 8.694868087768554688e-01
1.539407856762409210e-02 -1.592243090271949768e-02 8.979664444923400879e-01
1.751184836030006409e-02 -1.360356621444225311e-02 9.744089245796203613e-01
1.484440173953771591e-02 -1.312861125916242599e-02 9.566615223884582520e-01
1.226446311920881271e-02 -1.260072737932205200e-02 9.595144987106323242e-01
1.387959811836481094e-02 -1.149083487689495087e-02 9.918081760406494141e-01
1.682215556502342224e-02 -9.291278198361396790e-03 9.779710173606872559e-01
1.782295852899551392e-02 -9.113248437643051147e-03 9.764969944953918457e-01
2.076815068721771240e-02 -9.368522092700004578e-03 9.427157640457153320e-01
2.548334188759326935e-02 -1.519694738090038300e-02 8.886233568191528320e-01
2.945440262556076050e-02 -2.050995640456676483e-02 9.219537377357482910e-01
1.857903040945529938e-02 -2.259276993572711945e-02 9.250975847244262695e-01
8.805046789348125458e-03 -2.248371765017509460e-02 9.543908834457397461e-01
9.989804588258266449e-03 -1.764211431145668030e-02 9.639906287193298340e-01
6.995950359851121902e-03 -1.351503469049930573e-02 9.718415141105651855e-01
1.015973277390003204e-02 -1.588826440274715424e-02 9.751156568527221680e-01
1.231545582413673401e-02 -1.856946572661399841e-02 9.438927173614501953e-01
1.686193048954010010e-02 -1.858424022793769836e-02 9.173708558082580566e-01
1.939725503325462341e-02 -1.825605332851409912e-02 8.810048103332519531e-01
1.378061063587665558e-02 -1.925287581980228424e-02 8.733851909637451172e-01
1.560268085449934006e-02 -1.650005020201206207e-02 8.814194798469543457e-01
1.810250617563724518e-02 -1.315872091799974442e-02 8.896292448043823242e-01
1.803297922015190125e-02 -1.211321074515581131e-02 8.673291206359863281e-01
1.440435089170932770e-02 -1.507109310477972031e-02 8.880059719085693359e-01
1.215370651334524155e-02 -2.325585857033729553e-02 9.047456979751586914e-01
1.122738886624574661e-02 -2.330003120005130768e-02 9.208257794380187988e-01
1.491805911064147949e-02 -2.198188938200473785e-02 8.782129883766174316e-01
1.960074156522750854e-02 -1.732921786606311798e-02 8.625361919403076172e-01
2.383467741310596466e-02 -1.615376584231853485e-02 8.813557028770446777e-01
2.397034876048564911e-02 -1.780640520155429840e-02 9.013127088546752930e-01
2.480512484908103943e-02 -1.834426447749137878e-02 9.377775192260742188e-01
2.049445733428001404e-02 -1.773045584559440613e-02 9.279170036315917969e-01
1.665214076638221741e-02 -1.770631223917007446e-02 9.042999744415283203e-01
1.204683352261781693e-02 -1.664121821522712708e-02 9.485816955566406250e-01
1.176614779978990555e-02 -1.369398180395364761e-02 9.739981889724731445e-01
1.404480729252099991e-02 -1.201640535145998001e-02 9.363316297531127930e-01
1.665659062564373016e-02 -1.626457646489143372e-02 9.331479072570800781e-01
1.560553815215826035e-02 -1.724168844521045685e-02 9.311066865921020508e-01
1.681653596460819244e-02 -2.116877399384975433e-02 8.829380869865417480e-01
1.268007792532444000e-02 -2.096952497959136963e-02 9.007546305656433105e-01
1.044640783220529556e-02 -2.191764861345291138e-02 9.250041842460632324e-01
1.030128728598356247e-02 -2.243220247328281403e-02 9.292230606079101562e-01
6.212716456502676010e-03 -1.814827695488929749e-02 9.630972743034362793e-01
4.155859816819429398e-03 -1.730513386428356171e-02 9.905006885528564453e-01
1.631172373890876770e-03 -1.830240897834300995e-02 9.851008653640747070e-01
4.422796424478292465e-03 -1.664796471595764160e-02 9.251134395599365234e-01
8.906708098948001862e-03 -1.592154242098331451e-02 9.181535840034484863e-01
4.535734653472900391e-03 -1.709517277777194977e-02 9.467287063598632812e-01
8.548928424715995789e-03 -1.879727281630039215e-02 9.298591017723083496e-01
8.476869203150272369e-03 -1.848432421684265137e-02 9.436442255973815918e-01
7.715146057307720184e-03 -1.658971980214118958e-02 9.714527726173400879e-01
5.655040498822927475e-03 -1.569118723273277283e-02 9.542860984802246094e-01
4.415840376168489456e-03 -1.636362634599208832e-02 9.678622484207153320e-01
2.197237918153405190e-03 -2.063602209091186523e-02 9.541826844215393066e-01
5.958640482276678085e-03 -2.270939759910106659e-02 9.383200407028198242e-01
7.866425439715385437e-03 -2.281652763485908508e-02 9.513720870018005371e-01
8.319636806845664978e-03 -2.006590552628040314e-02 9.293265342712402344e-01
8.234573528170585632e-03 -1.964830607175827026e-02 9.319181442260742188e-01
3.948878962546586990e-03 -2.112789265811443329e-02 9.509057402610778809e-01
1.019693445414304733e-03 -2.255583554506301880e-02 9.422175884246826172e-01
5.734206177294254303e-03 -2.294413745403289795e-02 9.676410555839538574e-01
4.574881400913000107e-03 -2.397669106721878052e-02 1.010573267936706543e+00
8.508257567882537842e-03 -2.506158128380775452e-02 1.018881916999816895e+00
9.232846088707447052e-03 -2.271773666143417358e-02 1.047522544860839844e+00
9.423348121345043182e-03 -2.205832488834857941e-02 1.004111528396606445e+00
1.432517915964126587e-02 -2.449361234903335571e-02 9.914182424545288086e-01
1.081767212599515915e-02 -2.412322722375392914e-02 9.850945472717285156e-01
7.620923221111297607e-03 -2.360840886831283569e-02 9.780483841896057129e-01
8.084942586719989777e-03 -2.274910360574722290e-02 9.841421246528625488e-01
2.269117394462227821e-03 -2.248017676174640656e-02 1.051689982414245605e+00
8.000967092812061310e-03 -2.410903759300708771e-02 1.054734230041503906e+00
6.238700356334447861e-03 -2.329566702246665955e-02 9.982429146766662598e-01
1.255539711564779282e-02 -2.051396295428276062e-02 9.491349458694458008e-01
1.130575221031904221e-02 -1.821243204176425934e-02 9.295668005943298340e-01
7.532815448939800262e-03 -1.713613048195838928e-02 9.164137244224548340e-01
3.795954631641507149e-03 -1.884879544377326965e-02 9.526382684707641602e-01
4.791584331542253494e-03 -2.298763208091259003e-02 9.843844771385192871e-01
1.201618555933237076e-02 -2.170907892286777496e-02 9.727469086647033691e-01
8.740114048123359680e-03 -2.282825298607349396e-02 1.000559926033020020e+00
1.162805687636137009e-02 -2.342918328940868378e-02 9.615625143051147461e-01
5.418221931904554367e-03 -2.104589343070983887e-02 9.593786001205444336e-01
6.900850683450698853e-03 -2.194810472428798676e-02 9.543374180793762207e-01
5.171914119273424149e-03 -2.280767075717449188e-02 9.483990669250488281e-01
8.885683491826057434e-03 -2.213814295828342438e-02 9.674279093742370605e-01
5.657673347741365433e-03 -2.129025012254714966e-02 9.768273830413818359e-01
4.600242245942354202e-03 -1.992889493703842163e-02 9.478950500488281250e-01
1.901764189824461937e-03 -1.813584007322788239e-02 9.412207603454589844e-01
1.499263686127960682e-03 -1.897978410124778748e-02 9.537755250930786133e-01
-1.920333947055041790e-03 -2.065417356789112091e-02 9.412162303924560547e-01
-2.048808848485350609e-03 -1.921402849256992340e-02 9.331714510917663574e-01
-3.709426964633166790e-04 -1.920087821781635284e-02 9.339562654495239258e-01
3.169134259223937988e-03 -2.020944468677043915e-02 9.515015482902526855e-01
5.703981034457683563e-03 -2.073056623339653015e-02 9.554893374443054199e-01
3.987751901149749756e-03 -1.848657429218292236e-02 9.667848944664001465e-01
1.753604505211114883e-03 -1.908662728965282440e-02 9.751860499382019043e-01
6.596279330551624298e-03 -1.946511864662170410e-02 9.959111809730529785e-01
6.080377846956253052e-03 -1.890286803245544434e-02 1.009273767471313477e+00
5.017355084419250488e-03 -1.960762031376361847e-02 9.872980117797851562e-01
6.016251165419816971e-03 -2.018287591636180878e-02 9.732937812805175781e-01
6.147343199700117111e-03 -2.080296166241168976e-02 9.679858684539794922e-01
4.515225533396005630e-03 -2.126835472881793976e-02 9.531273245811462402e-01
7.099071517586708069e-03 -2.194621041417121887e-02 8.910506963729858398e-01
4.084385465830564499e-03 -2.264726161956787109e-02 8.839653730392456055e-01
5.078769754618406296e-03 -2.284963615238666534e-02 8.697251081466674805e-01
7.936893962323665619e-03 -2.116805873811244965e-02 8.870091438293457031e-01
1.051297038793563843e-02 -1.782407239079475403e-02 9.099954962730407715e-01
1.735161617398262024e-02 -2.001570351421833038e-02 9.048706889152526855e-01
1.958026550710201263e-02 -2.090321481227874756e-02 8.483592271804809570e-01
1.636939495801925659e-02 -2.509224228560924530e-02 8.513202071189880371e-01
1.714801043272018433e-02 -2.668227441608905792e-02 9.322990179061889648e-01
1.184143871068954468e-02 -2.668853476643562317e-02 9.377053380012512207e-01
6.181539967656135559e-03 -2.686319127678871155e-02 9.372543692588806152e-01
9.611342102289199829e-03 -2.643985114991664886e-02 9.411806464195251465e-01
6.460627540946006775e-03 -2.391652762889862061e-02 9.628823995590209961e-01
8.666808716952800751e-03 -2.295402623713016510e-02 9.352599382400512695e-01
2.356609329581260681e-03 -2.607251331210136414e-02 9.026928544044494629e-01
1.626261509954929352e-02 -2.824561670422554016e-02 9.593039751052856445e-01
1.453662477433681488e-02 -2.469902485609054565e-02 9.612191319465637207e-01
1.372231915593147278e-02 -2.576481364667415619e-02 9.201012849807739258e-01
1.047594752162694931e-02 -2.416412904858589172e-02 9.295302033424377441e-01
9.665673598647117615e-03 -2.456895634531974792e-02 9.175849556922912598e-01
6.596042774617671967e-03 -2.312807925045490265e-02 9.145132303237915039e-01
1.031808275729417801e-02 -2.491316013038158417e-02 9.547525048255920410e-01
1.113395858556032181e-02 -2.612701244652271271e-02 9.509890675544738770e-01
1.033001858741044998e-02 -2.416593767702579498e-02 9.309521913528442383e-01
9.891550056636333466e-03 -2.297719940543174744e-02 9.150449633598327637e-01
1.082095876336097717e-02 -2.303276583552360535e-02 8.820291757583618164e-01
1.140075363218784332e-02 -2.422557957470417023e-02 9.096201658248901367e-01
1.208848319947719574e-02 -2.347615361213684082e-02 9.233815670013427734e-01
1.529008895158767700e-02 -2.345238626003265381e-02 9.110878109931945801e-01
1.701776683330535889e-02 -2.416103519499301910e-02 9.445580244064331055e-01
1.929512992501258850e-02 -2.474781312048435211e-02 9.624997377395629883e-01
1.697777397930622101e-02 -2.377387695014476776e-02 9.828449487686157227e-01
1.451842021197080612e-02 -2.168970368802547455e-02 9.537463188171386719e-01
7.947421632707118988e-03 -2.062839083373546600e-02 9.764565825462341309e-01
8.088154718279838562e-03 -1.674554124474525452e-02 9.251881837844848633e-01
1.105409115552902222e-02 -1.566062681376934052e-02 9.010313153266906738e-01
1.162905804812908173e-02 -1.279365550726652145e-02 8.661811351776123047e-01
7.328234147280454636e-03 -1.075404603034257889e-02 7.864096760749816895e-01
2.079408150166273117e-03 -1.195743959397077560e-02 8.437052369117736816e-01
2.218680747319012880e-04 -1.671939715743064880e-02 9.529401659965515137e-01
1.001599337905645370e-02 -1.837829127907752991e-02 9.420425295829772949e-01
8.692087605595588684e-03 -1.976632140576839447e-02 9.199193120002746582e-01
4.974574781954288483e-03 -2.321253344416618347e-02 9.499146938323974609e-01
6.144626997411251068e-03 -1.877688243985176086e-02 9.431117177009582520e-01
3.629051847383379936e-03 -2.044603228569030762e-02 9.030996561050415039e-01
3.087999357376247644e-04 -2.157704718410968781e-02 9.490817785263061523e-01
-5.991345969960093498e-04 -2.152498066425323486e-02 9.827878475189208984e-01
2.739705378189682961e-03 -2.059361524879932404e-02 9.764170050621032715e-01
3.545847721397876740e-03 -2.164798229932785034e-02 9.257315397262573242e-01
4.906412214040756226e-03 -2.089011482894420624e-02 9.155071973800659180e-01
4.003027454018592834e-03 -1.908186636865139008e-02 9.422490596771240234e-01
2.343094442039728165e-03 -1.894157566130161285e-02 9.560597538948059082e-01
-2.887061331421136856e-03 -1.889275573194026947e-02 9.924962520599365234e-01
-5.576523952186107635e-03 -1.967290230095386505e-02 9.754204154014587402e-01
-5.680475383996963501e-03 -1.632681302726268768e-02 9.854856133460998535e-01
3.735011676326394081e-03 -1.641024649143218994e-02 9.570107460021972656e-01
2.299155807122588158e-03 -1.579230651259422302e-02 9.527612328529357910e-01
-3.858342068269848824e-03 -1.619232073426246643e-02 9.677532911300659180e-01
-7.094443310052156448e-03 -1.683223806321620941e-02 9.467546343803405762e-01
-5.620569456368684769e-03 -1.758341863751411438e-02 9.467104077339172363e-01
-6.437830626964569092e-03 -1.774134486913681030e-02 9.608051776885986328e-01
-1.407631440088152885e-03 -1.743256859481334686e-02 9.760586619377136230e-01
4.330591764301061630e-04 -1.767461001873016357e-02 9.781135320663452148e-01
-4.744069592561572790e-04 -1.867006905376911163e-02 9.799989461898803711e-01
-1.171095995232462883e-03 -1.861715130507946014e-02 9.800322055816650391e-01
-3.084936877712607384e-03 -1.804181002080440521e-02 9.596891999244689941e-01
-3.025269368663430214e-03 -1.860088109970092773e-02 9.623214006423950195e-01
5.657927831634879112e-04 -1.895695924758911133e-02 9.814407825469970703e-01
3.338347189128398895e-03 -1.985803619027137756e-02 9.473940134048461914e-01
3.830194938927888870e-03 -1.884015090763568878e-02 9.548795223236083984e-01
3.937770146876573563e-03 -1.747160963714122772e-02 9.453988671302795410e-01
2.054323907941579819e-03 -1.610290445387363434e-02 9.655742049217224121e-01
1.701043336652219296e-03 -1.708438619971275330e-02 9.563784003257751465e-01
2.685731742531061172e-03 -1.813120208680629730e-02 9.549035429954528809e-01
7.110714912414550781e-03 -1.832622289657592773e-02 9.653689265251159668e-01
7.919105701148509979e-03 -1.879671961069107056e-02 9.897884130477905273e-01
9.608319960534572601e-03 -1.684147678315639496e-02 9.581191539764404297e-01
8.416839875280857086e-03 -1.817495748400688171e-02 9.265379309654235840e-01
7.629857864230871201e-03 -2.012916095554828644e-02 9.260197877883911133e-01
5.833655130118131638e-03 -2.042835764586925507e-02 9.330789446830749512e-01
6.931130308657884598e-03 -1.637586578726768494e-02 8.959611058235168457e-01
-2.347944100620225072e-04 -1.899270340800285339e-02 9.433557391166687012e-01
-1.017619273625314236e-03 -2.061043679714202881e-02 9.575873017311096191e-01
7.221478037536144257e-03 -1.843843422830104828e-02 9.415335059165954590e-01
1.008427422493696213e-02 -1.853909343481063843e-02 8.915268182754516602e-01
7.136009633541107178e-03 -1.911778748035430908e-02 8.576388359069824219e-01
4.521222785115242004e-03 -1.998961158096790314e-02 8.772958517074584961e-01
2.131923101842403412e-03 -2.126245014369487762e-02 8.835638165473937988e-01
4.262688104063272476e-03 -2.268002927303314209e-02 9.026794433593750000e-01
6.439366843551397324e-03 -2.089305967092514038e-02 8.980469703674316406e-01
9.304235689342021942e-03 -2.064571529626846313e-02 8.747614622116088867e-01
9.303302504122257233e-03 -2.170660905539989471e-02 8.790083527565002441e-01
7.597753778100013733e-03 -2.366383932530879974e-02 8.958604335784912109e-01
5.198030266910791397e-03 -2.356809005141258240e-02 9.248685240745544434e-01
6.982090417295694351e-03 -2.162961661815643311e-02 9.227610230445861816e-01
1.806670450605452061e-03 -2.000009827315807343e-02 9.139587879180908203e-01
5.863508209586143494e-03 -1.903007738292217255e-02 9.395530819892883301e-01
6.452851928770542145e-03 -1.760251820087432861e-02 9.527159333229064941e-01
2.398966113105416298e-03 -1.531866751611232758e-02 9.662569165229797363e-01
1.966158393770456314e-03 -1.412617135792970657e-02 9.577517509460449219e-01
1.204472035169601440e-03 -1.442154496908187866e-02 9.668478369712829590e-01
-2.350249997107312083e-05 -1.431336440145969391e-02 9.578176736831665039e-01
-3.084594383835792542e-03 -1.310866139829158783e-02 9.705095887184143066e-01
-9.305646643042564392e-03 -1.129846554249525070e-02 9.342405796051025391e-01
-1.709077879786491394e-02 -1.247994508594274521e-02 9.041253328323364258e-01
-1.850050315260887146e-02 -1.527637243270874023e-02 9.178523421287536621e-01
-1.770359463989734650e-02 -1.333093550056219101e-02 8.574806451797485352e-01
-5.147926043719053268e-03 -1.488446351140737534e-02 7.783936262130737305e-01
-7.763205096125602722e-03 -1.746448315680027008e-02 8.571790456771850586e-01
-4.175398498773574829e-03 -2.053947746753692627e-02 9.048914313316345215e-01
-1.164652872830629349e-02 -2.608448080718517303e-02 9.057860374450683594e-01
-9.707092307507991791e-03 -2.347780577838420868e-02 8.741463422775268555e-01
-6.748467683792114258e-03 -2.230545319616794586e-02 8.599604964256286621e-01
-1.074636448174715042e-02 -2.372725494205951691e-02 8.625706434249877930e-01
-1.454125810414552689e-02 -2.960753813385963440e-02 9.393354058265686035e-01
-1.809499785304069519e-02 -2.546109631657600403e-02 9.817727208137512207e-01
-1.790938526391983032e-02 -2.715312875807285309e-02 9.198962450027465820e-01
-2.223302237689495087e-02 -2.553546987473964691e-02 8.898160457611083984e-01
-2.434084936976432800e-02 -2.389699406921863556e-02 8.730669617652893066e-01
-2.143404260277748108e-02 -2.192172408103942871e-02 8.610039949417114258e-01
-1.545379403978586197e-02 -2.111035585403442383e-02 8.634951114654541016e-01
-1.428908761590719223e-02 -2.284368127584457397e-02 8.323770165443420410e-01
-1.014557387679815292e-02 -2.184793539345264435e-02 7.695570588111877441e-01
-1.367153134196996689e-02 -2.368661016225814819e-02 8.022113442420959473e-01
-1.930949278175830841e-02 -2.550620399415493011e-02 8.177158832550048828e-01
-1.452492270618677139e-02 -3.014198504388332367e-02 8.338208794593811035e-01
-1.911861449480056763e-02 -2.826846763491630554e-02 8.436389565467834473e-01
-1.626939885318279266e-02 -2.814422361552715302e-02 8.629942536354064941e-01
-1.929988339543342590e-02 -2.696412615478038788e-02 8.746770024299621582e-01
-2.119466848671436310e-02 -2.864004485309123993e-02 8.943762779235839844e-01
-1.696490123867988586e-02 -2.851300127804279327e-02 9.238076210021972656e-01
-1.723367348313331604e-02 -2.851988933980464935e-02 8.998677134513854980e-01
-1.278946455568075180e-02 -2.836181037127971649e-02 8.879739642143249512e-01
-1.327221747487783432e-02 -2.835348993539810181e-02 8.685054779052734375e-01
-1.362931542098522186e-02 -2.832682617008686066e-02 8.597294092178344727e-01
-1.309980824589729309e-02 -2.686857245862483978e-02 8.738524317741394043e-01
-1.086536794900894165e-02 -2.498060651123523712e-02 8.718629479408264160e-01
-8.064363151788711548e-03 -2.308257669210433960e-02 9.260668754577636719e-01
-9.369077160954475403e-03 -2.275246195495128632e-02 9.309915900230407715e-01
-1.048082020133733749e-02 -2.061872370541095734e-02 8.966605663299560547e-01
-1.150926295667886734e-02 -2.073670737445354462e-02 8.894017934799194336e-01
-1.158174872398376465e-02 -1.734863966703414917e-02 8.942365646362304688e-01
-8.082302287220954895e-03 -2.008002065122127533e-02 8.617796301841735840e-01
-6.971642840653657913e-03 -1.769849844276905060e-02 8.731902837753295898e-01
-4.959542769938707352e-03 -8.182125166058540344e-03 8.668919801712036133e-01
-1.130726560950279236e-02 -7.128541823476552963e-03 8.355612754821777344e-01
-6.081162020564079285e-03 -1.727873645722866058e-02 8.738462924957275391e-01
-2.228745259344577789e-03 -1.942973770201206207e-02 9.093269705772399902e-01
-3.518258221447467804e-03 -1.933525688946247101e-02 9.540752768516540527e-01
-1.041314750909805298e-02 -8.239064365625381470e-03 1.011549115180969238e+00
-1.164960861206054688e-02 -5.326860118657350540e-03 1.047168612480163574e+00
-8.516860194504261017e-03 -8.765830658376216888e-03 1.035045146942138672e+00
-8.343969471752643585e-03 -4.779257811605930328e-03 1.045069098472595215e+00
-8.140030317008495331e-03 -5.864034872502088547e-03 1.031357884407043457e+00
-1.149968802928924561e-02 -7.916494272649288177e-03 1.050245881080627441e+00
-8.493243716657161713e-03 -4.910471383482217789e-03 1.059054970741271973e+00
-6.474861875176429749e-03 -5.914465524256229401e-03 1.040692090988159180e+00
-5.978226196020841599e-03 -2.841472160071134567e-03 1.063604235649108887e+00
-5.858989898115396500e-03 5.021065007895231247e-03 1.094144225120544434e+00
-5.263006314635276794e-03 7.408162113279104233e-03 1.114257216453552246e+00
-5.860846489667892456e-03 6.728685460984706879e-03 1.127030491828918457e+00
7.049732375890016556e-04 2.138383453711867332e-03 1.140407919883728027e+00
3.671403741464018822e-03 6.139547331258654594e-04 1.145056962966918945e+00
1.437546103261411190e-03 -1.048361998982727528e-03 1.199166774749755859e+00
-2.315034653292968869e-04 4.361154511570930481e-03 1.238181114196777344e+00
1.695047685643658042e-04 6.686684209853410721e-03 1.229853868484497070e+00
-3.918133210390806198e-03 6.079132668673992157e-03 1.228346347808837891e+00
-1.282266923226416111e-03 4.291577264666557312e-03 1.212368011474609375e+00
-1.780647580744698644e-04 3.621227573603391647e-03 1.226337671279907227e+00
-1.713139470666646957e-03 6.459946744143962860e-04 1.225915908813476562e+00
-5.340357893146574497e-04 -4.321846645325422287e-03 1.208172559738159180e+00
-2.847221912816166878e-04 -5.406842567026615143e-03 1.221902489662170410e+00
1.617990783415734768e-03 -4.773121792823076248e-03 1.191952466964721680e+00
-8.924103458411991596e-04 -4.517490975558757782e-03 1.171885371208190918e+00
-6.661988445557653904e-04 -5.595013033598661423e-03 1.163120985031127930e+00
1.466896501369774342e-03 -4.142387770116329193e-03 1.142509460449218750e+00
-1.065124175511300564e-03 -1.005899533629417419e-02 1.150616049766540527e+00
3.144617658108472824e-03 -1.188986841589212418e-02 1.117048501968383789e+00
4.838899709284305573e-03 -8.968293666839599609e-03 1.098166227340698242e+00
9.076681919395923615e-03 -7.835710421204566956e-03 1.072909951210021973e+00
6.819129455834627151e-03 -1.925151300383731723e-04 1.012641429901123047e+00
5.840242374688386917e-03 2.142071025446057320e-03 1.023804306983947754e+00
2.263388410210609436e-02 -2.373077586526051164e-04 1.052540302276611328e+00
3.704661503434181213e-02 -1.085537299513816833e-02 1.010873913764953613e+00
3.793307393789291382e-02 -1.567461527884006500e-02 1.003111958503723145e+00
3.433697670698165894e-02 -1.650058478116989136e-02 9.777885079383850098e-01
2.650324441492557526e-02 -1.542403735220432281e-02 9.791778326034545898e-01
2.185430377721786499e-02 -1.354943681508302689e-02 1.011196494102478027e+00
2.731210924685001373e-02 -2.014723606407642365e-02 1.025551319122314453e+00
2.277865633368492126e-02 -2.349887974560260773e-02 1.023756265640258789e+00
2.801588922739028931e-02 -1.681137457489967346e-02 8.723133206367492676e-01
1.018691807985305786e-02 -1.175165269523859024e-02 8.732957243919372559e-01
1.364112552255392075e-02 -1.381028071045875549e-02 8.560264110565185547e-01
3.346921876072883606e-02 -1.436649356037378311e-02 7.768104076385498047e-01
1.929706521332263947e-02 -1.535114459693431854e-02 8.111820220947265625e-01
2.320516481995582581e-02 -8.622125722467899323e-03 6.786754131317138672e-01
2.731595747172832489e-02 -9.721928276121616364e-03 6.273529529571533203e-01
3.475611656904220581e-02 -1.475274749100208282e-02 6.189314126968383789e-01
4.844002798199653625e-02 -1.594928652048110962e-02 6.384857892990112305e-01
5.134485661983489990e-02 -2.318454906344413757e-02 6.753782629966735840e-01
5.404544621706008911e-02 -1.799334585666656494e-02 6.525764465332031250e-01
6.485666334629058838e-02 -2.069521881639957428e-02 6.486829519271850586e-01
6.399180740118026733e-02 -2.135858684778213501e-02 7.158823609352111816e-01
5.779630690813064575e-02 -1.529130619019269943e-02 7.720028162002563477e-01
5.745968595147132874e-02 -1.709460280835628510e-02 7.375380992889404297e-01
5.433993786573410034e-02 -1.510044839233160019e-02 6.409104466438293457e-01
4.593364894390106201e-02 -1.582757569849491119e-02 6.556802988052368164e-01
5.056215077638626099e-02 -6.324423011392354965e-03 7.057172060012817383e-01
5.126432329416275024e-02 -6.475436035543680191e-03 7.659482359886169434e-01
5.796390771865844727e-02 3.666310803964734077e-04 7.734829783439636230e-01
5.533123761415481567e-02 5.269048735499382019e-03 8.134866952896118164e-01
4.756922274827957153e-02 4.948217421770095825e-03 8.288253545761108398e-01
4.457177221775054932e-02 -3.608129918575286865e-03 8.284395337104797363e-01
4.745512083172798157e-02 -8.095530793070793152e-03 8.679075837135314941e-01
5.043413490056991577e-02 -1.056264061480760574e-02 9.221530556678771973e-01
5.211397260427474976e-02 -1.174086704850196838e-02 9.246732592582702637e-01
5.517305806279182434e-02 -1.110641099512577057e-02 8.945766091346740723e-01
5.652566999197006226e-02 -1.072666980326175690e-02 8.725407123565673828e-01
5.331856757402420044e-02 -9.265217930078506470e-03 8.428449034690856934e-01
5.159220471978187561e-02 -8.865060284733772278e-03 8.368330001831054688e-01
4.953940957784652710e-02 -9.108194150030612946e-03 8.430544734001159668e-01
4.684263095259666443e-02 -6.541486363857984543e-03 8.390316367149353027e-01
4.271530732512474060e-02 -8.287457749247550964e-03 8.613346219062805176e-01
4.175272211432456970e-02 -1.117519754916429520e-02 8.397486805915832520e-01
3.827399387955665588e-02 -9.828231297433376312e-03 8.113488554954528809e-01
3.637223318219184875e-02 -1.063121017068624496e-02 8.394168019294738770e-01
3.532684966921806335e-02 -9.591009467840194702e-03 8.435606360435485840e-01
3.458252921700477600e-02 -7.509096059948205948e-03 8.774623274803161621e-01
3.089390508830547333e-02 -4.216074477881193161e-03 8.609370589256286621e-01
3.124649263918399811e-02 -4.883574321866035461e-03 7.672856450080871582e-01
3.145470842719078064e-02 -5.549940746277570724e-03 7.563913464546203613e-01
3.187606483697891235e-02 -7.929719984531402588e-03 7.496149539947509766e-01
3.451630100607872009e-02 -8.026489987969398499e-03 8.021917939186096191e-01
3.260254487395286560e-02 -1.187867578119039536e-02 8.460149765014648438e-01
3.030862845480442047e-02 -8.028676733374595642e-03 7.833460569381713867e-01
2.916556224226951599e-02 -7.616324350237846375e-03 8.289613723754882812e-01
3.320807591080665588e-02 -2.029519900679588318e-02 8.189324736595153809e-01
2.794585935771465302e-02 -2.652965486049652100e-02 7.600045800209045410e-01
2.862986363470554352e-02 -1.925631240010261536e-02 7.027716636657714844e-01
2.187273651361465454e-02 -1.842525042593479156e-02 7.178548574447631836e-01
2.164052613079547882e-02 -1.418703049421310425e-02 6.900187730789184570e-01
2.214716933667659760e-02 -9.418265894055366516e-03 6.136367917060852051e-01
2.531750500202178955e-02 -1.331531256437301636e-02 6.230424642562866211e-01
2.948440611362457275e-02 -1.788701489567756653e-02 6.290667653083801270e-01
2.728894539177417755e-02 -1.555628888309001923e-02 6.821074485778808594e-01
2.182536944746971130e-02 -1.508587319403886795e-02 6.269366145133972168e-01
2.087655104696750641e-02 -1.464354619383811951e-02 5.869269967079162598e-01
2.261209487915039062e-02 -9.747725911438465118e-03 5.417044162750244141e-01
2.588424272835254669e-02 -1.921054674312472343e-03 5.330439209938049316e-01
3.146658092737197876e-02 -4.738893359899520874e-03 5.298145413398742676e-01
3.429050743579864502e-02 -1.077844854444265366e-02 5.436718463897705078e-01
3.643421828746795654e-02 -1.181968115270137787e-02 5.662108659744262695e-01
3.792498260736465454e-02 -8.999736979603767395e-03 5.728955268859863281e-01
3.462161123752593994e-02 -4.660102073103189468e-03 5.863027572631835938e-01
3.709463402628898621e-02 1.152316923253238201e-03 5.341427922248840332e-01
3.183917328715324402e-02 5.523277446627616882e-03 5.032351613044738770e-01
3.607469797134399414e-02 1.146436482667922974e-02 5.351049900054931641e-01
3.943551704287528992e-02 9.403082542121410370e-03 5.472106337547302246e-01
2.234349399805068970e-02 7.393643725663423538e-03 6.188067197799682617e-01
1.141048781573772430e-02 1.057072263211011887e-02 6.927295923233032227e-01
1.347397267818450928e-02 6.595937069505453110e-03 6.901271343231201172e-01
1.564135216176509857e-02 5.519565194845199585e-03 7.145186066627502441e-01
1.729791238903999329e-02 7.046677637845277786e-03 6.707281470298767090e-01
1.711177453398704529e-02 1.203644555062055588e-02 6.860819458961486816e-01
2.210581302642822266e-02 1.797301694750785828e-02 6.669178605079650879e-01
1.353100128471851349e-02 1.493669021874666214e-02 6.758505105972290039e-01
8.005145937204360962e-03 1.162843406200408936e-02 7.174808382987976074e-01
-5.042496602982282639e-03 6.024564616382122040e-03 8.109303116798400879e-01
-4.960687831044197083e-03 6.023249123245477676e-03 7.917904257774353027e-01
-3.330090548843145370e-03 1.153575605712831020e-03 8.253349661827087402e-01
-4.232091596350073814e-04 2.480516210198402405e-03 8.364410996437072754e-01
5.939794355072081089e-04 -1.509839086793363094e-03 8.798934221267700195e-01
1.062349695712327957e-02 -4.090572241693735123e-03 8.153776526451110840e-01
7.268088869750499725e-03 -1.394862192682921886e-04 8.104727268218994141e-01
5.102719180285930634e-03 -1.373336999677121639e-03 8.250457644462585449e-01
1.112421974539756775e-03 -2.852489473298192024e-03 8.452856540679931641e-01
-2.411517314612865448e-03 -7.716854568570852280e-03 8.545260429382324219e-01
-3.859702264890074730e-04 -4.941748455166816711e-03 9.150195121765136719e-01
-8.865928975865244865e-04 2.913926437031477690e-04 9.092901349067687988e-01
-2.138023031875491142e-03 4.422683268785476685e-03 9.408576488494873047e-01
-6.259991321712732315e-03 4.578819032758474350e-03 9.716924428939819336e-01
-2.846477320417761803e-03 -3.408109769225120544e-04 9.910086989402770996e-01
-3.626809921115636826e-03 -2.750021172687411308e-03 9.763465523719787598e-01
-7.280453573912382126e-03 1.742938417010009289e-03 9.662538170814514160e-01
-2.153404755517840385e-03 2.008525421842932701e-03 9.176821708679199219e-01
-4.546647891402244568e-03 -2.582349989097565413e-04 9.444814324378967285e-01
-6.550495047122240067e-03 1.755351200699806213e-03 9.536046981811523438e-01
-2.706768922507762909e-03 1.579854171723127365e-03 9.424408674240112305e-01
-3.829106921330094337e-03 2.378276549279689789e-03 9.377571344375610352e-01
-3.497809229884296656e-04 -5.855164490640163422e-03 9.810318350791931152e-01
2.069256966933608055e-03 -1.250411756336688995e-02 9.732639193534851074e-01
-4.940991639159619808e-04 -9.270868264138698578e-03 9.279145002365112305e-01
1.787454471923410892e-03 -6.611796561628580093e-03 9.236049652099609375e-01
-1.586831291206181049e-03 -8.892723126336932182e-04 9.474325776100158691e-01
-5.920321214944124222e-03 2.597973914816975594e-03 9.367895126342773438e-01
-9.063787758350372314e-03 -1.014894573017954826e-03 9.507412314414978027e-01
-8.547944948077201843e-03 -8.335111779160797596e-04 9.621558189392089844e-01
-4.626184236258268356e-03 -2.181801246479153633e-03 9.607721567153930664e-01
-1.242812722921371460e-02 -4.591983277350664139e-03 9.638311862945556641e-01
-8.402696810662746429e-03 -5.420166999101638794e-03 9.674832820892333984e-01
-1.008193101733922958e-02 -5.714750848710536957e-03 9.435126185417175293e-01
-1.135394535958766937e-02 -7.595719303935766220e-03 9.410340189933776855e-01
-1.041269674897193909e-02 -7.796551566570997238e-03 9.399653077125549316e-01
-1.127739157527685165e-02 -5.439481232315301895e-03 9.167106747627258301e-01
-1.145800761878490448e-02 -3.944959025830030441e-03 8.979049921035766602e-01
-1.050966046750545502e-02 -4.867417737841606140e-03 9.138012528419494629e-01
-7.601005956530570984e-03 -6.133816670626401901e-03 9.266662597656250000e-01
-9.308894164860248566e-03 -8.050547912716865540e-03 9.324055910110473633e-01
-1.055130362510681152e-02 -2.272892510518431664e-03 8.817196488380432129e-01
-1.097304467111825943e-02 -2.119666896760463715e-03 9.070731401443481445e-01
-7.912971079349517822e-03 -1.433106604963541031e-03 9.263868927955627441e-01
-6.774344481527805328e-03 9.675252367742359638e-04 9.400081634521484375e-01
-6.494236178696155548e-03 7.622539997100830078e-03 8.859452009201049805e-01
-2.001513494178652763e-03 9.448016062378883362e-03 7.403216958045959473e-01
-9.816707111895084381e-03 1.010881457477807999e-02 7.575487494468688965e-01
-6.257645320147275925e-03 1.068878546357154846e-02 7.479469180107116699e-01
-6.569552700966596603e-03 9.944210760295391083e-03 8.019797801971435547e-01
-1.125924475491046906e-02 1.039034873247146606e-02 8.636636137962341309e-01
-2.721959492191672325e-03 7.724842522293329239e-03 8.513377904891967773e-01
6.013533100485801697e-03 8.089648908935487270e-04 8.503639101982116699e-01
1.710611209273338318e-02 1.664214360062032938e-04 7.690395712852478027e-01
1.811398752033710480e-02 -4.350189119577407837e-03 7.660200595855712891e-01
1.950034499168395996e-02 -1.190695445984601974e-02 7.024783492088317871e-01
2.467088028788566589e-02 -1.465792208909988403e-02 6.964460015296936035e-01
3.245577588677406311e-02 -1.366938930004835129e-02 6.270064711570739746e-01
3.395959734916687012e-02 -1.354727335274219513e-02 5.800500512123107910e-01
3.352719545364379883e-02 -1.244401652365922928e-02 5.924976468086242676e-01
4.009631648659706116e-02 -1.465730555355548859e-02 6.105855703353881836e-01
3.865847736597061157e-02 -1.182614360004663467e-02 6.199063062667846680e-01
3.968126326799392700e-02 -1.566799357533454895e-02 6.441874504089355469e-01
3.678679093718528748e-02 -1.322222594171762466e-02 6.270558834075927734e-01
3.060370497405529022e-02 -1.751286163926124573e-02 6.647416949272155762e-01
4.188272729516029358e-02 -1.924840733408927917e-02 6.567744612693786621e-01
4.575840383768081665e-02 -1.964581385254859924e-02 6.495944857597351074e-01
3.931425139307975769e-02 -1.927095279097557068e-02 7.033240795135498047e-01
3.732907399535179138e-02 -1.783707737922668457e-02 7.180357575416564941e-01
3.996677696704864502e-02 -1.451614499092102051e-02 6.203647255897521973e-01
3.759940713644027710e-02 -1.432834938168525696e-02 6.064551472663879395e-01
3.691040351986885071e-02 -1.681624539196491241e-02 6.157253980636596680e-01
4.117241129279136658e-02 -1.895639114081859589e-02 5.714507699012756348e-01
4.419783130288124084e-02 -2.101211063563823700e-02 5.620990991592407227e-01
3.897744417190551758e-02 -1.693082414567470551e-02 6.285481452941894531e-01
4.032492637634277344e-02 -1.730830781161785126e-02 6.196575164794921875e-01
4.095040634274482727e-02 -1.336762588471174240e-02 6.236533522605895996e-01
4.281088709831237793e-02 -1.153554115444421768e-02 5.596674084663391113e-01
4.055906459689140320e-02 -1.362032536417245865e-02 5.469927787780761719e-01
4.009408503770828247e-02 -1.583749055862426758e-02 5.727244615554809570e-01
3.795992210507392883e-02 -1.819230243563652039e-02 6.230828762054443359e-01
3.969715535640716553e-02 -1.753589510917663574e-02 5.554097294807434082e-01
3.792204335331916809e-02 -1.624600775539875031e-02 5.249055027961730957e-01
3.813801333308219910e-02 -1.506878435611724854e-02 5.007084608078002930e-01
4.027487710118293762e-02 -1.388893462717533112e-02 5.319387912750244141e-01
3.884841874241828918e-02 -1.552566420286893845e-02 5.860862135887145996e-01
4.195882752537727356e-02 -1.762382499873638153e-02 6.144647598266601562e-01
4.133247956633567810e-02 -1.729261502623558044e-02 6.185930371284484863e-01
4.014468938112258911e-02 -1.900651864707469940e-02 5.993471145629882812e-01
4.033203050494194031e-02 -2.036554180085659027e-02 6.248605251312255859e-01
4.013345018029212952e-02 -1.947409287095069885e-02 6.408820748329162598e-01
4.489004239439964294e-02 -1.815264299511909485e-02 6.287648081779479980e-01
4.399786517024040222e-02 -1.788812689483165741e-02 6.479272246360778809e-01
4.213916882872581482e-02 -1.872663944959640503e-02 6.687762737274169922e-01
3.295720368623733521e-02 -1.783001050353050232e-02 6.932443380355834961e-01
4.127665236592292786e-02 -2.294744364917278290e-02 6.108676791191101074e-01
4.384846240282058716e-02 -1.685239747166633606e-02 6.086971163749694824e-01
4.790695011615753174e-02 -1.573859713971614838e-02 6.418474316596984863e-01
4.670365154743194580e-02 -1.532903499901294708e-02 6.721932888031005859e-01
3.667817264795303345e-02 -1.750236749649047852e-02 6.517150998115539551e-01
3.959493711590766907e-02 -1.870461553335189819e-02 6.528357863426208496e-01
4.197873920202255249e-02 -2.086384408175945282e-02 6.620455980300903320e-01
3.983942791819572449e-02 -2.004744671285152435e-02 6.408282518386840820e-01
3.862944245338439941e-02 -1.957569271326065063e-02 6.437439322471618652e-01
3.723318502306938171e-02 -1.926023699343204498e-02 6.617400646209716797e-01
3.734252601861953735e-02 -1.862025633454322815e-02 6.765661835670471191e-01
3.434583172202110291e-02 -1.848602481186389923e-02 7.218162417411804199e-01
3.349038213491439819e-02 -1.753479242324829102e-02 6.716362237930297852e-01
3.478655964136123657e-02 -1.763387955725193024e-02 6.375558972358703613e-01
3.360447660088539124e-02 -2.116368338465690613e-02 6.427801251411437988e-01
2.843071892857551575e-02 -2.024596557021141052e-02 6.829431056976318359e-01
2.026705630123615265e-02 -1.864591985940933228e-02 7.152540683746337891e-01
2.372979931533336639e-02 -8.660664781928062439e-03 7.501050829887390137e-01
2.123911119997501373e-02 -7.823320105671882629e-03 7.411472797393798828e-01
2.501516975462436676e-02 -4.497519694268703461e-03 7.132258415222167969e-01
2.373312599956989288e-02 -3.437013365328311920e-03 7.701042294502258301e-01
2.135514654219150543e-02 -4.471661988645792007e-03 8.350957036018371582e-01
1.780085079371929169e-02 -1.956567401066422462e-03 9.011050462722778320e-01
2.005629241466522217e-02 4.562741611152887344e-03 9.062089323997497559e-01
1.752131804823875427e-02 7.487868890166282654e-03 9.064800143241882324e-01
1.840970478951931000e-02 4.854120779782533646e-03 9.172607064247131348e-01
1.584720239043235779e-02 3.470456926152110100e-03 1.001978039741516113e+00
1.723977737128734589e-02 3.619869938120245934e-03 1.035547614097595215e+00
1.868437230587005615e-02 5.400117952376604080e-03 1.073562860488891602e+00
1.917276531457901001e-02 1.976133324205875397e-03 1.127356290817260742e+00
2.133011445403099060e-02 -1.312943291850388050e-03 1.148699164390563965e+00
2.013983577489852905e-02 -1.029817038215696812e-03 1.138242602348327637e+00
1.505948510020971298e-02 -4.436809569597244263e-03 1.172932863235473633e+00
1.301608048379421234e-02 -5.754990968853235245e-03 1.141849398612976074e+00
1.207305770367383957e-02 -5.779915954917669296e-03 1.095341563224792480e+00
1.350256707519292831e-02 -6.770467851310968399e-03 1.072009801864624023e+00
1.367266662418842316e-02 -6.204199977219104767e-03 1.038131356239318848e+00
1.282571908086538315e-02 -3.672942752018570900e-03 1.023513913154602051e+00
1.081531587988138199e-02 -1.826642663218080997e-03 1.002530574798583984e+00
1.513576321303844452e-02 -2.855049213394522667e-03 9.949192404747009277e-01
1.752263680100440979e-02 -3.746838076040148735e-03 9.997277259826660156e-01
