-0.007246,-0.0004357,-0.00080903
-0.0079831,-0.00013809,-0.00038785
-0.0070051,-0.00040446,0.00022105
-0.0067739,-0.00033918,0.00078911
-0.0063714,-0.00049173,0.0021516
-0.0054068,-0.0015408,0.0030686
-0.0067356,-0.00087046,0.0027584
-0.0066561,-0.0013382,0.00043109
-0.015578,0.011591,-0.012146
-0.015818,0.010982,-0.010522
-0.015159,0.0096169,-0.0075736
-0.015788,0.0094568,-0.0055383
-0.016494,0.0091217,-0.0045935
-0.016975,0.009066,-0.0030866
-0.017368,0.0094497,-2.0423e-05
-0.016947,0.0094133,0.0042005
-0.011423,0.013838,0.030169
-0.011604,0.013392,0.02825
-0.0114,0.013123,0.026484
-0.010974,0.012787,0.0261
-0.010739,0.012356,0.026002
-0.010124,0.011707,0.024385
-0.0099782,0.011553,0.021558
-0.010239,0.012567,0.016716
-0.010745,0.0072545,0.0066799
-0.0091432,0.0078594,0.0048584
-0.0076509,0.0086996,0.0039155
-0.0074019,0.0093383,0.0033405
-0.0085221,0.0086816,0.0031678
-0.0093036,0.0065764,0.0029698
-0.0097125,0.0049281,7.3696e-05
-0.0088879,0.0028728,-0.0017603
-0.0069295,-0.0026903,-0.037987
-0.0090297,-0.0029921,-0.039675
-0.01017,-0.0040844,-0.040214
-0.010572,-0.0053063,-0.039262
-0.010981,-0.0058989,-0.037446
-0.011313,-0.0059917,-0.032997
-0.011336,-0.0061751,-0.028637
-0.011858,-0.0055748,-0.024681
-0.0079852,-0.014154,-0.031419
-0.0069317,-0.011978,-0.030843
-0.0057459,-0.011033,-0.030494
-0.0060476,-0.0098192,-0.030522
-0.0061276,-0.0095644,-0.028933
-0.0060465,-0.0089421,-0.02633
-0.0062591,-0.0077806,-0.02153
-0.0058328,-0.0065055,-0.016116
-7.5927e-05,-0.0094582,0.013569
-0.00030103,-0.0080258,0.01984
0.0011996,-0.0082508,0.026149
0.0017459,-0.007594,0.031674
0.0019071,-0.0072495,0.033974
0.0031091,-0.0070635,0.035107
0.0021792,-0.0056075,0.031688
0.0040129,-0.0064876,0.02887
0.00052507,-0.0045378,0.025704
-0.00099817,-0.0056547,0.019126
-0.0031506,-0.0072037,0.012717
-0.0053768,-0.0080277,0.0080546
-0.0060815,-0.011011,0.0039094
-0.0072759,-0.013206,0.00066196
-0.0063177,-0.015408,-0.003934
-0.0059331,-0.017158,-0.0077275
0.012789,-0.024677,-0.041765
0.013842,-0.027671,-0.042445
0.016274,-0.031736,-0.041119
0.017229,-0.034859,-0.039816
0.018599,-0.038609,-0.037175
0.018276,-0.040616,-0.03478
0.019008,-0.041606,-0.030448
0.019859,-0.044058,-0.026296
0.015289,-0.048305,-0.013373
0.014688,-0.04539,-0.010608
0.01463,-0.04336,-0.0076549
0.015095,-0.040956,-0.0051186
0.016114,-0.037186,-0.0035748
0.016444,-0.034515,-0.0053427
0.016019,-0.028875,-0.0061739
0.015065,-0.023485,-0.0057023
-0.0017444,0.034534,0.01187
-0.002835,0.0361,0.010739
-0.0032823,0.036731,0.011687
-0.0033623,0.038295,0.012216
-0.0043619,0.03758,0.011075
-0.0064476,0.037301,0.0095413
-0.0076507,0.036332,0.0085487
-0.0096273,0.033876,0.0091909
-0.017703,0.027049,0.015695
-0.018604,0.024161,0.015959
-0.01971,0.022505,0.016715
-0.020813,0.021353,0.016463
-0.019681,0.019909,0.01779
-0.018367,0.018758,0.020126
-0.017756,0.01731,0.022143
-0.015926,0.016221,0.02363
-0.0061282,0.00335,0.012101
-0.0048015,0.0011244,0.011052
-0.0014998,-0.002249,0.011884
0.0012675,-0.0058408,0.013286
0.0053029,-0.0084855,0.014997
0.0070098,-0.010834,0.01368
0.008453,-0.013291,0.012198
0.010399,-0.016148,0.01056
0.028315,-0.028928,0.012387
0.030865,-0.03015,0.011431
0.031557,-0.031934,0.0090512
0.030591,-0.031498,0.0061848
0.028654,-0.032291,0.0010904
0.027392,-0.031873,-0.0011727
0.025979,-0.03301,-0.0031211
0.024789,-0.032048,-0.0027643
0.034603,-0.040031,0.0273
0.036159,-0.040593,0.022772
0.0364,-0.040325,0.016749
0.036245,-0.039736,0.010544
0.036313,-0.039043,0.0059668
0.035229,-0.03764,0.0012522
0.033409,-0.034182,-0.0021484
0.031803,-0.031513,-0.0016176
0.012109,0.015554,0.021076
0.010271,0.020494,0.019085
0.0084045,0.023367,0.016909
0.0067451,0.025333,0.015631
0.00515,0.028042,0.014713
0.0042731,0.029288,0.012063
0.0028064,0.030091,0.0079528
0.0025982,0.030174,0.0037901
0.0035388,0.024123,-0.036596
0.0030956,0.021179,-0.037611
0.0026022,0.018871,-0.038775
0.0027767,0.015767,-0.038553
0.0025283,0.013341,-0.03571
0.0016178,0.010552,-0.033487
0.0019412,0.0075537,-0.028729
0.0014316,0.0051338,-0.025341
0.010639,-0.005973,-0.012932
0.00986,-0.0058234,-0.010151
0.010161,-0.0077971,-0.0069351
0.01,-0.0088545,-0.0044232
0.0091906,-0.0097491,-0.0041408
0.0085737,-0.01079,-0.0040811
0.008086,-0.010542,-0.0052697
0.0081838,-0.010731,-0.0060373
0.0054311,-0.0016219,0.0070435
0.0069658,-0.0039627,0.016651
0.0067019,-0.0043165,0.015019
0.0066622,-0.0035297,0.012919
0.005681,-0.0034323,0.0058832
0.006041,-0.0048368,0.004261
0.0065101,-0.0051811,0.0016759
0.0055226,-0.0052997,-0.00038846
0.014035,0.00017668,0.010964
0.01348,-0.00025887,0.008501
0.013346,-0.0009154,0.0064037
0.01257,-0.0010699,0.0050939
0.011598,-0.0015691,0.0035733
0.012024,-0.0031038,0.0021872
0.010739,-0.0028776,0.00085213
0.010932,-0.0052938,-0.00036383
0.0032815,0.008256,0.00086269
0.0033313,0.0073969,0.00054881
0.003434,0.0064327,0.00036233
0.0024618,0.0063453,-0.00037656
0.0028172,0.0051661,-0.00074308
0.0019537,0.005237,-0.0014007
0.0023413,0.0042581,-0.0015523
0.0017995,0.0039771,-0.0019305
0.0048187,-0.0021732,-0.001353
0.0047214,-0.0023211,-0.0021387
0.0045158,-0.0023675,-0.0025635
0.0045473,-0.0026768,-0.0028038
0.0039564,-0.0026425,-0.0032003
0.0039479,-0.0029465,-0.0037212
0.0035391,-0.0026834,-0.003943
0.0033539,-0.0027795,-0.0044188
0.0033288,-0.0032088,-0.0036471
0.0030019,-0.0030823,-0.0039462
0.002817,-0.0029102,-0.0042692
0.002526,-0.0026417,-0.0046659
0.002344,-0.0025574,-0.0047617
0.0022206,-0.0024242,-0.0048005
0.0019148,-0.0022866,-0.0048284
0.0016364,-0.0020911,-0.0053442
0.0010836,-0.0032295,-0.0048988
0.0009094,-0.0031276,-0.0050819
0.00078612,-0.0030129,-0.0049313
0.00055278,-0.0025699,-0.0051295
0.00039561,-0.002264,-0.0052395
9.5409e-05,-0.0019916,-0.0056179
-0.00014594,-0.0017624,-0.0055235
-0.0003192,-0.0016403,-0.0054695
-0.00037222,-0.0013733,-0.0024116
-0.00058566,-0.0012488,-0.0028932
-0.00083578,-0.0010013,-0.0031311
-0.0010264,-0.0008416,-0.0032752
-0.0012542,-0.00064053,-0.0032645
-0.0014582,-0.00036762,-0.0034598
-0.0016111,-0.00016277,-0.0036421
-0.0018318,-1.1945e-05,-0.0040416
-0.0018885,-5.5563e-05,-0.003909
-0.0020848,0.00010855,-0.0040072
-0.0022072,0.00017614,-0.0042325
-0.0025191,0.00051377,-0.004403
-0.00261,0.00065547,-0.0045325
-0.0026555,0.00088308,-0.0045274
-0.0027159,0.0009819,-0.0044267
-0.002918,0.0011986,-0.0043283
-0.012413,0.01235,-0.0020229
-0.012179,0.011361,-0.0015398
-0.010334,0.0083364,-0.0013906
-0.011263,0.0091793,-0.00051547
-0.014801,0.014906,0.0015338
-0.020473,0.02243,0.00067203
-0.022771,0.025837,0.00069503
-0.026909,0.031203,0.0010066
-0.033648,0.049442,0.0031691
-0.031518,0.044848,0.0039582
-0.030549,0.042167,0.0044305
-0.028952,0.038286,0.0061153
-0.028044,0.035421,0.0048544
-0.030046,0.036697,0.0062336
-0.030498,0.036656,0.0072026
-0.030776,0.035869,0.0069573
-0.017136,0.018719,0.00037175
-0.016462,0.016232,-0.00068508
-0.015351,0.01587,-0.0016183
-0.014639,0.014506,-0.00096577
-0.013861,0.012617,-0.00057637
-0.012612,0.01131,-0.00048644
-0.011961,0.0094099,-0.0013661
-0.011111,0.0075813,-6.8387e-05
-0.007153,0.00099023,-0.0019332
-0.0080487,0.0028676,-0.0014978
-0.0080937,0.0029518,-0.00093789
-0.0084855,0.0035164,-0.00039918
-0.0086985,0.003589,-0.0012079
-0.0085358,0.0034152,-0.0014468
-0.0082702,0.0031433,-0.0015005
-0.008386,0.0034971,-0.00097984
-0.009498,0.0070844,-0.00054574
-0.0094289,0.0070673,-0.00061799
-0.009701,0.0074656,-6.4231e-05
-0.01005,0.0079636,5.3185e-05
-0.01013,0.0078573,-0.00034656
-0.0096197,0.0077203,-0.0011619
-0.0093975,0.0073324,-0.0010058
-0.0094406,0.0072679,-0.0018993
-0.0066813,0.0075105,-0.0023853
-0.007367,0.0077098,-0.0022263
-0.007191,0.0070586,-0.0020174
-0.0068039,0.0066871,-0.0029832
-0.0069682,0.0071583,-0.0036386
-0.0069445,0.0068212,-0.0041551
-0.006843,0.0061253,-0.0038212
-0.0065776,0.0057984,-0.0033662
-0.0033634,0.0023511,0.0041719
-0.0033929,0.0024747,0.0025247
-0.0035514,0.0023184,0.0024083
-0.0034856,0.0016843,0.0014124
-0.0038271,0.0018732,0.00080283
-0.0038623,0.0019087,0.00013714
-0.003821,0.0020791,0.00018048
-0.0042219,0.002594,-0.00023821
-0.014264,0.012366,0.0062364
-0.014139,0.012275,0.0043421
-0.014224,0.013165,0.003987
-0.014513,0.013411,0.0036778
-0.014805,0.01308,0.002955
-0.014839,0.013538,0.001775
-0.014712,0.012529,0.0019528
-0.013747,0.011945,0.00050471
-0.018409,0.021873,0.0070382
-0.018587,0.020743,0.0078288
-0.017645,0.020922,0.0065157
-0.017154,0.019059,0.0071545
-0.017347,0.017853,0.006128
-0.018725,0.017523,0.0068787
-0.019128,0.016923,0.0076024
-0.019218,0.014801,0.0057675
-0.019399,0.00012013,-0.016386
-0.020335,0.00089019,-0.017274
-0.019912,0.0012678,-0.012091
-0.02005,0.0020754,-0.014963
-0.021102,0.0013064,-0.011753
-0.021097,0.0029341,-0.012767
-0.020701,0.0015976,-0.0072581
-0.019165,0.0013195,-0.011724
-0.02183,0.017363,-0.0026019
-0.021007,0.017657,-0.0046481
-0.021567,0.019281,0.00044956
-0.022137,0.019144,-0.0019304
-0.022425,0.018763,-0.0025736
-0.023336,0.018495,0.0028735
-0.024749,0.018637,0.0039677
-0.023478,0.017455,0.0015254
-0.032138,0.020124,0.036776
-0.027099,0.018555,0.026979
-0.02661,0.019975,0.02594
-0.024971,0.01908,0.029645
-0.022608,0.019216,0.024345
-0.020501,0.020415,0.020918
-0.018475,0.02244,0.017171
-0.018822,0.023312,0.018005
-0.0033344,0.031976,0.058658
-0.0028747,0.030212,0.058461
-0.0031257,0.029082,0.056241
-0.0062271,0.024084,0.055128
-0.008534,0.021435,0.058091
-0.0068621,0.020142,0.057747
-0.0067519,0.019865,0.048592
-0.0075463,0.016251,0.041307
-0.034437,0.029455,0.04774
-0.03426,0.032066,0.04158
-0.032398,0.032875,0.037459
-0.033868,0.032239,0.035733
-0.032876,0.030038,0.035835
-0.033852,0.030932,0.038548
-0.032201,0.029874,0.037557
-0.030624,0.032249,0.035298
-0.042829,0.037342,0.036465
-0.041217,0.0378,0.037943
-0.038123,0.040823,0.036719
-0.037066,0.041194,0.036272
-0.034855,0.039857,0.034733
-0.033766,0.040455,0.036787
-0.032997,0.040344,0.03712
-0.03218,0.037364,0.036023
-0.025891,0.041059,0.0001714
-0.027786,0.038752,0.0047641
-0.027651,0.037977,0.0098309
-0.027592,0.037533,0.0090964
-0.026305,0.037388,0.010536
-0.025209,0.035583,0.016891
-0.023063,0.034467,0.018797
-0.025778,0.03244,0.022906
-0.029857,0.03741,-0.0035512
-0.03148,0.038116,0.00092246
-0.031721,0.037639,0.00093638
-0.032254,0.03879,0.0047505
-0.032398,0.039347,0.0048251
-0.031639,0.043075,0.0097107
-0.034399,0.042893,0.0098494
-0.034325,0.042359,0.012561
-0.057404,0.040532,0.020104
-0.05541,0.042461,0.024722
-0.050975,0.043925,0.020949
-0.049898,0.047355,0.022773
-0.048408,0.04913,0.028527
-0.048084,0.05007,0.025789
-0.048227,0.052411,0.023708
-0.045129,0.052446,0.022328
-0.053261,0.066724,-0.014753
-0.054098,0.068442,-0.013301
-0.058025,0.067488,-0.015369
-0.060412,0.067671,-0.01251
-0.061644,0.066262,-0.0052776
-0.062128,0.066589,-0.0020677
-0.061805,0.068243,4.4069e-05
-0.061238,0.068827,0.0065411
-0.072353,0.063284,0.023
-0.074136,0.063817,0.022711
-0.074339,0.064842,0.026395
-0.072459,0.062951,0.029386
-0.072318,0.062181,0.034525
-0.071453,0.06253,0.037913
-0.069588,0.062349,0.039465
-0.069919,0.064872,0.036762
-0.067558,0.077683,0.028694
-0.066148,0.077119,0.026389
-0.065838,0.07527,0.026887
-0.064849,0.077336,0.02348
-0.066369,0.074894,0.02489
-0.066455,0.076273,0.022231
-0.067648,0.073688,0.018423
-0.066629,0.071279,0.014127
-0.091641,0.068017,0.019612
-0.094011,0.06817,0.014417
-0.093653,0.06964,0.020057
-0.092603,0.070095,0.021244
-0.0922,0.070472,0.022399
-0.09395,0.069287,0.025288
-0.092774,0.067953,0.026605
-0.091142,0.067491,0.02366
-0.093159,0.072566,0.023492
-0.092807,0.071454,0.024613
-0.089657,0.074543,0.021614
-0.08823,0.073745,0.023044
-0.086068,0.074427,0.024587
-0.086598,0.07349,0.021396
-0.086962,0.073305,0.026348
-0.083996,0.07668,0.028657
-0.081782,0.081557,0.026598
-0.081911,0.082733,0.031666
-0.084003,0.085202,0.032567
-0.083354,0.085636,0.034464
-0.084036,0.087401,0.030788
-0.084212,0.087052,0.029507
-0.08303,0.088109,0.031741
-0.083585,0.088302,0.031048
-0.10967,0.07437,0.041495
-0.10843,0.076395,0.039741
-0.1058,0.0768,0.036243
-0.10495,0.076683,0.036676
-0.10165,0.075591,0.032979
-0.098874,0.072257,0.037662
-0.097054,0.069623,0.034301
-0.0976,0.06581,0.035027
-0.088547,0.055893,0.020295
-0.088732,0.052339,0.023095
-0.087618,0.051547,0.025649
-0.086459,0.049868,0.025566
-0.084617,0.051145,0.028845
-0.084416,0.050205,0.02976
-0.084688,0.05008,0.034891
-0.083351,0.046389,0.034447
-0.073856,0.052629,0.016343
-0.074488,0.047095,0.018577
-0.075273,0.043686,0.010096
-0.077058,0.041272,0.01254
-0.077254,0.037284,0.013142
-0.078489,0.035451,0.010348
-0.080157,0.030619,0.0078985
-0.079269,0.025289,0.0074983
-0.097658,0.0015407,-0.0069563
-0.099604,-0.0012619,-0.0019518
-0.098441,-0.0033708,-0.0016064
-0.099151,-0.003023,-0.003927
-0.099956,-0.0062306,-0.00095622
-0.098594,-0.010009,0.0014948
-0.097291,-0.01376,-0.0013849
-0.098386,-0.015148,-0.00012358
-0.087587,-0.029909,0.022083
-0.083034,-0.030039,0.022657
-0.08148,-0.024125,0.023447
-0.080949,-0.019092,0.025513
-0.077157,-0.016815,0.027862
-0.075344,-0.014468,0.02779
-0.073422,-0.012484,0.029526
-0.072486,-0.010521,0.026733
-0.071631,0.010306,0.028923
-0.070924,0.010923,0.023936
-0.068985,0.011083,0.026044
-0.068874,0.013485,0.022297
-0.066849,0.013239,0.018506
-0.065402,0.013762,0.016294
-0.065881,0.01388,0.014225
-0.064711,0.015228,0.012207
-0.065664,0.021223,0.030989
-0.065238,0.020879,0.028319
-0.062824,0.020703,0.029167
-0.062887,0.019816,0.032547
-0.063655,0.019847,0.033196
-0.063213,0.022248,0.035757
-0.063804,0.021155,0.034712
-0.062467,0.023258,0.034474
-0.076447,0.036204,-0.0015356
-0.076578,0.037709,0.00043823
-0.077196,0.036966,0.0014806
-0.078334,0.037726,0.0059598
-0.079329,0.036645,0.010723
-0.08261,0.035444,0.011939
-0.081057,0.032613,0.019661
-0.07773,0.028545,0.021465
-0.073039,0.023384,0.055487
-0.070959,0.021846,0.052018
-0.070118,0.020713,0.047759
-0.068733,0.0212,0.047154
-0.06605,0.020338,0.03889
-0.065354,0.021,0.033315
-0.064875,0.021606,0.027289
-0.063619,0.020678,0.022557
-0.07854,0.016551,0.037452
-0.07653,0.015811,0.036823
-0.074849,0.017254,0.030784
-0.071082,0.01541,0.02726
-0.069412,0.014794,0.024748
-0.065309,0.014003,0.025691
-0.062172,0.012681,0.022289
-0.060454,0.012722,0.023699
-0.046804,0.030958,0.0067541
-0.04794,0.029864,0.0034672
-0.047586,0.029215,0.00063567
-0.047491,0.029122,-0.0055555
-0.048902,0.030967,-0.0077863
-0.050785,0.032383,-0.0081214
-0.052236,0.032368,-0.0085974
-0.048594,0.034088,-0.0077984
-0.064453,0.043517,-0.0013117
-0.062802,0.043407,0.00070953
-0.059874,0.044822,0.00069763
-0.054897,0.04336,-0.0015182
-0.048403,0.043256,0.00027026
-0.044643,0.044371,-0.0054175
-0.038993,0.044371,-0.0049268
-0.034704,0.044576,-0.0030497
-0.039202,0.021679,0.06563
-0.035998,0.022352,0.060777
-0.034783,0.021454,0.059839
-0.032053,0.022104,0.056676
-0.030228,0.0241,0.054469
-0.029785,0.0263,0.053533
-0.028243,0.027854,0.052226
-0.028006,0.029703,0.046796
-0.020984,0.03925,0.040646
-0.020262,0.040001,0.036745
-0.020023,0.038849,0.032494
-0.018045,0.03641,0.029426
-0.015786,0.036941,0.027623
-0.016966,0.038032,0.026283
-0.018454,0.041085,0.026756
-0.015617,0.039897,0.029329
-0.0082675,0.051123,0.061163
-0.0069194,0.049404,0.062059
-0.0041089,0.048031,0.062898
-0.0053985,0.04777,0.062596
-0.0050104,0.047458,0.059553
-0.0063662,0.046336,0.057114
-0.0074863,0.044098,0.052285
-0.0072238,0.042518,0.047014
-0.017518,0.041955,0.057005
-0.017425,0.038118,0.047941
-0.018276,0.036001,0.040614
-0.018826,0.032638,0.039445
-0.017009,0.032337,0.033337
-0.017108,0.031422,0.027188
-0.015955,0.031849,0.025476
-0.015882,0.029838,0.01785
-0.010406,0.037124,0.04087
-0.0094121,0.03492,0.038521
-0.008584,0.031442,0.034314
-0.0086428,0.029137,0.026115
-0.0074917,0.029381,0.021755
-0.0082256,0.030113,0.014906
-0.0082266,0.027026,0.014181
-0.0065233,0.025486,0.013235
-0.008795,0.044979,-0.018622
-0.0093253,0.043979,-0.015328
-0.0079511,0.04214,-0.013013
-0.0065277,0.040893,-0.015436
-0.0065018,0.040563,-0.015081
-0.0051898,0.038716,-0.015579
-0.0039171,0.037704,-0.013685
-0.0017426,0.033049,-0.012218
0.0020313,0.054971,0.013916
0.0031346,0.055573,0.0071411
0.0049136,0.051169,0.0038154
0.0064347,0.048761,0.002096
0.0062983,0.047243,-0.0027239
0.0068613,0.043772,-0.00037039
0.0066656,0.040586,-0.0039893
0.0075867,0.039079,-0.0021376
0.013671,0.016567,0.025343
0.0134,0.013783,0.02341
0.015055,0.0090103,0.025009
0.012638,0.0080045,0.027287
0.01194,0.0079769,0.02641
0.011301,0.0048141,0.028127
0.013638,0.0057071,0.027069
0.013277,0.0028167,0.025249
0.015593,0.0026735,0.030843
0.018126,0.0018388,0.030197
0.017967,0.0027404,0.026703
0.02124,0.0023156,0.026637
0.020147,0.0041251,0.022729
0.020888,0.0029673,0.02083
0.022768,0.00016334,0.017084
0.022551,-0.00078806,0.011338
0.049315,-0.0063035,-0.023355
0.048127,-0.0065617,-0.019606
0.051493,-0.0074803,-0.023027
0.054872,-0.0086066,-0.02324
0.055395,-0.0057447,-0.025866
0.05575,-0.0077271,-0.028896
0.055235,-0.0082798,-0.027826
0.053409,-0.0084152,-0.02349
0.059503,-0.025785,-0.019743
0.057848,-0.02722,-0.017329
0.057876,-0.027622,-0.020202
0.059268,-0.028775,-0.016708
0.058302,-0.02776,-0.012289
0.060018,-0.027508,-0.0097631
0.058618,-0.025569,-0.012362
0.056883,-0.023485,-0.0096063
0.081559,-0.0071089,-0.029716
0.079719,-0.0072319,-0.029051
0.077289,-0.010249,-0.02797
0.077357,-0.013068,-0.029888
0.074915,-0.015025,-0.029925
0.072836,-0.017427,-0.025718
0.07165,-0.018385,-0.024295
0.069874,-0.01959,-0.022327
0.066933,-0.018146,0.0028928
0.064448,-0.020046,0.0023929
0.062088,-0.022293,0.0071936
0.061702,-0.022205,0.010476
0.059055,-0.023311,0.012041
0.055616,-0.023921,0.015848
0.052591,-0.02195,0.018406
0.049989,-0.023016,0.016211
0.019639,-0.011987,0.028931
0.017586,-0.013682,0.022357
0.016411,-0.015724,0.018618
0.012422,-0.016122,0.0082296
0.012478,-0.018125,0.0026438
0.012812,-0.017846,-0.0012
0.01073,-0.017917,-0.0023105
0.010775,-0.015704,-0.0026674
0.026974,-0.0020106,-0.041435
0.026717,-0.0018688,-0.038575
0.022847,-6.7503e-05,-0.030953
0.020946,0.00047847,-0.026332
0.020099,0.0043463,-0.026175
0.017472,0.0070898,-0.020524
0.017216,0.0093299,-0.017586
0.015267,0.01007,-0.016253
0.012988,0.009078,-0.021478
0.012686,0.011067,-0.022964
0.01272,0.0114,-0.019197
0.012294,0.01388,-0.020025
0.010569,0.015369,-0.020387
0.012055,0.018705,-0.019838
0.014115,0.021729,-0.01926
0.014895,0.022986,-0.019849
0.029063,0.050889,-0.046288
0.030557,0.046514,-0.038786
0.029717,0.043636,-0.030623
0.030282,0.041038,-0.023873
0.029458,0.038567,-0.021289
0.028815,0.034589,-0.014438
0.028743,0.033445,-0.011336
0.029304,0.030921,-0.015729
0.024823,0.017482,9.4019e-05
0.023932,0.015137,0.001873
0.022657,0.015257,-0.0045624
0.020066,0.01412,-0.010745
0.017149,0.012754,-0.013889
0.01468,0.012565,-0.016011
0.013949,0.012457,-0.018577
0.012122,0.011534,-0.021703
0.00058248,0.010063,-0.02216
-0.0017911,0.011371,-0.025356
-0.0028145,0.011777,-0.023538
-0.0039504,0.014024,-0.02213
-0.0049451,0.016073,-0.02302
-0.0058991,0.018039,-0.019442
-0.0064514,0.018789,-0.019537
-0.0065328,0.016611,-0.019632
0.017492,0.012593,-0.0027883
0.018473,0.013585,-0.0020196
0.021089,0.011447,8.6881e-05
0.022631,0.011981,0.0035567
0.024258,0.011238,0.009489
0.02123,0.01233,0.012297
0.02173,0.012523,0.014672
0.020138,0.011855,0.017537
-0.0063452,0.011247,0.058109
-0.0081271,0.0083778,0.054151
-0.0075224,0.0083642,0.044005
-0.0078811,0.0067889,0.037639
-0.0081082,0.0053325,0.031818
-0.0084686,0.0044833,0.028084
-0.0093131,0.0024345,0.025951
-0.0090912,5.6433e-05,0.019735
-0.012787,-0.02163,0.010283
-0.010903,-0.021605,0.010058
-0.0098453,-0.023758,0.01003
-0.010974,-0.027649,0.0077917
-0.01024,-0.02816,0.01215
-0.0099054,-0.030591,0.0084038
-0.0094102,-0.033267,0.0039009
-0.0082757,-0.034036,-0.00012383
-0.0094208,-0.054909,-0.018955
-0.007973,-0.055728,-0.018977
-0.0087281,-0.057125,-0.016721
-0.0062304,-0.056693,-0.018554
-0.0050931,-0.059704,-0.018413
-0.0053868,-0.061499,-0.023653
-0.0048068,-0.061711,-0.023592
-0.0040311,-0.063961,-0.024668
-0.021205,-0.075378,-0.052803
-0.020451,-0.075905,-0.049018
-0.018521,-0.075613,-0.046919
-0.018735,-0.07755,-0.043618
-0.018892,-0.076174,-0.043875
-0.018588,-0.076278,-0.040876
-0.017495,-0.078516,-0.043777
-0.017278,-0.081775,-0.036841
-0.002437,-0.10148,-0.043321
-0.0027849,-0.10094,-0.043245
-0.0015782,-0.098431,-0.046747
-0.0028928,-0.097368,-0.0464
-0.0044775,-0.096564,-0.043275
-0.0049615,-0.094868,-0.044404
-0.0052507,-0.092754,-0.048951
-0.0031036,-0.089642,-0.05036
-0.034248,-0.10082,-0.10277
-0.03284,-0.097085,-0.097194
-0.030046,-0.094316,-0.091152
-0.030145,-0.092924,-0.085584
-0.032497,-0.090905,-0.079029
-0.033713,-0.090163,-0.072556
-0.033548,-0.090927,-0.068659
-0.033772,-0.087521,-0.066637
-0.048972,-0.12412,-0.087356
-0.050209,-0.12477,-0.085015
-0.050481,-0.12177,-0.078082
-0.048201,-0.12069,-0.078071
-0.043092,-0.11844,-0.070564
-0.04126,-0.11335,-0.06891
-0.038352,-0.11023,-0.066005
-0.035735,-0.10587,-0.059059
-0.019287,-0.10446,-0.086973
-0.020162,-0.10243,-0.080945
-0.021587,-0.09773,-0.07442
-0.022598,-0.093381,-0.070192
-0.022414,-0.093045,-0.060202
-0.022795,-0.090616,-0.055191
-0.022542,-0.085655,-0.050253
-0.023447,-0.084731,-0.049761
6.8086e-05,-0.067526,-0.062834
-0.00027978,-0.063188,-0.061617
0.0030457,-0.061164,-0.063466
0.0026581,-0.05978,-0.062204
0.0031112,-0.055616,-0.060925
0.0049024,-0.052355,-0.061707
0.0064949,-0.049873,-0.061763
0.0031526,-0.045813,-0.059493
0.0067737,-0.011636,-0.068429
0.0053471,-0.010398,-0.065226
0.0043587,-0.0082464,-0.0559
0.0048131,-0.0079812,-0.051564
0.0036518,-0.0046282,-0.042931
0.0045067,-0.0049778,-0.040819
0.0079732,-0.0020617,-0.037966
0.0045432,8.4474e-05,-0.033624
-0.0028449,0.01944,-0.025182
-0.00095054,0.021926,-0.023851
0.00098301,0.024821,-0.019454
0.003058,0.024613,-0.014389
0.0042073,0.025267,-0.011347
0.0031122,0.026357,-0.011201
0.0047161,0.027911,-0.012895
0.0060446,0.02984,-0.010088
0.065873,0.057294,0.017419
0.065466,0.055869,0.012886
0.063063,0.05597,0.010585
0.061458,0.055213,0.011517
0.056856,0.055379,0.010145
0.055091,0.05545,0.0040911
0.054965,0.055197,-0.0021408
0.054309,0.056008,-0.00079184
0.094906,0.095214,0.0012363
0.093285,0.094631,0.002021
0.09223,0.091143,0.0034117
0.086616,0.089563,0.0084531
0.085306,0.084335,0.0096496
0.078652,0.079537,0.0060097
0.072668,0.0736,0.0092989
0.070244,0.072493,0.012584
0.068435,0.08197,0.014618
0.065906,0.078903,0.018144
0.061144,0.072768,0.016555
0.055987,0.070716,0.016857
0.05254,0.067828,0.021565
0.048698,0.065975,0.025552
0.043206,0.062452,0.024653
0.040557,0.059315,0.023151
0.029754,0.055506,0.015823
0.025677,0.052401,0.014244
0.021434,0.051423,0.014053
0.018738,0.048129,0.010999
0.015813,0.049195,0.012124
0.012856,0.047908,0.011841
0.0089118,0.04585,0.011847
0.0063737,0.043903,0.012417
-0.0045244,0.066145,0.0056459
-0.0067559,0.062732,0.012807
-0.0075046,0.059828,0.010687
-0.0084026,0.057498,0.012169
-0.0090882,0.054788,0.012942
-0.0089565,0.05248,0.013206
-0.0095223,0.049323,0.018964
-0.010929,0.04738,0.025253
0.0064701,0.032334,0.053567
0.0047035,0.030255,0.05446
3.9663e-05,0.027783,0.054979
-0.0021305,0.023198,0.054492
-0.0036965,0.019889,0.053279
-0.0053365,0.017786,0.050032
-0.010748,0.012677,0.04793
-0.011907,0.0097481,0.044069
-0.028648,0.0075494,0.032781
-0.027775,0.0075105,0.031719
-0.025805,0.0060938,0.029655
-0.023316,0.0056165,0.028028
-0.023397,0.0039338,0.023705
-0.024283,0.0013621,0.025687
-0.02436,-0.00011229,0.022162
-0.022634,-0.0026019,0.018914
-0.014999,-0.010454,0.028249
-0.013201,-0.012653,0.026707
-0.010827,-0.014164,0.02449
-0.0075817,-0.017114,0.024933
-0.0068716,-0.018607,0.022639
-0.0064307,-0.019973,0.022416
-0.0052232,-0.02052,0.019856
-0.0050619,-0.020982,0.020014
0.022355,-0.045144,0.0076004
0.023196,-0.044363,0.0065161
0.021594,-0.045787,0.0060632
0.020968,-0.047211,0.0034208
0.021843,-0.044532,0.0026577
0.019758,-0.045081,0.0055162
0.021149,-0.042654,0.0069813
0.021111,-0.041518,0.012972
0.012681,-0.063675,0.01056
0.01319,-0.063478,0.0052585
0.014547,-0.058779,0.0090259
0.01311,-0.060384,0.0051958
0.013799,-0.060266,0.002539
0.016314,-0.059741,-0.0015792
0.018158,-0.061017,0.0041835
0.016139,-0.059254,0.0047486
0.039389,-0.081154,-0.035199
0.038711,-0.079128,-0.027458
0.037091,-0.075237,-0.019097
0.038235,-0.072474,-0.015062
0.042099,-0.069635,-0.0092784
0.046793,-0.068712,-0.0034503
0.049422,-0.068329,0.0031301
0.050631,-0.065471,0.0048969
0.040281,-0.07688,0.012009
0.037531,-0.074888,0.011684
0.037991,-0.070796,0.01451
0.038048,-0.067505,0.017056
0.038952,-0.067721,0.014835
0.038876,-0.067594,0.015693
0.039619,-0.066089,0.013727
0.038451,-0.066771,0.014586
0.037103,-0.079053,-0.0052566
0.036991,-0.080133,-0.00068509
0.035908,-0.080495,0.0002459
0.034222,-0.079868,0.0084031
0.031894,-0.080116,0.012776
0.032619,-0.080178,0.019489
0.029123,-0.078017,0.02273
0.025593,-0.076159,0.023322
0.013272,-0.065167,0.023558
0.01423,-0.064395,0.027963
0.015912,-0.063673,0.024451
0.015622,-0.061594,0.02375
0.016879,-0.059357,0.026546
0.018692,-0.058835,0.023957
0.019706,-0.057985,0.020396
0.024444,-0.060316,0.022639
0.033892,-0.065211,0.03469
0.034085,-0.062801,0.035227
0.036746,-0.061501,0.032336
0.039156,-0.058456,0.029531
0.040562,-0.055736,0.027383
0.042565,-0.053988,0.024635
0.044013,-0.052098,0.021168
0.046666,-0.050156,0.018776
0.031174,-0.061163,0.022961
0.034241,-0.058564,0.01578
0.037145,-0.054848,0.011037
0.036288,-0.049571,0.0056915
0.037015,-0.046874,-0.0012889
0.037794,-0.042227,-0.0051374
0.039278,-0.040003,-0.011976
0.043194,-0.036384,-0.013742
0.046992,-0.038766,-0.030191
0.048154,-0.036428,-0.027135
0.049767,-0.035699,-0.027066
0.050332,-0.030388,-0.027209
0.04866,-0.026523,-0.023432
0.04873,-0.02283,-0.023785
0.047914,-0.021226,-0.0261
0.047957,-0.014609,-0.024305
0.032793,0.00097706,0.021727
0.036679,0.0016965,0.015526
0.036104,0.0027261,0.006118
0.039119,0.0035297,0.004715
0.040923,0.0028577,0.0039601
0.043546,0.0041973,-0.0043077
0.04516,0.0039414,-0.0086755
0.045803,0.0046853,-0.012694
0.056344,-0.0079828,-0.028176
0.058285,-0.0065746,-0.02118
0.053544,-0.005244,-0.022698
0.053921,-0.0055559,-0.019784
0.054736,-0.0053185,-0.016372
0.053893,-0.006021,-0.016386
0.055825,-0.0039171,-0.009937
0.056452,-0.0050657,-0.0048182
0.036007,0.0039458,-0.0015302
0.037596,0.0030666,0.0014692
0.035197,0.0025925,0.0053148
0.036633,0.0037282,-0.00017152
0.032931,0.005799,0.0018366
0.031384,0.0044902,0.00079228
0.032322,0.0071869,0.0043577
0.033491,0.0074381,0.0064663
0.039958,0.016511,0.047781
0.040364,0.016774,0.050862
0.039815,0.016096,0.046745
0.041722,0.016401,0.048136
0.042099,0.016707,0.045124
0.04309,0.017032,0.041016
0.042297,0.016899,0.03759
0.042044,0.016056,0.033614
0.018838,0.0027676,0.012896
0.017044,-9.2532e-05,0.012889
0.016802,-0.00064776,0.014121
0.017353,-0.0013964,0.014588
0.016189,0.00085532,0.018168
0.012802,0.0003651,0.02273
0.011748,-0.00041276,0.023392
0.010887,-0.00014533,0.02393
0.0032035,-0.013465,0.01419
0.0041356,-0.013366,0.012365
0.0025102,-0.013673,0.0094456
0.0028459,-0.011934,0.0083524
0.0026713,-0.0087778,0.010869
0.0048192,-0.011461,0.0085834
0.0057291,-0.009516,0.00557
0.0059068,-0.0068349,0.0079342
0.0097721,-0.0017814,0.030852
0.010226,-0.00044281,0.03117
0.0095152,0.0010762,0.035402
0.011999,0.0027524,0.037923
0.013392,0.0030597,0.040345
0.014444,0.0033502,0.040962
0.012457,0.0049341,0.043348
0.011077,0.0047848,0.036885
-0.024712,-0.001462,0.042463
-0.025333,-0.00042573,0.044076
-0.025099,0.0001089,0.040039
-0.028121,0.0010892,0.03514
-0.0306,0.0023268,0.033048
-0.030049,0.002392,0.02833
-0.029867,0.0050584,0.030561
-0.029111,0.0057512,0.031681
-0.038777,-0.011264,0.040823
-0.041529,-0.0092061,0.036232
-0.040962,-0.0063304,0.0302
-0.041218,-0.0049377,0.023661
-0.04033,0.00060252,0.022991
-0.041287,0.0031422,0.020675
-0.042013,0.0043561,0.019779
-0.043091,0.0074044,0.020109
-0.083166,0.01951,0.024373
-0.085812,0.021746,0.028185
-0.089596,0.023188,0.0293
-0.090067,0.026195,0.030219
-0.092089,0.027357,0.033013
-0.090313,0.030178,0.037464
-0.089263,0.030456,0.039084
-0.090542,0.032779,0.039129
-0.11326,0.053691,0.068907
-0.11285,0.054503,0.069486
-0.11185,0.056345,0.063769
-0.11232,0.056167,0.063435
-0.11262,0.056427,0.063602
-0.11297,0.054774,0.0575
-0.11191,0.055591,0.052509
-0.11258,0.054728,0.054183
-0.10765,0.045167,0.069091
-0.10374,0.044592,0.066132
-0.099425,0.043887,0.064182
-0.096145,0.043796,0.06004
-0.092287,0.042508,0.055868
-0.088575,0.04199,0.048541
-0.085498,0.040154,0.048913
-0.081541,0.040114,0.046075
-0.072518,0.033962,0.066549
-0.069368,0.032991,0.065864
-0.067848,0.032237,0.056261
-0.06644,0.033341,0.05549
-0.065785,0.034161,0.050348
-0.062137,0.035393,0.045625
-0.063359,0.034781,0.046032
-0.06246,0.036477,0.041739
-0.080578,0.048081,0.023579
-0.079515,0.049409,0.028302
-0.078095,0.050627,0.027408
-0.076878,0.054036,0.027385
-0.077901,0.054983,0.029788
-0.075521,0.057057,0.035321
-0.074687,0.060032,0.039187
-0.072736,0.060505,0.041023
-0.10689,0.06673,0.051918
-0.10568,0.065612,0.051302
-0.10539,0.065787,0.052428
-0.10173,0.06439,0.052011
-0.10247,0.065117,0.055838
-0.097644,0.064274,0.050138
-0.095609,0.061314,0.048623
-0.094236,0.060909,0.04718
-0.086733,0.075423,0.013375
-0.085079,0.075847,0.015879
-0.085136,0.075569,0.014846
-0.082061,0.073655,0.012241
-0.078726,0.073556,0.012866
-0.078524,0.074461,0.0088888
-0.077324,0.072915,0.013144
-0.076127,0.072163,0.013004
-0.068814,0.065331,0.0093903
-0.064673,0.066847,0.013539
-0.063859,0.066698,0.016817
-0.061875,0.067955,0.023477
-0.059099,0.068309,0.026706
-0.056724,0.068094,0.029972
-0.055864,0.067092,0.028104
-0.054887,0.065575,0.028046
-0.049098,0.057912,0.060081
-0.048723,0.059558,0.061865
-0.048227,0.059721,0.055294
-0.048076,0.057912,0.050954
-0.04903,0.055725,0.045048
-0.048777,0.055503,0.04332
-0.049289,0.054617,0.038284
-0.054768,0.053557,0.037647
-0.039916,0.03631,0.02883
-0.043282,0.032595,0.033535
-0.044685,0.029605,0.036215
-0.045265,0.028004,0.037251
-0.045986,0.027706,0.038733
-0.045423,0.026062,0.040038
-0.044161,0.025332,0.041396
-0.045262,0.024096,0.039444
-0.053575,0.035971,0.050591
-0.052617,0.035878,0.046083
-0.054056,0.03403,0.041401
-0.05291,0.037092,0.035903
-0.051786,0.038325,0.036003
-0.052242,0.038533,0.034627
-0.053555,0.037938,0.03416
-0.052858,0.038051,0.029913
-0.046646,0.032233,0.024675
-0.045632,0.032964,0.024189
-0.0456,0.033366,0.024963
-0.044244,0.032442,0.02149
-0.043533,0.031433,0.0199
-0.04428,0.030637,0.017466
-0.04099,0.029661,0.021324
-0.040701,0.026459,0.021757
-0.02523,0.011997,0.015019
-0.024792,0.013692,0.014473
-0.023707,0.014275,0.015848
-0.022038,0.012548,0.012881
-0.0218,0.012844,0.0091136
-0.019193,0.013027,0.0049867
-0.018587,0.011876,0.0074739
-0.016039,0.012069,0.0044004
-0.0054801,0.013394,0.0094894
-0.0042296,0.011343,0.008383
-0.003607,0.010496,0.0044141
-0.0035429,0.0086811,0.0048564
-0.0016692,0.0094214,0.0045496
-0.0012285,0.0077836,0.0049347
0.001017,0.0085481,0.0030985
0.0033739,0.0063614,0.0026944
-0.011438,0.0050536,0.011268
-0.0081943,0.0033021,0.01396
-0.0089999,0.0040339,0.0094669
-0.0062433,0.0037709,0.0093848
-0.0075972,0.002811,0.0088146
-0.0077401,0.0021218,0.0090384
-0.0073079,0.0033828,0.00857
-0.0066015,0.0019536,0.0070555
0.015659,0.0093925,0.0045678
0.018564,0.0088859,0.0045095
0.018546,0.0090336,0.0027422
0.019791,0.0070081,0.0035469
0.018366,0.0051391,0.0028883
0.017824,0.0033598,-0.0020528
0.015873,0.0058816,-0.0047222
0.016802,0.0035027,-0.0092518
0.018057,0.015906,-0.013045
0.01668,0.013202,-0.010093
0.015754,0.013083,-0.0081994
0.015443,0.011871,-0.0069502
0.017038,0.011563,-0.0062109
0.016183,0.0093843,-0.0086907
0.018478,0.0073629,-0.0046124
0.019439,0.01106,-0.0036961
0.02636,0.0014179,0.031924
0.026926,-0.0011235,0.026268
0.027795,-0.0034114,0.025131
0.028501,-0.0021534,0.029568
0.028958,-0.0047354,0.029213
0.030197,-0.0045642,0.029552
0.030528,-0.0072007,0.028023
0.029953,-0.009935,0.026486
0.026684,0.010778,0.010805
0.025349,0.0086298,0.0095499
0.025413,0.0087564,0.0052277
0.025844,0.0094474,0.0058863
0.026413,0.0088656,0.0023624
0.02329,0.0080256,0.002814
0.022413,0.0082009,0.0004083
0.022209,0.0092357,0.0015764
0.0042074,-0.0047586,-0.010422
0.0030719,-0.0067582,-0.0095669
-0.0002092,-0.0074676,-0.0079134
-0.0015601,-0.0075886,-0.010642
-0.0028915,-0.0074909,-0.0095064
-0.003508,-0.0092826,-0.0080967
-0.0026557,-0.0091199,-0.0081258
-0.0014638,-0.0094221,-0.0059091
0.0038226,-0.0088524,-0.031735
0.0043837,-0.0078941,-0.027883
0.0029794,-0.0061847,-0.026167
0.00084222,-0.0054443,-0.02371
-0.0017338,-0.0032108,-0.016314
-0.0037065,0.0023594,-0.010297
-0.0070267,0.0029949,-0.0060769
-0.0090576,0.0082157,-0.00269
-0.0042312,0.043214,0.0099098
-0.0085662,0.044164,0.016272
-0.011888,0.042693,0.018788
-0.013775,0.041965,0.02079
-0.016765,0.042551,0.022913
-0.018783,0.041749,0.022263
-0.022901,0.0402,0.021319
-0.02453,0.040834,0.023284
-0.039282,0.045785,0.02248
-0.039665,0.048211,0.024151
-0.04042,0.05372,0.025159
-0.041063,0.058106,0.027841
-0.042421,0.06042,0.023307
-0.043442,0.061686,0.026519
-0.040296,0.064112,0.02399
-0.038849,0.06427,0.021315
-0.039378,0.064286,0.03649
-0.040626,0.063943,0.037044
-0.041996,0.064015,0.030684
-0.041816,0.069244,0.031859
-0.042227,0.068494,0.030507
-0.045431,0.067239,0.033116
-0.045967,0.066266,0.032505
-0.048488,0.064641,0.028235
-0.036567,0.058305,0.010691
-0.035383,0.058513,0.0096703
-0.035757,0.059835,0.0063523
-0.040898,0.062189,0.0080466
-0.043278,0.065247,0.0020897
-0.046546,0.063985,-0.00039526
-0.047097,0.067132,-0.0020455
-0.049616,0.071683,0.0014513
-0.049407,0.082399,-0.0065317
-0.049307,0.083722,-0.012585
-0.049273,0.080415,-0.010226
-0.048579,0.079073,-0.013393
-0.047825,0.077085,-0.018418
-0.049596,0.077606,-0.018245
-0.052159,0.074466,-0.016456
-0.05317,0.071427,-0.021225
-0.056256,0.069035,-0.042931
-0.057303,0.069265,-0.043742
-0.057545,0.067721,-0.042341
-0.058383,0.068052,-0.037778
-0.058492,0.068247,-0.033549
-0.057813,0.067651,-0.032266
-0.059803,0.068816,-0.025338
-0.063051,0.069152,-0.016391
-0.044616,0.084151,-0.029283
-0.04622,0.081468,-0.022348
-0.047512,0.078393,-0.020536
-0.048124,0.075214,-0.018919
-0.045193,0.07558,-0.01925
-0.041587,0.07454,-0.013321
-0.041344,0.070773,-0.0061084
-0.040503,0.067856,-0.0086515
-0.033991,0.053258,-0.058684
-0.033655,0.049894,-0.062266
-0.034813,0.045594,-0.059782
-0.037572,0.041733,-0.053384
-0.034473,0.038932,-0.055547
-0.034893,0.038662,-0.052164
-0.033391,0.034819,-0.044952
-0.031934,0.03177,-0.043436
-0.0045173,0.020004,-0.015733
-0.0018284,0.015809,-0.011613
-0.0010816,0.014536,-0.0099578
-0.0014323,0.012148,-0.0090235
-0.0035597,0.010737,-0.0025316
-0.0029883,0.0070304,-0.0022303
-0.0028509,0.0024095,-0.0014395
0.00072072,0.00041439,-0.0038603
0.010854,0.0046671,-0.029696
0.010286,0.0033164,-0.02831
0.011733,0.0025548,-0.022283
0.011627,3.2647e-05,-0.016243
0.0093929,-0.0022159,-0.011054
0.0077689,-0.0032182,-0.0074825
0.0086626,-0.0057572,-0.0019268
0.0092266,-0.0085896,-0.0018381
0.0063704,-0.011373,0.02597
0.007867,-0.0079711,0.025288
0.0086692,-0.0075493,0.026968
0.0080354,-0.0087949,0.028538
0.010895,-0.0089193,0.02631
0.010992,-0.010159,0.022147
0.013855,-0.013073,0.019848
0.018047,-0.012615,0.014766
0.035577,-0.016992,-0.012611
0.036561,-0.016987,-0.013565
0.03837,-0.017404,-0.0153
0.036245,-0.019591,-0.016063
0.036881,-0.019902,-0.01111
0.038297,-0.019677,-0.0082879
0.039169,-0.018435,-0.0055445
0.040922,-0.017138,-0.0093758
0.060768,-0.0074145,-0.056356
0.058717,-0.0055153,-0.052026
0.056405,-0.0024489,-0.045533
0.054844,0.00012611,-0.039253
0.053851,0.0016491,-0.035114
0.051777,0.0034159,-0.026904
0.050155,0.0035798,-0.022581
0.049677,0.0029767,-0.019318
0.043593,0.011701,-0.019707
0.041512,0.0084403,-0.019235
0.036745,0.0075488,-0.013642
0.034012,0.0036495,-0.010869
0.03029,0.0030251,-0.01205
0.025354,0.0029415,-0.0080645
0.023145,-0.0018701,-0.0094118
0.018155,-0.0004384,-0.0056854
0.021071,0.017274,-0.016776
0.018128,0.013977,-0.019657
0.014519,0.011525,-0.014637
0.012123,0.0092291,-0.014137
0.009727,0.0076634,-0.018201
0.0056617,0.0048313,-0.017326
0.007661,0.0018666,-0.019374
0.0048608,0.0015383,-0.018319
-0.0022844,0.0055022,-0.020126
-0.0019461,0.0060821,-0.020165
-0.0046521,0.0031248,-0.017234
-0.003694,0.0029437,-0.015058
-0.0034984,0.0035112,-0.01168
-0.0025682,0.0011005,-0.0093025
-0.0027582,-0.0017305,-0.007204
-0.0014666,-0.0015523,-0.012504
-0.0074198,-0.0027759,-0.020877
-0.0070907,-0.0030621,-0.019625
-0.0061373,-0.0051588,-0.019522
-0.0069902,-0.0089461,-0.017693
-0.0061384,-0.011152,-0.018212
-0.004542,-0.015649,-0.020707
-0.004358,-0.015359,-0.024374
-0.0062576,-0.016078,-0.023006
0.0018956,-0.037998,-0.010298
0.0045475,-0.039367,-0.0068368
0.0070104,-0.039431,-0.0042536
0.0087741,-0.039354,-0.00015966
0.011645,-0.038731,0.0026677
0.015476,-0.036473,0.00085215
0.015148,-0.03582,-0.00038167
0.01569,-0.033091,0.0037167
0.036674,-0.04429,0.0044991
0.037665,-0.042153,0.005112
0.035617,-0.03845,0.0064616
0.03895,-0.036108,0.0062019
0.037959,-0.03554,0.0023689
0.036078,-0.034114,0.0027828
0.036901,-0.031473,0.0038501
0.03964,-0.031764,0.0014409
0.045689,-0.029804,0.0074664
0.04626,-0.029547,0.01253
0.045835,-0.025933,0.0099642
0.044234,-0.02628,0.010894
0.045475,-0.025912,0.016129
0.046118,-0.025878,0.0138
0.047309,-0.026167,0.010807
0.045597,-0.024205,0.012844
0.054571,-0.027639,-0.007756
0.056191,-0.027665,-0.0036245
0.055485,-0.027544,-0.0052314
0.055338,-0.027374,-0.0039
0.056019,-0.028684,-0.0067621
0.058102,-0.027227,-0.0039777
0.057858,-0.02561,-0.0041449
0.057004,-0.023236,-0.0067844
0.058277,-0.011122,-0.03373
0.058892,-0.011235,-0.029909
0.059674,-0.010582,-0.027577
0.058062,-0.010841,-0.029613
0.058925,-0.0087997,-0.029601
0.059942,-0.0053075,-0.033638
0.061125,-0.0049916,-0.035049
0.061564,-0.0049881,-0.030575
0.053957,-0.006695,-0.064415
0.054542,-0.0087375,-0.061738
0.054637,-0.011293,-0.053231
0.055943,-0.013229,-0.052921
0.058348,-0.015721,-0.05189
0.058655,-0.016865,-0.05187
0.058509,-0.018203,-0.049414
0.058099,-0.021011,-0.043515
0.062671,-0.018566,-0.067697
0.063258,-0.022411,-0.061791
0.063298,-0.023164,-0.05733
0.063518,-0.025005,-0.04921
0.065426,-0.027539,-0.042295
0.066776,-0.0304,-0.037612
0.065559,-0.031647,-0.03749
0.066413,-0.031191,-0.036255
0.057254,-0.040825,-0.036778
0.057039,-0.04039,-0.028173
0.05689,-0.041161,-0.023186
0.058484,-0.037928,-0.020985
0.056726,-0.036127,-0.015205
0.056212,-0.035806,-0.01416
0.055694,-0.035896,-0.013024
0.055862,-0.033448,-0.014822
0.059159,-0.039482,0.0057664
0.056586,-0.040775,0.0071809
0.05682,-0.041729,0.0026374
0.056365,-0.040248,0.0042054
0.05731,-0.041908,0.0017648
0.056393,-0.043681,-0.00012149
0.056762,-0.04452,-0.0021814
0.05701,-0.045671,0.00072253
0.058619,-0.030185,0.017368
0.060145,-0.031473,0.014502
0.061541,-0.035634,0.013505
0.063808,-0.037378,0.011211
0.061353,-0.04032,0.01079
0.061674,-0.041397,0.0079642
0.062119,-0.044312,0.0047856
0.061543,-0.047439,-0.0028235
0.054949,-0.0633,0.012107
0.054786,-0.064967,0.0052886
0.055464,-0.064832,0.009068
0.057196,-0.065353,0.0080499
0.057214,-0.06162,0.010117
0.058027,-0.059316,0.0089324
0.056245,-0.058363,0.0070403
0.059276,-0.054598,0.0058746
0.084129,-0.053747,-0.026782
0.08237,-0.053357,-0.032235
0.083277,-0.054053,-0.032681
0.083425,-0.054809,-0.035126
0.083006,-0.056564,-0.040291
0.083879,-0.05688,-0.039913
0.083032,-0.0575,-0.039426
0.081575,-0.05799,-0.036881
0.10141,-0.039271,-0.054892
0.10158,-0.041463,-0.047691
0.099124,-0.044297,-0.044699
0.097001,-0.049001,-0.04102
0.094171,-0.050989,-0.039825
0.093815,-0.051157,-0.036989
0.089742,-0.052679,-0.036971
0.08848,-0.052713,-0.033978
0.078064,-0.030356,-0.011522
0.076408,-0.030552,-0.011037
0.07442,-0.031075,-0.013223
0.074131,-0.031561,-0.010636
0.072276,-0.035098,-0.012742
0.074945,-0.032502,-0.020684
0.073926,-0.032843,-0.025827
0.072987,-0.033195,-0.02605
0.071601,-0.036412,-0.027107
0.069578,-0.037596,-0.028878
0.068602,-0.035368,-0.027467
0.067525,-0.037285,-0.025531
0.066652,-0.03721,-0.026326
0.064041,-0.038577,-0.026462
0.061454,-0.039226,-0.029659
0.05846,-0.041319,-0.026825
0.046769,-0.035336,-0.04859
0.045876,-0.034068,-0.047629
0.044872,-0.032398,-0.042941
0.04426,-0.032425,-0.042802
0.042789,-0.033166,-0.041296
0.043711,-0.031085,-0.039288
0.042519,-0.029233,-0.037464
0.039877,-0.028203,-0.029147
0.02892,-0.02409,-0.073207
0.030426,-0.019936,-0.064036
0.029778,-0.017112,-0.052357
0.030089,-0.014057,-0.050769
0.029844,-0.014349,-0.045963
0.02884,-0.01348,-0.046495
0.027963,-0.010984,-0.043311
0.028567,-0.012533,-0.042961
0.013197,-0.0061922,-0.0032153
0.013473,-0.005049,-0.0011098
0.011016,-0.0036602,-0.00122
0.010971,-0.0048961,0.0030682
0.01068,-0.0044427,0.0039911
0.015192,-0.0045421,0.0044806
0.015287,-0.0041096,0.0036271
0.01469,-0.002022,0.0074002
0.020384,0.016985,0.030241
0.0183,0.016587,0.026049
0.018618,0.016736,0.01804
0.018785,0.016514,0.020826
0.020568,0.016681,0.019064
0.019697,0.017463,0.019776
0.01827,0.01701,0.015378
0.013719,0.014544,0.01815
0.013721,0.012342,0.012161
0.014841,0.010101,0.0090627
0.013462,0.011517,0.010113
0.01066,0.01011,0.012929
0.011075,0.0086365,0.016409
0.012282,0.0080931,0.01841
0.014521,0.0084713,0.022584
0.01364,0.0070277,0.021391
0.0002022,0.024142,0.0036423
0.0011205,0.02237,0.0067344
0.0019512,0.021675,0.0087923
-0.0010599,0.02381,0.0053088
-0.0016675,0.023737,0.0055452
-0.0017806,0.021217,0.0071832
-0.0059295,0.020094,0.0050017
-0.006546,0.020099,0.0027113
-0.034164,0.054082,0.012421
-0.035866,0.053299,0.0057944
-0.035705,0.053589,0.0053433
-0.036721,0.054446,0.0027718
-0.037745,0.055966,0.0044963
-0.039935,0.056849,0.0019095
-0.040191,0.059209,0.0052525
-0.04245,0.057159,0.005438
-0.05149,0.051319,0.02984
-0.053898,0.05112,0.028195
-0.052671,0.050844,0.028333
-0.05181,0.050528,0.027119
-0.053092,0.048117,0.025413
-0.052718,0.046709,0.024311
-0.052131,0.047856,0.016343
-0.054682,0.048784,0.01577
-0.051465,0.047927,0.0031293
-0.050658,0.044618,0.0032947
-0.049833,0.042961,0.0044505
-0.050226,0.038873,0.0067405
-0.050012,0.037253,0.0047182
-0.051003,0.03635,0.0072037
-0.051534,0.032905,0.0056642
-0.051556,0.032559,0.0055513
-0.076756,0.033441,0.043138
-0.075805,0.032842,0.042177
-0.075054,0.031413,0.03347
-0.074742,0.029934,0.030653
-0.075828,0.027251,0.029893
-0.076684,0.025887,0.026173
-0.076958,0.024927,0.021585
-0.074755,0.023543,0.019119
-0.086146,0.0022356,0.0096359
-0.083395,-0.00058575,0.0058066
-0.080431,-0.0011356,0.0064001
-0.078091,-0.0014981,0.0062248
-0.076992,-0.0017184,0.011242
-0.077616,-0.00099333,0.015486
-0.076703,-0.0031025,0.018811
-0.077158,-0.0010474,0.020209
-0.055749,-0.0019661,0.021349
-0.05599,-0.0011194,0.019715
-0.055647,0.00047097,0.01649
-0.05618,-0.0010194,0.014395
-0.055471,-0.00089535,0.015133
-0.053059,0.00068834,0.013272
-0.052761,0.00033465,0.012246
-0.051134,0.0010019,0.0068511
-0.056819,-0.0042674,-0.00036148
-0.054773,-0.0019551,0.0014136
-0.056436,-0.0022802,0.0058805
-0.055338,-0.00046594,0.0087952
-0.054396,0.00029933,0.0095501
-0.052809,0.0016627,0.0064731
-0.051924,0.003319,0.0069567
-0.049681,0.0036049,0.0088287
-0.049553,0.01179,-0.0078574
-0.049789,0.015055,-0.011785
-0.04859,0.013583,-0.010224
-0.043981,0.013624,-0.0073977
-0.045231,0.015259,-0.0058951
-0.042502,0.013682,-0.0013571
-0.043123,0.013838,0.0048743
-0.042791,0.01309,0.0084431
-0.035379,-0.0041887,0.0068568
-0.033265,-0.0028384,0.004663
-0.034334,-0.00094041,0.0073144
-0.034386,-0.0016059,0.0068516
-0.0317,0.00022892,0.0059892
-0.032252,-0.00016139,0.0069425
-0.030746,-0.00028815,0.0041679
-0.029531,0.00084255,0.0059515
-0.023141,-0.0052927,-0.010482
-0.022496,-0.0028421,-0.0064374
-0.023397,-0.0042187,-0.0055659
-0.022961,-0.0036766,-0.0055834
-0.021778,-0.0037854,-0.0045735
-0.022528,-0.0029551,-0.0036019
-0.022559,-0.0015603,-0.0036387
-0.022103,-0.0012025,-0.0024946
-0.025986,0.0025765,-0.016051
-0.02826,0.00076837,-0.014267
-0.027799,0.0016912,-0.010169
-0.026765,9.2973e-05,-0.013516
-0.026311,0.0025428,-0.011419
-0.024045,0.0040512,-0.012932
-0.023284,0.0043586,-0.010336
-0.021891,0.0046422,-0.011786
-0.010954,0.015,0.017545
-0.008986,0.012911,0.017341
-0.0074913,0.01385,0.015893
-0.0044491,0.011144,0.017675
-0.0028344,0.011493,0.012303
-0.0040436,0.014052,0.0132
-0.0043976,0.01348,0.0093575
-0.003729,0.016067,0.011575
-6.8758e-05,0.02163,0.013744
-0.0020605,0.021579,0.0089775
-0.0021476,0.020044,0.0061807
-0.0038439,0.019353,0.0078944
-0.0054292,0.019662,0.0088288
-0.005658,0.01968,0.0057597
-0.0054056,0.016965,0.0067534
-0.0043853,0.016007,0.0020688
-0.016841,0.023583,0.018263
-0.018094,0.022126,0.019119
-0.018908,0.021593,0.018386
-0.020862,0.019308,0.019519
-0.019988,0.016332,0.021726
-0.021333,0.017836,0.020759
-0.021404,0.016504,0.021914
-0.020976,0.016674,0.024572
-0.014607,0.001633,0.031656
-0.01445,0.001448,0.033927
-0.014156,0.0010649,0.035433
-0.01561,0.0014438,0.033013
-0.013421,-0.00063008,0.030309
-0.013471,0.00027255,0.033437
-0.012819,0.0010372,0.029815
-0.011136,0.00015014,0.026314
-0.033144,0.0033184,0.018314
-0.033309,0.0058372,0.013929
-0.032616,0.0046455,0.0066394
-0.034271,0.0049831,0.00027117
-0.0369,0.0040757,0.0018537
-0.038245,0.004077,0.0020905
-0.038309,0.0029002,0.004396
-0.037877,0.005285,0.0010744
-0.030372,0.0046364,-0.015526
-0.028195,0.0066215,-0.010751
-0.028837,0.0052071,-0.013504
-0.028473,0.003572,-0.025186
-0.027634,-0.0084425,0.01003
-0.021883,0.0037355,-0.0078548
-0.012418,0.007847,-0.00061782
-0.0063283,-0.0040622,0.019583
-0.015175,-0.012886,0.081089
-0.013999,-0.010067,0.073997
-0.012947,-0.010333,0.06682
-0.011879,-0.011072,0.062019
-0.0098006,-0.010281,0.057524
-0.010633,-0.0092836,0.051594
-0.0077996,-0.011372,0.046544
-0.0078394,-0.01046,0.042431
-0.019627,-0.0054714,0.037432
-0.01687,-0.0055216,0.035512
-0.016972,-0.0047903,0.033058
-0.015616,-0.0051793,0.029782
-0.014808,-0.0046909,0.027371
-0.014632,-0.00496,0.025869
-0.013905,-0.0046885,0.024632
-0.014593,-0.0039749,0.02327
-0.0088542,-0.0047382,0.023933
-0.0083772,-0.0053397,0.02216
-0.0089477,-0.0049586,0.019733
