-1.242350786924362183e-02 -3.009027987718582153e-02 1.354215145111083984e+00
-1.348462700843811035e-02 -1.892492920160293579e-02 1.400381088256835938e+00
-8.837483823299407959e-03 -2.127705514430999756e-02 1.332248926162719727e+00
-5.674696993082761765e-03 -2.836609631776809692e-02 1.267715692520141602e+00
1.274206093512475491e-03 -3.520459681749343872e-02 1.288044810295104980e+00
-9.185519302263855934e-04 -3.314989060163497925e-02 1.392881631851196289e+00
2.697721589356660843e-03 -6.594835966825485229e-02 1.354407310485839844e+00
-6.232805084437131882e-03 -8.155028522014617920e-02 1.355114221572875977e+00
-7.074888329952955246e-03 -9.275095909833908081e-02 1.311850786209106445e+00
2.595607936382293701e-02 -1.174868494272232056e-01 1.165309190750122070e+00
3.857098147273063660e-02 -9.698639065027236938e-02 1.135655045509338379e+00
7.049322593957185745e-03 -5.371624976396560669e-02 1.153680443763732910e+00
-1.670007407665252686e-02 -3.624748438596725464e-02 1.194393873214721680e+00
-6.111822556704282761e-03 -3.523476421833038330e-02 1.232345581054687500e+00
-1.217661052942276001e-02 -3.027117997407913208e-02 1.230988264083862305e+00
-2.075479924678802490e-02 -2.670047432184219360e-02 1.201936006546020508e+00
-2.030181512236595154e-02 -2.712864428758621216e-02 1.185923695564270020e+00
-8.391473442316055298e-03 -4.366349428892135620e-02 1.216541409492492676e+00
1.788661233149468899e-03 -3.887987136840820312e-02 1.139970541000366211e+00
1.619904488325119019e-02 -4.588889330625534058e-02 1.184170842170715332e+00
1.559238135814666748e-02 -5.518807470798492432e-02 1.209926247596740723e+00
4.179830197244882584e-03 -4.977991431951522827e-02 1.201363801956176758e+00
-1.148235984146595001e-02 -2.797674387693405151e-02 1.215443968772888184e+00
-3.619525814428925514e-04 -2.354788780212402344e-02 1.202785849571228027e+00
-1.342190988361835480e-02 -2.366092056035995483e-02 1.234277844429016113e+00
-3.305658232420682907e-03 -3.823970630764961243e-02 1.202389717102050781e+00
1.051877043209969997e-03 -3.602668642997741699e-02 1.160630226135253906e+00
1.476078853011131287e-02 -5.030289292335510254e-02 1.138133049011230469e+00
4.042345285415649414e-02 -5.377979576587677002e-02 1.101527690887451172e+00
2.805599942803382874e-02 -4.596158117055892944e-02 1.092437624931335449e+00
7.831161841750144958e-03 -3.289314359426498413e-02 1.109239816665649414e+00
-2.816136460751295090e-03 -2.651885896921157837e-02 1.137014150619506836e+00
-1.085293130017817020e-03 -3.052357584238052368e-02 1.138983964920043945e+00
-6.979943718761205673e-03 -3.060440719127655029e-02 1.158314585685729980e+00
2.851005410775542259e-04 -3.444585204124450684e-02 1.162675261497497559e+00
-1.798255019821226597e-03 -3.064805641770362854e-02 1.190857648849487305e+00
-6.463614758104085922e-03 -3.901018202304840088e-02 1.228431224822998047e+00
-6.207135971635580063e-03 -3.697634860873222351e-02 1.210172176361083984e+00
-6.264128023758530617e-04 -4.152650386095046997e-02 1.181029558181762695e+00
-1.124447793699800968e-03 -3.550280630588531494e-02 1.214036464691162109e+00
-3.255796153098344803e-03 -2.901437133550643921e-02 1.237188816070556641e+00
2.003886271268129349e-03 -5.414271354675292969e-02 1.178305387496948242e+00
-1.044155284762382507e-02 -3.565038740634918213e-02 1.096793651580810547e+00
-1.314676948823034763e-03 -3.402959555387496948e-02 1.215360045433044434e+00
-4.202987533062696457e-03 -2.904534339904785156e-02 1.273567318916320801e+00
1.640624552965164185e-02 -3.810505568981170654e-02 1.223653554916381836e+00
-9.328402578830718994e-03 -1.275042071938514709e-02 1.183922886848449707e+00
-1.038147974759340286e-02 -1.116452366113662720e-02 1.181252479553222656e+00
-1.768197305500507355e-02 4.405733197927474976e-03 1.202746152877807617e+00
-1.722867973148822784e-02 -1.328252255916595459e-02 1.247297286987304688e+00
-3.160557895898818970e-02 2.652194350957870483e-03 1.270639896392822266e+00
2.623666659928858280e-04 -3.110764734447002411e-02 1.170639514923095703e+00
-1.935267448425292969e-02 -1.706770434975624084e-02 1.198642849922180176e+00
-2.273757196962833405e-02 -3.677669167518615723e-02 1.227950572967529297e+00
-4.601418506354093552e-03 -4.024328663945198059e-02 1.242117047309875488e+00
2.917376905679702759e-02 -5.012692883610725403e-02 1.195103764533996582e+00
1.878665015101432800e-02 -3.469664976000785828e-02 1.216521978378295898e+00
1.568682119250297546e-02 -2.507753297686576843e-02 1.181499600410461426e+00
1.009707991033792496e-02 -2.216083928942680359e-02 1.206886649131774902e+00
-3.404489718377590179e-03 -2.174100279808044434e-02 1.221408486366271973e+00
-8.232925320044159889e-04 -2.275834232568740845e-02 1.207187771797180176e+00
8.624318987131118774e-03 -5.956942215561866760e-02 1.250369071960449219e+00
6.467988248914480209e-03 -5.605870112776756287e-02 1.152577280998229980e+00
-3.729011863470077515e-03 -3.831934183835983276e-02 1.091634631156921387e+00
-3.729763440787792206e-03 -2.628176473081111908e-02 1.123582243919372559e+00
-1.107964757829904556e-02 -2.304626628756523132e-02 1.159105539321899414e+00
-7.941878400743007660e-03 -1.212092116475105286e-02 1.024716496467590332e+00
1.970653235912322998e-02 -6.163894757628440857e-02 1.050147414207458496e+00
1.243001408874988556e-02 -6.115100532770156860e-02 1.084505200386047363e+00
8.015159517526626587e-03 -4.162105545401573181e-02 1.055004596710205078e+00
1.745344954542815685e-03 -6.239170581102371216e-02 1.036452770233154297e+00
-2.682353369891643524e-02 -2.226565033197402954e-02 1.050674676895141602e+00
-1.212070323526859283e-02 -8.281815797090530396e-03 9.944996833801269531e-01
4.378375131636857986e-03 -2.527269907295703888e-02 9.803394675254821777e-01
1.081105321645736694e-03 -4.048190265893936157e-02 1.002002954483032227e+00
-8.950592949986457825e-03 -3.317063674330711365e-02 9.374064803123474121e-01
1.170159876346588135e-02 -4.661615937948226929e-02 9.521154761314392090e-01
5.321664270013570786e-03 -3.718133643269538879e-02 1.002943515777587891e+00
1.191906398162245750e-03 -2.112411335110664368e-02 9.987362027168273926e-01
5.711494595743715763e-04 -2.221534401178359985e-02 1.003130793571472168e+00
-1.783550344407558441e-02 -1.254156976938247681e-02 1.047784805297851562e+00
-2.802469208836555481e-02 -2.544287592172622681e-03 1.058890581130981445e+00
-3.557725623250007629e-02 -1.438518241047859192e-02 1.089197278022766113e+00
-3.202266246080398560e-02 -1.753560826182365417e-02 1.099709033966064453e+00
-3.370169922709465027e-02 -1.734246313571929932e-02 1.095449924468994141e+00
-3.754759579896926880e-02 -1.594543457031250000e-02 1.131753802299499512e+00
-3.959169611334800720e-02 -1.449419930577278137e-02 1.189647197723388672e+00
-3.901731222867965698e-02 -1.815942674875259399e-02 1.213580012321472168e+00
-3.881809860467910767e-02 -2.126346528530120850e-02 1.237088561058044434e+00
-3.992989286780357361e-02 -2.616084925830364227e-02 1.250502347946166992e+00
-3.326764702796936035e-02 -3.418492525815963745e-02 1.217637658119201660e+00
-2.368324622511863708e-02 -3.879558295011520386e-02 1.165854692459106445e+00
-2.302366308867931366e-02 -4.657990485429763794e-02 1.171554923057556152e+00
-2.383770607411861420e-02 -5.607285723090171814e-02 1.172692656517028809e+00
-2.426495775580406189e-02 -5.840212851762771606e-02 1.198637127876281738e+00
-2.139537781476974487e-02 -5.239365249872207642e-02 1.189988493919372559e+00
-1.964088529348373413e-02 -5.304408818483352661e-02 1.190243482589721680e+00
-2.041602879762649536e-02 -4.642905294895172119e-02 1.217216014862060547e+00
-2.918459475040435791e-02 -3.270139545202255249e-02 1.239249467849731445e+00
-2.942387759685516357e-02 -3.879594802856445312e-02 1.234979271888732910e+00
-2.421775460243225098e-02 -4.273081570863723755e-02 1.214442849159240723e+00
-2.186599373817443848e-02 -3.884455561637878418e-02 1.213183879852294922e+00
-1.552338898181915283e-02 -3.687386214733123779e-02 1.235410928726196289e+00
-9.954411536455154419e-03 -3.350123763084411621e-02 1.214208364486694336e+00
-9.766692295670509338e-03 -1.802692189812660217e-02 1.174347639083862305e+00
-1.975001767277717590e-02 -3.858588635921478271e-03 1.205245018005371094e+00
-1.586380228400230408e-02 -7.821343839168548584e-03 1.195663452148437500e+00
-1.617281511425971985e-02 -1.176129281520843506e-02 1.210870981216430664e+00
-2.368548139929771423e-02 -8.026439696550369263e-03 1.260922551155090332e+00
-2.324296534061431885e-02 -5.089417099952697754e-03 1.265360474586486816e+00
-2.577272430062294006e-02 -2.607215195894241333e-03 1.264954566955566406e+00
-1.748386025428771973e-02 -1.335100084543228149e-02 1.228371381759643555e+00
-1.639692485332489014e-02 -1.028628647327423096e-02 1.184085130691528320e+00
-1.249567419290542603e-02 -7.386989891529083252e-03 1.127902626991271973e+00
-2.355471625924110413e-02 -3.240734338760375977e-03 1.201811313629150391e+00
-2.957485429942607880e-02 -1.720350235700607300e-03 1.289617776870727539e+00
-1.672846451401710510e-02 -1.635506749153137207e-02 1.305530548095703125e+00
-1.983089745044708252e-02 -1.597142964601516724e-02 1.283156394958496094e+00
-2.371346205472946167e-02 -1.023818552494049072e-02 1.199522256851196289e+00
-2.330227941274642944e-02 -8.639913052320480347e-03 1.146803736686706543e+00
-2.063628286123275757e-02 -2.659292519092559814e-02 1.171737909317016602e+00
-1.103316247463226318e-02 -2.221585810184478760e-02 1.166819334030151367e+00
-9.470861405134201050e-03 -1.665001362562179565e-02 1.182343006134033203e+00
-1.344612985849380493e-02 -1.406226307153701782e-02 1.190851092338562012e+00
-2.007600665092468262e-02 -1.275225728750228882e-02 1.219383597373962402e+00
-1.303742080926895142e-02 -2.842663973569869995e-02 1.245447993278503418e+00
-1.927391812205314636e-02 -2.964428067207336426e-02 1.295275688171386719e+00
-1.934109441936016083e-02 -2.594864368438720703e-02 1.306004047393798828e+00
-1.924942247569561005e-02 -2.031829208135604858e-02 1.322121143341064453e+00
-2.530110813677310944e-02 -1.786284148693084717e-02 1.331536054611206055e+00
-2.590734884142875671e-02 -3.443704545497894287e-02 1.340222120285034180e+00
-1.590647920966148376e-02 -4.396836459636688232e-02 1.300664663314819336e+00
-7.776937913149595261e-03 -4.521208256483078003e-02 1.252114057540893555e+00
-1.417242921888828278e-02 -4.037564247846603394e-02 1.259785294532775879e+00
-1.020205020904541016e-02 -3.153071552515029907e-02 1.226369619369506836e+00
-3.631045576184988022e-03 -3.241868317127227783e-02 1.178314208984375000e+00
-9.362203069031238556e-03 -2.684706449508666992e-02 1.171459317207336426e+00
-2.183527871966362000e-02 -2.431888133287429810e-02 1.205479621887207031e+00
-3.028151765465736389e-02 -2.081385254859924316e-02 1.269689679145812988e+00
-2.193671837449073792e-02 -2.000293880701065063e-02 1.322405457496643066e+00
-7.047525141388177872e-03 -2.502940595149993896e-02 1.292098045349121094e+00
-7.853433489799499512e-03 -3.753162175416946411e-02 1.261207938194274902e+00
-1.543976739048957825e-02 -4.343225806951522827e-02 1.294680356979370117e+00
-1.803640462458133698e-02 -2.782925777137279510e-02 1.280183672904968262e+00
-1.168534625321626663e-02 -1.421817764639854431e-02 1.215796709060668945e+00
-1.062390021979808807e-02 -5.245245993137359619e-03 1.221536517143249512e+00
-7.403021212667226791e-03 -7.783286273479461670e-03 1.232268452644348145e+00
-6.355354562401771545e-03 -1.034026592969894409e-02 1.226356267929077148e+00
-5.974865984171628952e-03 -2.610681205987930298e-02 1.224097371101379395e+00
-1.686756382696330547e-03 -4.352508857846260071e-02 1.264184713363647461e+00
-1.141467411071062088e-02 -5.528287589550018311e-02 1.307094693183898926e+00
-1.786683313548564911e-02 -5.524433776736259460e-02 1.266881823539733887e+00
-1.412734482437372208e-02 -4.870095849037170410e-02 1.242058277130126953e+00
-1.261144503951072693e-02 -3.524536639451980591e-02 1.253867149353027344e+00
-9.121763519942760468e-03 -3.104719333350658417e-02 1.228972792625427246e+00
1.764468615874648094e-04 -2.460874989628791809e-02 1.216863036155700684e+00
4.504566546529531479e-03 -1.429393514990806580e-02 1.212629318237304688e+00
5.057961679995059967e-03 -9.470667690038681030e-03 1.208908438682556152e+00
2.486965619027614594e-03 -1.096570119261741638e-02 1.183102607727050781e+00
-8.106213063001632690e-03 -1.857389509677886963e-02 1.227622866630554199e+00
-8.776423521339893341e-03 -1.585995405912399292e-02 1.255758762359619141e+00
-9.864624589681625366e-03 -1.040147244930267334e-02 1.247308373451232910e+00
-2.172471489757299423e-03 -1.365806162357330322e-02 1.255340337753295898e+00
1.090836059302091599e-02 -2.661122940480709076e-02 1.234702229499816895e+00
2.927665412425994873e-02 -5.148825421929359436e-02 1.233037114143371582e+00
2.037481963634490967e-02 -3.969981521368026733e-02 1.265856862068176270e+00
1.804491132497787476e-02 -3.387972339987754822e-02 1.260393977165222168e+00
2.146568894386291504e-02 -3.703583031892776489e-02 1.270393013954162598e+00
9.201167151331901550e-03 -2.616898156702518463e-02 1.224809646606445312e+00
-5.826741689816117287e-04 -1.791844516992568970e-02 1.175096988677978516e+00
-1.204206701368093491e-02 -5.157049745321273804e-03 1.180436491966247559e+00
6.683769752271473408e-04 -1.708602905273437500e-02 1.204951405525207520e+00
1.158531755208969116e-02 -2.471558563411235809e-02 1.208872437477111816e+00
1.322878990322351456e-02 -3.003806434571743011e-02 1.196242570877075195e+00
1.027918606996536255e-02 -2.509231306612491608e-02 1.170598149299621582e+00
1.113074738532304764e-02 -3.179138898849487305e-02 1.159690499305725098e+00
2.245922945439815521e-02 -4.192937538027763367e-02 1.132022976875305176e+00
3.190509602427482605e-02 -4.606091231107711792e-02 1.078134059906005859e+00
2.735501341521739960e-02 -4.198456928133964539e-02 1.053585886955261230e+00
2.369545958936214447e-02 -4.016394168138504028e-02 1.040592312812805176e+00
2.979458123445510864e-02 -3.191970288753509521e-02 9.509684443473815918e-01
2.721898630261421204e-02 -2.240020409226417542e-02 9.147198796272277832e-01
1.885721087455749512e-02 -1.245120540261268616e-02 9.389355182647705078e-01
6.837574299424886703e-03 -6.515298038721084595e-03 9.436056613922119141e-01
1.406649593263864517e-02 -7.993854582309722900e-03 9.389926791191101074e-01
1.738884858787059784e-02 -1.161834597587585449e-02 9.160208106040954590e-01
1.769691891968250275e-02 -1.760219037532806396e-02 8.749727606773376465e-01
-2.000754466280341148e-04 -1.462135463953018188e-02 8.295444250106811523e-01
1.099977642297744751e-02 -3.448554873466491699e-02 8.101313710212707520e-01
4.185232892632484436e-02 -5.724626034498214722e-02 7.965053319931030273e-01
5.148629471659660339e-02 -4.747739434242248535e-02 7.798408269882202148e-01
4.919724538922309875e-02 -3.053873032331466675e-02 7.838413715362548828e-01
3.402087837457656860e-02 -3.341388329863548279e-02 8.019048571586608887e-01
2.468348294496536255e-02 -4.355921223759651184e-02 8.835418224334716797e-01
1.692836731672286987e-02 -4.052121937274932861e-02 9.186141490936279297e-01
1.179993152618408203e-02 -3.411779180169105530e-02 8.758865594863891602e-01
1.589137315750122070e-02 -3.717108815908432007e-02 8.275566101074218750e-01
2.897168695926666260e-02 -5.451956018805503845e-02 7.938791513442993164e-01
4.028372839093208313e-02 -5.167451128363609314e-02 7.934937477111816406e-01
2.987246774137020111e-02 -2.418791502714157104e-02 8.023219704627990723e-01
1.239261496812105179e-02 -4.256904125213623047e-03 7.987298965454101562e-01
1.478933147154748440e-03 -6.785631179809570312e-03 7.641654610633850098e-01
1.399729959666728973e-02 -2.335369214415550232e-02 8.000804185867309570e-01
2.114436402916908264e-02 -3.161659836769104004e-02 8.758752942085266113e-01
1.737174764275550842e-02 -1.978984475135803223e-02 8.444130420684814453e-01
1.066246256232261658e-02 -9.125720709562301636e-03 8.156249523162841797e-01
-1.084237941540777683e-03 -1.193376258015632629e-02 8.923515677452087402e-01
-5.351731088012456894e-03 -1.794073358178138733e-02 9.011324048042297363e-01
-4.646827932447195053e-03 -3.355342894792556763e-02 9.390394687652587891e-01
8.623944595456123352e-03 -6.148543953895568848e-02 9.107920527458190918e-01
9.899895638227462769e-03 -7.015827298164367676e-02 8.368280529975891113e-01
1.408123224973678589e-02 -7.260599732398986816e-02 8.010717630386352539e-01
1.495127007365226746e-02 -7.672251760959625244e-02 8.225206732749938965e-01
3.209350258111953735e-02 -9.452752023935317993e-02 8.671491146087646484e-01
3.148028627038002014e-02 -1.052810996770858765e-01 9.226532578468322754e-01
3.380554914474487305e-02 -7.981129735708236694e-02 9.127683639526367188e-01
9.641397744417190552e-03 -5.817902088165283203e-02 7.819579243659973145e-01
1.437596394680440426e-03 -6.870321929454803467e-02 8.582589626312255859e-01
-1.229233294725418091e-02 -6.270238757133483887e-02 9.002603292465209961e-01
-6.038285326212644577e-03 -6.732565164566040039e-02 1.003514885902404785e+00
2.358458936214447021e-02 -7.330335676670074463e-02 8.500314950942993164e-01
6.371535826474428177e-03 -6.208214908838272095e-02 7.718703746795654297e-01
-3.920606803148984909e-03 -4.969225078821182251e-02 8.711113333702087402e-01
-1.533484458923339844e-02 -4.713820666074752808e-02 8.850975036621093750e-01
-2.527947723865509033e-02 -4.351174086332321167e-02 9.093017578125000000e-01
-2.854749560356140137e-02 -7.341269403696060181e-02 9.132710695266723633e-01
-2.900823950767517090e-02 -5.022215098142623901e-02 8.756086826324462891e-01
-4.267688095569610596e-02 -2.827461808919906616e-02 8.758103251457214355e-01
-3.012764453887939453e-02 -4.875960201025009155e-02 8.624647259712219238e-01
-3.235168755054473877e-02 -3.087024390697479248e-02 8.838261365890502930e-01
-5.124780535697937012e-02 -2.173131704330444336e-02 8.495042324066162109e-01
-4.081998765468597412e-02 -4.087276011705398560e-02 8.561660051345825195e-01
-3.811323642730712891e-02 -3.519729524850845337e-02 8.586374521255493164e-01
-2.865046262741088867e-02 -4.120559245347976685e-02 8.684702515602111816e-01
-5.491235852241516113e-02 -2.935653179883956909e-02 8.196253180503845215e-01
-5.708339065313339233e-02 -4.030982777476310730e-02 8.450664877891540527e-01
-4.090952500700950623e-02 -2.449854835867881775e-02 8.378226757049560547e-01
-3.048069775104522705e-02 -2.423393726348876953e-02 8.310002684593200684e-01
-2.748768590390682220e-02 -4.268275573849678040e-02 8.723824620246887207e-01
-3.376420587301254272e-02 -4.816268384456634521e-02 8.521273732185363770e-01
-2.453954704105854034e-02 -4.093422740697860718e-02 8.420101404190063477e-01
-2.691084705293178558e-02 -2.329352498054504395e-02 8.316360116004943848e-01
-3.015979006886482239e-02 -5.396138876676559448e-03 8.033875823020935059e-01
-3.091859072446823120e-02 -5.013406276702880859e-03 8.156825304031372070e-01
-4.039014503359794617e-02 3.542479127645492554e-03 8.228340148925781250e-01
-3.742076829075813293e-02 3.206517547369003296e-03 8.079991340637207031e-01
-2.245915681123733521e-02 -8.184965699911117554e-03 8.168318867683410645e-01
-1.832094602286815643e-02 -1.193307712674140930e-02 8.430811762809753418e-01
-3.040777146816253662e-02 -5.020532757043838501e-03 8.652256727218627930e-01
-3.446733579039573669e-02 6.112579256296157837e-03 8.819327950477600098e-01
-4.067366942763328552e-02 1.782859861850738525e-02 8.335559368133544922e-01
-3.663486987352371216e-02 -2.992413938045501709e-04 9.119123220443725586e-01
-2.653679624199867249e-02 -2.033744007349014282e-02 9.988411664962768555e-01
-3.068644925951957703e-02 -2.514645829796791077e-02 9.954801797866821289e-01
-4.445537924766540527e-02 1.307800412178039551e-04 9.814285039901733398e-01
-3.944269567728042603e-02 2.105235308408737183e-02 9.296477437019348145e-01
-2.211443148553371429e-02 3.340296447277069092e-02 8.750496506690979004e-01
-1.359288766980171204e-02 4.141969978809356689e-02 8.122230172157287598e-01
5.525349639356136322e-03 -5.028732120990753174e-03 8.575868010520935059e-01
1.742197014391422272e-02 -3.428468108177185059e-02 8.717946410179138184e-01
-2.567812800407409668e-02 1.555323600769042969e-03 7.862209677696228027e-01
-3.211465850472450256e-02 3.949914127588272095e-03 7.891789078712463379e-01
-1.194155961275100708e-02 -1.732037216424942017e-02 8.321427702903747559e-01
6.197723560035228729e-03 -5.205699056386947632e-02 8.178184032440185547e-01
1.496588112786412239e-03 -4.855123162269592285e-02 7.970280051231384277e-01
-2.253512293100357056e-02 -2.461148053407669067e-02 8.803175091743469238e-01
1.874487614259123802e-03 -4.489332437515258789e-02 7.967458963394165039e-01
7.545954547822475433e-03 -4.472273960709571838e-02 6.940154433250427246e-01
4.165528807789087296e-03 -4.337158054113388062e-02 7.121838927268981934e-01
4.012165009044110775e-04 -3.187980875372886658e-02 7.214842438697814941e-01
1.739827333949506283e-03 -3.294738382101058960e-02 7.676265239715576172e-01
2.118269447237253189e-03 -2.210618555545806885e-02 7.136985659599304199e-01
1.059309858828783035e-02 -1.320624351501464844e-02 6.018587350845336914e-01
1.251791696995496750e-02 -1.373969763517379761e-02 5.450053811073303223e-01
8.336927741765975952e-03 -1.979171857237815857e-02 4.948263764381408691e-01
-1.123568881303071976e-02 -5.520004779100418091e-03 4.594716429710388184e-01
-1.263933535665273666e-02 -6.607245653867721558e-03 4.892957806587219238e-01
-5.081641487777233124e-03 -2.017974853515625000e-02 6.129428744316101074e-01
-1.199643942527472973e-03 -2.991124987602233887e-02 7.163841128349304199e-01
-3.478091210126876831e-03 -2.428111806511878967e-02 6.315209865570068359e-01
-5.796334706246852875e-03 -2.325198054313659668e-02 5.480240583419799805e-01
-1.382483914494514465e-02 -2.940650098025798798e-02 6.023533940315246582e-01
-1.179156452417373657e-02 -3.859214484691619873e-02 5.984608530998229980e-01
-3.307890892028808594e-02 -3.524133563041687012e-02 5.596253275871276855e-01
-4.685741662979125977e-02 -2.586740255355834961e-02 5.552175045013427734e-01
-3.723446652293205261e-02 -3.001249954104423523e-02 5.373439192771911621e-01
-2.201609313488006592e-02 -3.701334074139595032e-02 5.851390957832336426e-01
-1.317029446363449097e-02 -2.868529409170150757e-02 4.878005385398864746e-01
-2.532900124788284302e-02 -1.390927284955978394e-02 5.329664945602416992e-01
-2.799054607748985291e-02 -8.197337388992309570e-03 7.582096457481384277e-01
-3.123424574732780457e-02 -1.813680678606033325e-02 8.476784229278564453e-01
-3.116673603653907776e-02 -3.411248326301574707e-05 7.524495720863342285e-01
-2.550370991230010986e-02 -1.365254819393157959e-02 7.057129740715026855e-01
-8.057944476604461670e-03 -2.132052183151245117e-02 5.703415274620056152e-01
-1.598596572875976562e-02 -1.312387734651565552e-02 4.468502402305603027e-01
-4.312241822481155396e-02 -8.993916213512420654e-03 5.325757861137390137e-01
-4.374297708272933960e-02 3.620296716690063477e-03 5.873150229454040527e-01
-3.045951575040817261e-02 4.213303327560424805e-06 6.576682925224304199e-01
1.127642765641212463e-02 -5.993576347827911377e-02 5.247117280960083008e-01
1.693524047732353210e-02 -7.635819911956787109e-02 4.112489223480224609e-01
2.487175539135932922e-02 -7.867121696472167969e-02 3.976288437843322754e-01
1.041748747229576111e-02 -5.912980437278747559e-02 4.312712550163269043e-01
-1.501044817268848419e-02 -4.542273283004760742e-02 5.418410301208496094e-01
-1.388332992792129517e-02 2.252969890832901001e-03 5.861622095108032227e-01
-1.546461507678031921e-02 -1.283194869756698608e-03 4.164474010467529297e-01
-2.192134037613868713e-02 1.531541347503662109e-04 4.244388937950134277e-01
-1.433654874563217163e-02 5.751445889472961426e-03 4.821639060974121094e-01
-4.297356586903333664e-03 -4.584494978189468384e-03 5.010755062103271484e-01
-4.748351406306028366e-03 -5.076378583908081055e-03 5.132536888122558594e-01
-8.592680096626281738e-03 1.077858358621597290e-02 5.341420173645019531e-01
-1.299346331506967545e-05 4.241890460252761841e-02 4.610941410064697266e-01
-1.126186549663543701e-02 2.266500145196914673e-02 4.779084324836730957e-01
-8.485734462738037109e-03 3.467407077550888062e-03 5.552346706390380859e-01
-2.962749078869819641e-02 2.141673117876052856e-02 5.601584315299987793e-01
-3.689642995595932007e-02 2.436406165361404419e-02 6.126251220703125000e-01
-4.912056028842926025e-02 1.613339781761169434e-02 7.016801238059997559e-01
-6.663416326045989990e-02 2.110081166028976440e-02 7.508008480072021484e-01
-8.034060895442962646e-02 3.276283293962478638e-02 7.546167373657226562e-01
-8.076010644435882568e-02 4.551717638969421387e-02 7.857484817504882812e-01
-7.186955213546752930e-02 5.727115273475646973e-02 7.951039075851440430e-01
-5.645742267370223999e-02 3.681168705224990845e-02 8.846973180770874023e-01
-3.697625547647476196e-02 3.497064113616943359e-03 8.949935436248779297e-01
-3.319950029253959656e-02 1.066228002309799194e-02 9.058215022087097168e-01
-3.589692339301109314e-02 4.320751875638961792e-03 9.304118156433105469e-01
-4.469691589474678040e-02 7.386289536952972412e-03 9.646377563476562500e-01
-5.010783299803733826e-02 5.599580705165863037e-03 1.020121812820434570e+00
-5.187929794192314148e-02 1.381125301122665405e-02 1.041239857673645020e+00
-4.320229589939117432e-02 3.843172639608383179e-02 1.084712028503417969e+00
-4.138562455773353577e-02 3.844359517097473145e-02 1.062165617942810059e+00
-3.030537813901901245e-02 3.406308591365814209e-02 1.001965999603271484e+00
-1.996482722461223602e-02 1.225616782903671265e-02 9.921496510505676270e-01
-1.007790863513946533e-02 -6.528262048959732056e-03 9.916064739227294922e-01
-9.405848570168018341e-03 -1.212396845221519470e-02 1.089337229728698730e+00
-7.058066548779606819e-04 -3.842426463961601257e-02 1.162947773933410645e+00
1.026802044361829758e-02 -3.140384703874588013e-02 1.203314185142517090e+00
4.229213576763868332e-03 -5.376417189836502075e-03 1.201090812683105469e+00
4.797859583050012589e-03 8.808344602584838867e-03 1.186568379402160645e+00
1.371080148965120316e-02 6.989531219005584717e-03 1.196069121360778809e+00
-1.204708777368068695e-02 -1.311253756284713745e-02 1.225734829902648926e+00
-2.069054357707500458e-02 -2.579423040151596069e-02 1.247673749923706055e+00
-1.666262745857238770e-02 -2.939208969473838806e-02 1.250323891639709473e+00
-1.700560678727924824e-03 -3.313415497541427612e-02 1.248417854309082031e+00
-1.363470102660357952e-03 -2.917049452662467957e-02 1.241603732109069824e+00
3.674638457596302032e-03 -4.172740131616592407e-02 1.274431824684143066e+00
1.136310491710901260e-02 -4.410878196358680725e-02 1.255498886108398438e+00
7.194109261035919189e-03 -2.168286219239234924e-02 1.227195858955383301e+00
1.122006494551897049e-02 -3.470328450202941895e-02 1.191399931907653809e+00
1.135538052767515182e-02 -4.886142909526824951e-02 1.171129465103149414e+00
1.306928973644971848e-02 -5.616275966167449951e-02 1.182804703712463379e+00
1.026893150992691517e-03 -4.270871728658676147e-02 1.203157305717468262e+00
-3.013543784618377686e-03 -4.213439300656318665e-02 1.162316560745239258e+00
3.865748643875122070e-03 -5.343716964125633240e-02 1.156801342964172363e+00
8.794043213129043579e-03 -6.687269359827041626e-02 1.218086957931518555e+00
9.335272945463657379e-03 -7.848855108022689819e-02 1.234050750732421875e+00
1.605966500937938690e-02 -8.426629006862640381e-02 1.215364694595336914e+00
1.974333263933658600e-02 -9.559734165668487549e-02 1.273589015007019043e+00
4.391254857182502747e-03 -7.766123116016387939e-02 1.276299118995666504e+00
-2.950598718598484993e-04 -7.387167960405349731e-02 1.277265667915344238e+00
-5.618457216769456863e-04 -7.921211421489715576e-02 1.280334472656250000e+00
5.587431136518716812e-03 -8.271802216768264771e-02 1.277905464172363281e+00
8.904707618057727814e-03 -7.931447774171829224e-02 1.307686805725097656e+00
1.002902071923017502e-02 -6.329184025526046753e-02 1.364838004112243652e+00
3.056194400414824486e-03 -5.709963664412498474e-02 1.366394281387329102e+00
1.258911215700209141e-03 -5.076412111520767212e-02 1.330825924873352051e+00
1.966196810826659203e-03 -5.773483216762542725e-02 1.327048659324645996e+00
3.016362432390451431e-03 -5.885159224271774292e-02 1.325803995132446289e+00
1.735512865707278252e-03 -5.518228560686111450e-02 1.345681190490722656e+00
4.587772302329540253e-03 -5.891032889485359192e-02 1.354331135749816895e+00
3.237006254494190216e-03 -4.984895884990692139e-02 1.351671218872070312e+00
-7.721266243606805801e-03 -4.731426388025283813e-02 1.399098038673400879e+00
-1.427939999848604202e-02 -5.460363999009132385e-02 1.429067015647888184e+00
-1.048780232667922974e-02 -5.309034511446952820e-02 1.419283270835876465e+00
-2.664463594555854797e-03 -5.354580655694007874e-02 1.371499538421630859e+00
7.287662010639905930e-03 -5.891368910670280457e-02 1.279246568679809570e+00
1.191922649741172791e-02 -6.025676056742668152e-02 1.249229550361633301e+00
5.656995810568332672e-03 -6.527584046125411987e-02 1.262349247932434082e+00
1.777798286639153957e-03 -6.357990205287933350e-02 1.267533779144287109e+00
6.413959432393312454e-03 -6.954912841320037842e-02 1.269494891166687012e+00
9.021401405334472656e-03 -7.130634784698486328e-02 1.261688590049743652e+00
1.141877472400665283e-02 -6.990024447441101074e-02 1.306642293930053711e+00
3.991726553067564964e-04 -6.243810057640075684e-02 1.389045357704162598e+00
-1.060740649700164795e-02 -5.839576572179794312e-02 1.420110702514648438e+00
-1.630935817956924438e-02 -5.013632029294967651e-02 1.434313893318176270e+00
-8.816450834274291992e-03 -4.174347966909408569e-02 1.421384572982788086e+00
-6.827264558523893356e-03 -2.858530730009078979e-02 1.367991566658020020e+00
-7.314644288271665573e-03 -1.980762928724288940e-02 1.318697094917297363e+00
-1.095427572727203369e-02 -2.228011190891265869e-02 1.325260639190673828e+00
-7.273613940924406052e-03 -3.546835482120513916e-02 1.351672172546386719e+00
-1.020982116460800171e-02 -3.974790126085281372e-02 1.399368524551391602e+00
-1.553959399461746216e-02 -3.672411292791366577e-02 1.443034410476684570e+00
-2.005629986524581909e-02 -3.747986257076263428e-02 1.461050271987915039e+00
-1.733916252851486206e-02 -3.976807743310928345e-02 1.497056245803833008e+00
-1.956918090581893921e-02 -3.186208754777908325e-02 1.506731152534484863e+00
-6.007931660860776901e-03 -3.317924588918685913e-02 1.467894792556762695e+00
-1.127898343838751316e-03 -3.784304112195968628e-02 1.466111183166503906e+00
5.946115124970674515e-03 -5.313248187303543091e-02 1.443651556968688965e+00
2.216377481818199158e-02 -5.719090253114700317e-02 1.433887362480163574e+00
3.190263733267784119e-02 -3.707682341337203979e-02 1.399231910705566406e+00
1.709462702274322510e-02 -5.670995265245437622e-02 1.396414279937744141e+00
2.429801970720291138e-02 -3.758156299591064453e-02 1.343710899353027344e+00
2.043102681636810303e-02 -4.204460978507995605e-02 1.332845449447631836e+00
3.082351759076118469e-02 -5.016867071390151978e-02 1.376647949218750000e+00
3.742612898349761963e-02 -4.238159954547882080e-02 1.381145477294921875e+00
3.878261893987655640e-02 -2.414321154356002808e-02 1.322062730789184570e+00
4.627226293087005615e-02 -3.359627723693847656e-02 1.307626128196716309e+00
3.500577807426452637e-02 -2.042306959629058838e-02 1.297570228576660156e+00
3.011293336749076843e-02 -3.541810810565948486e-02 1.294682145118713379e+00
2.345255762338638306e-02 -5.299898982048034668e-02 1.401249289512634277e+00
1.200146600604057312e-02 -3.454171121120452881e-02 1.510673999786376953e+00
9.518444538116455078e-03 -6.867602467536926270e-03 1.441078186035156250e+00
1.505026966333389282e-02 1.162948459386825562e-02 1.310143232345581055e+00
1.617630571126937866e-02 1.582834869623184204e-02 1.256404638290405273e+00
2.755039185285568237e-02 1.184836775064468384e-02 1.224823474884033203e+00
3.142787516117095947e-02 4.770606756210327148e-05 1.179380059242248535e+00
1.951134204864501953e-02 -2.668254077434539795e-03 1.173066258430480957e+00
7.436201442033052444e-03 -1.585000008344650269e-02 1.167967319488525391e+00
1.364463567733764648e-02 -3.471247106790542603e-02 1.148496270179748535e+00
2.862897515296936035e-02 -2.786301076412200928e-02 1.121069788932800293e+00
2.979161962866783142e-02 -9.968467056751251221e-03 1.108484029769897461e+00
1.696878671646118164e-02 -2.631466090679168701e-02 1.108842611312866211e+00
1.290723308920860291e-02 -5.412779748439788818e-03 1.068820476531982422e+00
9.796820580959320068e-03 6.389841437339782715e-04 1.058804512023925781e+00
1.608237996697425842e-02 -8.284665644168853760e-03 1.057669878005981445e+00
1.742380112409591675e-02 -2.508955821394920349e-02 1.094611406326293945e+00
2.155468799173831940e-02 -3.061619400978088379e-02 1.135898590087890625e+00
2.152704261243343353e-02 -2.087187394499778748e-02 1.119242310523986816e+00
1.864688843488693237e-02 -1.284634321928024292e-02 1.062628507614135742e+00
2.455455996096134186e-02 -2.083938941359519958e-02 1.020348429679870605e+00
3.733916580677032471e-02 -4.013002291321754456e-02 9.924560189247131348e-01
4.303667321801185608e-02 -4.150984436273574829e-02 9.755821824073791504e-01
4.499498754739761353e-02 -5.724289640784263611e-02 9.462133049964904785e-01
4.733945801854133606e-02 -7.459443807601928711e-02 8.971939682960510254e-01
5.227953940629959106e-02 -7.846309989690780640e-02 8.481679558753967285e-01
5.654928833246231079e-02 -6.734468042850494385e-02 8.262498378753662109e-01
3.580525889992713928e-02 -4.580811411142349243e-02 8.287074565887451172e-01
1.782973483204841614e-02 -2.669042907655239105e-02 8.236572742462158203e-01
5.761063657701015472e-03 -1.378782093524932861e-02 7.987530827522277832e-01
-3.945452161133289337e-03 8.077323436737060547e-04 7.964862585067749023e-01
-1.576622761785984039e-02 7.091991603374481201e-03 7.917540669441223145e-01
-9.218434803187847137e-03 -1.616279780864715576e-02 8.383727073669433594e-01
-6.216827780008316040e-03 -5.610935389995574951e-03 8.556953072547912598e-01
-1.133326720446348190e-02 9.756147861480712891e-03 8.513279557228088379e-01
-1.650910638272762299e-02 -9.066030383110046387e-03 8.494617938995361328e-01
-2.871166728436946869e-02 -1.744854450225830078e-02 9.012861251831054688e-01
-3.333206102252006531e-02 -2.580737508833408356e-02 8.983232378959655762e-01
-3.505046293139457703e-02 -1.866460219025611877e-02 8.467068672180175781e-01
-3.572508320212364197e-02 -1.473311334848403931e-02 8.051803708076477051e-01
-3.290454298257827759e-02 -1.047751307487487793e-02 7.881189584732055664e-01
-3.370100632309913635e-02 -7.411919534206390381e-03 7.864058613777160645e-01
-3.638378158211708069e-02 -4.973415285348892212e-03 8.147347569465637207e-01
-3.098467364907264709e-02 -1.030970737338066101e-02 8.296377658843994141e-01
-2.368265762925148010e-02 -1.757631823420524597e-02 8.324082493782043457e-01
-1.457919925451278687e-02 -2.641289681196212769e-02 8.144927620887756348e-01
-4.817221779376268387e-03 -3.501289337873458862e-02 7.893608808517456055e-01
-2.840009983628988266e-03 -3.584204614162445068e-02 7.788127064704895020e-01
-2.519256435334682465e-03 -3.443834558129310608e-02 7.876297235488891602e-01
2.948638051748275757e-03 -3.440902382135391235e-02 7.779288887977600098e-01
4.631796851754188538e-03 -3.572396934032440186e-02 7.732064723968505859e-01
9.775393642485141754e-03 -4.522489383816719055e-02 7.794508934020996094e-01
1.463340595364570618e-02 -5.520390719175338745e-02 7.754492759704589844e-01
1.442346349358558655e-02 -5.658086016774177551e-02 7.320221066474914551e-01
2.377886697649955750e-02 -6.587682664394378662e-02 7.111602425575256348e-01
3.206595405936241150e-02 -7.678362727165222168e-02 7.578715085983276367e-01
2.767551131546497345e-02 -7.826703041791915894e-02 8.311054110527038574e-01
2.530220523476600647e-02 -7.482914626598358154e-02 8.869917392730712891e-01
2.600661292672157288e-02 -7.229677587747573853e-02 9.093288183212280273e-01
1.629631221294403076e-02 -6.697020679712295532e-02 9.241557121276855469e-01
5.825708154588937759e-03 -5.778750404715538025e-02 9.514039158821105957e-01
1.026769168674945831e-02 -5.774807929992675781e-02 9.863464832305908203e-01
1.732523925602436066e-02 -6.448754668235778809e-02 1.036558866500854492e+00
2.233960479497909546e-02 -7.285434752702713013e-02 1.079167366027832031e+00
1.373230665922164917e-02 -6.668522208929061890e-02 1.114354133605957031e+00
-2.625010441988706589e-03 -4.724194854497909546e-02 1.123623251914978027e+00
-2.134283632040023804e-02 -2.290407568216323853e-02 1.116661787033081055e+00
-2.534870803356170654e-02 -5.715817213058471680e-03 1.064157247543334961e+00
-3.140891343355178833e-02 -5.830153822898864746e-03 1.051321387290954590e+00
-2.425811439752578735e-02 -7.418267428874969482e-03 1.070327043533325195e+00
-9.119868278503417969e-03 -1.363806426525115967e-02 1.048463582992553711e+00
-1.110547408461570740e-02 -7.011845707893371582e-03 1.038923978805541992e+00
-6.497859489172697067e-03 -6.653584539890289307e-03 1.069564819335937500e+00
-1.671448349952697754e-02 6.292000412940979004e-03 1.087383866310119629e+00
-2.070188522338867188e-02 3.321096301078796387e-03 1.087636232376098633e+00
-8.811324834823608398e-03 -1.422487944364547729e-02 1.040206551551818848e+00
-4.740606527775526047e-03 -4.045975953340530396e-02 1.092041730880737305e+00
-1.359841227531433105e-02 -4.340740293264389038e-02 1.140186667442321777e+00
-1.100368052721023560e-02 -4.271880537271499634e-02 1.128710627555847168e+00
4.364595282822847366e-03 -4.622059315443038940e-02 1.133161902427673340e+00
1.256778836250305176e-02 -4.603927582502365112e-02 1.146673440933227539e+00
1.432557776570320129e-02 -5.953517556190490723e-02 1.190278768539428711e+00
8.301496505737304688e-03 -5.864810943603515625e-02 1.186537027359008789e+00
3.614873159676790237e-03 -5.923314392566680908e-02 1.186045169830322266e+00
3.747225273400545120e-03 -5.921679735183715820e-02 1.225433588027954102e+00
1.283417642116546631e-02 -5.758149176836013794e-02 1.293599843978881836e+00
5.600743461400270462e-03 -4.076393693685531616e-02 1.328701734542846680e+00
3.398016560822725296e-03 -3.164043277502059937e-02 1.322910547256469727e+00
-7.189695024862885475e-04 -2.316562086343765259e-02 1.297067165374755859e+00
6.388117093592882156e-03 -1.298347115516662598e-02 1.198438048362731934e+00
9.508956223726272583e-03 -2.919910103082656860e-02 1.185858011245727539e+00
-2.488776575773954391e-03 -3.011299669742584229e-02 1.223893165588378906e+00
-1.351156458258628845e-02 -2.503924071788787842e-02 1.281292200088500977e+00
-1.157578453421592712e-02 -2.846007049083709717e-02 1.286071300506591797e+00
-7.030251901596784592e-03 -2.799177169799804688e-02 1.297758340835571289e+00
-1.707443222403526306e-02 -1.235874742269515991e-02 1.351193189620971680e+00
-1.851556450128555298e-02 -1.298350840806961060e-02 1.343754410743713379e+00
1.676313928328454494e-03 -4.931712895631790161e-02 1.320094704627990723e+00
3.297597635537385941e-03 -5.074291676282882690e-02 1.274431467056274414e+00
-7.532141637057065964e-03 -3.325144946575164795e-02 1.269380331039428711e+00
-2.199910581111907959e-02 -2.001045644283294678e-02 1.318578481674194336e+00
-3.048346936702728271e-02 -1.483627408742904663e-02 1.355352044105529785e+00
-2.774272859096527100e-02 -2.479274570941925049e-02 1.353414535522460938e+00
-1.788922399282455444e-02 -3.683162480592727661e-02 1.293516993522644043e+00
-2.262222021818161011e-02 -2.094148844480514526e-02 1.320894479751586914e+00
-2.811164408922195435e-02 -1.196981221437454224e-02 1.303858518600463867e+00
-3.220921754837036133e-02 -8.773095905780792236e-03 1.332747340202331543e+00
-2.937176823616027832e-02 -1.111001521348953247e-02 1.376882791519165039e+00
-2.342012524604797363e-02 -1.217442005872726440e-02 1.361994266510009766e+00
-4.195278882980346680e-02 2.158378809690475464e-02 1.334114074707031250e+00
-3.824346140027046204e-02 3.253442794084548950e-02 1.344133257865905762e+00
-2.956435643136501312e-02 3.381358087062835693e-02 1.299285531044006348e+00
-1.164733618497848511e-02 7.873959839344024658e-03 1.265726089477539062e+00
4.585528280586004257e-03 9.431146085262298584e-03 1.268274545669555664e+00
1.115507259964942932e-02 1.823207736015319824e-02 1.293120741844177246e+00
1.207775529474020004e-02 -3.146037459373474121e-03 1.273019790649414062e+00
2.464025840163230896e-02 -4.208040609955787659e-02 1.308964490890502930e+00
2.775978669524192810e-02 -6.861810386180877686e-02 1.350125312805175781e+00
1.117986161261796951e-02 -4.583223536610603333e-02 1.308330893516540527e+00
2.660841681063175201e-03 -4.581695422530174255e-02 1.260192990303039551e+00
-2.331943716853857040e-03 -3.211624175310134888e-02 1.275880336761474609e+00
-3.659701906144618988e-03 -1.039099320769309998e-02 1.266651034355163574e+00
-2.765418030321598053e-03 -2.646958827972412109e-02 1.331329822540283203e+00
8.996988646686077118e-03 -4.750338196754455566e-02 1.393004655838012695e+00
2.959772944450378418e-02 -5.529835820198059082e-02 1.376394152641296387e+00
1.760477200150489807e-02 -4.533065110445022583e-02 1.417588472366333008e+00
1.124038361012935638e-02 -4.927156865596771240e-02 1.434768795967102051e+00
6.644276902079582214e-03 -4.431759566068649292e-02 1.399723172187805176e+00
1.449324190616607666e-02 -3.451555967330932617e-02 1.345978617668151855e+00
2.129705436527729034e-02 -2.841592021286487579e-02 1.330879330635070801e+00
2.642286010086536407e-02 -2.829744294285774231e-02 1.273698806762695312e+00
2.604331076145172119e-02 -2.286892384290695190e-02 1.240362405776977539e+00
2.034480497241020203e-02 -1.865882053971290588e-02 1.236968755722045898e+00
1.119779888540506363e-02 -2.133466303348541260e-02 1.255353212356567383e+00
1.519398298114538193e-03 -2.365382388234138489e-02 1.210625886917114258e+00
-1.289890962652862072e-03 -2.837575040757656097e-02 1.204044938087463379e+00
2.292536897584795952e-03 -2.559670433402061462e-02 1.302748084068298340e+00
-2.360721118748188019e-03 -4.025175422430038452e-02 1.311368584632873535e+00
7.242361083626747131e-03 -4.728665202856063843e-02 1.254355430603027344e+00
8.784045465290546417e-03 -3.515445813536643982e-02 1.204717278480529785e+00
-1.053602993488311768e-02 -1.568944379687309265e-02 1.112798094749450684e+00
-1.143032778054475784e-02 -2.159445360302925110e-02 1.113856434822082520e+00
1.175047131255269051e-03 -1.811097934842109680e-02 1.125145435333251953e+00
8.412657305598258972e-03 -9.363982826471328735e-03 1.171016812324523926e+00
5.040422081947326660e-03 -1.688503101468086243e-02 1.236602544784545898e+00
-1.074473466724157333e-02 -1.260397955775260925e-02 1.257863998413085938e+00
-1.637292467057704926e-02 -5.849756300449371338e-03 1.231520175933837891e+00
-5.447457544505596161e-03 -1.256275177001953125e-02 1.288374543190002441e+00
-2.560063730925321579e-03 -1.254425197839736938e-02 1.299845814704895020e+00
-4.325630143284797668e-03 -1.631418988108634949e-02 1.291563987731933594e+00
-4.778000991791486740e-03 -3.156558051705360413e-02 1.320916295051574707e+00
1.932642608880996704e-02 -4.413601383566856384e-02 1.319092512130737305e+00
2.630523219704627991e-02 -5.613244697451591492e-02 1.276381731033325195e+00
2.598699927330017090e-02 -5.973650142550468445e-02 1.268864274024963379e+00
3.384713456034660339e-02 -7.022722810506820679e-02 1.353126049041748047e+00
3.343226760625839233e-02 -5.421181023120880127e-02 1.375214695930480957e+00
2.109504304826259613e-02 -4.869962856173515320e-02 1.417182683944702148e+00
3.573313821107149124e-03 -4.206823557615280151e-02 1.448016643524169922e+00
-3.044172655791044235e-03 -3.683962672948837280e-02 1.380119085311889648e+00
-6.699718069285154343e-03 -3.940732032060623169e-02 1.354737758636474609e+00
-9.850800037384033203e-03 -3.712864965200424194e-02 1.381995201110839844e+00
-7.323063444346189499e-03 -3.886420279741287231e-02 1.417765617370605469e+00
6.614007521420717239e-03 -4.720588773488998413e-02 1.421937704086303711e+00
6.946944165974855423e-03 -4.640916734933853149e-02 1.431099176406860352e+00
1.000304147601127625e-02 -4.787284880876541138e-02 1.409437417984008789e+00
9.434536099433898926e-03 -5.123972147703170776e-02 1.436177492141723633e+00
1.391429803334176540e-03 -5.227608233690261841e-02 1.440951228141784668e+00
1.713682711124420166e-02 -7.256061583757400513e-02 1.393256783485412598e+00
1.734817028045654297e-02 -5.002384632825851440e-02 1.402365565299987793e+00
2.160500735044479370e-02 -3.648605197668075562e-02 1.365887641906738281e+00
4.284192342311143875e-03 -2.367991209030151367e-02 1.320844411849975586e+00
-1.499043963849544525e-02 -1.744432002305984497e-02 1.295622110366821289e+00
-1.907334476709365845e-02 -1.581831276416778564e-02 1.302412748336791992e+00
-2.330589573830366135e-03 -2.414507418870925903e-02 1.360686779022216797e+00
7.174000609666109085e-03 -3.490363806486129761e-02 1.347770571708679199e+00
7.412966806441545486e-03 -3.628982603549957275e-02 1.327420592308044434e+00
2.685454208403825760e-03 -3.127275407314300537e-02 1.338905572891235352e+00
-2.885706257075071335e-03 -3.156183660030364990e-02 1.339725494384765625e+00
-1.186204724945127964e-03 -2.891362458467483521e-02 1.349218010902404785e+00
-5.166042130440473557e-03 -1.601956784725189209e-02 1.308938503265380859e+00
-6.641389336436986923e-03 -1.246327906847000122e-02 1.292037129402160645e+00
2.592321950942277908e-03 -1.807897537946701050e-02 1.286641478538513184e+00
1.467809826135635376e-02 -3.568702191114425659e-02 1.295454740524291992e+00
2.592653781175613403e-02 -5.287770181894302368e-02 1.325639843940734863e+00
1.035014167428016663e-02 -5.731528252363204956e-02 1.321106672286987305e+00
9.976211935281753540e-03 -6.685157865285873413e-02 1.330375432968139648e+00
6.831285078078508377e-03 -7.111611217260360718e-02 1.361567497253417969e+00
1.366835436783730984e-03 -5.169401317834854126e-02 1.377372860908508301e+00
5.500667262822389603e-03 -3.026328235864639282e-02 1.345251679420471191e+00
3.356911707669496536e-03 -3.499937802553176880e-02 1.300284862518310547e+00
2.395272720605134964e-03 -3.260921686887741089e-02 1.267160773277282715e+00
1.428930461406707764e-02 -3.426646441221237183e-02 1.283943772315979004e+00
2.661236003041267395e-02 -6.149557977914810181e-02 1.319529771804809570e+00
1.739061996340751648e-02 -7.235365360975265503e-02 1.357186555862426758e+00
2.262765541672706604e-02 -7.084431499242782593e-02 1.399028658866882324e+00
1.874026656150817871e-02 -5.922607332468032837e-02 1.461089730262756348e+00
4.270613659173250198e-03 -4.290842264890670776e-02 1.458545565605163574e+00
-8.357558399438858032e-03 -3.675777465105056763e-02 1.349472999572753906e+00
-8.623408153653144836e-03 -4.210203140974044800e-02 1.347951650619506836e+00
4.586687777191400528e-03 -4.850595444440841675e-02 1.322797775268554688e+00
5.348299164324998856e-03 -5.381108075380325317e-02 1.358883738517761230e+00
1.238469779491424561e-02 -5.203957110643386841e-02 1.388571858406066895e+00
1.610653102397918701e-02 -4.527286440134048462e-02 1.399913072586059570e+00
1.768291369080543518e-02 -4.902056604623794556e-02 1.418696641921997070e+00
1.555317174643278122e-02 -5.714624375104904175e-02 1.381036400794982910e+00
1.665373332798480988e-02 -5.456640571355819702e-02 1.295861124992370605e+00
1.980292238295078278e-02 -4.868727549910545349e-02 1.283757567405700684e+00
1.781151257455348969e-02 -3.960502520203590393e-02 1.253937244415283203e+00
1.088009215891361237e-02 -4.263138025999069214e-02 1.240319967269897461e+00
1.198427635245025158e-03 -4.255253076553344727e-02 1.270904302597045898e+00
-2.654847688972949982e-03 -4.358563199639320374e-02 1.292235016822814941e+00
9.875116869807243347e-03 -6.506873667240142822e-02 1.252118587493896484e+00
1.122631691396236420e-02 -6.504682451486587524e-02 1.252405285835266113e+00
9.031262248754501343e-03 -4.845956712961196899e-02 1.358215451240539551e+00
6.471757777035236359e-03 -4.337163269519805908e-02 1.331746578216552734e+00
-1.480517326854169369e-03 -3.218645974993705750e-02 1.342314362525939941e+00
-6.863528396934270859e-03 -3.426876664161682129e-02 1.303029060363769531e+00
-9.037629701197147369e-03 -2.158657461404800415e-02 1.282527685165405273e+00
-4.872097168117761612e-03 -8.351828902959823608e-03 1.282305002212524414e+00
-1.841193414293229580e-03 -1.832172274589538574e-02 1.289547920227050781e+00
-1.722960383631289005e-03 -1.533745601773262024e-02 1.265973925590515137e+00
6.851058918982744217e-03 -1.326937973499298096e-02 1.239615082740783691e+00
1.685069873929023743e-02 -2.701699361205101013e-02 1.249441742897033691e+00
1.210503559559583664e-02 -3.023168630897998810e-02 1.291966199874877930e+00
7.711766287684440613e-03 -5.262606590986251831e-02 1.288985133171081543e+00
3.256176132708787918e-03 -8.245505392551422119e-02 1.310210824012756348e+00
-3.561160527169704437e-03 -7.512298226356506348e-02 1.247980356216430664e+00
-1.185331842862069607e-03 -4.606390744447708130e-02 1.234520792961120605e+00
1.354366261512041092e-02 -2.529560960829257965e-02 1.214045643806457520e+00
2.744992636144161224e-02 -5.064626410603523254e-02 1.196570396423339844e+00
2.513875626027584076e-02 -7.197469472885131836e-02 1.258256077766418457e+00
1.652715541422367096e-02 -6.579547375440597534e-02 1.317876100540161133e+00
1.360935438424348831e-02 -7.610964775085449219e-02 1.373342037200927734e+00
1.573877967894077301e-02 -7.130968570709228516e-02 1.413082838058471680e+00
1.833872124552726746e-02 -5.575162544846534729e-02 1.360589504241943359e+00
1.559065934270620346e-02 -4.577368125319480896e-02 1.345124721527099609e+00
9.340436197817325592e-03 -4.968805983662605286e-02 1.312291502952575684e+00
1.008563581854104996e-02 -5.687014758586883545e-02 1.199888706207275391e+00
6.359625142067670822e-03 -4.755970835685729980e-02 1.185144782066345215e+00
8.034694008529186249e-03 -3.597211837768554688e-02 1.177071928977966309e+00
1.916101761162281036e-02 -3.081810660660266876e-02 1.181262254714965820e+00
2.022672258317470551e-02 -5.359994992613792419e-02 1.248904943466186523e+00
1.548055838793516159e-02 -5.579047277569770813e-02 1.232396483421325684e+00
1.015406660735607147e-02 -4.391436278820037842e-02 1.191141486167907715e+00
1.209396496415138245e-02 -6.179168820381164551e-03 1.122816085815429688e+00
1.311779208481311798e-02 1.829039305448532104e-03 1.067518830299377441e+00
1.778503879904747009e-02 -9.228836745023727417e-03 1.038755774497985840e+00
1.760919578373432159e-02 -1.280953362584114075e-02 1.061219811439514160e+00
1.110908389091491699e-02 -4.077702760696411133e-04 1.095605134963989258e+00
-2.193207386881113052e-03 -3.163572400808334351e-03 1.101237535476684570e+00
-2.417386509478092194e-02 1.491733640432357788e-02 1.030607700347900391e+00
-8.314169943332672119e-03 9.901486337184906006e-03 1.118656873703002930e+00
-1.853342750109732151e-03 1.859626919031143188e-02 1.079249382019042969e+00
-1.971751451492309570e-02 2.048819512128829956e-02 1.024946570396423340e+00
1.558106159791350365e-04 3.946252167224884033e-03 1.038716077804565430e+00
1.332248747348785400e-02 -1.582398265600204468e-02 1.065669894218444824e+00
6.798897404223680496e-03 -2.994612604379653931e-02 1.084520936012268066e+00
1.083488017320632935e-02 -5.403258651494979858e-02 9.895723462104797363e-01
1.284629106521606445e-02 -6.957928091287612915e-02 8.913368582725524902e-01
-1.902244635857641697e-03 -4.171352833509445190e-02 8.999227285385131836e-01
-1.806094497442245483e-02 -8.634760975837707520e-03 8.417513370513916016e-01
-2.311800420284271240e-02 -3.015495836734771729e-03 7.916333079338073730e-01
-2.613932266831398010e-02 3.073468804359436035e-03 8.410012722015380859e-01
-1.742119342088699341e-02 5.337193608283996582e-03 8.430954217910766602e-01
-1.952931284904479980e-02 -3.116868436336517334e-03 8.563649058341979980e-01
-1.335720717906951904e-02 -1.941375434398651123e-02 8.473926782608032227e-01
-1.275378838181495667e-02 -3.309622406959533691e-02 8.599483966827392578e-01
-9.355567395687103271e-03 -3.198388963937759399e-02 8.652623891830444336e-01
4.342718515545129776e-03 -4.060392081737518311e-02 7.915576696395874023e-01
2.863076049834489822e-03 -2.960429340600967407e-02 8.133248090744018555e-01
-1.510164141654968262e-02 7.492601871490478516e-04 8.476861715316772461e-01
-3.941376507282257080e-02 8.589349687099456787e-03 7.905084490776062012e-01
-4.120603203773498535e-02 2.307859063148498535e-02 7.704977989196777344e-01
-4.577657952904701233e-02 -1.012369990348815918e-03 7.977638840675354004e-01
-4.071685299277305603e-02 -2.446421980857849121e-02 7.450489997863769531e-01
-4.705433920025825500e-02 -2.267573028802871704e-02 6.149204969406127930e-01
-3.788604214787483215e-02 -2.150464802980422974e-02 6.291958689689636230e-01
-3.472701832652091980e-02 -2.149469405412673950e-02 7.711317539215087891e-01
-6.048526149243116379e-03 -3.246412426233291626e-02 5.855522155761718750e-01
2.675107680261135101e-06 -2.642131969332695007e-02 5.421645045280456543e-01
-1.117225736379623413e-02 -2.555073052644729614e-02 6.296799778938293457e-01
-1.642741262912750244e-02 -4.732962697744369507e-02 6.112228631973266602e-01
-2.453240007162094116e-02 -2.198905125260353088e-02 6.629959940910339355e-01
1.279305294156074524e-02 -3.955058008432388306e-02 7.153795957565307617e-01
-1.937191584147512913e-03 -3.048398345708847046e-02 7.221102118492126465e-01
-3.165106754750013351e-03 1.804731041193008423e-02 5.870246887207031250e-01
-3.587600588798522949e-02 3.120414167642593384e-02 5.543627738952636719e-01
-3.439256548881530762e-02 2.454113215208053589e-02 6.408392190933227539e-01
-3.365251049399375916e-02 5.509000271558761597e-02 6.640645861625671387e-01
-9.859722107648849487e-03 8.801087737083435059e-03 6.451053619384765625e-01
2.499037981033325195e-02 -2.316562086343765259e-02 5.596918463706970215e-01
3.872286994010210037e-03 6.527490913867950439e-03 6.247077584266662598e-01
-5.320807918906211853e-02 4.775952547788619995e-02 6.197526454925537109e-01
-4.154348373413085938e-02 8.973143994808197021e-03 5.532025694847106934e-01
-3.952303528785705566e-02 -1.078095287084579468e-02 7.283743619918823242e-01
-3.507358953356742859e-02 -2.938812226057052612e-02 7.944445610046386719e-01
-4.443258792161941528e-02 -6.758298724889755249e-03 6.715949773788452148e-01
-5.613578110933303833e-02 1.968655735254287720e-02 7.470191717147827148e-01
-6.153511255979537964e-02 3.543136268854141235e-02 6.019452810287475586e-01
-3.317882120609283447e-02 2.377373725175857544e-02 4.033727645874023438e-01
-1.557915471494197845e-02 4.332173615694046021e-03 3.905229568481445312e-01
-5.706615746021270752e-02 -3.685031831264495850e-02 4.440135359764099121e-01
-2.607150003314018250e-02 -4.265855252742767334e-02 5.827093124389648438e-01
-1.488101086579263210e-03 -1.631222292780876160e-02 6.161482930183410645e-01
-1.876766420900821686e-02 1.965053379535675049e-03 5.331136584281921387e-01
-1.820792071521282196e-02 3.097333014011383057e-03 6.418457627296447754e-01
-3.862976282835006714e-02 2.810282260179519653e-02 5.783719420433044434e-01
-6.146005541086196899e-02 1.023215875029563904e-01 4.861755967140197754e-01
-5.220115929841995239e-02 5.882455408573150635e-02 5.407392978668212891e-01
-2.508185058832168579e-02 9.829819202423095703e-03 7.945709824562072754e-01
-6.541965063661336899e-03 1.201826333999633789e-02 9.086929559707641602e-01
-3.509340062737464905e-02 1.869198679924011230e-02 8.457365036010742188e-01
-2.114611491560935974e-02 -2.138986065983772278e-02 7.348592877388000488e-01
-1.468835398554801941e-02 -3.728568553924560547e-03 7.428618669509887695e-01
-2.147638611495494843e-02 1.907525211572647095e-02 6.790317296981811523e-01
-5.652362108230590820e-02 2.318327128887176514e-02 5.718619227409362793e-01
-2.591199427843093872e-02 -2.900962904095649719e-02 1.035202622413635254e+00
-2.477541565895080566e-03 -3.620069473981857300e-02 1.041320443153381348e+00
-4.972907900810241699e-02 1.130974292755126953e-02 7.734673023223876953e-01
-4.684643447399139404e-02 -1.126900315284729004e-04 8.184104561805725098e-01
-2.860690467059612274e-02 -1.357533037662506104e-02 9.410133957862854004e-01
-3.189389780163764954e-02 -4.220772534608840942e-03 9.730331301689147949e-01
-2.090592123568058014e-02 -8.013155311346054077e-03 1.070445656776428223e+00
-1.249232701957225800e-02 -2.584733441472053528e-02 1.125534415245056152e+00
-1.452950946986675262e-02 -4.574397206306457520e-02 1.118643879890441895e+00
2.024863380938768387e-03 -6.928086280822753906e-02 1.064715862274169922e+00
7.292884867638349533e-03 -6.557755172252655029e-02 1.082215189933776855e+00
-1.613734406419098377e-03 -7.714296877384185791e-02 1.096710324287414551e+00
3.129734192043542862e-03 -6.517690420150756836e-02 1.095781326293945312e+00
-1.404649298638105392e-02 -4.377263039350509644e-02 1.139765262603759766e+00
-3.332526609301567078e-02 3.943033516407012939e-04 1.112021207809448242e+00
-4.242132231593132019e-02 8.772201836109161377e-03 1.142505168914794922e+00
-4.384967312216758728e-02 2.357710152864456177e-03 1.196464300155639648e+00
-3.242135420441627502e-02 -8.939262479543685913e-03 1.181656599044799805e+00
-7.992247119545936584e-03 -4.284463077783584595e-02 1.215152621269226074e+00
4.558669868856668472e-03 -4.776095226407051086e-02 1.203154683113098145e+00
1.108410581946372986e-02 -4.497882723808288574e-02 1.186507701873779297e+00
5.028663203120231628e-03 -4.955592751502990723e-02 1.246601819992065430e+00
2.739167306572198868e-03 -5.946477130055427551e-02 1.262295961380004883e+00
-9.927244856953620911e-03 -6.120925769209861755e-02 1.314927458763122559e+00
-3.749729134142398834e-03 -6.459442526102066040e-02 1.309808611869812012e+00
3.298098687082529068e-03 -6.463556736707687378e-02 1.255602002143859863e+00
-7.111805025488138199e-03 -5.448412150144577026e-02 1.306590914726257324e+00
1.436075381934642792e-02 -6.334877014160156250e-02 1.289030551910400391e+00
1.300081145018339157e-02 -4.143965244293212891e-02 1.142932772636413574e+00
1.479883864521980286e-02 -5.161841586232185364e-02 1.149608612060546875e+00
1.149419695138931274e-02 -4.633595049381256104e-02 1.238776326179504395e+00
-1.176396757364273071e-02 -3.367470949888229370e-02 1.358553886413574219e+00
-2.973655611276626587e-02 -2.167417109012603760e-02 1.362583637237548828e+00
-2.676519751548767090e-02 -2.273350208997726440e-02 1.277689456939697266e+00
-1.419118791818618774e-02 -2.896858751773834229e-02 1.303008556365966797e+00
-1.296017318964004517e-02 -5.310540646314620972e-02 1.337403297424316406e+00
1.887426129542291164e-03 -6.184560805559158325e-02 1.296676874160766602e+00
1.601161062717437744e-02 -5.128502100706100464e-02 1.234473228454589844e+00
1.225174218416213989e-02 -4.130060225725173950e-02 1.189620971679687500e+00
-3.944158088415861130e-03 -2.048871666193008423e-02 1.157044529914855957e+00
-4.059254657477140427e-03 -2.936389297246932983e-02 1.221714377403259277e+00
-2.337106317281723022e-02 -2.709773182868957520e-02 1.340055942535400391e+00
-1.640566438436508179e-02 -3.885145485401153564e-02 1.270696520805358887e+00
-1.742940046824514866e-03 -6.149498373270034790e-02 1.290019512176513672e+00
-1.404940732754766941e-03 -5.746556073427200317e-02 1.309000015258789062e+00
6.591983605176210403e-03 -3.470983356237411499e-02 1.244313240051269531e+00
2.638084441423416138e-02 -4.850349575281143188e-02 1.307483792304992676e+00
3.312796819955110550e-03 -6.439810991287231445e-02 1.434059739112854004e+00
-1.646607369184494019e-02 -4.438752681016921997e-02 1.417467355728149414e+00
-5.885593127459287643e-03 -6.758402287960052490e-02 1.216234683990478516e+00
1.617291010916233063e-02 -8.242667466402053833e-02 1.210013747215270996e+00
1.443140022456645966e-02 -9.002345800399780273e-02 1.271680831909179688e+00
2.851400990039110184e-03 -9.101285785436630249e-02 1.289021492004394531e+00
-4.381179343909025192e-03 -5.269539356231689453e-02 1.307428359985351562e+00
7.884427905082702637e-03 -6.161510199308395386e-02 1.373867511749267578e+00
1.891169697046279907e-02 -8.003406971693038940e-02 1.328432917594909668e+00
2.722465991973876953e-02 -7.988188415765762329e-02 1.323423147201538086e+00
9.520389139652252197e-03 -6.659255921840667725e-02 1.402072906494140625e+00
1.513700932264328003e-02 -8.589515089988708496e-02 1.341157793998718262e+00
1.152498275041580200e-02 -9.249538183212280273e-02 1.377753138542175293e+00
1.137253269553184509e-02 -6.443642824888229370e-02 1.412804484367370605e+00
-3.167107235640287399e-03 -5.249415338039398193e-02 1.433107614517211914e+00
-6.230383645743131638e-03 -4.852616786956787109e-02 1.365116596221923828e+00
2.558969426900148392e-03 -6.006167829036712646e-02 1.358173608779907227e+00
-7.131814491003751755e-03 -5.239779502153396606e-02 1.383557796478271484e+00
-2.845011185854673386e-03 -3.003976494073867798e-02 1.320905685424804688e+00
-2.457868540659546852e-04 -3.400448709726333618e-02 1.338608264923095703e+00
5.643845070153474808e-03 -6.416519731283187866e-02 1.377581119537353516e+00
-1.346042752265930176e-02 -4.818968474864959717e-02 1.416153907775878906e+00
-2.676445245742797852e-02 -3.322884440422058105e-02 1.366425037384033203e+00
-5.517761688679456711e-03 -4.893720895051956177e-02 1.338308572769165039e+00
1.863681152462959290e-02 -6.699907034635543823e-02 1.325016975402832031e+00
1.488348841667175293e-02 -6.220398098230361938e-02 1.330440044403076172e+00
4.356489051133394241e-03 -5.204486101865768433e-02 1.374581575393676758e+00
8.818618953227996826e-03 -3.780495375394821167e-02 1.377851605415344238e+00
1.260121911764144897e-02 -3.297535330057144165e-02 1.408252716064453125e+00
-3.083297051489353180e-03 -3.499261662364006042e-02 1.502625823020935059e+00
-9.051703847944736481e-03 -4.372615367174148560e-02 1.443353176116943359e+00
-9.397134184837341309e-03 -5.147318914532661438e-02 1.375280499458312988e+00
1.036109216511249542e-02 -8.049838244915008545e-02 1.353145003318786621e+00
1.918709278106689453e-02 -7.494519650936126709e-02 1.385742306709289551e+00
1.298761367797851562e-02 -4.684415459632873535e-02 1.405856728553771973e+00
1.468764059245586395e-02 -2.886235713958740234e-02 1.356126666069030762e+00
2.050132490694522858e-02 -3.783582150936126709e-02 1.368684530258178711e+00
2.996478043496608734e-02 -3.157238662242889404e-02 1.202644944190979004e+00
1.834845542907714844e-02 -3.971584141254425049e-02 1.224811673164367676e+00
1.194941438734531403e-02 -5.091681331396102905e-02 1.274412989616394043e+00
1.174129080027341843e-03 -6.269687414169311523e-02 1.291978478431701660e+00
3.000401891767978668e-02 -7.190673798322677612e-02 1.113887786865234375e+00
1.643967255949974060e-02 -7.119227945804595947e-02 1.179636597633361816e+00
2.665497362613677979e-03 -5.115893110632896423e-02 1.214060306549072266e+00
-3.168275579810142517e-02 -8.090622723102569580e-03 1.237646102905273438e+00
-3.105666115880012512e-02 1.211170107126235962e-03 1.188896894454956055e+00
-1.927814818918704987e-02 -1.814154163002967834e-02 1.250028014183044434e+00
-2.977660857141017914e-03 -5.200200527906417847e-02 1.271748900413513184e+00
3.223334625363349915e-02 -7.116347551345825195e-02 1.178679823875427246e+00
4.414009675383567810e-02 -6.271290034055709839e-02 1.147343993186950684e+00
2.008597180247306824e-02 -4.088623821735382080e-02 1.237855672836303711e+00
-9.083063341677188873e-03 -3.771037608385086060e-02 1.315329670906066895e+00
-3.201287984848022461e-02 -2.210916951298713684e-02 1.345303297042846680e+00
-2.896111644804477692e-02 -2.198943868279457092e-02 1.299450635910034180e+00
-2.325154095888137817e-02 -2.504145726561546326e-02 1.269882559776306152e+00
-2.052728086709976196e-02 -2.989057451486587524e-02 1.351653575897216797e+00
-1.895603723824024200e-02 -1.611667871475219727e-02 1.345921516418457031e+00
-2.461989782750606537e-02 -6.511930376291275024e-03 1.358969688415527344e+00
-7.502096239477396011e-03 -2.830693684518337250e-02 1.365173578262329102e+00
-3.140460234135389328e-03 -3.750497847795486450e-02 1.334263920783996582e+00
-1.935708150267601013e-02 -2.298555895686149597e-02 1.249303579330444336e+00
-1.003949344158172607e-02 -2.795162238180637360e-02 1.163121938705444336e+00
-1.527516916394233704e-02 -2.259009331464767456e-02 1.232479095458984375e+00
-1.451839692890644073e-02 -2.967228926718235016e-02 1.321340799331665039e+00
-1.573418080806732178e-02 -2.478403411805629730e-02 1.361072182655334473e+00
-1.582890935242176056e-02 -9.180124849081039429e-03 1.391139388084411621e+00
-9.090698324143886566e-03 -1.821273937821388245e-02 1.302978277206420898e+00
-4.773724358528852463e-04 -2.645408175885677338e-02 1.271294832229614258e+00
-2.598118735477328300e-04 -2.996447682380676270e-02 1.335267782211303711e+00
-6.320392712950706482e-03 -5.178087577223777771e-02 1.313290715217590332e+00
-8.778601884841918945e-03 -7.490462809801101685e-02 1.319994330406188965e+00
4.737236071377992630e-03 -1.033615022897720337e-01 1.270121932029724121e+00
4.284985736012458801e-02 -1.216660961508750916e-01 1.127507925033569336e+00
3.467289358377456665e-02 -8.311102539300918579e-02 1.138765573501586914e+00
-1.593254879117012024e-02 -3.568042814731597900e-02 1.183781862258911133e+00
-1.574671827256679535e-02 -3.341858088970184326e-02 1.239297032356262207e+00
-6.228118669241666794e-03 -3.340514749288558960e-02 1.234980821609497070e+00
-1.718702539801597595e-02 -2.658037096261978149e-02 1.204673767089843750e+00
-2.106650173664093018e-02 -2.533511072397232056e-02 1.182036161422729492e+00
-1.197683438658714294e-02 -4.552986472845077515e-02 1.219994544982910156e+00
5.398359615355730057e-03 -3.867520391941070557e-02 1.116564273834228516e+00
1.900676637887954712e-02 -4.704429954290390015e-02 1.172032475471496582e+00
1.567395403981208801e-02 -5.899388343095779419e-02 1.221220254898071289e+00
-3.062713425606489182e-03 -4.055903106927871704e-02 1.179264187812805176e+00
-8.308921009302139282e-03 -2.211096882820129395e-02 1.204463839530944824e+00
-1.887105056084692478e-03 -1.616548001766204834e-02 1.210719823837280273e+00
2.986202482134103775e-03 -3.444860503077507019e-02 1.228438854217529297e+00
-2.905105706304311752e-03 -3.313318267464637756e-02 1.205895423889160156e+00
1.390673033893108368e-02 -4.804206639528274536e-02 1.182800054550170898e+00
4.201311245560646057e-02 -5.288352817296981812e-02 1.099121451377868652e+00
2.664209157228469849e-02 -4.218845814466476440e-02 1.079443573951721191e+00
5.946887191385030746e-03 -3.080867975950241089e-02 1.098377346992492676e+00
3.111514961346983910e-04 -2.375683933496475220e-02 1.116617560386657715e+00
-3.227614331990480423e-03 -2.576487883925437927e-02 1.149575233459472656e+00
-7.484361063688993454e-03 -2.950927615165710449e-02 1.175641775131225586e+00
-1.039414666593074799e-02 -2.643030881881713867e-02 1.194658517837524414e+00
-8.992978371679782867e-03 -3.827304393053054810e-02 1.230690240859985352e+00
-9.956398047506809235e-03 -4.392430186271667480e-02 1.247306346893310547e+00
-6.951167713850736618e-03 -4.213835299015045166e-02 1.231598019599914551e+00
3.070611273869872093e-04 -4.300890117883682251e-02 1.251743197441101074e+00
-1.978299580514431000e-03 -3.770799562335014343e-02 1.286969542503356934e+00
-4.546632524579763412e-03 -4.840702563524246216e-02 1.182514071464538574e+00
-1.541593298316001892e-02 -2.884045988321304321e-02 1.194647669792175293e+00
-1.298645883798599243e-02 -2.272389084100723267e-02 1.266280889511108398e+00
-1.659322180785238743e-03 -3.692758083343505859e-02 1.281914234161376953e+00
1.691143400967121124e-02 -4.947533458471298218e-02 1.251982331275939941e+00
-2.472024643793702126e-04 -3.687017410993576050e-02 1.249743938446044922e+00
-1.503168046474456787e-02 -6.399326026439666748e-03 1.216690659523010254e+00
-6.122815888375043869e-03 -1.735753193497657776e-02 1.179766416549682617e+00
-1.160517521202564240e-02 -1.950820535421371460e-02 1.218195915222167969e+00
-8.268140256404876709e-03 -2.181364223361015320e-02 1.108397006988525391e+00
-7.977634668350219727e-03 -2.378718182444572449e-02 1.115828752517700195e+00
-1.069116219878196716e-02 -3.764465451240539551e-02 1.205388665199279785e+00
-7.142353337258100510e-03 -3.483939543366432190e-02 1.155151963233947754e+00
3.035636246204376221e-02 -4.426058381795883179e-02 1.166823029518127441e+00
2.226624451577663422e-02 -3.646070137619972229e-02 1.221951484680175781e+00
1.612126082181930542e-02 -2.797724306583404541e-02 1.205491900444030762e+00
6.155392620712518692e-03 -2.131596207618713379e-02 1.211914300918579102e+00
-1.716002472676336765e-03 -1.008834689855575562e-02 1.198382377624511719e+00
1.002839952707290649e-02 -3.629857301712036133e-02 1.208607912063598633e+00
4.725583363324403763e-03 -4.715865105390548706e-02 1.227708697319030762e+00
-2.291306387633085251e-03 -4.863854497671127319e-02 1.162795543670654297e+00
-2.514752745628356934e-02 -1.507892459630966187e-02 1.100433945655822754e+00
-3.183511551469564438e-03 -1.687780395150184631e-02 1.144218087196350098e+00
-9.754756465554237366e-03 -1.783315464854240417e-02 1.100276708602905273e+00
5.021248944103717804e-03 -4.508829861879348755e-02 1.064252734184265137e+00
1.690195128321647644e-02 -6.852453947067260742e-02 1.057439804077148438e+00
5.871373694390058517e-03 -6.253666430711746216e-02 1.137066125869750977e+00
-8.531428175047039986e-04 -4.095836728811264038e-02 1.093346118927001953e+00
1.390915736556053162e-02 -6.584843248128890991e-02 1.048325777053833008e+00
-1.820409297943115234e-02 -2.702383138239383698e-02 1.050557255744934082e+00
-1.163674425333738327e-02 -4.872221499681472778e-03 1.031430006027221680e+00
1.332547701895236969e-02 -3.923207521438598633e-02 1.034323096275329590e+00
9.431134909391403198e-03 -3.165944665670394897e-02 9.941035509109497070e-01
-1.014181599020957947e-02 -2.325759455561637878e-02 9.600773453712463379e-01
-2.616741228848695755e-03 -4.279184341430664062e-02 9.914248585700988770e-01
-1.165520120412111282e-02 -1.853584498167037964e-02 1.059970259666442871e+00
-3.337202221155166626e-02 -4.707977175712585449e-03 1.085089445114135742e+00
-2.654536440968513489e-02 -5.714140832424163818e-03 1.021850109100341797e+00
-3.237265348434448242e-02 3.036163747310638428e-03 1.036683797836303711e+00
-2.838978171348571777e-02 -5.328260362148284912e-03 1.035838484764099121e+00
-2.105632983148097992e-02 -1.415963098406791687e-02 1.018631935119628906e+00
-8.683623746037483215e-03 -2.614626288414001465e-02 1.010962605476379395e+00
-4.796938970685005188e-03 -3.839527070522308350e-02 1.062655925750732422e+00
-3.327247686684131622e-04 -2.768377773463726044e-02 1.085277438163757324e+00
-3.516123397275805473e-04 -1.017820462584495544e-02 1.068059325218200684e+00
-6.915682461112737656e-03 -1.004167273640632629e-02 1.081526756286621094e+00
-6.997465621680021286e-03 -6.825961172580718994e-04 1.079087376594543457e+00
-8.429220877587795258e-03 5.752060562372207642e-03 1.070494055747985840e+00
-1.154245901852846146e-02 4.158053547143936157e-03 1.074207425117492676e+00
-1.759441196918487549e-02 4.121325910091400146e-04 1.089871406555175781e+00
-2.088079974055290222e-02 3.178857266902923584e-03 1.078658580780029297e+00
-2.143662609159946442e-02 6.176643073558807373e-03 1.093979001045227051e+00
-2.353729307651519775e-02 1.086693257093429565e-02 1.116477489471435547e+00
-2.390153333544731140e-02 4.466868937015533447e-03 1.124345779418945312e+00
-2.402005903422832489e-02 -5.270462483167648315e-03 1.134130954742431641e+00
-1.859994232654571533e-02 -1.270192489027976990e-02 1.131066799163818359e+00
-1.690702140331268311e-02 -1.573577150702476501e-02 1.142204761505126953e+00
-1.693534664809703827e-02 -2.196219563484191895e-02 1.165057659149169922e+00
-1.721967570483684540e-02 -2.879282645881175995e-02 1.152251720428466797e+00
-2.151417545974254608e-02 -3.340551629662513733e-02 1.161465764045715332e+00
-2.793627604842185974e-02 -3.545843809843063354e-02 1.196259737014770508e+00
-1.867522485554218292e-02 -4.129059612751007080e-02 1.195997357368469238e+00
-7.542904932051897049e-03 -4.893349856138229370e-02 1.193855166435241699e+00
-1.745240646414458752e-03 -4.347572848200798035e-02 1.178139328956604004e+00
3.264149650931358337e-03 -3.193294256925582886e-02 1.142551302909851074e+00
1.842076773755252361e-03 -2.430105581879615784e-02 1.151951313018798828e+00
-5.714660044759511948e-03 -1.908500120043754578e-02 1.197284579277038574e+00
-4.062100779265165329e-03 -2.515618503093719482e-02 1.197753667831420898e+00
-1.166663598269224167e-02 -1.949552819132804871e-02 1.224932432174682617e+00
-1.506675779819488525e-02 -2.137231081724166870e-02 1.221705079078674316e+00
-2.586864307522773743e-02 -1.762388646602630615e-02 1.233736634254455566e+00
-4.117933660745620728e-02 -1.308657228946685791e-03 1.268355250358581543e+00
-3.476534038782119751e-02 -6.850734353065490723e-04 1.264267325401306152e+00
-1.060888543725013733e-02 -2.628657966852188110e-02 1.261426448822021484e+00
-1.471411436796188354e-02 -2.037964016199111938e-02 1.231980800628662109e+00
-2.485709264874458313e-02 5.676247179508209229e-03 1.225533008575439453e+00
-3.753628581762313843e-02 3.917757421731948853e-03 1.278182983398437500e+00
-3.353480622172355652e-02 -4.935897886753082275e-03 1.282788276672363281e+00
-1.774121262133121490e-02 -6.757557392120361328e-03 1.230818986892700195e+00
-3.114338964223861694e-02 -1.401683688163757324e-02 1.244277954101562500e+00
-2.353413403034210205e-02 -2.843962609767913818e-02 1.206130981445312500e+00
-1.818750798702239990e-02 -2.588871121406555176e-02 1.195727825164794922e+00
-2.216860093176364899e-02 -2.030760794878005981e-02 1.237509489059448242e+00
-2.734147384762763977e-02 -1.309160143136978149e-02 1.228011369705200195e+00
-2.548506669700145721e-02 -1.389010995626449585e-02 1.230521559715270996e+00
-2.014159783720970154e-02 -2.827547490596771240e-02 1.270227193832397461e+00
-2.311793714761734009e-02 -2.614793926477432251e-02 1.303020477294921875e+00
-1.922858133912086487e-02 -2.315314114093780518e-02 1.301726937294006348e+00
-2.121598087251186371e-02 -1.500231027603149414e-02 1.289713621139526367e+00
-2.397638931870460510e-02 -2.714662998914718628e-02 1.301242828369140625e+00
-2.154666557908058167e-02 -4.186920076608657837e-02 1.301967859268188477e+00
-1.194417104125022888e-02 -4.434945434331893921e-02 1.266680240631103516e+00
-1.310676895081996918e-02 -3.525983542203903198e-02 1.243365526199340820e+00
-1.053914427757263184e-02 -2.845998108386993408e-02 1.207102775573730469e+00
-1.295683998614549637e-02 -2.548892050981521606e-02 1.173983335494995117e+00
-2.188577502965927124e-02 -2.191766351461410522e-02 1.177562832832336426e+00
-2.533268928527832031e-02 -2.646983414888381958e-02 1.219159960746765137e+00
-1.460272446274757385e-02 -2.833154052495956421e-02 1.259007930755615234e+00
-7.038058247417211533e-03 -2.661455422639846802e-02 1.240818738937377930e+00
-6.093079689890146255e-03 -3.592058643698692322e-02 1.227931022644042969e+00
-1.699112728238105774e-02 -3.188040852546691895e-02 1.255249381065368652e+00
-7.259001489728689194e-03 -2.264969050884246826e-02 1.224892139434814453e+00
-5.344330798834562302e-03 -1.058490574359893799e-02 1.224410533905029297e+00
-3.466808702796697617e-03 -5.498275160789489746e-03 1.224029541015625000e+00
-5.346310790628194809e-03 -8.511856198310852051e-03 1.224480867385864258e+00
-3.801989834755659103e-03 -2.633794769644737244e-02 1.227829217910766602e+00
-3.324668388813734055e-03 -3.728290647268295288e-02 1.272707939147949219e+00
-1.169761270284652710e-02 -5.626095831394195557e-02 1.295192480087280273e+00
-1.984778791666030884e-02 -5.740230530500411987e-02 1.276490688323974609e+00
-1.618299260735511780e-02 -3.696740418672561646e-02 1.249479174613952637e+00
-1.775288768112659454e-02 -3.227287530899047852e-02 1.258801937103271484e+00
1.532912603579461575e-03 -3.444652259349822998e-02 1.242798328399658203e+00
5.682643968611955643e-03 -2.391282096505165100e-02 1.249710917472839355e+00
1.509986235760152340e-03 -1.755507290363311768e-02 1.271870374679565430e+00
-1.053511747159063816e-03 -1.034318283200263977e-02 1.210207939147949219e+00
-8.228700608015060425e-03 -1.923637092113494873e-02 1.253032684326171875e+00
-1.887991442345082760e-03 -2.418523281812667847e-02 1.293263912200927734e+00
-1.103014685213565826e-02 -8.879616856575012207e-03 1.294392943382263184e+00
4.766887868754565716e-04 -1.723713055253028870e-02 1.290415048599243164e+00
2.276952005922794342e-02 -4.855460673570632935e-02 1.271035075187683105e+00
2.044278196990489960e-02 -4.371782392263412476e-02 1.282469630241394043e+00
1.906909793615341187e-02 -3.077174536883831024e-02 1.270222425460815430e+00
2.129116654396057129e-02 -3.281421214342117310e-02 1.275867223739624023e+00
8.369962684810161591e-03 -2.716510929167270660e-02 1.231760382652282715e+00
-1.812375965528190136e-03 -1.584964618086814880e-02 1.202018976211547852e+00
-8.736711926758289337e-03 -8.204445242881774902e-03 1.224369883537292480e+00
7.231056224554777145e-03 -1.737318187952041626e-02 1.241884469985961914e+00
1.115522813051939011e-02 -2.219947800040245056e-02 1.232188940048217773e+00
1.009336020797491074e-02 -1.760017871856689453e-02 1.182457089424133301e+00
1.144164241850376129e-02 -2.633705921471118927e-02 1.163277864456176758e+00
2.831256762146949768e-02 -3.512824326753616333e-02 1.129920959472656250e+00
3.237248957157135010e-02 -4.277491942048072815e-02 1.089822530746459961e+00
2.361625246703624725e-02 -4.155886545777320862e-02 1.085321784019470215e+00
2.282151766121387482e-02 -2.486879937350749969e-02 9.833491444587707520e-01
1.534201670438051224e-02 -1.501566544175148010e-02 9.633259773254394531e-01
8.967307396233081818e-03 -8.231930434703826904e-03 9.933696985244750977e-01
5.999688059091567993e-03 -4.163961857557296753e-03 9.972547292709350586e-01
1.450961735099554062e-02 -7.867407053709030151e-03 9.660513997077941895e-01
2.033267170190811157e-02 -2.271736413240432739e-02 9.482245445251464844e-01
3.057694993913173676e-04 -3.095373511314392090e-03 8.272066712379455566e-01
2.547138556838035583e-02 -3.478015586733818054e-02 8.188415169715881348e-01
5.189009010791778564e-02 -6.049716100096702576e-02 8.383273482322692871e-01
6.022158637642860413e-02 -4.475306347012519836e-02 8.291856050491333008e-01
3.451060876250267029e-02 -3.985861688852310181e-02 8.616855740547180176e-01
2.700492180883884430e-02 -4.690351337194442749e-02 9.029805660247802734e-01
2.963259071111679077e-02 -4.917784780263900757e-02 9.023008346557617188e-01
2.200467325747013092e-02 -5.177535489201545715e-02 8.148863315582275391e-01
2.644824050366878510e-02 -5.367080122232437134e-02 7.835105657577514648e-01
3.829211741685867310e-02 -5.386093258857727051e-02 8.258668780326843262e-01
4.445469379425048828e-02 -3.097397275269031525e-02 7.864452004432678223e-01
3.335447609424591064e-02 -1.812686771154403687e-02 7.057742476463317871e-01
1.897897571325302124e-02 -1.864974573254585266e-02 6.417863368988037109e-01
1.552163623273372650e-02 -2.423699572682380676e-02 6.684467792510986328e-01
1.816884055733680725e-02 -2.428888902068138123e-02 7.533627748489379883e-01
5.551563575863838196e-03 -5.025494843721389771e-03 7.296896576881408691e-01
-5.505365319550037384e-03 -4.257831722497940063e-03 7.226266860961914062e-01
-5.912715103477239609e-03 -1.371407508850097656e-02 8.076778650283813477e-01
-9.959162212908267975e-03 -2.279616147279739380e-02 8.898779749870300293e-01
-6.720180390402674675e-04 -4.717809706926345825e-02 9.072201251983642578e-01
8.016768842935562134e-03 -5.975190177559852600e-02 8.573862314224243164e-01
1.379971299320459366e-02 -6.162276491522789001e-02 8.420780301094055176e-01
7.988261990249156952e-03 -5.944039300084114075e-02 8.700504899024963379e-01
1.895815134048461914e-02 -7.294829189777374268e-02 8.893015384674072266e-01
2.052338421344757080e-02 -8.240654319524765015e-02 9.211344122886657715e-01
1.234231516718864441e-02 -5.689735710620880127e-02 8.756818771362304688e-01
-1.028617843985557556e-02 -1.265039667487144470e-02 7.554606199264526367e-01
-6.467733066529035568e-03 -4.161353781819343567e-02 8.161382079124450684e-01
-8.352391421794891357e-03 -6.795420497655868530e-02 8.624497056007385254e-01
4.375145304948091507e-03 -3.334555029869079590e-02 8.193273544311523438e-01
1.507778069935739040e-03 -3.653375804424285889e-02 7.214045524597167969e-01
-1.159430667757987976e-02 -5.110379308462142944e-02 8.614300489425659180e-01
-1.962509751319885254e-02 -4.504146054387092590e-02 8.852776885032653809e-01
-2.030685544013977051e-02 -4.302282631397247314e-02 9.014326930046081543e-01
-2.693730592727661133e-02 -5.377294868230819702e-02 9.140840172767639160e-01
-3.456260263919830322e-02 -4.787802696228027344e-02 8.686383366584777832e-01
-4.296885430812835693e-02 -2.756159752607345581e-02 8.710881471633911133e-01
-3.458675742149353027e-02 -3.822764009237289429e-02 8.457179665565490723e-01
-3.016476333141326904e-02 -2.332328259944915771e-02 8.712102770805358887e-01
-5.509647727012634277e-02 -8.853919804096221924e-03 8.755342960357666016e-01
-4.609692096710205078e-02 -3.564925491809844971e-02 8.857439756393432617e-01
-4.121461510658264160e-02 -3.178203850984573364e-02 8.764795064926147461e-01
-2.703832089900970459e-02 -4.038111120462417603e-02 8.976360559463500977e-01
-5.478908121585845947e-02 -1.604946702718734741e-02 8.478266596794128418e-01
-6.487371027469635010e-02 -2.000113576650619507e-02 8.471873402595520020e-01
-5.214406549930572510e-02 -5.019061267375946045e-03 8.674554228782653809e-01
-3.811222314834594727e-02 -9.900420904159545898e-03 8.784604072570800781e-01
-2.844956517219543457e-02 -3.918176889419555664e-02 9.084434509277343750e-01
-3.425103425979614258e-02 -4.394672065973281860e-02 8.768852949142456055e-01
-1.846867799758911133e-02 -3.337771445512771606e-02 8.726486563682556152e-01
-2.617114782333374023e-02 -1.882389187812805176e-03 8.637212514877319336e-01
-3.761348128318786621e-02 6.033323705196380615e-03 8.929532766342163086e-01
-3.594031929969787598e-02 4.108168184757232666e-03 9.099558591842651367e-01
-3.099009394645690918e-02 9.047165513038635254e-04 8.696057796478271484e-01
-2.971802651882171631e-02 -2.741336822509765625e-03 8.956450819969177246e-01
-2.714746445417404175e-02 -2.829458564519882202e-03 9.358348846435546875e-01
-3.346408903598785400e-02 9.874552488327026367e-04 9.612857103347778320e-01
-3.465930745005607605e-02 -5.716402083635330200e-03 9.782731533050537109e-01
-4.494137316942214966e-02 3.579221665859222412e-03 9.726102352142333984e-01
-4.581287875771522522e-02 1.589126884937286377e-03 1.015258789062500000e+00
-3.314069658517837524e-02 -2.087655663490295410e-02 1.047344207763671875e+00
-3.483581915497779846e-02 -1.912792399525642395e-02 1.023551106452941895e+00
-2.863226272165775299e-02 2.336540073156356812e-02 9.298885464668273926e-01
-1.585691422224044800e-02 3.358524292707443237e-02 8.637793660163879395e-01
-1.091245468705892563e-02 2.915766090154647827e-02 8.232668042182922363e-01
3.329634200781583786e-03 -5.027420818805694580e-03 8.620593547821044922e-01
-2.117822691798210144e-02 3.978200256824493408e-03 8.292874693870544434e-01
-3.661761805415153503e-02 1.041571795940399170e-02 7.635923027992248535e-01
-2.624521963298320770e-02 -8.987952023744583130e-03 8.681255578994750977e-01
-1.054129842668771744e-02 -4.742412641644477844e-02 8.201730847358703613e-01
-1.083196233958005905e-02 -4.100427776575088501e-02 7.590278983116149902e-01
-2.815315313637256622e-02 -1.887926831841468811e-02 8.837033510208129883e-01
-6.425958126783370972e-03 -4.113072901964187622e-02 8.665310740470886230e-01
8.793484419584274292e-03 -5.659870430827140808e-02 7.619475126266479492e-01
2.575992606580257416e-03 -6.395270675420761108e-02 7.945415973663330078e-01
2.179211704060435295e-03 -6.044606491923332214e-02 8.499085903167724609e-01
4.806509707123041153e-03 -4.676895588636398315e-02 8.524567484855651855e-01
9.561560582369565964e-04 -2.226138114929199219e-02 8.370456695556640625e-01
3.328072838485240936e-03 -8.836720138788223267e-03 8.415480256080627441e-01
-5.429855547845363617e-03 -5.044393241405487061e-03 8.772578835487365723e-01
1.307497639209032059e-02 -2.047400549054145813e-02 8.537646532058715820e-01
1.077366247773170471e-02 -2.453482896089553833e-02 8.541834354400634766e-01
5.749498493969440460e-03 -1.131910830736160278e-02 8.019283413887023926e-01
1.077225618064403534e-02 -2.413248270750045776e-02 7.923938035964965820e-01
8.761153556406497955e-03 -2.574261836707592010e-02 7.533702850341796875e-01
2.109310822561383247e-03 -2.907222323119640350e-02 7.754055261611938477e-01
1.134468475356698036e-04 -3.113182261586189270e-02 7.801835536956787109e-01
2.662086393684148788e-03 -3.501879423856735229e-02 7.445330023765563965e-01
2.201325725764036179e-03 -3.309194743633270264e-02 7.192578911781311035e-01
1.171448035165667534e-03 -2.767617441713809967e-02 7.242615222930908203e-01
