-2.814878476783633232e-03 -1.492530666291713715e-02 1.377736568450927734e+00
1.966881100088357925e-03 -1.077517028898000717e-02 1.348995089530944824e+00
6.503250915557146072e-03 -6.906395312398672104e-03 1.293658137321472168e+00
3.649610094726085663e-03 -1.729495241306722164e-03 1.330902457237243652e+00
-2.607051283121109009e-04 -8.813468739390373230e-03 1.360818862915039062e+00
-6.273927632719278336e-03 -1.980998180806636810e-02 1.329218864440917969e+00
-3.139267442747950554e-03 -2.190151624381542206e-02 1.309616446495056152e+00
-1.218333607539534569e-03 -2.097260579466819763e-02 1.315870523452758789e+00
5.159256979823112488e-03 -1.662050746381282806e-02 1.320456147193908691e+00
1.033985521644353867e-02 -1.289625279605388641e-02 1.346852660179138184e+00
1.338409818708896637e-02 -1.298927515745162964e-02 1.365502595901489258e+00
1.479646191000938416e-02 -1.034952327609062195e-02 1.381702303886413574e+00
1.104072667658329010e-02 -2.563111251220107079e-03 1.385817170143127441e+00
5.541766993701457977e-03 7.532609626650810242e-03 1.408834457397460938e+00
1.499397680163383484e-03 5.489798728376626968e-03 1.425468325614929199e+00
-2.428264589980244637e-03 -2.536674495786428452e-03 1.413905382156372070e+00
3.621637122705578804e-03 -1.312245032750070095e-03 1.422463059425354004e+00
6.193518172949552536e-03 8.479751646518707275e-03 1.430550217628479004e+00
4.401284735649824142e-03 1.292764488607645035e-02 1.444642305374145508e+00
1.117070089094340801e-03 5.257414653897285461e-03 1.442566275596618652e+00
-5.566686857491731644e-03 -1.757072051987051964e-03 1.465083479881286621e+00
-4.222180694341659546e-03 -2.976837567985057831e-03 1.468737721443176270e+00
1.742750755511224270e-03 1.073705032467842102e-02 1.468677282333374023e+00
3.839704673737287521e-03 1.973364502191543579e-02 1.473708033561706543e+00
1.667942851781845093e-04 1.135432347655296326e-02 1.459486365318298340e+00
-3.704744856804609299e-03 8.763446472585201263e-03 1.421227455139160156e+00
-1.085347402840852737e-02 6.555955391377210617e-03 1.390243172645568848e+00
-1.792718283832073212e-02 -2.161832526326179504e-03 1.358059644699096680e+00
-2.254679426550865173e-02 -2.536595566198229790e-03 1.346557617187500000e+00
-1.878046616911888123e-02 -9.074126719497144222e-04 1.345285892486572266e+00
-1.977140456438064575e-02 -3.247009590268135071e-03 1.308342576026916504e+00
-2.287877351045608521e-02 -4.413958638906478882e-03 1.339666724205017090e+00
-2.621893584728240967e-02 -6.897367537021636963e-03 1.389628767967224121e+00
-2.084365487098693848e-02 -2.154474379494786263e-03 1.420502543449401855e+00
-1.925135962665081024e-02 3.582477511372417212e-04 1.454059362411499023e+00
-1.837060041725635529e-02 -2.845505019649863243e-03 1.444762587547302246e+00
-1.386882085353136063e-02 -8.006928488612174988e-03 1.450867772102355957e+00
-9.249563328921794891e-03 -6.448715925216674805e-03 1.487712621688842773e+00
-7.696227636188268661e-03 -4.857548978179693222e-03 1.487588405609130859e+00
-1.086209528148174286e-02 -4.765007179230451584e-03 1.427744030952453613e+00
-1.522026117891073227e-02 -4.650399088859558105e-03 1.409554362297058105e+00
-1.650999113917350769e-02 -4.284886177629232407e-03 1.411431670188903809e+00
-1.364987250417470932e-02 -2.019816543906927109e-03 1.407890439033508301e+00
-1.204601023346185684e-02 1.155213918536901474e-03 1.402650356292724609e+00
-1.042000483721494675e-02 8.026919094845652580e-04 1.396264791488647461e+00
-1.408250629901885986e-02 -1.572174835018813610e-03 1.410721659660339355e+00
-1.811508461833000183e-02 -5.327820777893066406e-03 1.413527131080627441e+00
-2.200582437217235565e-02 -8.563563227653503418e-03 1.382267236709594727e+00
-2.559342235326766968e-02 -1.684637507423758507e-03 1.365083217620849609e+00
-2.356423623859882355e-02 1.411871169693768024e-03 1.369584798812866211e+00
-2.064532227814197540e-02 4.382290411740541458e-03 1.384075403213500977e+00
-1.797031238675117493e-02 7.485985755920410156e-03 1.379707813262939453e+00
-1.782206632196903229e-02 8.263933472335338593e-03 1.378544092178344727e+00
-1.724231615662574768e-02 6.822210270911455154e-03 1.324468255043029785e+00
-1.774588972330093384e-02 7.298064418137073517e-03 1.300587773323059082e+00
-1.875001005828380585e-02 8.430152200162410736e-03 1.283932685852050781e+00
-1.699670590460300446e-02 4.660308826714754105e-03 1.296440958976745605e+00
-1.811577938497066498e-02 1.309877116000279784e-04 1.328690290451049805e+00
-2.171238511800765991e-02 1.802350860089063644e-03 1.362875938415527344e+00
-2.354259230196475983e-02 1.568513456732034683e-03 1.357476830482482910e+00
-2.242067456245422363e-02 3.263579856138676405e-05 1.327787876129150391e+00
-2.210747450590133667e-02 7.576463394798338413e-04 1.320819735527038574e+00
-2.293449267745018005e-02 1.485955552197992802e-03 1.305483460426330566e+00
-2.223659120500087738e-02 2.134692156687378883e-03 1.297571182250976562e+00
-2.095317840576171875e-02 3.667970420792698860e-03 1.311910033226013184e+00
-2.289413101971149445e-02 3.768716473132371902e-03 1.346007943153381348e+00
-2.669481001794338226e-02 1.332258223555982113e-03 1.357134222984313965e+00
-2.737750299274921417e-02 -1.578343333676457405e-03 1.408872604370117188e+00
-2.821293845772743225e-02 -3.446948481723666191e-03 1.423586964607238770e+00
-2.804685942828655243e-02 -6.458726711571216583e-03 1.406904935836791992e+00
-2.751789614558219910e-02 -7.561537902802228928e-03 1.378805279731750488e+00
-2.614801004528999329e-02 -6.269665434956550598e-03 1.364642858505249023e+00
-2.131235040724277496e-02 -2.027388894930481911e-03 1.378797411918640137e+00
-2.246086858212947845e-02 -3.355557564646005630e-03 1.366981863975524902e+00
-2.112805470824241638e-02 -4.366723354905843735e-03 1.366389870643615723e+00
-1.907208189368247986e-02 -6.705627776682376862e-03 1.359607458114624023e+00
-1.768823899328708649e-02 -6.331482436507940292e-03 1.365911960601806641e+00
-1.735269650816917419e-02 -5.176637787371873856e-03 1.353010296821594238e+00
-1.890948414802551270e-02 -3.987253643572330475e-03 1.349816918373107910e+00
-2.136532776057720184e-02 -4.377229139208793640e-03 1.363303422927856445e+00
-2.272933162748813629e-02 -4.206600598990917206e-03 1.383051633834838867e+00
-2.187266945838928223e-02 -2.103992039337754250e-03 1.386474847793579102e+00
-2.114488929510116577e-02 6.052839453332126141e-04 1.389942049980163574e+00
-2.045093104243278503e-02 3.457395825535058975e-03 1.379734158515930176e+00
-1.810999028384685516e-02 3.730946453288197517e-03 1.391373634338378906e+00
-2.260860241949558258e-02 -6.224548560567200184e-04 1.383031010627746582e+00
-2.627268433570861816e-02 -5.730663426220417023e-03 1.355766296386718750e+00
-2.717004157602787018e-02 -1.158266142010688782e-02 1.380264997482299805e+00
-2.885347045958042145e-02 -1.147972047328948975e-02 1.353308677673339844e+00
-2.327007427811622620e-02 -1.164460927248001099e-02 1.312198400497436523e+00
-2.150476165115833282e-02 -1.028881315141916275e-02 1.315485000610351562e+00
-1.925507746636867523e-02 -9.902345016598701477e-03 1.337998628616333008e+00
-1.793524809181690216e-02 -8.194603957235813141e-03 1.349888563156127930e+00
-1.903771795332431793e-02 -7.034286390990018845e-03 1.346030950546264648e+00
-2.079419977962970734e-02 -5.416947882622480392e-03 1.316616296768188477e+00
-2.223088592290878296e-02 -6.831611972302198410e-03 1.280334472656250000e+00
-2.069943025708198547e-02 -4.555018153041601181e-03 1.282817602157592773e+00
-1.774467900395393372e-02 -3.171264426782727242e-03 1.291718244552612305e+00
-1.718857511878013611e-02 -6.654219701886177063e-03 1.328516602516174316e+00
-1.761789619922637939e-02 -3.926423378288745880e-03 1.309197783470153809e+00
-1.797441206872463226e-02 -5.852338392287492752e-03 1.319958329200744629e+00
-2.479015477001667023e-02 -1.241320930421352386e-02 1.297487139701843262e+00
-2.444656938314437866e-02 -7.109594065696001053e-03 1.317662596702575684e+00
-1.874141022562980652e-02 4.703556187450885773e-03 1.347053885459899902e+00
-1.680289208889007568e-02 7.803177926689386368e-03 1.337955355644226074e+00
-1.517839170992374420e-02 6.477203220129013062e-03 1.333333730697631836e+00
-1.425507105886936188e-02 7.846726104617118835e-03 1.333089470863342285e+00
-1.125625334680080414e-02 8.610106073319911957e-03 1.348115921020507812e+00
-7.907207123935222626e-03 7.136557251214981079e-03 1.377553343772888184e+00
-6.572414189577102661e-03 9.705275297164916992e-03 1.366002917289733887e+00
-9.956123307347297668e-03 2.618526108562946320e-03 1.367861986160278320e+00
-1.849314314313232899e-03 1.134360209107398987e-03 1.384960651397705078e+00
1.197951962240040302e-03 -9.985875658458098769e-05 1.393726706504821777e+00
5.580065306276082993e-03 -2.539100823923945427e-03 1.353843927383422852e+00
5.367970094084739685e-03 -6.306305993348360062e-03 1.308618664741516113e+00
3.219706006348133087e-03 -1.314896717667579651e-02 1.291051149368286133e+00
-2.740019233897328377e-03 -1.867492683231830597e-02 1.296423435211181641e+00
-4.082588478922843933e-03 -1.993575133383274078e-02 1.358638644218444824e+00
-1.306421309709548950e-02 -1.857362501323223114e-02 1.391524434089660645e+00
-1.462602615356445312e-02 -1.321382261812686920e-02 1.333952307701110840e+00
-9.264660067856311798e-03 -6.603779271245002747e-03 1.316632151603698730e+00
-1.060362718999385834e-02 -1.012260839343070984e-02 1.324922919273376465e+00
-1.455698069185018539e-02 -1.296142674982547760e-02 1.351348996162414551e+00
-1.667425595223903656e-02 -1.527687814086675644e-02 1.361185431480407715e+00
-1.870237849652767181e-02 -1.536199171096086502e-02 1.387703061103820801e+00
-2.123071625828742981e-02 -1.411815267056226730e-02 1.372125744819641113e+00
-1.851328276097774506e-02 -7.675103843212127686e-03 1.355762839317321777e+00
-1.417639665305614471e-02 -7.533954340033233166e-04 1.373461246490478516e+00
-1.754473894834518433e-02 -5.513260606676340103e-03 1.387622833251953125e+00
-2.216850034892559052e-02 -6.177240516990423203e-03 1.420688152313232422e+00
-1.979426108300685883e-02 9.596692398190498352e-04 1.420725703239440918e+00
-2.150009945034980774e-02 -6.149738095700740814e-03 1.376208662986755371e+00
-2.784708887338638306e-02 -1.745831221342086792e-02 1.365813851356506348e+00
-2.860283106565475464e-02 -1.943855732679367065e-02 1.347174406051635742e+00
-2.393992245197296143e-02 -1.620674878358840942e-02 1.346683025360107422e+00
-1.974806934595108032e-02 -1.221881154924631119e-02 1.359122157096862793e+00
-1.754214242100715637e-02 -1.058273017406463623e-02 1.396896839141845703e+00
-1.765591464936733246e-02 -1.061797142028808594e-02 1.403623580932617188e+00
-1.953540183603763580e-02 -9.513565339148044586e-03 1.417376756668090820e+00
-2.318271622061729431e-02 -9.273620322346687317e-03 1.429679274559020996e+00
-2.469400502741336823e-02 -1.011940836906433105e-02 1.415572404861450195e+00
-2.042770758271217346e-02 -8.392085321247577667e-03 1.425575256347656250e+00
-1.487938035279512405e-02 -5.898552015423774719e-03 1.447558879852294922e+00
-1.458408311009407043e-02 -7.304732687771320343e-03 1.469010233879089355e+00
-1.297923270612955093e-02 -5.594548769295215607e-03 1.475865125656127930e+00
-9.197835810482501984e-03 2.155215712264180183e-03 1.451369762420654297e+00
-8.910594508051872253e-03 3.002468729391694069e-03 1.422301173210144043e+00
-1.056769676506519318e-02 7.274747476913034916e-04 1.420876502990722656e+00
-1.348540186882019043e-02 -5.619488190859556198e-03 1.436958789825439453e+00
-1.745955832302570343e-02 -8.228745311498641968e-03 1.467399597167968750e+00
-1.792110688984394073e-02 -5.341159645467996597e-03 1.500280499458312988e+00
-1.487407647073268890e-02 2.059977734461426735e-03 1.547822713851928711e+00
-7.165466435253620148e-03 8.965314365923404694e-03 1.589348554611206055e+00
-2.228492172434926033e-03 1.021320186555385590e-02 1.601331233978271484e+00
-1.821283483877778053e-03 1.351696345955133438e-02 1.554937481880187988e+00
-6.068450864404439926e-03 5.921732634305953979e-03 1.483185410499572754e+00
-6.046109832823276520e-03 4.571381490677595139e-03 1.477531194686889648e+00
-6.051659118384122849e-03 6.927667651325464249e-03 1.465331554412841797e+00
-8.745953440666198730e-03 3.289299318566918373e-03 1.456360459327697754e+00
-7.312078494578599930e-03 2.778423484414815903e-03 1.450954198837280273e+00
-1.002569496631622314e-02 3.251315327361226082e-03 1.462257623672485352e+00
-9.963711723685264587e-03 4.544347058981657028e-03 1.487238526344299316e+00
-7.184351328760385513e-03 1.120324898511171341e-02 1.525262832641601562e+00
-6.612131372094154358e-03 1.666964963078498840e-02 1.514451742172241211e+00
-6.638596765697002411e-03 1.887217350304126740e-02 1.485306501388549805e+00
-5.304055754095315933e-03 1.011569611728191376e-02 1.471595168113708496e+00
-1.354692038148641586e-03 2.241052919998764992e-03 1.484792947769165039e+00
6.171260611154139042e-04 -2.979293698444962502e-03 1.511873126029968262e+00
2.287910552695393562e-03 -8.588538505136966705e-03 1.535070419311523438e+00
4.607934504747390747e-03 -2.301132492721080780e-02 1.562122225761413574e+00
4.192219581454992294e-03 -2.833202295005321503e-02 1.588341593742370605e+00
5.036894697695970535e-03 -2.617971785366535187e-02 1.587834715843200684e+00
4.602187778800725937e-03 -2.354835718870162964e-02 1.612537384033203125e+00
1.651752856560051441e-03 -2.800944633781909943e-02 1.636943101882934570e+00
2.595461672171950340e-03 -2.962811477482318878e-02 1.637518525123596191e+00
2.839110791683197021e-03 -2.944507263600826263e-02 1.624323010444641113e+00
2.827080432325601578e-03 -2.847810462117195129e-02 1.619358420372009277e+00
3.923953510820865631e-03 -2.715494297444820404e-02 1.618062734603881836e+00
1.195577206090092659e-03 -2.753579802811145782e-02 1.598788857460021973e+00
-2.582960529252886772e-03 -2.628703787922859192e-02 1.566615104675292969e+00
-1.196698794956319034e-04 -2.377546206116676331e-02 1.571631550788879395e+00
5.143046146258711815e-04 -2.259485982358455658e-02 1.593005418777465820e+00
-2.189420862123370171e-03 -1.496276166290044785e-02 1.573296546936035156e+00
-4.459820222109556198e-03 -8.453783579170703888e-03 1.563677906990051270e+00
-6.621557287871837616e-03 -2.786301309242844582e-03 1.567736029624938965e+00
-8.309050463140010834e-03 3.372334409505128860e-03 1.545004129409790039e+00
-1.277377735823392868e-02 4.980900790542364120e-03 1.540308237075805664e+00
-1.537383999675512314e-02 3.162323031574487686e-03 1.540145993232727051e+00
-1.467781327664852142e-02 -2.603936591185629368e-04 1.525934457778930664e+00
-1.474555861204862595e-02 -1.876123249530792236e-03 1.537399172782897949e+00
-1.529263332486152649e-02 -7.636212278157472610e-03 1.552999019622802734e+00
-1.484508346766233444e-02 -1.167982351034879684e-02 1.553182840347290039e+00
-1.340331975370645523e-02 -1.253206748515367508e-02 1.538943648338317871e+00
-1.150223333388566971e-02 -1.278086379170417786e-02 1.515462636947631836e+00
-9.891185909509658813e-03 -2.492076717317104340e-03 1.513651609420776367e+00
-1.470358856022357941e-02 8.042002096772193909e-03 1.545641303062438965e+00
-1.499804109334945679e-02 4.284846130758523941e-03 1.565632820129394531e+00
-1.343752443790435791e-02 9.719355875859037042e-05 1.566580533981323242e+00
-1.315575651824474335e-02 -4.546263720840215683e-03 1.571400165557861328e+00
-1.406914647668600082e-02 -8.036836981773376465e-03 1.568075180053710938e+00
-1.386918872594833374e-02 -8.277558721601963043e-03 1.554102063179016113e+00
-1.308276969939470291e-02 -8.055117912590503693e-03 1.565970301628112793e+00
-1.097016409039497375e-02 -8.499372750520706177e-03 1.562635183334350586e+00
-8.818912319839000702e-03 -8.888198062777519226e-03 1.553556561470031738e+00
-1.297046057879924774e-02 -1.514653302729129791e-02 1.556529879570007324e+00
-1.612114533782005310e-02 -1.644886471331119537e-02 1.534493803977966309e+00
-1.691000722348690033e-02 -1.216925587505102158e-02 1.498696088790893555e+00
-1.362036634236574173e-02 -1.063483767211437225e-02 1.494355559349060059e+00
-1.554777659475803375e-02 -1.176083646714687347e-02 1.502152919769287109e+00
-1.574944332242012024e-02 -1.449145097285509109e-02 1.528017044067382812e+00
-1.493102777749300003e-02 -1.407134253531694412e-02 1.543040752410888672e+00
-1.318473462015390396e-02 -1.233612280339002609e-02 1.539666652679443359e+00
-1.180949062108993530e-02 -1.458408404141664505e-02 1.556327342987060547e+00
-1.618762128055095673e-02 -1.929273828864097595e-02 1.562011837959289551e+00
-1.810701377689838409e-02 -1.608176901936531067e-02 1.576945662498474121e+00
-1.189018599689006805e-02 -1.271126046776771545e-02 1.590378046035766602e+00
-1.049775443971157074e-02 -1.560616213828325272e-02 1.585176587104797363e+00
-1.995560526847839355e-02 -2.746837213635444641e-02 1.613444924354553223e+00
-1.964780129492282867e-02 -3.002522513270378113e-02 1.598592638969421387e+00
-1.943562552332878113e-02 -2.844711579382419586e-02 1.614705681800842285e+00
-1.680761016905307770e-02 -2.595870383083820343e-02 1.597007870674133301e+00
-1.719618774950504303e-02 -1.923512481153011322e-02 1.558743238449096680e+00
-1.491047162562608719e-02 -1.471383869647979736e-02 1.537533760070800781e+00
-1.073859259486198425e-02 -1.548783667385578156e-02 1.506372451782226562e+00
-9.210535325109958649e-03 -1.573850959539413452e-02 1.481251716613769531e+00
-4.742898978292942047e-03 -1.001717709004878998e-02 1.473507404327392578e+00
1.542524783872067928e-03 -5.208771675825119019e-03 1.468501806259155273e+00
1.218865392729640007e-03 -7.857920601963996887e-03 1.496136665344238281e+00
-5.186526104807853699e-03 -1.576366089284420013e-02 1.547526240348815918e+00
-6.422636564821004868e-03 -9.414277970790863037e-03 1.566806316375732422e+00
-4.807309247553348541e-03 -3.895487170666456223e-03 1.599061250686645508e+00
-4.774907138198614120e-03 -5.719462875276803970e-03 1.583747744560241699e+00
-6.719102151691913605e-03 -3.369618672877550125e-03 1.545967340469360352e+00
-8.585594594478607178e-03 -2.092377282679080963e-03 1.524164795875549316e+00
-1.106339693069458008e-02 -6.379818078130483627e-03 1.583528161048889160e+00
-8.715168572962284088e-03 1.009465078823268414e-03 1.580969452857971191e+00
-3.931462299078702927e-03 5.956537555903196335e-03 1.569237112998962402e+00
-4.602331668138504028e-03 6.098391022533178329e-03 1.565799713134765625e+00
-4.850212018936872482e-03 1.099437009543180466e-03 1.529714226722717285e+00
-3.126800525933504105e-03 2.843606285750865936e-03 1.562962889671325684e+00
-3.311088308691978455e-03 5.580613855272531509e-03 1.587514519691467285e+00
-2.846190705895423889e-03 1.684583257883787155e-04 1.523933768272399902e+00
1.461410196498036385e-03 -1.016231905668973923e-02 1.542966842651367188e+00
2.672589616850018501e-03 -1.107250805944204330e-02 1.540970802307128906e+00
-3.266897052526473999e-03 -1.430519670248031616e-02 1.538049697875976562e+00
-5.376183427870273590e-03 -1.119806710630655289e-02 1.557529687881469727e+00
-5.294419359415769577e-03 -5.935916211456060410e-03 1.547508835792541504e+00
-6.417735945433378220e-03 -9.420776739716529846e-03 1.538684368133544922e+00
-5.968145094811916351e-03 -7.668029516935348511e-03 1.545603990554809570e+00
-2.633859403431415558e-03 -6.931519601494073868e-03 1.563557744026184082e+00
2.095920266583561897e-03 -7.285663858056068420e-03 1.583337545394897461e+00
4.007403040304780006e-04 -7.225059904158115387e-03 1.566167593002319336e+00
-8.230097591876983643e-05 -1.078588142991065979e-02 1.586640477180480957e+00
-6.524859461933374405e-03 -2.022919990122318268e-02 1.587933182716369629e+00
-1.586402766406536102e-02 -2.631185762584209442e-02 1.574160933494567871e+00
-1.568355597555637360e-02 -2.454325370490550995e-02 1.575613617897033691e+00
-6.323297042399644852e-03 -2.795773930847644806e-02 1.631144165992736816e+00
1.877102840808220208e-05 -3.262955695390701294e-02 1.604865193367004395e+00
7.703044451773166656e-03 -1.510440744459629059e-02 1.559507966041564941e+00
-4.037663340568542480e-03 -2.457929402589797974e-02 1.586640715599060059e+00
-9.335713461041450500e-03 -3.211589157581329346e-02 1.664011120796203613e+00
-1.919694477692246437e-03 -2.050602436065673828e-02 1.647040009498596191e+00
-8.216688293032348156e-04 -2.023416943848133087e-02 1.650030851364135742e+00
-4.393527284264564514e-03 -3.328954800963401794e-02 1.631206393241882324e+00
-4.853954073041677475e-03 -2.897081896662712097e-02 1.611752629280090332e+00
-1.792688504792749882e-03 -2.703818120062351227e-02 1.622127771377563477e+00
-3.325179219245910645e-03 -7.931563071906566620e-03 1.528195142745971680e+00
-4.978787153959274292e-03 1.603583618998527527e-02 1.451117873191833496e+00
-1.071293558925390244e-02 1.299668848514556885e-02 1.424617528915405273e+00
-1.361598633229732513e-02 6.192454136908054352e-03 1.430608749389648438e+00
