3.468605130910873413e-02 -8.342111483216285706e-03 1.019431948661804199e+00
2.667375095188617706e-02 1.676535699516534805e-03 9.701913595199584961e-01
2.100577391684055328e-02 -5.177447106689214706e-03 9.754405021667480469e-01
1.698184944689273834e-02 -1.573013700544834137e-02 1.007064580917358398e+00
2.516221441328525543e-02 -3.778329119086265564e-05 9.734557867050170898e-01
2.478245832026004791e-02 -4.354888107627630234e-03 9.666413068771362305e-01
2.253944613039493561e-02 -8.933985605835914612e-03 1.022155761718750000e+00
2.330772019922733307e-02 -1.697274483740329742e-02 1.038937807083129883e+00
2.664505876600742340e-02 -9.185547009110450745e-03 9.962648153305053711e-01
3.085268475115299225e-02 -1.760884560644626617e-02 9.905003309249877930e-01
2.711113728582859039e-02 -2.564146555960178375e-02 1.015526294708251953e+00
2.383088506758213043e-02 -1.860448159277439117e-02 1.027949452400207520e+00
2.463161386549472809e-02 -7.704758550971746445e-03 1.014420032501220703e+00
1.698254980146884918e-02 1.259899232536554337e-03 1.043162941932678223e+00
1.131642796099185944e-02 8.651768788695335388e-03 1.058238506317138672e+00
5.978563800454139709e-03 1.397029124200344086e-02 1.074801802635192871e+00
3.041813150048255920e-03 2.293047867715358734e-02 1.079466342926025391e+00
2.241650596261024475e-03 3.158057481050491333e-02 1.077586412429809570e+00
-1.972820609807968140e-04 3.983405977487564087e-02 1.096505880355834961e+00
1.954827457666397095e-04 4.066357761621475220e-02 1.119752168655395508e+00
1.309225335717201233e-03 3.639403730630874634e-02 1.134334683418273926e+00
-8.160432800650596619e-03 3.294033557176589966e-02 1.113710522651672363e+00
-1.846583746373653412e-02 3.973070532083511353e-02 1.099339485168457031e+00
-1.608419977128505707e-02 4.201311618089675903e-02 1.097242712974548340e+00
-1.250595413148403168e-02 5.062840133905410767e-02 1.027927279472351074e+00
-2.489072643220424652e-02 4.790700227022171021e-02 9.689828157424926758e-01
-3.091617487370967865e-02 5.555153638124465942e-02 9.665057659149169922e-01
-2.698684297502040863e-02 4.354692250490188599e-02 1.025967836380004883e+00
-2.187611721456050873e-02 1.755226217210292816e-02 1.051732897758483887e+00
-5.981674417853355408e-03 -2.814435865730047226e-03 1.070429086685180664e+00
4.208425059914588928e-03 1.554346177726984024e-03 1.076399803161621094e+00
1.169543899595737457e-02 -1.050361897796392441e-03 1.013829350471496582e+00
1.331532932817935944e-02 1.980573870241641998e-04 9.577718973159790039e-01
2.003216184675693512e-02 -1.293609477579593658e-02 9.941728115081787109e-01
2.894994057714939117e-02 -2.003451623022556305e-02 9.698863029479980469e-01
3.385703265666961670e-02 -1.681902445852756500e-02 9.561240673065185547e-01
3.148570656776428223e-02 -1.043362356722354889e-02 9.696285724639892578e-01
3.564187884330749512e-02 -1.537627913057804108e-02 1.030404090881347656e+00
4.136367887258529663e-02 -2.411633916199207306e-02 1.093115806579589844e+00
2.833330444991588593e-02 -2.119346894323825836e-02 1.156544208526611328e+00
5.729349330067634583e-03 -2.724226750433444977e-02 1.174486994743347168e+00
8.198136463761329651e-03 -1.813506521284580231e-02 1.216817498207092285e+00
2.009118162095546722e-02 -7.507273461669683456e-03 1.217924475669860840e+00
9.385526180267333984e-03 -2.124482300132513046e-03 1.205043911933898926e+00
2.580041065812110901e-03 -3.979676868766546249e-03 1.233884930610656738e+00
8.249748498201370239e-04 8.197189308702945709e-04 1.238477826118469238e+00
5.759419873356819153e-03 1.171061955392360687e-02 1.248431086540222168e+00
1.237218640744686127e-02 7.283692248165607452e-03 1.211147665977478027e+00
9.745569899678230286e-03 1.107943058013916016e-02 1.159110307693481445e+00
2.366265282034873962e-03 1.174076553434133530e-02 1.115491628646850586e+00
-2.341752871870994568e-03 7.843306288123130798e-03 1.051892161369323730e+00
-4.343475215137004852e-03 7.620037533342838287e-03 9.982521533966064453e-01
-1.011030934751033783e-02 1.241256296634674072e-02 1.025798797607421875e+00
-1.980610191822052002e-02 1.473150588572025299e-02 1.009112596511840820e+00
-1.108779944479465485e-02 8.491792716085910797e-03 1.038926839828491211e+00
-6.859889253973960876e-03 4.963171202689409256e-03 1.066060543060302734e+00
-9.785808622837066650e-03 -4.606171045452356339e-03 1.087191820144653320e+00
-4.729730077087879181e-03 -1.066313125193119049e-02 1.033788442611694336e+00
-7.202266715466976166e-03 1.414922531694173813e-03 8.992925882339477539e-01
-4.433702677488327026e-03 1.006135623902082443e-02 8.406260013580322266e-01
-7.154028862714767456e-04 1.569278072565793991e-03 9.041041135787963867e-01
-1.076352782547473907e-02 -1.942497212439775467e-03 8.940666913986206055e-01
-2.515883930027484894e-02 -8.011477068066596985e-03 8.345777988433837891e-01
-2.299086563289165497e-02 -7.511393632739782333e-03 7.423324584960937500e-01
-2.509744465351104736e-02 8.354231715202331543e-03 6.495981216430664062e-01
-3.729829192161560059e-02 2.841008640825748444e-02 6.326529979705810547e-01
-2.695226296782493591e-02 3.237040340900421143e-02 6.329766511917114258e-01
-2.116831205785274506e-02 4.537065699696540833e-02 6.634533405303955078e-01
-1.705252565443515778e-02 6.488344818353652954e-02 7.047330141067504883e-01
-2.424874156713485718e-02 4.686725139617919922e-02 7.803652286529541016e-01
-2.078108116984367371e-02 2.037883549928665161e-02 8.845208883285522461e-01
-1.850233227014541626e-02 2.162376046180725098e-02 9.348880052566528320e-01
-1.507345680147409439e-02 1.907827891409397125e-02 8.966186046600341797e-01
2.062635496258735657e-03 -4.428605083376169205e-03 8.203308582305908203e-01
6.955394521355628967e-03 -6.244434043765068054e-04 7.854828834533691406e-01
-1.704559661448001862e-03 9.779650717973709106e-03 8.367810249328613281e-01
-2.475669607520103455e-03 1.671182177960872650e-02 8.348205089569091797e-01
6.321126595139503479e-03 -9.334899485111236572e-03 8.116785287857055664e-01
6.209665909409523010e-03 -7.063757162541151047e-03 8.548506498336791992e-01
-1.336170360445976257e-02 1.186277158558368683e-02 8.245503902435302734e-01
-8.615486323833465576e-03 1.271176990121603012e-02 8.863910436630249023e-01
1.230155304074287415e-02 7.911085151135921478e-03 9.083179235458374023e-01
8.062750101089477539e-03 1.477642357349395752e-02 8.440390825271606445e-01
3.924475982785224915e-03 3.131313621997833252e-02 8.154702186584472656e-01
4.812086001038551331e-03 2.755744382739067078e-02 8.002283573150634766e-01
-1.680833287537097931e-03 9.979079477488994598e-03 8.061761856079101562e-01
-2.430634573101997375e-03 -6.526960060000419617e-04 8.089035749435424805e-01
2.568034455180168152e-03 -2.587461285293102264e-02 8.517457246780395508e-01
2.392929233610630035e-02 -4.046468064188957214e-02 8.694481849670410156e-01
1.726751215755939484e-02 -3.294479474425315857e-02 8.850977420806884766e-01
-2.237869426608085632e-03 -1.500727050006389618e-02 8.370149135589599609e-01
8.396429941058158875e-03 -3.429651260375976562e-04 8.671118021011352539e-01
3.376677632331848145e-04 1.427328214049339294e-02 8.439595699310302734e-01
-2.556804567575454712e-02 4.569856449961662292e-02 8.833225965499877930e-01
-1.625307463109493256e-02 4.842341691255569458e-02 8.348795175552368164e-01
-1.885726116597652435e-02 3.480380028486251831e-02 8.286865949630737305e-01
-1.174095831811428070e-02 -3.734969999641180038e-03 8.483488559722900391e-01
3.175551071763038635e-03 4.175415728241205215e-03 8.195521831512451172e-01
1.435610838234424591e-02 5.617252085357904434e-03 7.495725154876708984e-01
1.293110288679599762e-02 -6.257945206016302109e-03 7.147786617279052734e-01
3.539713099598884583e-03 -4.825556185096502304e-03 6.364290714263916016e-01
1.301042921841144562e-02 4.160410258919000626e-03 7.014622688293457031e-01
2.268582023680210114e-02 -1.685057021677494049e-02 8.631367683410644531e-01
2.264304272830486298e-02 -2.411695010960102081e-02 1.033122301101684570e+00
2.465035207569599152e-02 -3.744863718748092651e-02 1.110759973526000977e+00
3.510015457868576050e-02 -4.954943805932998657e-02 1.049395442008972168e+00
2.139012329280376434e-02 -5.328705906867980957e-02 1.027498483657836914e+00
1.664465852081775665e-02 -4.487659037113189697e-02 1.030129432678222656e+00
9.179981425404548645e-03 -3.593692928552627563e-02 1.064293861389160156e+00
2.485927380621433258e-02 -4.346445202827453613e-02 1.066841959953308105e+00
3.904056549072265625e-02 -3.748210519552230835e-02 1.074278593063354492e+00
3.404197096824645996e-02 -3.598199039697647095e-02 1.130435347557067871e+00
2.717723138630390167e-02 -3.591258078813552856e-02 1.145131468772888184e+00
2.264082618057727814e-02 -4.291691631078720093e-02 1.110026597976684570e+00
2.046305499970912933e-02 -4.584311693906784058e-02 1.056052446365356445e+00
1.616164855659008026e-02 -4.250112920999526978e-02 1.067183256149291992e+00
2.177031897008419037e-02 -4.430110007524490356e-02 1.101014018058776855e+00
2.041471563279628754e-02 -4.731369763612747192e-02 1.127509236335754395e+00
2.386617101728916168e-02 -6.140653043985366821e-02 1.152571678161621094e+00
3.058874420821666718e-02 -6.425415724515914917e-02 1.234579682350158691e+00
3.192831575870513916e-02 -7.011266797780990601e-02 1.280479192733764648e+00
3.367479890584945679e-02 -7.331330329179763794e-02 1.236734747886657715e+00
2.881841547787189484e-02 -6.708698719739913940e-02 1.164733767509460449e+00
2.564127929508686066e-02 -6.034537404775619507e-02 1.109442830085754395e+00
1.956046558916568756e-02 -5.423166602849960327e-02 1.106727123260498047e+00
2.194917388260364532e-02 -5.900590866804122925e-02 1.118524193763732910e+00
2.390328608453273773e-02 -5.862788110971450806e-02 1.115555047988891602e+00
3.325517475605010986e-02 -5.374173074960708618e-02 1.072036743164062500e+00
4.433330148458480835e-02 -5.044911056756973267e-02 1.029248952865600586e+00
3.828348964452743530e-02 -4.779469221830368042e-02 1.007533550262451172e+00
3.220943361520767212e-02 -3.821153193712234497e-02 1.025459766387939453e+00
3.808873891830444336e-02 -4.774882644414901733e-02 1.058635592460632324e+00
4.259937256574630737e-02 -5.962162464857101440e-02 1.099755764007568359e+00
4.104686528444290161e-02 -5.851229280233383179e-02 1.125817775726318359e+00
5.008091777563095093e-02 -4.535859078168869019e-02 1.169169902801513672e+00
5.143260210752487183e-02 -3.889813274145126343e-02 1.142218947410583496e+00
4.795358330011367798e-02 -2.950012125074863434e-02 1.098010182380676270e+00
4.659191519021987915e-02 -2.756809629499912262e-02 1.121549487113952637e+00
4.170883446931838989e-02 -3.111251629889011383e-02 1.129674792289733887e+00
3.816177695989608765e-02 -2.988933958113193512e-02 1.133781313896179199e+00
3.827632218599319458e-02 -3.226777166128158569e-02 1.132963895797729492e+00
4.251078516244888306e-02 -3.664395213127136230e-02 1.107873678207397461e+00
4.366561770439147949e-02 -3.600662946701049805e-02 1.087510824203491211e+00
4.243591427803039551e-02 -2.978725545108318329e-02 1.035435795783996582e+00
4.121816903352737427e-02 -2.664184756577014923e-02 1.022878289222717285e+00
4.341775178909301758e-02 -3.300189971923828125e-02 1.027581572532653809e+00
4.812003672122955322e-02 -4.050586745142936707e-02 1.000688791275024414e+00
4.620864987373352051e-02 -3.794757649302482605e-02 9.601100683212280273e-01
4.021079093217849731e-02 -3.435369580984115601e-02 9.870622158050537109e-01
3.760122507810592651e-02 -2.743829600512981415e-02 9.420325756072998047e-01
3.454387933015823364e-02 -2.083424851298332214e-02 9.591876268386840820e-01
3.554442524909973145e-02 -4.090747237205505371e-02 1.095811009407043457e+00
3.335113823413848877e-02 -5.511302500963211060e-02 1.104436874389648438e+00
3.381372243165969849e-02 -5.102242156863212585e-02 1.063899159431457520e+00
4.171518981456756592e-02 -4.180688783526420593e-02 1.049605011940002441e+00
4.265609383583068848e-02 -4.017340391874313354e-02 1.062663078308105469e+00
4.170182347297668457e-02 -3.203111514449119568e-02 1.055135130882263184e+00
4.599170386791229248e-02 -2.472632192075252533e-02 1.071990370750427246e+00
4.288472235202789307e-02 -1.656518317759037018e-02 1.105238199234008789e+00
3.988788276910781860e-02 -1.590947434306144714e-02 1.092329144477844238e+00
3.078799135982990265e-02 -1.694652810692787170e-02 1.067429661750793457e+00
2.648173458874225616e-02 -2.313690073788166046e-02 1.073644042015075684e+00
1.796728186309337616e-02 -3.418202325701713562e-02 1.087637901306152344e+00
1.147383265197277069e-02 -3.688538819551467896e-02 1.061245799064636230e+00
8.323209360241889954e-03 -3.893263638019561768e-02 1.053092002868652344e+00
1.638274639844894409e-03 -3.883564844727516174e-02 1.073860406875610352e+00
2.694858238101005554e-03 -4.579078778624534607e-02 1.104429841041564941e+00
1.370183378458023071e-02 -3.382570669054985046e-02 1.124399185180664062e+00
1.659538038074970245e-02 -1.370794884860515594e-02 1.079675436019897461e+00
7.225342094898223877e-03 -5.477638449519872665e-03 1.054133772850036621e+00
-4.242880269885063171e-03 6.348700728267431259e-03 1.009543776512145996e+00
-4.418326541781425476e-03 -2.592518460005521774e-03 1.010779619216918945e+00
-4.369327798485755920e-03 -1.757155545055866241e-02 1.001981854438781738e+00
-5.336940288543701172e-03 -9.707516059279441833e-03 9.916701316833496094e-01
-5.767736583948135376e-03 2.905909437686204910e-03 9.896661043167114258e-01
-1.893843524158000946e-03 2.653131261467933655e-03 9.981848001480102539e-01
-4.582666791975498199e-03 -1.934512052685022354e-03 9.834535121917724609e-01
-6.489969789981842041e-03 -6.959661375731229782e-03 9.075751304626464844e-01
5.330719053745269775e-03 -3.938425797969102859e-03 9.001376628875732422e-01
1.181555539369583130e-02 -1.216283068060874939e-02 8.430305719375610352e-01
1.015031710267066956e-03 -1.749575138092041016e-02 7.439094781875610352e-01
-6.804449483752250671e-03 -2.206272073090076447e-02 7.193087339401245117e-01
-1.445995829999446869e-02 -6.297694053500890732e-03 7.828158140182495117e-01
-1.288368552923202515e-02 1.315583474934101105e-03 8.550736904144287109e-01
-6.933596916496753693e-03 1.148228161036968231e-02 8.665541410446166992e-01
-6.531739607453346252e-03 1.952220499515533447e-02 8.612159490585327148e-01
-8.410779759287834167e-03 1.707235909998416901e-02 9.132262468338012695e-01
-1.940205693244934082e-04 -1.204833574593067169e-02 8.902348279953002930e-01
8.358756080269813538e-03 -1.749866642057895660e-02 8.426638841629028320e-01
1.052943803369998932e-02 -1.808270253241062164e-02 8.849580287933349609e-01
6.548622623085975647e-03 -1.892804540693759918e-02 9.489209651947021484e-01
6.121361628174781799e-03 -2.066675759851932526e-02 9.428039789199829102e-01
8.369276300072669983e-03 -9.986201301217079163e-03 9.489665031433105469e-01
9.917924180626869202e-03 -1.681470777839422226e-03 9.814943075180053711e-01
1.691696979105472565e-02 2.100294921547174454e-03 9.678807258605957031e-01
1.883468963205814362e-02 1.311037503182888031e-02 9.639800786972045898e-01
1.631156541407108307e-02 1.696453057229518890e-02 9.852335453033447266e-01
1.488240994513034821e-02 7.057941053062677383e-03 1.014027714729309082e+00
1.190268434584140778e-02 -6.684476044028997421e-03 1.032284855842590332e+00
3.254437819123268127e-03 -1.348763145506381989e-02 1.008985280990600586e+00
-5.135355517268180847e-03 -9.476775303483009338e-03 1.015169382095336914e+00
-1.084578596055507660e-02 -9.122783318161964417e-03 1.048438906669616699e+00
-1.897288672626018524e-02 -1.024367846548557281e-02 1.068676352500915527e+00
-2.232114784419536591e-02 -2.221880294382572174e-02 1.064106583595275879e+00
-2.380718104541301727e-02 -3.601949661970138550e-02 1.051540613174438477e+00
-2.344120852649211884e-02 -3.538071364164352417e-02 1.030686259269714355e+00
-2.906555496156215668e-02 -2.243226207792758942e-02 1.010366678237915039e+00
-3.343971818685531616e-02 -1.475831307470798492e-02 9.842737913131713867e-01
-3.166618198156356812e-02 -1.946485973894596100e-02 9.978319406509399414e-01
-2.466746978461742401e-02 -3.420168906450271606e-02 1.031347155570983887e+00
-1.552177034318447113e-02 -4.555890709161758423e-02 1.059733867645263672e+00
-1.988262496888637543e-02 -5.087492614984512329e-02 1.102253794670104980e+00
-2.008583210408687592e-02 -5.077265948057174683e-02 1.128164649009704590e+00
-1.585500501096248627e-02 -4.392515867948532104e-02 1.133947134017944336e+00
-1.325527392327785492e-02 -4.478763788938522339e-02 1.143069148063659668e+00
-1.341453008353710175e-02 -3.197219222784042358e-02 1.172744274139404297e+00
-1.732734404504299164e-02 -1.316278614103794098e-02 1.203508973121643066e+00
-2.200110815465450287e-02 9.247755631804466248e-03 1.223384737968444824e+00
-2.532145939767360687e-02 2.294397912919521332e-02 1.189942002296447754e+00
-1.510312221944332123e-02 1.159889064729213715e-02 1.175115227699279785e+00
-1.199780032038688660e-03 -8.156264200806617737e-03 1.151454567909240723e+00
9.485321119427680969e-03 -1.383941806852817535e-02 1.106546401977539062e+00
1.195043511688709259e-02 -2.202620543539524078e-02 1.117749452590942383e+00
1.851365156471729279e-02 -3.118699230253696442e-02 1.154401898384094238e+00
1.674834825098514557e-02 -2.716411091387271881e-02 1.175258636474609375e+00
1.251053251326084137e-02 -1.954061724245548248e-02 1.171914339065551758e+00
9.858572855591773987e-03 -1.585266925394535065e-02 1.139020204544067383e+00
1.386959291994571686e-02 -2.148878015577793121e-02 1.150641560554504395e+00
1.721558161079883575e-02 -2.105757035315036774e-02 1.151755452156066895e+00
1.642392762005329132e-02 -2.710826136171817780e-02 1.172141909599304199e+00
1.923184655606746674e-02 -4.381061345338821411e-02 1.234926581382751465e+00
1.183277927339076996e-02 -3.753838688135147095e-02 1.263521194458007812e+00
4.403771832585334778e-03 -2.425231970846652985e-02 1.272980332374572754e+00
-2.245729789137840271e-03 -1.014193333685398102e-02 1.273696541786193848e+00
-1.045052520930767059e-02 -4.829132463783025742e-03 1.289576888084411621e+00
-2.101229690015316010e-02 -1.096285320818424225e-02 1.301867127418518066e+00
-2.932715043425559998e-02 -1.166000775992870331e-02 1.307781338691711426e+00
-2.136372402310371399e-02 -5.175983998924493790e-03 1.296921968460083008e+00
-5.754915066063404083e-03 1.973821781575679779e-04 1.247180938720703125e+00
-7.912785746157169342e-03 4.360240884125232697e-03 1.261658191680908203e+00
-1.357967965304851532e-03 3.321390133351087570e-03 1.223294734954833984e+00
1.429275982081890106e-02 -8.795959874987602234e-03 1.159983038902282715e+00
1.644095219671726227e-02 -3.088608942925930023e-02 1.157236218452453613e+00
1.429686136543750763e-02 -3.339878469705581665e-02 1.168849110603332520e+00
1.219542697072029114e-02 -3.678430244326591492e-02 1.138896107673645020e+00
4.097837954759597778e-04 -3.199990838766098022e-02 1.073864459991455078e+00
-3.472085110843181610e-03 -2.569496445357799530e-02 1.023746371269226074e+00
3.270804882049560547e-05 -9.690869599580764771e-03 9.845759868621826172e-01
7.794294506311416626e-04 4.530873615294694901e-03 9.330649375915527344e-01
-4.059456288814544678e-03 7.870939560234546661e-03 9.267836809158325195e-01
-5.038675852119922638e-03 -1.616846304386854172e-03 9.080591201782226562e-01
-1.984444446861743927e-03 -3.125586081296205521e-03 8.983755111694335938e-01
-4.406228661537170410e-03 -6.466521881520748138e-04 8.270595073699951172e-01
-1.062466111034154892e-02 -1.830274239182472229e-02 8.374909162521362305e-01
-9.398482739925384521e-03 -2.956789173185825348e-02 8.526216745376586914e-01
-3.805285319685935974e-03 -3.586551547050476074e-02 8.943725824356079102e-01
-8.994872681796550751e-03 -1.647789776325225830e-02 9.082714319229125977e-01
-1.410778053104877472e-02 7.338746450841426849e-03 9.727344512939453125e-01
5.395205691456794739e-03 4.045382142066955566e-03 9.864430427551269531e-01
1.199494488537311554e-02 1.693868637084960938e-02 9.955317974090576172e-01
1.226431317627429962e-02 3.527989983558654785e-02 9.654607772827148438e-01
1.757127232849597931e-02 4.418195039033889771e-02 9.492425918579101562e-01
1.553411222994327545e-02 4.012583568692207336e-02 9.505101442337036133e-01
8.013930171728134155e-03 3.284770995378494263e-02 9.519629478454589844e-01
6.259186193346977234e-03 2.645485475659370422e-02 1.007668375968933105e+00
5.104964599013328552e-03 1.733214035630226135e-02 1.036548733711242676e+00
1.200059987604618073e-02 1.303531695157289505e-03 1.017769932746887207e+00
1.171596162021160126e-02 -2.267658244818449020e-03 1.000082135200500488e+00
1.293964125216007233e-02 2.918167039752006531e-03 1.015237689018249512e+00
1.320786587893962860e-02 3.010394051671028137e-03 1.063583254814147949e+00
9.100798517465591431e-03 3.044162876904010773e-04 1.066990613937377930e+00
3.769110888242721558e-03 1.362192444503307343e-03 1.045518398284912109e+00
-5.308699794113636017e-03 1.716888044029474258e-03 1.077460765838623047e+00
-1.192577183246612549e-02 -2.833141479641199112e-03 1.083292365074157715e+00
-1.483753882348537445e-02 4.662329331040382385e-03 1.052518963813781738e+00
-1.067033689469099045e-02 9.015398100018501282e-03 1.044918417930603027e+00
-3.568053245544433594e-03 8.939439430832862854e-03 1.036639690399169922e+00
-2.619262784719467163e-03 1.565418951213359833e-02 1.007451653480529785e+00
3.529688343405723572e-03 1.338293217122554779e-02 1.053049206733703613e+00
7.268991321325302124e-03 3.179592546075582504e-03 1.060919523239135742e+00
2.245525084435939789e-02 -1.951134391129016876e-02 1.019247055053710938e+00
2.902577631175518036e-02 -2.251390554010868073e-02 1.020125269889831543e+00
2.480722405016422272e-02 -1.932939328253269196e-02 1.081789135932922363e+00
2.473984844982624054e-02 -3.604122251272201538e-02 1.189814686775207520e+00
2.513133175671100616e-02 -3.858273476362228394e-02 1.205716967582702637e+00
2.535852976143360138e-02 -3.506695479154586792e-02 1.135136246681213379e+00
2.320340462028980255e-02 -3.070961870253086090e-02 1.077641844749450684e+00
2.854370512068271637e-02 -3.523506969213485718e-02 1.091055393218994141e+00
3.502544015645980835e-02 -4.332091659307479858e-02 1.120240449905395508e+00
3.450743108987808228e-02 -3.994315117597579956e-02 1.129108548164367676e+00
3.295571357011795044e-02 -3.208186477422714233e-02 1.120092391967773438e+00
3.575964272022247314e-02 -4.338731616735458374e-02 1.195177555084228516e+00
3.321684151887893677e-02 -4.477732628583908081e-02 1.197915911674499512e+00
3.148964792490005493e-02 -4.252292960882186890e-02 1.155733227729797363e+00
3.160025924444198608e-02 -5.890958756208419800e-02 1.140493154525756836e+00
3.268171846866607666e-02 -6.981662660837173462e-02 1.139557957649230957e+00
3.656486421823501587e-02 -5.507367104291915894e-02 1.113671422004699707e+00
2.799608744680881500e-02 -3.531793504953384399e-02 1.084074497222900391e+00
3.362909704446792603e-02 -2.670528925955295563e-02 1.077402591705322266e+00
3.750377148389816284e-02 -2.360489405691623688e-02 1.083954930305480957e+00
3.254184871912002563e-02 -1.305096782743930817e-02 1.077378273010253906e+00
1.999839581549167633e-02 3.245270345360040665e-03 1.038085460662841797e+00
1.712317205965518951e-02 5.706554744392633438e-03 1.046160459518432617e+00
1.514975167810916901e-02 -3.397106193006038666e-04 1.055883169174194336e+00
2.371552027761936188e-02 -1.556620933115482330e-02 1.052536606788635254e+00
2.697301842272281647e-02 -2.584611810743808746e-02 1.100532412528991699e+00
1.873349584639072418e-02 -2.303191460669040680e-02 1.117894530296325684e+00
6.797874346375465393e-03 -1.489877142012119293e-02 1.103300571441650391e+00
5.818674340844154358e-03 -2.916031982749700546e-03 1.078498363494873047e+00
2.982312813401222229e-03 5.439853761345148087e-03 1.065206646919250488e+00
3.680402413010597229e-03 1.266158185899257660e-02 1.061813473701477051e+00
9.376848116517066956e-03 1.518345437943935394e-02 1.057083487510681152e+00
1.282493211328983307e-02 -1.163446810096502304e-03 1.047099947929382324e+00
1.472941972315311432e-02 -1.979667879641056061e-02 1.016970634460449219e+00
2.073087729513645172e-02 -1.673338748514652252e-02 9.738550186157226562e-01
2.632179297506809235e-02 -5.688065197318792343e-03 9.863291978836059570e-01
2.342973090708255768e-02 9.891634806990623474e-03 1.015991568565368652e+00
2.126404084265232086e-02 1.359221898019313812e-02 1.051080226898193359e+00
3.038115240633487701e-02 9.048556908965110779e-03 1.081797242164611816e+00
3.413995355367660522e-02 -2.992355730384588242e-03 1.104705214500427246e+00
3.733878582715988159e-02 -2.764129545539617538e-03 1.107397437095642090e+00
4.612275213003158569e-02 -3.266715910285711288e-03 1.115641236305236816e+00
2.672375924885272980e-02 -7.016667630523443222e-03 1.096521496772766113e+00
4.531929269433021545e-03 -2.151388861238956451e-02 9.796843528747558594e-01
5.815418437123298645e-03 -1.526344753801822662e-02 8.223094940185546875e-01
1.410152576863765717e-02 -1.105711795389652252e-02 8.488363027572631836e-01
1.604366488754749298e-02 -1.210425235331058502e-02 9.348483085632324219e-01
1.525903679430484772e-02 -2.376390434801578522e-02 9.515608549118041992e-01
1.314140297472476959e-02 -3.236903995275497437e-02 9.355462789535522461e-01
1.613159291446208954e-02 -2.834440581500530243e-02 9.354490041732788086e-01
1.938095130026340485e-02 -2.985197864472866058e-02 9.041347503662109375e-01
1.124052330851554871e-02 -3.189360722899436951e-02 8.542046546936035156e-01
1.619896106421947479e-02 -3.877687826752662659e-02 8.612024784088134766e-01
1.676829718053340912e-02 -3.663932159543037415e-02 8.904923200607299805e-01
2.750026620924472809e-02 -5.026867985725402832e-02 9.501883983612060547e-01
2.818918786942958832e-02 -5.786415934562683105e-02 1.004027724266052246e+00
2.293225191533565521e-02 -4.305605590343475342e-02 1.091048002243041992e+00
1.995321176946163177e-02 -9.791638702154159546e-03 1.196184158325195312e+00
1.759980060160160065e-02 -4.815924447029829025e-03 1.266724824905395508e+00
1.931728608906269073e-02 -9.210500866174697876e-03 1.295951366424560547e+00
2.070485986769199371e-02 -9.281136095523834229e-03 1.280035734176635742e+00
1.979506202042102814e-02 -1.126589253544807434e-03 1.248228549957275391e+00
2.068452350795269012e-02 1.216524746268987656e-03 1.231845736503601074e+00
2.331550605595111847e-02 -4.840865265578031540e-03 1.232368469238281250e+00
2.890697307884693146e-02 -6.355129648000001907e-03 1.231314897537231445e+00
2.492934279143810272e-02 -1.235273107886314392e-02 1.213638544082641602e+00
2.583057619631290436e-02 -2.968946285545825958e-02 1.214494585990905762e+00
2.118571288883686066e-02 -4.002501815557479858e-02 1.206157445907592773e+00
1.517118327319622040e-02 -4.050355777144432068e-02 1.137355685234069824e+00
1.167820952832698822e-02 -3.230258822441101074e-02 1.064166545867919922e+00
7.836593315005302429e-03 -3.704092279076576233e-02 1.042478322982788086e+00
8.264178410172462463e-03 -3.956313803791999817e-02 1.033248305320739746e+00
1.055572181940078735e-02 -3.785083442926406860e-02 1.055098056793212891e+00
1.418048888444900513e-02 -3.983192145824432373e-02 1.030743598937988281e+00
1.119579188525676727e-02 -3.458739817142486572e-02 1.017567038536071777e+00
1.009549945592880249e-02 -3.785012289881706238e-02 9.587169885635375977e-01
9.318681433796882629e-03 -3.130912408232688904e-02 9.466440677642822266e-01
3.940699622035026550e-03 -2.431736327707767487e-02 9.550130367279052734e-01
2.982202917337417603e-03 -2.955828793346881866e-02 9.831166267395019531e-01
1.196903362870216370e-02 -3.110761754214763641e-02 9.358195066452026367e-01
2.073946408927440643e-02 -3.569869697093963623e-02 9.104596376419067383e-01
3.181698918342590332e-02 -3.621717169880867004e-02 9.347943067550659180e-01
4.793798923492431641e-02 -3.953927755355834961e-02 9.304856061935424805e-01
5.405421555042266846e-02 -4.845558106899261475e-02 9.338110685348510742e-01
5.244930833578109741e-02 -5.244546011090278625e-02 9.120637178421020508e-01
4.457189142704010010e-02 -4.991586133837699890e-02 8.849359750747680664e-01
3.817314654588699341e-02 -4.352673888206481934e-02 8.794037103652954102e-01
4.108991473913192749e-02 -4.477375745773315430e-02 9.247174263000488281e-01
4.438287764787673950e-02 -4.725391417741775513e-02 1.015182971954345703e+00
3.821723163127899170e-02 -3.339781239628791809e-02 1.047322511672973633e+00
3.127206116914749146e-02 -2.780214138329029083e-02 9.998694658279418945e-01
2.521438337862491608e-02 -2.590745128691196442e-02 9.859982728958129883e-01
2.223449014127254486e-02 -1.683321408927440643e-02 9.750820398330688477e-01
2.022710256278514862e-02 -1.250959001481533051e-02 9.799464941024780273e-01
1.339253783226013184e-02 -4.620966035872697830e-03 9.699878692626953125e-01
1.098580472171306610e-02 7.401653565466403961e-04 9.522570371627807617e-01
1.296065188944339752e-02 1.023288629949092865e-02 9.784671068191528320e-01
8.624600246548652649e-03 1.591602526605129242e-02 1.015719056129455566e+00
6.224887445569038391e-03 1.294465921819210052e-02 1.035613536834716797e+00
-7.726757787168025970e-03 1.859741471707820892e-02 1.005785584449768066e+00
-6.933948025107383728e-03 1.406667195260524750e-02 9.684283733367919922e-01
-5.091493949294090271e-03 1.944564841687679291e-02 9.618086814880371094e-01
-8.064402267336845398e-03 1.931044273078441620e-02 9.166110754013061523e-01
-5.401318892836570740e-03 4.865827783942222595e-02 8.433445692062377930e-01
-2.200536988675594330e-02 6.424751877784729004e-02 8.200279474258422852e-01
-1.093191467225551605e-02 5.817485600709915161e-02 8.749727010726928711e-01
-5.808962509036064148e-03 4.076888039708137512e-02 8.245671987533569336e-01
-1.829980872571468353e-02 1.474615931510925293e-02 7.693334817886352539e-01
-2.336469851434230804e-02 3.083300031721591949e-02 6.864809989929199219e-01
-2.341958694159984589e-02 4.393384978175163269e-02 6.370910406112670898e-01
-1.238029263913631439e-02 4.744429141283035278e-02 6.538726091384887695e-01
-2.233888953924179077e-04 3.576456382870674133e-02 6.790196895599365234e-01
1.503596641123294830e-02 2.973237447440624237e-02 6.720205545425415039e-01
1.866408623754978180e-02 1.842684112489223480e-02 6.736913919448852539e-01
4.076005890965461731e-03 1.553107239305973053e-02 7.643672227859497070e-01
3.813887014985084534e-03 2.007406763732433319e-02 7.995337247848510742e-01
6.493223831057548523e-03 1.818838901817798615e-02 7.928647994995117188e-01
5.800122395157814026e-03 2.059386484324932098e-02 7.285337448120117188e-01
3.697613254189491272e-03 1.817928068339824677e-02 6.256685256958007812e-01
6.159488111734390259e-04 1.700564660131931305e-02 6.113202571868896484e-01
-6.408384069800376892e-03 1.376152969896793365e-02 6.906358003616333008e-01
-9.903298690915107727e-03 9.567571803927421570e-03 7.096843719482421875e-01
-6.895156577229499817e-03 1.143452711403369904e-02 7.014958858489990234e-01
6.199274212121963501e-04 9.997854009270668030e-03 7.383890151977539062e-01
-3.416186198592185974e-03 1.424132287502288818e-02 6.820158958435058594e-01
-8.049076423048973083e-03 1.642667688429355621e-02 7.020800113677978516e-01
-4.321103915572166443e-03 1.475333422422409058e-02 8.229297399520874023e-01
-9.159779176115989685e-03 2.509750053286552429e-02 8.956621885299682617e-01
-5.670411512255668640e-03 2.543479762971401215e-02 9.157981872558593750e-01
-1.017635874450206757e-02 2.537118270993232727e-02 8.717086315155029297e-01
-1.603292487561702728e-02 2.710041031241416931e-02 8.080028295516967773e-01
-1.144908927381038666e-02 2.732636965811252594e-02 7.687435150146484375e-01
-3.572551533579826355e-03 2.556979283690452576e-02 8.144940137863159180e-01
2.924809232354164124e-03 2.403021603822708130e-02 8.727124929428100586e-01
5.508134141564369202e-03 2.185609191656112671e-02 9.008818864822387695e-01
1.093929819762706757e-02 1.343001797795295715e-02 9.380820989608764648e-01
1.178365759551525116e-02 2.910919953137636185e-03 9.999281167984008789e-01
3.866301849484443665e-03 3.684157971292734146e-03 1.017480850219726562e+00
4.434082657098770142e-04 9.036056697368621826e-03 9.870698451995849609e-01
-5.761606618762016296e-03 8.043481037020683289e-03 9.044684171676635742e-01
-4.010697826743125916e-03 -2.401193138211965561e-03 8.751449584960937500e-01
1.314964331686496735e-02 -3.140101581811904907e-02 9.214421510696411133e-01
2.696663327515125275e-02 -3.403028473258018494e-02 9.502899646759033203e-01
2.686472423374652863e-02 -3.731641918420791626e-02 9.641382694244384766e-01
3.233078122138977051e-02 -3.125588223338127136e-02 9.683272838592529297e-01
3.415220975875854492e-02 -3.354544565081596375e-02 9.769310951232910156e-01
2.743196301162242889e-02 -2.349849417805671692e-02 1.001726984977722168e+00
2.345781214535236359e-02 -1.791444793343544006e-02 9.664571285247802734e-01
1.968808285892009735e-02 -1.142017357051372528e-02 9.923944473266601562e-01
2.279971353709697723e-02 -1.031388901174068451e-02 1.014336824417114258e+00
2.883490733802318573e-02 -2.301821112632751465e-02 1.041197299957275391e+00
2.853806503117084503e-02 -3.384340927004814148e-02 1.076835274696350098e+00
3.122683428227901459e-02 -4.254544898867607117e-02 1.065637350082397461e+00
2.525813318789005280e-02 -4.447161033749580383e-02 1.019557714462280273e+00
1.672898046672344208e-02 -4.213465005159378052e-02 1.061297416687011719e+00
8.020361885428428650e-03 -5.270160362124443054e-02 1.036049365997314453e+00
1.396557316184043884e-02 -3.583965823054313660e-02 1.077974081039428711e+00
1.722722314298152924e-02 -3.000401146709918976e-02 1.035333752632141113e+00
2.365556918084621429e-02 -3.367078304290771484e-02 1.052129983901977539e+00
1.936344243586063385e-02 -3.497735038399696350e-02 1.063578605651855469e+00
1.364893466234207153e-02 -2.284773811697959900e-02 1.072637200355529785e+00
1.612754724919795990e-02 -1.809181831777095795e-02 1.133831858634948730e+00
1.838148571550846100e-02 -1.965996064245700836e-02 1.157614946365356445e+00
1.897426880896091461e-02 -2.687591873109340668e-02 1.159053325653076172e+00
1.633584685623645782e-02 -1.944489963352680206e-02 1.169296026229858398e+00
2.783108688890933990e-02 -1.840925775468349457e-02 1.235031366348266602e+00
2.354843728244304657e-02 -1.430557295680046082e-02 1.247606277465820312e+00
2.245775423943996429e-02 -1.781306602060794830e-02 1.198705434799194336e+00
1.128541119396686554e-02 -6.166329141706228256e-03 1.197991251945495605e+00
-5.379123613238334656e-03 -6.991004105657339096e-03 1.143487691879272461e+00
2.375919371843338013e-03 -2.000455185770988464e-02 1.063206911087036133e+00
-5.606722086668014526e-03 -1.921711303293704987e-02 1.014228582382202148e+00
2.385910600423812866e-03 -1.812982000410556793e-02 1.010888099670410156e+00
2.655399404466152191e-02 -2.949832938611507416e-02 1.073959589004516602e+00
2.000333182513713837e-02 -1.349430158734321594e-02 9.697451591491699219e-01
1.196311973035335541e-02 -2.082581166177988052e-03 8.846936225891113281e-01
1.847015693783760071e-03 1.824866607785224915e-02 9.672752618789672852e-01
1.269917935132980347e-03 2.571365796029567719e-02 1.009295701980590820e+00
1.389707624912261963e-02 1.319728512316942215e-02 1.018922448158264160e+00
1.725942082703113556e-02 9.146705269813537598e-03 1.049970865249633789e+00
2.764144353568553925e-02 9.654779918491840363e-03 1.018538832664489746e+00
3.227425366640090942e-02 5.897589493542909622e-03 9.566313028335571289e-01
9.753815829753875732e-03 8.293309248983860016e-03 8.980268239974975586e-01
1.065744087100028992e-03 1.105449721217155457e-02 9.061093330383300781e-01
-4.591891542077064514e-03 1.386567298322916031e-02 9.029835462570190430e-01
4.090107977390289307e-04 1.655639335513114929e-02 8.920118808746337891e-01
-5.639257840812206268e-03 2.255273796617984772e-02 9.341206550598144531e-01
-8.569073863327503204e-03 2.060662768781185150e-02 9.824717044830322266e-01
-2.878274768590927124e-03 1.085549034178256989e-02 9.945883750915527344e-01
-4.315972328186035156e-04 6.028456147760152817e-03 9.916276931762695312e-01
7.651615887880325317e-04 3.192266914993524551e-03 9.867926836013793945e-01
-3.654180094599723816e-03 9.787237271666526794e-03 1.017820000648498535e+00
-9.238978847861289978e-03 1.472385786473751068e-02 1.026641488075256348e+00
-9.271247312426567078e-03 2.321994863450527191e-02 9.848048686981201172e-01
-1.473991200327873230e-03 2.094227634370326996e-02 9.987229108810424805e-01
-7.463997229933738708e-03 1.422254554927349091e-02 1.008503556251525879e+00
-2.013949118554592133e-02 2.033123187720775604e-02 9.745362997055053711e-01
-2.413870953023433685e-02 2.057647798210382462e-03 9.395387172698974609e-01
-1.558776758611202240e-02 -7.020489778369665146e-03 9.753994941711425781e-01
-2.624790184199810028e-02 -4.675412084907293320e-03 8.755948543548583984e-01
-3.363485634326934814e-02 2.978003118187189102e-03 8.198946714401245117e-01
-3.019489161670207977e-02 1.201469264924526215e-02 8.473113775253295898e-01
-4.194194823503494263e-02 1.291427575051784515e-02 8.518713712692260742e-01
-4.345048218965530396e-02 1.710428856313228607e-02 8.010010719299316406e-01
-3.380494564771652222e-02 1.161572895944118500e-02 8.283555507659912109e-01
-2.899115718901157379e-02 -2.437943127006292343e-03 8.791261911392211914e-01
-3.901488333940505981e-02 5.792385432869195938e-03 8.757599592208862305e-01
-4.432076215744018555e-02 1.970796845853328705e-02 8.859918117523193359e-01
-5.067971348762512207e-02 3.684727102518081665e-02 8.842759132385253906e-01
-4.787435382604598999e-02 2.947970293462276459e-02 8.751633167266845703e-01
-4.144577682018280029e-02 1.208034716546535492e-02 8.573921918869018555e-01
-3.049111366271972656e-02 3.933465573936700821e-03 8.739510774612426758e-01
-2.531504258513450623e-02 6.085625384002923965e-03 8.698828220367431641e-01
-2.045480720698833466e-02 9.321620687842369080e-03 8.516985177993774414e-01
-1.351035572588443756e-02 9.289747104048728943e-03 8.616694211959838867e-01
-2.287063747644424438e-03 -1.831540372222661972e-03 8.683179616928100586e-01
8.498379960656166077e-03 -1.168071664869785309e-02 8.580541610717773438e-01
1.186495833098888397e-02 -1.936982013285160065e-02 8.216201066970825195e-01
3.560042008757591248e-03 -1.273264922201633453e-02 7.953995466232299805e-01
-2.912335097789764404e-03 3.899595234543085098e-03 7.602164745330810547e-01
-4.448629915714263916e-03 1.656321249902248383e-02 7.218208312988281250e-01
4.249680787324905396e-04 1.348575018346309662e-02 7.369139194488525391e-01
7.994752377271652222e-04 6.495029665529727936e-04 7.481991052627563477e-01
-4.748597741127014160e-03 -6.623336579650640488e-03 7.341237068176269531e-01
1.503596082329750061e-03 -1.181329227983951569e-02 7.562835216522216797e-01
6.696889176964759827e-03 -8.554706349968910217e-03 8.141438961029052734e-01
6.225267425179481506e-03 -6.208359263837337494e-04 8.353286981582641602e-01
6.762836128473281860e-04 1.781469676643610001e-03 8.738100528717041016e-01
-4.930531606078147888e-03 -6.235548760741949081e-03 8.676185607910156250e-01
-4.201626405119895935e-03 -1.072564627975225449e-03 8.030637502670288086e-01
-5.959248170256614685e-03 1.821233890950679779e-02 7.486826181411743164e-01
-3.805955871939659119e-03 3.004266880452632904e-02 7.033739089965820312e-01
-6.923368200659751892e-03 3.257534652948379517e-02 6.566162109375000000e-01
-9.004851803183555603e-03 3.089738450944423676e-02 6.288298368453979492e-01
-9.147441014647483826e-03 2.830294333398342133e-02 6.246483325958251953e-01
-1.055341027677059174e-02 2.504638396203517914e-02 6.199852228164672852e-01
-2.219773642718791962e-02 2.703655324876308441e-02 6.004924774169921875e-01
-2.962667308747768402e-02 3.176696598529815674e-02 5.557424426078796387e-01
-3.769195824861526489e-02 3.173062577843666077e-02 5.731003284454345703e-01
-4.241199046373367310e-02 3.717242553830146790e-02 6.563781499862670898e-01
-3.595554083585739136e-02 2.726554870605468750e-02 7.237093448638916016e-01
-3.674264997243881226e-02 2.443220093846321106e-02 7.599462270736694336e-01
-4.923658072948455811e-02 1.869881339371204376e-02 8.629587888717651367e-01
-4.834075272083282471e-02 2.067467756569385529e-02 8.877977132797241211e-01
-3.206531703472137451e-02 1.733781397342681885e-02 7.828438282012939453e-01
-2.225703746080398560e-02 1.773033104836940765e-02 5.968341827392578125e-01
-4.926148802042007446e-03 1.676358655095100403e-02 5.725109577178955078e-01
1.859368942677974701e-02 -3.971834201365709305e-03 6.048814058303833008e-01
2.762929908931255341e-02 -2.494775224477052689e-03 5.852950215339660645e-01
1.941962353885173798e-02 2.553141675889492035e-04 5.644758939743041992e-01
-7.993541657924652100e-05 1.476185861974954605e-03 6.437703371047973633e-01
-1.843825913965702057e-03 2.106920350342988968e-03 7.204335927963256836e-01
-6.797417066991329193e-03 4.405593499541282654e-03 8.098264932632446289e-01
-9.351111017167568207e-03 1.369548961520195007e-03 8.437891006469726562e-01
1.059798523783683777e-03 -3.681283909827470779e-03 7.549070119857788086e-01
3.680389374494552612e-03 5.257176235318183899e-03 6.890597343444824219e-01
-1.237023621797561646e-03 1.466011442244052887e-02 6.918686628341674805e-01
-5.470607429742813110e-04 9.124309755861759186e-03 8.117827177047729492e-01
-1.978417672216892242e-02 8.152114227414131165e-03 9.073239564895629883e-01
-3.499222919344902039e-02 -9.132688865065574646e-03 9.601478576660156250e-01
-4.025670140981674194e-02 -1.458040252327919006e-02 8.869342803955078125e-01
-2.819677069783210754e-02 -1.406230777502059937e-02 8.927311897277832031e-01
-1.872438937425613403e-02 -1.725699938833713531e-02 9.244563579559326172e-01
-1.929156668484210968e-02 -1.322032511234283447e-02 8.989009857177734375e-01
-2.188812009990215302e-02 -1.541300211101770401e-03 8.511288166046142578e-01
-9.443574585020542145e-03 -6.414847914129495621e-03 8.096603155136108398e-01
-5.760382860898971558e-03 -4.835913423448801041e-03 8.314957618713378906e-01
-7.587985135614871979e-03 -1.049988716840744019e-02 8.174024820327758789e-01
-1.251939125359058380e-02 -5.916560534387826920e-03 8.524343967437744141e-01
-1.378754619508981705e-02 -1.853389199823141098e-03 9.096137285232543945e-01
-1.414898317307233810e-02 -2.257396001368761063e-03 8.937909603118896484e-01
-1.006830576807260513e-02 -1.837132032960653305e-03 8.912870883941650391e-01
-3.288039006292819977e-03 -4.317697603255510330e-03 8.353906869888305664e-01
-1.407909207046031952e-02 -2.473899628967046738e-03 7.420387268066406250e-01
-1.956865563988685608e-02 4.424361977726221085e-03 8.293076753616333008e-01
-3.131246194243431091e-02 3.337689209729433060e-03 8.450828790664672852e-01
-2.594542317092418671e-02 -2.701738290488719940e-02 8.958228826522827148e-01
-2.677973546087741852e-02 -2.555551938712596893e-02 9.962656497955322266e-01
-3.651905432343482971e-02 -2.168645523488521576e-02 1.004163265228271484e+00
-2.822832949459552765e-02 -5.280600395053625107e-03 9.707021713256835938e-01
-3.144080191850662231e-02 -6.799087859690189362e-04 9.705237150192260742e-01
-4.743021726608276367e-02 -6.455867551267147064e-04 8.984854221343994141e-01
-2.640022337436676025e-02 -1.749426499009132385e-02 8.540959358215332031e-01
-3.394008427858352661e-02 -1.176324300467967987e-02 8.722194433212280273e-01
-5.178259313106536865e-02 1.995642296969890594e-02 9.293745756149291992e-01
-1.337213627994060516e-02 -7.682216819375753403e-03 9.108262062072753906e-01
-2.284981124103069305e-02 -3.106055315583944321e-03 8.309357166290283203e-01
-1.064053736627101898e-02 -1.728048920631408691e-02 8.060171604156494141e-01
-1.585682295262813568e-02 -7.891900837421417236e-03 8.486984968185424805e-01
-1.724681816995143890e-02 1.011178642511367798e-02 8.938641548156738281e-01
-1.677930168807506561e-02 1.623814553022384644e-02 8.450667858123779297e-01
-2.044100128114223480e-02 1.465091295540332794e-02 7.874509096145629883e-01
-1.038421504199504852e-02 1.083158887922763824e-02 7.211849689483642578e-01
8.802035823464393616e-03 -3.615892492234706879e-04 7.549670934677124023e-01
2.187241055071353912e-02 -1.197332330048084259e-02 7.712008953094482422e-01
2.567004598677158356e-02 -3.973980247974395752e-02 8.087407350540161133e-01
-1.050340943038463593e-02 -4.740515351295471191e-02 8.947434425354003906e-01
-2.720659039914608002e-02 -2.289913035929203033e-02 8.976914882659912109e-01
1.816103234887123108e-03 -1.268135197460651398e-02 8.107067346572875977e-01
-1.364299468696117401e-02 -1.171942986547946930e-02 7.623652219772338867e-01
-1.578206755220890045e-02 -1.164461113512516022e-02 7.634094953536987305e-01
-3.042708523571491241e-02 -1.007969118654727936e-02 7.403341531753540039e-01
-3.661595284938812256e-02 -2.182609774172306061e-02 7.405619621276855469e-01
-2.353372611105442047e-02 -1.758938468992710114e-02 8.707031011581420898e-01
-3.932686522603034973e-03 -1.582587696611881256e-02 9.753072261810302734e-01
3.391457721590995789e-03 5.581925157457590103e-03 8.437356948852539062e-01
-4.879580810666084290e-03 2.365798223763704300e-03 7.635736465454101562e-01
-3.778828307986259460e-03 6.153811700642108917e-04 7.776117324829101562e-01
1.292878761887550354e-03 1.085421070456504822e-02 7.853130102157592773e-01
3.198044374585151672e-03 1.548331044614315033e-02 7.682691812515258789e-01
3.997171297669410706e-03 1.634654775261878967e-02 8.006914854049682617e-01
-1.374891027808189392e-03 1.680200919508934021e-02 8.761242628097534180e-01
-1.593483611941337585e-03 -1.114552374929189682e-03 1.016902208328247070e+00
8.614128455519676208e-03 -1.538252644240856171e-02 1.010679006576538086e+00
5.679586902260780334e-03 -2.089238353073596954e-02 1.049897432327270508e+00
1.599598117172718048e-02 -9.400578215718269348e-03 1.057091832160949707e+00
9.784275665879249573e-03 5.486431065946817398e-03 8.980250358581542969e-01
1.484839804470539093e-02 2.164028957486152649e-02 8.278943300247192383e-01
3.480711951851844788e-03 4.447551071643829346e-02 8.677651882171630859e-01
-6.846910342574119568e-03 4.267390444874763489e-02 8.933514356613159180e-01
-5.913712084293365479e-05 4.013705998659133911e-02 9.137006998062133789e-01
1.367015205323696136e-02 2.988010831177234650e-02 1.034435033798217773e+00
5.870996043086051941e-03 -2.896936144679784775e-03 9.588556289672851562e-01
-1.043931953608989716e-02 -2.513094805181026459e-04 9.142713546752929688e-01
-1.509187184274196625e-02 1.497468166053295135e-02 8.616359233856201172e-01
-2.712991088628768921e-02 2.187603525817394257e-02 8.178241252899169922e-01
-3.780405968427658081e-02 3.842270467430353165e-03 8.135188817977905273e-01
-3.671903908252716064e-02 -2.267896197736263275e-04 8.171383142471313477e-01
-4.063713550567626953e-02 -1.564761623740196228e-05 8.355271816253662109e-01
-5.622466653585433960e-02 -1.217139698565006256e-02 8.897113800048828125e-01
-5.278275907039642334e-02 -1.073717512190341949e-02 9.025344848632812500e-01
-4.086321964859962463e-02 -8.640401065349578857e-03 8.713177442550659180e-01
-2.783135324716567993e-02 -7.833675481379032135e-04 8.651428222656250000e-01
-2.597527578473091125e-02 1.046217605471611023e-02 8.406586647033691406e-01
-2.076148055493831635e-02 1.214672252535820007e-02 8.741817474365234375e-01
-1.015084516257047653e-02 5.227465182542800903e-03 8.850229978561401367e-01
-1.039534807205200195e-02 1.276074722409248352e-02 9.045435190200805664e-01
-9.621601551771163940e-03 1.004825253039598465e-02 9.341068267822265625e-01
-1.068683154881000519e-02 -1.614649221301078796e-02 9.354915618896484375e-01
-1.939580030739307404e-02 -1.636297442018985748e-02 8.560012578964233398e-01
-3.727225586771965027e-02 3.842281643301248550e-03 7.941470146179199219e-01
-4.456824809312820435e-02 1.785978674888610840e-02 7.724640369415283203e-01
-4.515020549297332764e-02 3.291784971952438354e-02 7.482270002365112305e-01
-4.010145738720893860e-02 5.390655994415283203e-02 7.507163286209106445e-01
-3.741350024938583374e-02 3.499304503202438354e-02 7.991610765457153320e-01
-2.581903152167797089e-02 1.379135716706514359e-02 8.211566209793090820e-01
-1.271468959748744965e-02 -4.690033383667469025e-04 8.313444852828979492e-01
-9.733557701110839844e-03 -1.131520979106426239e-02 8.674877882003784180e-01
-1.490948814898729324e-02 -1.287956722080707550e-02 8.677421808242797852e-01
-1.570576988160610199e-02 -4.304208327084779739e-03 8.597210645675659180e-01
-1.466567814350128174e-02 -5.583010148257017136e-03 8.470761775970458984e-01
-1.904984004795551300e-02 -1.238222606480121613e-02 8.499917984008789062e-01
-3.282817080616950989e-02 -1.482519507408142090e-02 8.758193254470825195e-01
-2.478517219424247742e-02 -1.287233829498291016e-02 8.927137851715087891e-01
-2.284389734268188477e-02 -3.016425855457782745e-02 9.635457992553710938e-01
-2.956432849168777466e-02 -1.700923405587673187e-02 9.473114013671875000e-01
-5.085759609937667847e-02 -8.719392120838165283e-03 9.099491834640502930e-01
-5.114034563302993774e-02 -1.516050845384597778e-02 9.014486074447631836e-01
-4.352320730686187744e-02 -1.759578008204698563e-03 8.599076271057128906e-01
-3.413315862417221069e-02 -1.955869141966104507e-03 8.563762903213500977e-01
-1.763284392654895782e-02 -1.120455563068389893e-02 8.332059383392333984e-01
-2.463459968566894531e-02 2.606968395411968231e-03 8.077564239501953125e-01
-3.879459202289581299e-02 1.875742711126804352e-02 8.097200393676757812e-01
-4.647471755743026733e-02 2.012165822088718414e-02 7.915617227554321289e-01
-4.110237210988998413e-02 2.253547683358192444e-02 7.781748771667480469e-01
-3.167915716767311096e-02 1.410532370209693909e-02 8.200862407684326172e-01
-2.823963761329650879e-02 3.201375249773263931e-03 9.030756950378417969e-01
-2.758601680397987366e-02 7.090444210916757584e-03 9.751877784729003906e-01
-2.467454411089420319e-02 7.206535898149013519e-03 9.971758127212524414e-01
-1.773557253181934357e-02 2.630420494824647903e-03 9.883835315704345703e-01
-3.187013790011405945e-03 -9.625028818845748901e-03 1.013869047164916992e+00
6.902996450662612915e-03 -1.014434173703193665e-02 1.023447751998901367e+00
5.993310362100601196e-03 -1.279907673597335815e-02 1.032226920127868652e+00
5.348270758986473083e-03 -8.501013740897178650e-03 1.060660481452941895e+00
1.004353165626525879e-02 -1.631747931241989136e-02 1.041447043418884277e+00
-8.490164764225482941e-03 -2.658374048769474030e-02 9.701435565948486328e-01
-7.778001949191093445e-03 -6.852686870843172073e-03 1.001365065574645996e+00
-6.159784272313117981e-03 1.153176929801702499e-02 1.038608431816101074e+00
-2.149341627955436707e-03 2.544021699577569962e-03 1.047674179077148438e+00
1.809971407055854797e-03 -1.221323944628238678e-02 1.059484720230102539e+00
-5.811778828501701355e-03 -1.860832609236240387e-02 1.058190464973449707e+00
-2.765817567706108093e-03 -1.773122884333133698e-02 1.011889100074768066e+00
-1.819478347897529602e-03 -7.967555895447731018e-03 9.778776168823242188e-01
-3.498433157801628113e-03 -5.574220325797796249e-03 9.568691253662109375e-01
-1.052531786262989044e-02 -2.125282026827335358e-02 9.278683662414550781e-01
-9.337476454675197601e-03 -1.858591474592685699e-02 9.084272384643554688e-01
-1.298994198441505432e-02 -1.662852801382541656e-02 9.569866657257080078e-01
-1.885837502777576447e-02 -1.546856202185153961e-02 9.821001291275024414e-01
-1.590718142688274384e-02 -1.586356200277805328e-02 9.417865276336669922e-01
-1.749576441943645477e-02 1.828184816986322403e-03 8.928333520889282227e-01
-2.900765649974346161e-02 1.633193157613277435e-02 8.453797101974487305e-01
-4.177940636873245239e-02 2.446625195443630219e-02 8.803583383560180664e-01
-5.026017874479293823e-02 2.778179012238979340e-02 9.080399274826049805e-01
-4.668981581926345825e-02 3.232312947511672974e-02 9.464529752731323242e-01
-3.914075344800949097e-02 3.315985947847366333e-02 9.590699672698974609e-01
-3.146155923604965210e-02 2.675670944154262543e-02 9.642331600189208984e-01
-2.766852639615535736e-02 1.466686092317104340e-02 9.724148511886596680e-01
-3.006955049932003021e-02 1.014385186135768890e-02 1.011339306831359863e+00
-3.989856690168380737e-02 1.234055124223232269e-02 1.049740433692932129e+00
-3.935220092535018921e-02 2.081314288079738617e-02 1.110484361648559570e+00
-3.268035501241683960e-02 2.962339483201503754e-02 1.141833543777465820e+00
-3.329037874937057495e-02 2.732888422906398773e-02 1.138882040977478027e+00
-3.234791010618209839e-02 2.871883474290370941e-02 1.089068412780761719e+00
-3.675579279661178589e-02 3.624395281076431274e-02 1.063073277473449707e+00
-4.526399821043014526e-02 2.933163009583950043e-02 1.056988716125488281e+00
-4.313441365957260132e-02 2.647638879716396332e-02 1.041836023330688477e+00
-4.222752898931503296e-02 2.578203938901424408e-02 1.012646555900573730e+00
-4.584614187479019165e-02 2.339691482484340668e-02 1.023331403732299805e+00
-4.681708663702011108e-02 2.001497708261013031e-02 1.032309532165527344e+00
-4.618590325117111206e-02 1.788659952580928802e-02 9.906146526336669922e-01
-3.363145142793655396e-02 1.871005259454250336e-02 9.359724521636962891e-01
-2.329071424901485443e-02 1.644832454621791840e-02 9.092816114425659180e-01
-1.944999955594539642e-02 1.662950776517391205e-02 9.283128976821899414e-01
-2.196460030972957611e-02 2.839899621903896332e-02 9.238115549087524414e-01
-2.670159004628658295e-02 2.994502149522304535e-02 9.115296602249145508e-01
-2.937736175954341888e-02 3.022808395326137543e-02 9.090716838836669922e-01
-2.941527031362056732e-02 2.628666721284389496e-02 9.442243576049804688e-01
-2.785166166722774506e-02 2.626589499413967133e-02 9.707853794097900391e-01
-3.092055581510066986e-02 2.608070336282253265e-02 9.674301147460937500e-01
-2.887107990682125092e-02 2.027389965951442719e-02 9.594355821609497070e-01
-2.697195671498775482e-02 1.418987475335597992e-02 9.501836299896240234e-01
-2.821334265172481537e-02 1.831177435815334320e-02 9.586465358734130859e-01
-2.658589743077754974e-02 2.467647753655910492e-02 9.766114950180053711e-01
-2.444868348538875580e-02 3.078225813806056976e-02 9.979531764984130859e-01
-1.847486756742000580e-02 3.348753601312637329e-02 1.019291162490844727e+00
-1.346590556204319000e-02 3.098872490227222443e-02 1.035038948059082031e+00
-7.405751384794712067e-03 2.758643031120300293e-02 1.034137964248657227e+00
-3.139715641736984253e-03 3.072805702686309814e-02 1.058931469917297363e+00
9.612776339054107666e-04 2.280713617801666260e-02 1.067970275878906250e+00
3.722781315445899963e-03 1.176706422120332718e-02 1.095430970191955566e+00
4.677848890423774719e-03 2.983680693432688713e-03 1.100375652313232422e+00
3.539232537150382996e-03 5.457789637148380280e-03 1.099579453468322754e+00
4.790090024471282959e-03 9.388955309987068176e-03 1.087859034538269043e+00
5.739310756325721741e-03 1.513512060046195984e-02 1.053566575050354004e+00
5.629207938909530640e-03 1.677808165550231934e-02 1.040053725242614746e+00
4.067752510309219360e-03 1.400263607501983643e-02 1.056973814964294434e+00
2.051020041108131409e-03 1.249595731496810913e-02 1.058788895606994629e+00
1.722034066915512085e-04 9.820730425417423248e-03 1.034327149391174316e+00
2.913773059844970703e-03 1.183405984193086624e-02 1.012256979942321777e+00
4.761004820466041565e-03 1.341159082949161530e-02 9.828945398330688477e-01
4.890322685241699219e-03 6.097258534282445908e-03 9.689275026321411133e-01
4.338003695011138916e-03 -8.542803116142749786e-04 9.502199888229370117e-01
1.310134306550025940e-03 2.141566947102546692e-03 9.418014287948608398e-01
-3.317290917038917542e-03 1.667186617851257324e-02 9.206935167312622070e-01
-8.916858583688735962e-03 2.841415256261825562e-02 8.991765975952148438e-01
-7.089371792972087860e-03 3.289156034588813782e-02 9.045261144638061523e-01
-2.184971235692501068e-03 2.905936166644096375e-02 9.137631654739379883e-01
2.386800944805145264e-03 1.516225188970565796e-02 9.155093431472778320e-01
7.047438994050025940e-03 -1.430572010576725006e-04 9.116046428680419922e-01
9.928565472364425659e-03 -1.465024426579475403e-02 9.116275310516357422e-01
1.173538155853748322e-02 -2.728498913347721100e-02 9.229140281677246094e-01
1.056536473333835602e-02 -3.271254897117614746e-02 9.270532131195068359e-01
6.979363039135932922e-03 -2.770222909748554230e-02 9.086412191390991211e-01
4.316616803407669067e-03 -1.595381274819374084e-02 8.923435211181640625e-01
1.840211451053619385e-03 -6.382469553500413895e-03 8.856903314590454102e-01
1.827970147132873535e-03 -2.702873665839433670e-03 8.812053203582763672e-01
3.846656531095504761e-03 -3.366485703736543655e-03 8.877204656600952148e-01
5.763720721006393433e-03 -5.126777105033397675e-04 8.841052055358886719e-01
7.280666381120681763e-03 7.397486828267574310e-03 8.818248510360717773e-01
8.157443255186080933e-03 1.006381772458553314e-02 8.880566358566284180e-01
1.260286197066307068e-02 8.025919087231159210e-03 9.079943895339965820e-01
1.443590037524700165e-02 7.678775582462549210e-03 9.340014457702636719e-01
1.737461052834987640e-02 9.412678889930248260e-03 9.406130313873291016e-01
1.945315487682819366e-02 4.317523445934057236e-03 9.521725177764892578e-01
1.407511159777641296e-02 4.749355372041463852e-03 9.178375005722045898e-01
3.645731136202812195e-03 1.188439689576625824e-02 8.737065792083740234e-01
3.066468983888626099e-03 3.711757482960820198e-03 8.110837936401367188e-01
-1.648999750614166260e-04 -8.969644084572792053e-03 7.913863658905029297e-01
-2.397692948579788208e-02 8.765655569732189178e-03 7.206273078918457031e-01
-3.203942999243736267e-02 2.878969721496105194e-02 6.633989810943603516e-01
-3.794979676604270935e-02 3.554574027657508850e-02 6.497136354446411133e-01
-3.985469788312911987e-02 3.382331505417823792e-02 6.569999456405639648e-01
-3.520930558443069458e-02 3.358773142099380493e-02 6.811963319778442383e-01
-3.077622316777706146e-02 3.196503967046737671e-02 6.765009164810180664e-01
-2.909873984754085541e-02 3.013179264962673187e-02 6.711103916168212891e-01
-2.544559352099895477e-02 2.172479592263698578e-02 6.823961734771728516e-01
-1.444978080689907074e-02 1.040262542665004730e-02 6.171740293502807617e-01
-1.237857900559902191e-02 1.385646127164363861e-02 5.893019437789916992e-01
-1.037949882447719574e-02 1.232347451150417328e-02 6.467164754867553711e-01
-5.402585491538047791e-03 5.683443043380975723e-03 6.569916009902954102e-01
-3.219451755285263062e-04 -4.158490803092718124e-03 5.955429077148437500e-01
1.070624031126499176e-02 -1.608755625784397125e-02 6.112742424011230469e-01
6.199816241860389709e-03 -9.580085054039955139e-03 6.412870883941650391e-01
1.113692298531532288e-03 1.232770644128322601e-02 7.007422447204589844e-01
-3.777807578444480896e-03 1.280019246041774750e-02 7.225698232650756836e-01
-6.518801674246788025e-03 7.231807801872491837e-03 7.257581949234008789e-01
-8.042013272643089294e-03 2.897209022194147110e-03 7.411276102066040039e-01
-1.510586403310298920e-02 1.127204857766628265e-02 7.454754114151000977e-01
-1.845153234899044037e-02 1.095778308808803558e-02 7.420581579208374023e-01
-1.470672152936458588e-02 7.677993271499872208e-03 7.395718097686767578e-01
-1.466148160398006439e-02 9.584998711943626404e-03 7.573224306106567383e-01
-1.574971340596675873e-02 7.715976331382989883e-03 7.805438041687011719e-01
-1.500462554395198822e-02 1.076207123696804047e-02 7.781798839569091797e-01
-1.733030937612056732e-02 2.057947777211666107e-02 7.195287942886352539e-01
-2.380493842065334320e-02 3.635845333337783813e-02 6.854338645935058594e-01
-2.758679352700710297e-02 4.434458166360855103e-02 6.719114780426025391e-01
-3.233999013900756836e-02 4.287417605519294739e-02 6.665767431259155273e-01
-3.178647905588150024e-02 3.348641097545623779e-02 6.894775629043579102e-01
-3.139991685748100281e-02 3.604420647025108337e-02 6.894259452819824219e-01
-2.875071950256824493e-02 3.173940628767013550e-02 6.370238065719604492e-01
-1.863302662968635559e-02 1.508484967052936554e-02 5.698338747024536133e-01
-1.649455167353153229e-02 1.687834598124027252e-02 5.534656047821044922e-01
-1.800440996885299683e-02 1.875709742307662964e-02 5.822213888168334961e-01
-2.783546224236488342e-02 2.207440696656703949e-02 5.897892713546752930e-01
-2.788246050477027893e-02 1.322280988097190857e-02 6.099586486816406250e-01
-1.911272667348384857e-02 3.448985749855637550e-03 6.365624666213989258e-01
-1.627973094582557678e-02 7.674833759665489197e-03 6.324603557586669922e-01
-2.414716221392154694e-02 1.858736760914325714e-02 6.370744705200195312e-01
-3.086534887552261353e-02 3.748225420713424683e-02 6.420702934265136719e-01
-3.492660447955131531e-02 4.736290872097015381e-02 6.291623115539550781e-01
-4.151710495352745056e-02 4.673338681459426880e-02 5.924026966094970703e-01
-5.629663914442062378e-02 4.906174913048744202e-02 5.814234018325805664e-01
-5.919004231691360474e-02 5.190738290548324585e-02 5.929961204528808594e-01
-5.900225043296813965e-02 5.440424010157585144e-02 5.960816144943237305e-01
-5.447413772344589233e-02 5.518072843551635742e-02 5.869945287704467773e-01
-5.079109966754913330e-02 5.768544971942901611e-02 5.848104357719421387e-01
-4.395936429500579834e-02 6.007993221282958984e-02 5.737801790237426758e-01
-4.199068993330001831e-02 5.752518400549888611e-02 5.597278475761413574e-01
-4.834265261888504028e-02 5.002347379922866821e-02 5.522594451904296875e-01
-5.822497606277465820e-02 5.086393281817436218e-02 5.421245098114013672e-01
