0,0,0
8.286e-06,-1.0458e-05,0.00030106
0.00044065,0.00024106,0.002287
0.0024618,0.0013877,0.0085764
0.007857,0.0034616,0.020948
0.017516,0.0055215,0.040561
0.032283,0.0070373,0.068992
0.053484,0.007347,0.10719
0.081624,0.005638,0.15576
0.11711,0.0017601,0.215
0.16097,-0.0041196,0.28459
0.21444,-0.011708,0.36379
0.27851,-0.02082,0.45142
0.35424,-0.031089,0.54673
0.44281,-0.042634,0.64918
0.54563,-0.055803,0.75793
0.66355,-0.070341,0.87201
0.79694,-0.08568,0.99009
0.94712,-0.10173,1.111
1.1153,-0.11867,1.2342
1.3025,-0.13664,1.359
1.5099,-0.15552,1.4845
1.7383,-0.17514,1.6093
1.9878,-0.19527,1.7329
2.2591,-0.21572,1.8549
2.5526,-0.23638,1.9744
2.8693,-0.25706,2.0908
3.2099,-0.27752,2.2046
3.5747,-0.29731,2.3162
3.9639,-0.31625,2.4264
4.3776,-0.3342,2.5354
4.8153,-0.35047,2.6431
5.2761,-0.36438,2.75
5.7593,-0.37603,2.8568
6.2642,-0.38542,2.9637
6.7906,-0.39218,3.0708
7.3381,-0.39619,3.1784
7.9066,-0.39776,3.2865
8.4952,-0.39682,3.3953
9.1024,-0.39327,3.5037
9.7269,-0.38746,3.6105
10.368,-0.37964,3.7146
11.025,-0.37,3.8153
11.697,-0.35816,3.9121
12.383,-0.34404,4.0036
13.083,-0.32801,4.0885
13.797,-0.30985,4.1653
14.523,-0.29,4.2315
15.259,-0.26907,4.2843
16.006,-0.24708,4.3211
16.762,-0.22423,4.3397
17.527,-0.20108,4.3385
18.298,-0.17806,4.3159
19.076,-0.15513,4.2705
19.859,-0.13275,4.2007
20.646,-0.11176,4.105
21.438,-0.093173,3.9822
22.232,-0.078019,3.8326
23.027,-0.067057,3.6567
23.82,-0.060463,3.4559
24.612,-0.058422,3.2322
25.402,-0.06192,2.9862
26.189,-0.071526,2.7174
26.973,-0.087288,2.425
27.755,-0.10901,2.1077
28.532,-0.13628,1.7654
29.306,-0.16881,1.3996
30.076,-0.20573,1.0122
30.843,-0.24625,0.60509
31.605,-0.29005,0.17971
32.365,-0.33702,-0.26291
33.122,-0.38691,-0.72248
33.876,-0.43954,-1.1983
34.629,-0.49504,-1.6887
35.382,-0.55306,-2.1927
36.136,-0.61348,-2.7099
36.894,-0.67652,-3.2392
37.656,-0.74174,-3.7788
38.423,-0.80893,-4.3269
39.196,-0.87828,-4.8827
39.976,-0.94998,-5.4448
40.765,-1.0242,-6.0124
41.563,-1.1005,-6.5856
42.371,-1.178,-7.1645
43.19,-1.2559,-7.7489
44.018,-1.3342,-8.3381
44.856,-1.4127,-8.9318
45.705,-1.4912,-9.5299
46.562,-1.5697,-10.132
47.427,-1.648,-10.737
48.3,-1.7257,-11.345
49.179,-1.8027,-11.953
50.065,-1.879,-12.562
50.957,-1.9543,-13.171
51.854,-2.0286,-13.778
52.755,-2.1018,-14.382
53.66,-2.1738,-14.981
54.568,-2.2444,-15.574
55.478,-2.3136,-16.16
56.389,-2.3816,-16.74
57.302,-2.4487,-17.313
58.216,-2.5154,-17.882
59.131,-2.5816,-18.447
60.043,-2.6472,-19.008
60.952,-2.7118,-19.567
61.858,-2.7751,-20.124
62.758,-2.8373,-20.679
63.653,-2.8984,-21.232
64.542,-2.9576,-21.785
65.425,-3.0144,-22.337
66.303,-3.0684,-22.888
67.174,-3.1193,-23.438
68.039,-3.1669,-23.985
68.896,-3.2119,-24.531
69.747,-3.2551,-25.075
70.594,-3.2968,-25.619
71.436,-3.3371,-26.164
72.275,-3.3758,-26.708
73.111,-3.4123,-27.25
73.945,-3.4463,-27.787
74.776,-3.4782,-28.319
75.604,-3.5082,-28.847
76.429,-3.5361,-29.371
77.251,-3.562,-29.889
78.07,-3.5865,-30.403
78.887,-3.6096,-30.911
79.702,-3.6311,-31.412
80.517,-3.6517,-31.906
81.332,-3.6716,-32.39
82.147,-3.6907,-32.865
82.963,-3.709,-33.332
83.78,-3.7272,-33.789
84.597,-3.7457,-34.238
85.415,-3.7646,-34.677
86.235,-3.7847,-35.108
87.059,-3.8064,-35.53
87.887,-3.8298,-35.942
88.719,-3.8547,-36.344
89.554,-3.8801,-36.737
90.392,-3.906,-37.123
91.234,-3.9326,-37.504
92.078,-3.96,-37.88
92.925,-3.9883,-38.252
93.774,-4.0174,-38.619
94.626,-4.0467,-38.982
95.48,-4.0753,-39.338
96.335,-4.1031,-39.687
97.191,-4.1298,-40.028
98.048,-4.1551,-40.366
98.908,-4.1788,-40.7
99.77,-4.2014,-41.028
100.63,-4.2236,-41.35
101.5,-4.2459,-41.665
102.37,-4.2686,-41.97
103.24,-4.2917,-42.265
104.12,-4.3148,-42.552
104.99,-4.3379,-42.832
105.87,-4.361,-43.106
106.76,-4.3843,-43.372
107.64,-4.4081,-43.631
108.53,-4.4321,-43.883
109.42,-4.4566,-44.129
110.31,-4.4827,-44.369
111.21,-4.5103,-44.603
112.11,-4.5387,-44.832
113.01,-4.5671,-45.057
113.91,-4.595,-45.275
114.81,-4.6219,-45.487
115.71,-4.6475,-45.694
116.62,-4.6719,-45.895
117.53,-4.6946,-46.092
118.44,-4.7149,-46.287
119.35,-4.7326,-46.482
120.26,-4.7479,-46.674
121.17,-4.7613,-46.865
122.08,-4.7731,-47.054
123,-4.7836,-47.243
123.91,-4.7939,-47.431
124.82,-4.8039,-47.621
125.73,-4.813,-47.812
126.64,-4.8214,-48.003
127.54,-4.8292,-48.192
128.45,-4.8364,-48.379
129.36,-4.844,-48.565
130.26,-4.8522,-48.748
131.16,-4.8611,-48.928
132.05,-4.8699,-49.107
132.94,-4.8786,-49.283
133.83,-4.8871,-49.454
134.71,-4.8953,-49.621
135.59,-4.9035,-49.782
136.46,-4.9113,-49.936
137.33,-4.9182,-50.083
138.19,-4.9242,-50.225
139.06,-4.9285,-50.361
139.92,-4.9305,-50.49
140.78,-4.9304,-50.613
141.63,-4.9291,-50.729
142.49,-4.9269,-50.839
143.34,-4.9237,-50.94
144.19,-4.9188,-51.035
145.04,-4.9123,-51.12
145.89,-4.9047,-51.197
146.73,-4.8965,-51.263
147.57,-4.8878,-51.318
148.4,-4.8792,-51.362
149.23,-4.8713,-51.394
150.06,-4.8647,-51.416
150.88,-4.8601,-51.429
151.7,-4.8572,-51.435
152.51,-4.8557,-51.435
153.33,-4.856,-51.431
154.14,-4.8583,-51.424
154.94,-4.8621,-51.415
155.75,-4.8667,-51.403
156.55,-4.8721,-51.389
157.34,-4.8781,-51.375
158.13,-4.8844,-51.361
158.91,-4.8913,-51.348
159.69,-4.8998,-51.334
160.46,-4.9099,-51.322
161.23,-4.9213,-51.311
161.99,-4.9342,-51.3
162.74,-4.9484,-51.29
163.49,-4.964,-51.28
164.23,-4.9808,-51.269
164.97,-4.9989,-51.254
165.7,-5.0184,-51.234
166.43,-5.0396,-51.206
167.16,-5.0625,-51.171
167.87,-5.0862,-51.128
168.59,-5.1101,-51.077
169.3,-5.1338,-51.019
170.01,-5.1569,-50.954
170.7,-5.179,-50.883
171.4,-5.2001,-50.802
172.08,-5.22,-50.714
172.76,-5.2384,-50.617
173.43,-5.2557,-50.512
174.1,-5.2725,-50.4
174.76,-5.2892,-50.279
175.42,-5.3061,-50.15
176.06,-5.3235,-50.012
176.7,-5.3414,-49.866
177.34,-5.3597,-49.712
177.97,-5.3784,-49.552
178.6,-5.3976,-49.387
179.23,-5.4173,-49.219
179.86,-5.4365,-49.049
180.49,-5.4551,-48.878
181.12,-5.4726,-48.705
181.75,-5.4891,-48.531
182.38,-5.5048,-48.355
183.02,-5.5201,-48.175
183.66,-5.5352,-47.991
184.3,-5.55,-47.804
184.95,-5.5643,-47.614
185.6,-5.5785,-47.419
186.25,-5.593,-47.218
186.91,-5.6073,-47.011
187.57,-5.6209,-46.798
188.23,-5.6333,-46.578
188.89,-5.6446,-46.349
189.56,-5.6551,-46.113
190.23,-5.6653,-45.867
190.9,-5.6752,-45.613
191.58,-5.6849,-45.351
192.27,-5.6946,-45.08
192.95,-5.7035,-44.802
193.65,-5.7112,-44.518
194.35,-5.7181,-44.227
195.05,-5.7243,-43.931
195.77,-5.7302,-43.63
196.48,-5.7355,-43.324
197.21,-5.7396,-43.013
197.94,-5.7422,-42.699
198.67,-5.7433,-42.381
199.4,-5.7434,-42.061
200.14,-5.7433,-41.739
200.89,-5.7431,-41.415
201.63,-5.7427,-41.09
202.38,-5.7423,-40.764
203.14,-5.7418,-40.436
203.9,-5.7406,-40.107
204.66,-5.7384,-39.778
205.44,-5.7351,-39.45
206.21,-5.7308,-39.123
206.99,-5.7263,-38.799
207.78,-5.7221,-38.479
208.58,-5.7184,-38.162
209.38,-5.7152,-37.849
210.2,-5.7116,-37.541
211.02,-5.7071,-37.24
211.84,-5.7018,-36.944
212.68,-5.6951,-36.653
213.51,-5.6861,-36.367
214.36,-5.6743,-36.084
215.21,-5.6594,-35.804
216.08,-5.642,-35.526
216.94,-5.6229,-35.251
217.82,-5.6022,-34.979
218.7,-5.5799,-34.708
219.59,-5.5567,-34.438
220.48,-5.5327,-34.167
221.38,-5.5075,-33.894
222.28,-5.4806,-33.618
223.18,-5.4515,-33.34
224.09,-5.4203,-33.058
225,-5.3868,-32.773
225.92,-5.3512,-32.485
226.84,-5.3145,-32.193
227.75,-5.2764,-31.898
228.67,-5.2364,-31.599
229.59,-5.1949,-31.298
230.5,-5.1524,-30.992
231.42,-5.1083,-30.683
232.34,-5.0623,-30.37
233.25,-5.0142,-30.051
234.16,-4.9638,-29.726
235.08,-4.9108,-29.394
235.99,-4.8557,-29.058
236.9,-4.7991,-28.717
237.81,-4.7411,-28.372
238.72,-4.682,-28.022
239.62,-4.6226,-27.666
240.53,-4.5632,-27.308
241.44,-4.5034,-26.946
242.34,-4.4437,-26.581
243.25,-4.3838,-26.214
244.15,-4.3234,-25.845
245.05,-4.263,-25.474
245.96,-4.2034,-25.099
246.86,-4.145,-24.721
247.77,-4.0883,-24.338
248.67,-4.0334,-23.95
249.58,-3.98,-23.556
250.49,-3.928,-23.157
251.4,-3.8761,-22.753
252.32,-3.8239,-22.346
253.24,-3.7711,-21.934
254.16,-3.7177,-21.521
255.08,-3.6642,-21.105
256.01,-3.6101,-20.688
256.94,-3.5563,-20.269
257.87,-3.5038,-19.85
258.81,-3.4531,-19.428
259.75,-3.4042,-19.005
260.69,-3.3572,-18.579
261.64,-3.3116,-18.15
262.59,-3.2671,-17.717
263.54,-3.2231,-17.28
264.5,-3.1798,-16.841
265.46,-3.1376,-16.398
266.42,-3.0966,-15.95
267.38,-3.0561,-15.498
268.34,-3.0158,-15.041
269.31,-2.9754,-14.58
270.27,-2.9343,-14.114
271.23,-2.8925,-13.644
272.18,-2.8502,-13.171
273.14,-2.8077,-12.693
274.1,-2.7656,-12.211
275.06,-2.7241,-11.722
276.02,-2.6825,-11.225
276.97,-2.6402,-10.721
277.93,-2.5973,-10.207
278.88,-2.5542,-9.6852
279.83,-2.5108,-9.1541
280.77,-2.4666,-8.6133
281.71,-2.4221,-8.063
282.65,-2.3779,-7.5034
283.58,-2.3346,-6.9354
284.51,-2.2927,-6.3604
285.43,-2.2518,-5.7806
286.36,-2.2118,-5.1983
287.28,-2.1727,-4.6151
288.21,-2.1348,-4.0312
289.13,-2.0979,-3.4479
290.06,-2.0614,-2.8679
290.99,-2.025,-2.2925
291.92,-1.9884,-1.7211
292.86,-1.951,-1.1531
293.8,-1.9125,-0.58836
294.74,-1.8731,-0.027168
295.68,-1.8319,0.52973
296.62,-1.7881,1.0818
297.57,-1.7425,1.629
298.52,-1.6966,2.1716
299.48,-1.651,2.7105
300.43,-1.6062,3.2461
301.4,-1.5634,3.7792
302.36,-1.5228,4.3102
303.33,-1.4837,4.8385
304.3,-1.4458,5.3648
305.28,-1.4094,5.8901
306.26,-1.3745,6.4148
307.25,-1.3412,6.9393
308.23,-1.3096,7.4654
309.22,-1.2791,7.9943
310.21,-1.2498,8.5257
311.2,-1.2223,9.0603
312.19,-1.1969,9.5992
313.18,-1.1736,10.144
314.17,-1.1519,10.696
315.16,-1.1315,11.255
316.14,-1.1122,11.823
317.13,-1.0935,12.4
318.11,-1.0747,12.985
319.08,-1.0551,13.579
320.06,-1.034,14.181
321.03,-1.0112,14.791
321.99,-0.98762,15.408
322.95,-0.96339,16.032
323.91,-0.93891,16.665
324.86,-0.91486,17.307
325.82,-0.89086,17.959
326.77,-0.86649,18.622
327.71,-0.84466,19.297
328.66,-0.82858,19.985
329.61,-0.81821,20.687
330.56,-0.81194,21.399
331.51,-0.80826,22.12
332.46,-0.80727,22.849
333.41,-0.80849,23.588
334.36,-0.8111,24.335
335.3,-0.81458,25.094
336.24,-0.81831,25.864
337.18,-0.82193,26.643
338.11,-0.8254,27.432
339.04,-0.82909,28.228
339.96,-0.83345,29.03
340.88,-0.83817,29.839
341.79,-0.84239,30.654
342.69,-0.84529,31.476
343.6,-0.84625,32.303
344.49,-0.84503,33.136
345.38,-0.84186,33.975
346.26,-0.83715,34.821
347.13,-0.83074,35.671
348,-0.82253,36.527
348.86,-0.81221,37.386
349.72,-0.79925,38.248
350.57,-0.78392,39.114
351.41,-0.76648,39.984
352.25,-0.74624,40.858
353.09,-0.7224,41.736
353.92,-0.69548,42.616
354.75,-0.6665,43.499
355.57,-0.63589,44.382
356.39,-0.60398,45.267
357.2,-0.57037,46.152
358.01,-0.53453,47.039
358.82,-0.49645,47.927
359.62,-0.45669,48.816
360.43,-0.41595,49.702
361.23,-0.37431,50.586
362.04,-0.33169,51.466
362.84,-0.28837,52.343
363.65,-0.2447,53.218
364.47,-0.20075,54.09
365.28,-0.15644,54.958
366.1,-0.11186,55.822
366.93,-0.06688,56.681
367.75,-0.021718,57.534
368.58,0.023069,58.383
369.42,0.067201,59.227
370.26,0.1108,60.067
371.11,0.15443,60.901
371.96,0.19846,61.731
372.82,0.24279,62.555
373.68,0.28753,63.375
374.55,0.33314,64.189
375.42,0.37967,64.998
376.29,0.42713,65.801
377.17,0.47576,66.598
378.06,0.52592,67.389
378.94,0.57762,68.174
379.83,0.63056,68.957
380.72,0.6847,69.736
381.62,0.73994,70.512
382.51,0.79589,71.284
383.41,0.85239,72.052
384.3,0.9099,72.814
385.2,0.96856,73.57
386.11,1.0282,74.321
387.01,1.0889,75.065
387.92,1.1509,75.803
388.83,1.2141,76.536
389.74,1.278,77.263
390.66,1.3422,77.986
391.58,1.4064,78.704
392.49,1.4706,79.417
393.42,1.5349,80.126
394.34,1.6,80.831
395.26,1.6659,81.534
396.18,1.7328,82.234
397.11,1.8011,82.933
398.03,1.8707,83.63
398.96,1.9414,84.327
399.88,2.0133,85.023
400.81,2.0866,85.719
401.73,2.1617,86.416
402.66,2.2385,87.113
403.59,2.3167,87.811
404.52,2.396,88.507
405.46,2.4757,89.203
406.39,2.5556,89.897
407.32,2.6358,90.591
408.26,2.7167,91.283
409.19,2.7989,91.976
410.13,2.883,92.668
411.06,2.9692,93.361
411.98,3.0575,94.053
412.91,3.1475,94.744
413.82,3.239,95.434
414.74,3.3314,96.123
415.64,3.4245,96.809
416.54,3.5185,97.494
417.42,3.6135,98.177
418.3,3.7091,98.856
419.16,3.8055,99.531
420.02,3.9029,100.2
420.86,4.0004,100.87
421.69,4.0974,101.52
422.51,4.1938,102.17
423.32,4.2893,102.81
424.11,4.3836,103.45
424.9,4.4767,104.07
425.67,4.5689,104.69
426.43,4.6609,105.3
427.18,4.7526,105.89
427.92,4.8435,106.47
428.65,4.933,107.04
429.37,5.0211,107.6
430.09,5.1083,108.14
430.8,5.1948,108.68
431.5,5.2806,109.21
432.2,5.3657,109.72
432.91,5.451,110.23
433.61,5.5371,110.73
434.31,5.6244,111.23
435.01,5.7128,111.71
435.72,5.8017,112.18
436.43,5.891,112.65
437.14,5.9803,113.11
437.85,6.0696,113.57
438.57,6.1598,114.02
439.29,6.2516,114.47
440.02,6.3466,114.91
440.75,6.4453,115.35
441.49,6.5478,115.79
442.24,6.6547,116.22
442.99,6.7671,116.65
443.75,6.8857,117.07
444.51,7.0103,117.48
445.28,7.1403,117.89
446.05,7.275,118.3
446.83,7.4145,118.7
447.61,7.5584,119.1
448.38,7.7054,119.49
449.16,7.8543,119.87
449.94,8.0043,120.25
450.72,8.1547,120.62
451.5,8.3052,120.98
452.27,8.4554,121.34
453.05,8.6048,121.68
453.82,8.7529,122.02
454.6,8.8987,122.35
455.37,9.0416,122.67
456.15,9.1814,122.98
456.93,9.3175,123.27
457.71,9.4492,123.55
458.5,9.5761,123.81
459.3,9.6994,124.05
460.09,9.8201,124.28
460.9,9.9388,124.48
461.71,10.057,124.67
462.53,10.175,124.85
463.36,10.294,125.01
464.19,10.413,125.16
465.02,10.534,125.3
465.86,10.658,125.42
466.7,10.783,125.54
467.54,10.911,125.64
468.38,11.04,125.74
469.23,11.17,125.82
470.09,11.301,125.9
470.95,11.433,125.97
471.81,11.564,126.03
472.68,11.693,126.09
473.55,11.821,126.14
474.42,11.948,126.19
475.29,12.072,126.23
476.16,12.193,126.28
477.03,12.311,126.32
477.9,12.426,126.37
478.77,12.537,126.41
479.63,12.646,126.46
480.49,12.75,126.5
481.35,12.852,126.55
482.19,12.949,126.6
483.03,13.042,126.66
483.86,13.13,126.71
484.69,13.215,126.77
485.5,13.296,126.83
486.31,13.374,126.88
487.12,13.451,126.93
487.91,13.524,126.97
488.69,13.596,127
489.46,13.665,127.02
490.23,13.732,127.04
490.97,13.796,127.05
491.71,13.858,127.05
492.43,13.917,127.04
493.13,13.974,127.02
493.82,14.029,126.98
494.49,14.082,126.94
495.14,14.132,126.89
495.77,14.181,126.83
496.38,14.228,126.76
496.98,14.272,126.68
497.57,14.315,126.6
498.13,14.355,126.51
498.69,14.394,126.42
499.23,14.431,126.32
499.75,14.469,126.22
500.26,14.506,126.12
500.75,14.543,126.02
501.22,14.581,125.91
501.68,14.621,125.81
502.12,14.661,125.7
502.55,14.704,125.59
502.97,14.749,125.49
503.39,14.795,125.38
503.79,14.841,125.27
504.19,14.886,125.17
504.58,14.931,125.07
504.96,14.974,124.97
505.34,15.015,124.87
505.72,15.056,124.77
506.1,15.096,124.68
506.49,15.136,124.59
506.87,15.175,124.5
507.26,15.213,124.41
507.66,15.249,124.32
508.07,15.283,124.23
508.48,15.316,124.15
508.89,15.348,124.06
509.32,15.378,123.98
509.75,15.407,123.91
510.19,15.436,123.84
510.64,15.462,123.77
511.1,15.488,123.72
511.57,15.51,123.67
512.04,15.531,123.62
512.53,15.548,123.59
513.02,15.564,123.57
513.53,15.578,123.56
514.05,15.591,123.56
514.57,15.605,123.57
515.11,15.618,123.6
515.66,15.631,123.65
516.21,15.643,123.71
516.78,15.655,123.79
517.36,15.667,123.89
517.96,15.679,124
518.56,15.691,124.14
519.18,15.703,124.28
519.82,15.716,124.45
520.47,15.731,124.63
521.14,15.746,124.82
521.81,15.762,125.03
522.5,15.778,125.26
523.21,15.795,125.5
523.92,15.81,125.76
524.65,15.824,126.04
525.4,15.838,126.33
526.15,15.851,126.64
526.92,15.864,126.97
527.71,15.876,127.31
528.5,15.887,127.67
529.3,15.897,128.04
530.12,15.906,128.43
530.95,15.914,128.83
531.79,15.922,129.25
532.64,15.927,129.67
533.5,15.931,130.11
534.37,15.933,130.57
535.25,15.933,131.03
536.13,15.93,131.51
537.03,15.925,132
537.94,15.918,132.5
538.85,15.91,133.01
539.77,15.901,133.53
540.69,15.891,134.07
541.63,15.879,134.61
542.56,15.866,135.17
543.51,15.851,135.73
544.45,15.834,136.29
545.41,15.817,136.87
546.37,15.798,137.45
547.33,15.78,138.04
548.31,15.761,138.64
549.28,15.741,139.25
550.27,15.721,139.86
551.26,15.699,140.48
552.26,15.675,141.1
553.26,15.651,141.73
554.26,15.625,142.36
555.27,15.597,142.99
556.28,15.567,143.63
557.3,15.536,144.26
558.33,15.504,144.89
559.36,15.471,145.52
560.4,15.438,146.13
561.45,15.403,146.74
562.5,15.369,147.34
563.57,15.333,147.93
564.63,15.295,148.5
565.71,15.254,149.06
566.79,15.211,149.59
567.89,15.167,150.11
568.98,15.122,150.61
570.09,15.075,151.09
571.2,15.028,151.54
572.32,14.979,151.96
573.45,14.93,152.36
574.59,14.879,152.72
575.72,14.827,153.05
576.87,14.771,153.35
578.02,14.712,153.61
579.18,14.65,153.83
580.35,14.586,154.02
581.52,14.52,154.18
582.7,14.453,154.3
583.88,14.385,154.39
585.07,14.314,154.44
586.26,14.243,154.48
587.46,14.169,154.48
588.66,14.093,154.47
589.87,14.015,154.44
591.08,13.935,154.4
592.3,13.853,154.34
593.53,13.769,154.27
594.76,13.683,154.18
595.99,13.596,154.08
597.24,13.508,153.97
598.49,13.419,153.86
599.74,13.327,153.74
601,13.233,153.61
602.27,13.136,153.48
603.54,13.035,153.34
604.82,12.931,153.21
606.1,12.825,153.07
607.39,12.715,152.93
608.68,12.604,152.79
609.98,12.49,152.65
611.28,12.374,152.51
612.59,12.256,152.37
613.91,12.135,152.22
615.23,12.012,152.08
616.55,11.889,151.93
617.89,11.766,151.78
619.23,11.643,151.62
620.58,11.518,151.46
621.93,11.393,151.29
623.29,11.267,151.12
624.66,11.137,150.95
626.03,11.004,150.78
627.41,10.867,150.6
628.8,10.727,150.42
630.19,10.585,150.24
631.58,10.441,150.05
632.98,10.294,149.86
634.39,10.147,149.67
635.81,9.9971,149.46
637.23,9.8462,149.26
638.65,9.6942,149.05
640.09,9.5416,148.84
641.52,9.3886,148.62
642.97,9.2361,148.41
644.42,9.0841,148.19
645.88,8.9323,147.96
647.34,8.7807,147.74
648.81,8.6294,147.52
650.28,8.4789,147.3
651.75,8.3291,147.08
653.23,8.1794,146.86
654.71,8.0289,146.64
656.18,7.8767,146.43
657.66,7.723,146.22
659.14,7.5686,146.01
660.63,7.4138,145.8
662.11,7.2586,145.59
663.59,7.103,145.38
665.08,6.9476,145.18
666.57,6.7922,144.97
668.05,6.6375,144.77
669.54,6.4835,144.57
671.02,6.3305,144.37
672.5,6.1782,144.17
673.98,6.0265,143.98
675.46,5.8752,143.78
676.93,5.724,143.59
678.4,5.5734,143.39
679.87,5.4233,143.19
681.33,5.274,143
682.8,5.1251,142.81
684.26,4.9759,142.62
685.72,4.8266,142.43
687.17,4.6776,142.25
688.63,4.5293,142.07
690.09,4.3818,141.89
691.54,4.2343,141.71
692.98,4.0864,141.54
694.43,3.9383,141.38
695.87,3.7899,141.21
697.3,3.6415,141.05
698.74,3.4939,140.88
700.16,3.3471,140.72
701.58,3.1997,140.57
702.99,3.0509,140.41
704.39,2.9014,140.26
705.78,2.7519,140.12
707.17,2.6029,139.97
708.55,2.4549,139.82
709.92,2.3081,139.68
711.28,2.1624,139.54
712.63,2.0176,139.4
713.98,1.8732,139.27
715.31,1.7294,139.13
716.63,1.5869,138.99
717.94,1.4473,138.86
719.24,1.3115,138.72
720.52,1.18,138.58
721.79,1.0516,138.44
723.04,0.92604,138.31
724.27,0.80341,138.17
725.48,0.68403,138.04
726.67,0.56826,137.91
727.83,0.456,137.78
728.98,0.34625,137.65
730.09,0.23848,137.52
731.18,0.13329,137.4
732.24,0.03123,137.29
733.26,-0.067718,137.18
734.25,-0.16382,137.07
735.21,-0.25699,136.96
736.14,-0.34697,136.86
737.03,-0.43385,136.76
737.89,-0.51782,136.66
738.72,-0.59832,136.56
739.52,-0.67504,136.46
740.29,-0.74845,136.34
741.02,-0.81852,136.22
741.73,-0.88565,136.09
742.41,-0.95067,135.95
743.06,-1.0135,135.79
743.68,-1.0746,135.61
744.28,-1.1343,135.41
744.84,-1.1921,135.19
745.38,-1.2469,134.96
745.88,-1.2991,134.7
746.35,-1.3501,134.43
746.79,-1.4002,134.14
747.19,-1.449,133.82
747.57,-1.496,133.5
747.91,-1.5419,133.15
748.22,-1.5866,132.78
748.5,-1.6299,132.39
748.74,-1.6718,131.99
748.95,-1.7115,131.57
749.13,-1.7497,131.13
749.28,-1.7866,130.68
749.4,-1.8221,130.22
749.48,-1.8565,129.75
749.52,-1.8896,129.26
749.53,-1.9208,128.75
749.51,-1.95,128.24
749.45,-1.9783,127.72
749.35,-2.0068,127.18
749.22,-2.0356,126.64
749.06,-2.0643,126.1
748.85,-2.0923,125.56
748.61,-2.119,125.01
748.33,-2.1446,124.46
748.02,-2.17,123.91
747.68,-2.1962,123.35
747.3,-2.2229,122.79
746.9,-2.2501,122.24
746.47,-2.277,121.68
746.01,-2.3035,121.13
745.53,-2.3302,120.58
745.02,-2.3563,120.02
744.5,-2.3814,119.47
743.94,-2.4058,118.92
743.37,-2.4289,118.37
742.77,-2.45,117.83
742.15,-2.4689,117.29
741.5,-2.4857,116.75
740.83,-2.5001,116.23
740.14,-2.5115,115.71
739.43,-2.52,115.2
738.7,-2.5254,114.69
737.94,-2.5276,114.2
737.16,-2.5266,113.71
736.36,-2.5228,113.22
735.55,-2.5173,112.74
734.71,-2.5106,112.27
733.87,-2.5025,111.79
733,-2.4935,111.31
732.13,-2.4841,110.83
731.24,-2.4751,110.35
730.34,-2.4667,109.87
729.43,-2.4594,109.38
728.52,-2.4543,108.89
727.59,-2.4515,108.39
726.65,-2.4513,107.88
725.7,-2.4534,107.38
724.74,-2.4577,106.86
723.77,-2.4634,106.34
722.79,-2.4693,105.82
721.81,-2.4755,105.29
720.81,-2.4822,104.76
719.81,-2.4893,104.22
718.81,-2.4971,103.68
717.8,-2.5057,103.14
716.8,-2.5155,102.59
715.8,-2.5263,102.03
714.79,-2.5377,101.47
713.79,-2.5493,100.91
712.79,-2.5603,100.34
711.79,-2.5712,99.775
710.8,-2.5817,99.203
709.81,-2.5909,98.627
708.82,-2.599,98.049
707.84,-2.6067,97.472
706.87,-2.6154,96.896
705.9,-2.6268,96.322
704.95,-2.6401,95.75
704,-2.654,95.179
703.06,-2.6679,94.609
702.13,-2.6822,94.041
701.21,-2.6968,93.474
700.3,-2.7119,92.909
699.41,-2.7275,92.349
698.52,-2.7429,91.792
697.65,-2.7571,91.24
696.8,-2.7699,90.692
695.95,-2.7821,90.15
695.12,-2.7937,89.617
694.31,-2.8048,89.093
693.51,-2.8157,88.576
692.72,-2.8259,88.068
691.96,-2.8354,87.568
691.2,-2.8435,87.078
690.47,-2.8506,86.599
689.76,-2.8578,86.132
689.07,-2.8653,85.676
688.4,-2.8725,85.231
687.74,-2.8788,84.798
687.11,-2.8841,84.379
686.49,-2.8891,83.973
685.9,-2.894,83.58
685.33,-2.8993,83.2
684.77,-2.9055,82.834
684.24,-2.9127,82.482
683.73,-2.9221,82.143
683.24,-2.9332,81.818
682.77,-2.9457,81.505
682.32,-2.9601,81.203
681.88,-2.9765,80.911
681.46,-2.9946,80.627
681.05,-3.0148,80.351
680.65,-3.0372,80.081
680.27,-3.0612,79.817
679.89,-3.0858,79.556
679.53,-3.1103,79.297
679.17,-3.1349,79.04
678.81,-3.1599,78.782
678.46,-3.185,78.523
678.12,-3.2098,78.264
677.78,-3.2339,78.002
677.45,-3.2572,77.738
677.12,-3.2797,77.472
676.79,-3.3007,77.206
676.46,-3.3199,76.938
676.14,-3.3379,76.67
675.83,-3.3546,76.402
675.51,-3.3704,76.134
675.2,-3.3848,75.865
674.89,-3.3975,75.596
674.58,-3.4084,75.325
674.27,-3.4175,75.053
673.96,-3.425,74.781
673.65,-3.4314,74.51
673.34,-3.4371,74.24
673.03,-3.4427,73.97
672.71,-3.4486,73.698
672.4,-3.4543,73.426
672.08,-3.4596,73.152
671.76,-3.4648,72.877
671.44,-3.4704,72.598
671.11,-3.4762,72.316
670.78,-3.4816,72.026
670.43,-3.4866,71.727
670.08,-3.4913,71.416
669.71,-3.4956,71.095
669.33,-3.4993,70.762
668.94,-3.5026,70.42
668.54,-3.506,70.068
668.12,-3.5089,69.704
667.69,-3.5111,69.327
667.24,-3.5138,68.937
666.78,-3.5171,68.534
666.3,-3.5205,68.118
665.81,-3.5234,67.685
665.31,-3.5255,67.234
664.79,-3.527,66.767
664.26,-3.5277,66.283
663.72,-3.5276,65.782
663.17,-3.527,65.265
662.61,-3.5264,64.734
662.04,-3.5255,64.186
661.45,-3.5242,63.622
660.85,-3.5231,63.042
660.24,-3.5227,62.445
659.62,-3.5231,61.83
658.99,-3.5241,61.198
658.35,-3.5261,60.55
657.69,-3.5293,59.889
657.02,-3.5339,59.212
656.35,-3.5402,58.521
655.66,-3.5477,57.817
654.97,-3.5555,57.101
654.27,-3.5635,56.374
653.56,-3.572,55.636
652.85,-3.5811,54.887
652.13,-3.5917,54.129
651.41,-3.6044,53.363
650.68,-3.6197,52.591
649.95,-3.6377,51.809
649.22,-3.6588,51.018
648.49,-3.6832,50.22
647.75,-3.7111,49.416
647.02,-3.7421,48.607
646.28,-3.7758,47.794
645.53,-3.8126,46.98
644.79,-3.8525,46.166
644.05,-3.896,45.352
643.31,-3.9432,44.535
642.56,-3.9932,43.719
641.82,-4.0456,42.902
641.07,-4.1006,42.086
640.33,-4.1582,41.27
639.58,-4.2183,40.453
638.82,-4.2813,39.636
638.07,-4.3464,38.817
637.31,-4.4136,37.998
636.54,-4.4827,37.177
635.78,-4.5528,36.354
635.01,-4.6233,35.529
634.23,-4.693,34.701
633.46,-4.7612,33.871
632.68,-4.8285,33.037
631.9,-4.8955,32.201
631.11,-4.9625,31.364
630.32,-5.0294,30.526
629.53,-5.0963,29.686
628.74,-5.1637,28.846
627.94,-5.2321,28.005
627.15,-5.3009,27.163
626.36,-5.3693,26.322
625.57,-5.4376,25.482
624.78,-5.5064,24.643
623.99,-5.5762,23.805
623.21,-5.6476,22.969
622.44,-5.7206,22.137
621.67,-5.7952,21.307
620.91,-5.8718,20.478
620.15,-5.9508,19.652
619.4,-6.0327,18.829
618.65,-6.1175,18.008
617.91,-6.2046,17.188
617.18,-6.2928,16.371
616.45,-6.382,15.556
615.72,-6.4721,14.745
615,-6.5632,13.938
614.28,-6.6556,13.135
613.57,-6.7499,12.334
612.87,-6.8464,11.535
612.17,-6.9454,10.739
611.48,-7.0468,9.9477
610.8,-7.1506,9.1643
610.13,-7.2558,8.3898
609.47,-7.3615,7.6242
608.81,-7.4667,6.8675
608.16,-7.571,6.1195
607.52,-7.675,5.3807
606.89,-7.7783,4.6517
606.27,-7.8804,3.9325
605.67,-7.9815,3.2231
605.07,-8.082,2.5237
604.49,-8.1825,1.8349
603.91,-8.2834,1.1576
603.35,-8.3844,0.49145
602.8,-8.4848,-0.16365
602.26,-8.5842,-0.80785
601.73,-8.6829,-1.4417
601.2,-8.7811,-2.0662
600.68,-8.8785,-2.6817
600.17,-8.9746,-3.288
599.67,-9.0688,-3.8861
599.17,-9.1605,-4.4764
598.67,-9.25,-5.0589
598.17,-9.337,-5.6338
597.69,-9.4214,-6.2013
597.2,-9.5031,-6.7616
596.72,-9.5831,-7.315
596.25,-9.6618,-7.8613
595.78,-9.7391,-8.4009
595.31,-9.8147,-8.9344
594.85,-9.8884,-9.4623
594.39,-9.9599,-9.9857
593.93,-10.029,-10.506
593.47,-10.096,-11.023
593.02,-10.161,-11.537
592.58,-10.223,-12.05
592.14,-10.284,-12.558
591.7,-10.343,-13.064
591.27,-10.398,-13.565
590.84,-10.451,-14.064
590.42,-10.502,-14.559
590,-10.55,-15.051
589.59,-10.596,-15.538
589.18,-10.639,-16.022
588.78,-10.679,-16.502
588.38,-10.716,-16.979
587.98,-10.75,-17.452
587.6,-10.782,-17.923
587.21,-10.811,-18.39
586.83,-10.839,-18.856
586.45,-10.864,-19.32
586.08,-10.888,-19.783
585.72,-10.909,-20.245
585.35,-10.928,-20.706
584.99,-10.945,-21.165
584.63,-10.959,-21.623
584.28,-10.97,-22.078
583.92,-10.98,-22.53
583.57,-10.988,-22.979
583.23,-10.994,-23.427
582.88,-10.998,-23.873
582.54,-11,-24.317
582.2,-11.001,-24.759
581.86,-11.001,-25.199
581.53,-11,-25.637
581.19,-10.997,-26.073
580.87,-10.992,-26.508
580.54,-10.984,-26.941
580.22,-10.975,-27.373
579.89,-10.962,-27.803
579.57,-10.947,-28.233
579.26,-10.928,-28.661
578.94,-10.906,-29.087
578.62,-10.88,-29.513
578.3,-10.851,-29.939
577.98,-10.819,-30.365
577.66,-10.785,-30.791
577.34,-10.748,-31.218
577.01,-10.71,-31.645
576.68,-10.672,-32.073
576.35,-10.633,-32.503
576.02,-10.594,-32.934
575.68,-10.555,-33.369
575.34,-10.516,-33.806
575,-10.479,-34.248
574.66,-10.443,-34.694
574.31,-10.409,-35.144
573.97,-10.376,-35.598
573.61,-10.345,-36.055
573.26,-10.315,-36.516
572.9,-10.287,-36.981
572.54,-10.259,-37.449
572.18,-10.233,-37.921
571.82,-10.209,-38.396
571.45,-10.188,-38.873
571.08,-10.17,-39.352
570.7,-10.153,-39.833
570.33,-10.137,-40.316
569.95,-10.124,-40.802
569.56,-10.112,-41.29
569.18,-10.1,-41.781
568.79,-10.09,-42.272
568.41,-10.081,-42.764
568.03,-10.072,-43.254
567.65,-10.064,-43.743
567.27,-10.056,-44.23
566.89,-10.049,-44.716
566.52,-10.043,-45.199
