8.978897705674171448e-03 -9.637302719056606293e-03 9.307280778884887695e-01
2.282303292304277420e-03 -1.873015984892845154e-02 9.792119264602661133e-01
5.444566719233989716e-03 -2.125714346766471863e-02 9.850894808769226074e-01
8.866079151630401611e-03 -2.644021809101104736e-02 1.003805994987487793e+00
1.880209706723690033e-02 -2.092212624847888947e-02 9.709331989288330078e-01
2.902784384787082672e-02 -1.157767884433269501e-02 9.286069869995117188e-01
1.718631759285926819e-02 -1.553418207913637161e-02 9.293299317359924316e-01
1.225396525114774704e-02 -1.919700950384140015e-02 9.331370592117309570e-01
1.891469582915306091e-02 -9.279081597924232483e-03 9.687792658805847168e-01
1.664360053837299347e-02 -8.348313160240650177e-03 9.082679152488708496e-01
1.747879013419151306e-02 -1.313228718936443329e-02 9.788333773612976074e-01
1.384171191602945328e-02 -1.222777646034955978e-02 1.026138544082641602e+00
1.278496254235506058e-02 -1.155895274132490158e-02 9.738386273384094238e-01
1.398892980068922043e-02 -1.499443128705024719e-02 9.341089129447937012e-01
2.326699160039424896e-02 -2.088682539761066437e-02 1.028054714202880859e+00
1.985431835055351257e-02 -1.824424415826797485e-02 1.010483145713806152e+00
1.753157563507556915e-02 -1.970405690371990204e-02 1.001687526702880859e+00
2.939631417393684387e-02 -1.618772745132446289e-02 9.802787303924560547e-01
2.595987543463706970e-02 -9.709750302135944366e-03 9.759395718574523926e-01
2.552316151559352875e-02 -1.320665329694747925e-02 1.061333060264587402e+00
2.471746131777763367e-02 -1.161510683596134186e-02 1.025126695632934570e+00
3.163424134254455566e-02 -1.071451976895332336e-02 9.607020616531372070e-01
2.658430859446525574e-02 -1.173215452581644058e-02 1.019266366958618164e+00
1.403267309069633484e-02 -7.878392934799194336e-03 9.998390078544616699e-01
1.132632419466972351e-02 -1.155481208115816116e-02 1.072092652320861816e+00
7.916945032775402069e-03 -1.726122945547103882e-02 1.072794795036315918e+00
-2.774068154394626617e-03 -6.872341502457857132e-03 9.360805153846740723e-01
-2.753520384430885315e-03 -5.986473523080348969e-03 9.072384238243103027e-01
-4.100478254258632660e-03 -1.201707497239112854e-02 9.409220814704895020e-01
8.647918002679944038e-04 -1.958488114178180695e-02 1.071691751480102539e+00
-4.212354309856891632e-03 -2.196631021797657013e-02 1.056850314140319824e+00
-1.188247092068195343e-02 -8.516040630638599396e-03 1.168716430664062500e+00
1.731091615511104465e-04 -5.945709999650716782e-03 1.083129286766052246e+00
6.199458148330450058e-04 -4.377950448542833328e-03 1.000982403755187988e+00
6.153393071144819260e-03 -4.352801479399204254e-03 9.939676523208618164e-01
1.960785128176212311e-03 -9.840471670031547546e-03 1.004382610321044922e+00
1.138087944127619267e-03 -1.605544798076152802e-02 1.066715478897094727e+00
1.788766589015722275e-03 -1.675825938582420349e-02 1.050145506858825684e+00
-2.263274975121021271e-03 -1.153712719678878784e-02 9.255228042602539062e-01
-6.980951409786939621e-03 -1.247995905578136444e-02 1.019749641418457031e+00
-5.344542209059000015e-03 -1.356249768286943436e-02 1.013225674629211426e+00
-5.569539032876491547e-03 -1.779336854815483093e-02 1.040991783142089844e+00
-2.766653895378112793e-03 -9.099876508116722107e-03 1.046130299568176270e+00
-5.569538567215204239e-03 -1.351664075627923012e-03 9.959830641746520996e-01
-3.064916003495454788e-03 -8.375491946935653687e-03 1.007835268974304199e+00
1.041811774484813213e-03 -5.330487620085477829e-03 1.037969708442687988e+00
1.222012564539909363e-02 -4.533587023615837097e-03 1.030775189399719238e+00
1.723969914019107819e-02 -2.693539718165993690e-03 9.568530917167663574e-01
1.818417571485042572e-02 -5.534539464861154556e-03 9.109184145927429199e-01
1.299906522035598755e-02 -6.616957951337099075e-03 9.102205038070678711e-01
-4.536207998171448708e-04 -8.083650842308998108e-03 9.745457768440246582e-01
-8.546661585569381714e-03 -3.113303100690245628e-03 9.555589556694030762e-01
-8.597753010690212250e-03 -7.776645012199878693e-03 9.307440519332885742e-01
3.809171263128519058e-03 -9.938207454979419708e-03 9.528111815452575684e-01
1.543036010116338730e-02 -1.734394952654838562e-02 8.391974568367004395e-01
1.419777981936931610e-02 -1.734801568090915680e-02 8.185751438140869141e-01
1.851477846503257751e-02 -1.729217544198036194e-02 9.067308306694030762e-01
1.539069507271051407e-02 -1.096271816641092300e-02 9.243091940879821777e-01
1.035832893103361130e-02 -7.722240872681140900e-03 9.514546394348144531e-01
1.134933345019817352e-02 -3.726858645677566528e-03 9.295318722724914551e-01
1.484501827508211136e-02 -4.655201337300240993e-04 8.299974203109741211e-01
1.475548744201660156e-02 -8.220353163778781891e-03 7.798258066177368164e-01
8.259193040430545807e-03 -1.287888921797275543e-02 6.566527485847473145e-01
9.639460593461990356e-03 -1.298224832862615585e-02 6.046256422996520996e-01
1.596447266638278961e-02 -1.074117701500654221e-02 6.014066934585571289e-01
1.174953207373619080e-02 -6.827000062912702560e-03 5.239023566246032715e-01
1.613793522119522095e-02 -1.366616226732730865e-02 6.036677360534667969e-01
1.262695528566837311e-02 -1.352575980126857758e-02 5.726535320281982422e-01
7.483918685466051102e-03 -1.382729690521955490e-02 7.386109232902526855e-01
-1.622852287255227566e-04 -1.440934836864471436e-02 1.032391667366027832e+00
1.971870847046375275e-02 -1.575578935444355011e-02 8.956115841865539551e-01
1.834241487085819244e-02 -8.455655537545681000e-03 8.195999264717102051e-01
1.796087250113487244e-02 -1.245889812707901001e-02 8.779268264770507812e-01
8.747025392949581146e-03 -8.505978621542453766e-03 7.755756378173828125e-01
6.763914600014686584e-03 -2.076568547636270523e-03 6.792953014373779297e-01
5.238441750407218933e-03 -9.328215382993221283e-03 9.305410385131835938e-01
1.225868822075426579e-03 -1.214865129441022873e-02 1.031741261482238770e+00
1.008659321814775467e-02 -7.567965891212224960e-03 7.766076326370239258e-01
8.233834989368915558e-03 -3.250972833484411240e-03 7.450384497642517090e-01
1.741135492920875549e-03 -6.340204738080501556e-03 6.186025142669677734e-01
1.903723343275487423e-03 -7.308256346732378006e-03 4.694646596908569336e-01
4.167263396084308624e-03 -1.841438561677932739e-02 6.030390858650207520e-01
1.136880554258823395e-02 -2.458048425614833832e-02 9.301094412803649902e-01
1.048559416085481644e-02 -2.035591192543506622e-02 9.886106848716735840e-01
2.422111341729760170e-03 -1.801566407084465027e-02 9.757319688796997070e-01
2.812037244439125061e-03 -1.109487004578113556e-02 7.563186883926391602e-01
4.272789228707551956e-03 -1.088843774050474167e-02 7.107153534889221191e-01
3.771899733692407608e-03 -1.508794166147708893e-02 8.309013247489929199e-01
-2.019135135924443603e-04 -1.180550083518028259e-02 8.812380433082580566e-01
1.412997487932443619e-03 -1.126437913626432419e-02 8.476418256759643555e-01
-7.466157694580033422e-05 -1.165561843663454056e-02 7.702739238739013672e-01
-2.506950637325644493e-03 -2.449478488415479660e-03 6.034179925918579102e-01
-7.396608707495033741e-04 3.213696647435426712e-03 5.642992854118347168e-01
4.764158744364976883e-03 -4.502553492784500122e-03 6.495617032051086426e-01
1.917266659438610077e-02 -1.127046905457973480e-02 8.353009223937988281e-01
1.148813962936401367e-02 -1.557449251413345337e-02 8.789821863174438477e-01
3.866597777232527733e-03 -1.824762858450412750e-02 9.538759589195251465e-01
9.586964733898639679e-04 -1.708654314279556274e-02 8.819845914840698242e-01
3.926246892660856247e-03 -1.547599397599697113e-02 7.964551448822021484e-01
-1.361480914056301117e-03 -1.041786558926105499e-02 6.627185940742492676e-01
-1.825486426241695881e-03 -7.573653478175401688e-03 5.877645015716552734e-01
-4.216419532895088196e-03 -4.689051304012537003e-03 4.521998763084411621e-01
-2.651409013196825981e-03 -9.324594400823116302e-03 6.136486530303955078e-01
-3.787993453443050385e-03 -1.193127967417240143e-02 7.275861501693725586e-01
2.769566373899579048e-03 -1.791007816791534424e-02 8.874801397323608398e-01
7.143919356167316437e-03 -1.584863103926181793e-02 9.186673164367675781e-01
1.018392946571111679e-02 -1.340440101921558380e-02 8.358435630798339844e-01
5.534606520086526871e-03 -5.390598904341459274e-03 6.935627460479736328e-01
4.142008256167173386e-03 -2.234915737062692642e-03 6.422140598297119141e-01
3.861217759549617767e-03 -2.646918641403317451e-03 6.348016858100891113e-01
3.044966841116547585e-03 -9.256120771169662476e-03 6.487084627151489258e-01
6.632137577980756760e-03 -1.308204792439937592e-02 6.792713999748229980e-01
2.600212814286351204e-03 -1.573677174746990204e-02 7.080218195915222168e-01
4.667968023568391800e-03 -1.695509068667888641e-02 7.566211819648742676e-01
2.405488630756735802e-03 -1.388515904545783997e-02 8.145870566368103027e-01
-1.021402189508080482e-03 -1.577302627265453339e-02 7.738868594169616699e-01
1.508602593094110489e-02 -2.021245658397674561e-02 8.875699043273925781e-01
1.472430489957332611e-02 -1.667236536741256714e-02 8.791091442108154297e-01
1.430962886661291122e-02 -1.396302599459886551e-02 7.568594813346862793e-01
1.732405088841915131e-02 -1.265937276184558868e-02 7.278817296028137207e-01
1.760005205869674683e-02 -7.752107921987771988e-03 7.114235162734985352e-01
1.687764003872871399e-02 -9.709139354526996613e-03 6.452353000640869141e-01
1.560849882662296295e-02 -1.650470122694969177e-02 7.192189693450927734e-01
1.456129923462867737e-02 -1.554942782968282700e-02 7.425388097763061523e-01
8.669530041515827179e-03 -1.561837270855903625e-02 8.594450950622558594e-01
7.469599600881338120e-03 -1.739535853266716003e-02 1.046329498291015625e+00
6.425747647881507874e-03 -1.795708201825618744e-02 8.813461661338806152e-01
6.158023606985807419e-03 -2.103536948561668396e-02 8.516112565994262695e-01
1.234803255647420883e-02 -1.917342841625213623e-02 9.985405802726745605e-01
6.508000195026397705e-03 -1.710988581180572510e-02 1.086175203323364258e+00
-6.151982233859598637e-04 -1.436873059719800949e-02 1.002408504486083984e+00
1.620421372354030609e-02 -9.609219618141651154e-03 9.385054111480712891e-01
1.303171180188655853e-02 -9.658967144787311554e-03 8.923663496971130371e-01
1.190893724560737610e-02 -8.542950265109539032e-03 8.279291987419128418e-01
1.191394776105880737e-02 -8.969055488705635071e-03 7.901358008384704590e-01
9.255183860659599304e-03 -1.237666141241788864e-02 8.142877221107482910e-01
1.061626244336366653e-02 -1.264024991542100906e-02 8.225274682044982910e-01
1.030478533357381821e-02 -1.274220924824476242e-02 8.235377073287963867e-01
5.633633583784103394e-03 -1.300512254238128662e-02 7.556994557380676270e-01
4.109830129891633987e-03 -1.489772368222475052e-02 7.935509681701660156e-01
6.512331310659646988e-03 -1.270984858274459839e-02 8.039815425872802734e-01
1.389219611883163452e-02 -1.110624242573976517e-02 8.390482664108276367e-01
9.975235909223556519e-03 -1.244761049747467041e-02 8.602118492126464844e-01
9.423492476344108582e-03 -1.076080184429883957e-02 9.630413055419921875e-01
9.678458794951438904e-03 -1.436469424515962601e-02 1.021329045295715332e+00
4.378220997750759125e-03 -1.075966097414493561e-02 1.004484891891479492e+00
4.032512952107936144e-04 -5.411541555076837540e-03 9.391989707946777344e-01
7.183582056313753128e-03 -9.012487716972827911e-03 7.880582213401794434e-01
5.010217893868684769e-03 -1.260265801101922989e-02 8.480608463287353516e-01
7.364358287304639816e-03 -1.604248955845832825e-02 9.161390066146850586e-01
1.019085571169853210e-02 -1.788112707436084747e-02 8.867766261100769043e-01
1.986658573150634766e-02 -2.134562097489833832e-02 8.180596232414245605e-01
1.933999545872211456e-02 -2.125368453562259674e-02 6.900215148925781250e-01
2.086557820439338684e-02 -2.319335937500000000e-02 5.874086618423461914e-01
1.613457128405570984e-02 -2.175647765398025513e-02 6.251422762870788574e-01
1.271966192871332169e-02 -1.879749447107315063e-02 6.353995800018310547e-01
6.464797537773847580e-03 -1.841227337718009949e-02 5.457504391670227051e-01
1.215613097883760929e-03 -1.365026552230119705e-02 4.744664132595062256e-01
4.933743271976709366e-03 -1.532104425132274628e-02 5.257758498191833496e-01
3.105242270976305008e-03 -9.538131766021251678e-03 5.688499212265014648e-01
8.349618874490261078e-03 -1.273193024098873138e-02 6.889486312866210938e-01
9.172704070806503296e-03 -2.235284820199012756e-02 7.706599235534667969e-01
9.923191741108894348e-03 -1.897421479225158691e-02 8.118486404418945312e-01
1.056208647787570953e-02 -1.846992783248424530e-02 8.413428068161010742e-01
8.089000359177589417e-03 -1.458125188946723938e-02 7.447485327720642090e-01
1.673195138573646545e-02 -1.369610079564154148e-03 5.941359996795654297e-01
1.467907987534999847e-02 4.290433600544929504e-03 5.715119838714599609e-01
1.051768101751804352e-02 -2.197503577917814255e-03 6.148614883422851562e-01
2.401869976893067360e-03 -6.789300590753555298e-03 6.683565378189086914e-01
4.987336229532957077e-03 -7.833034731447696686e-03 7.053263783454895020e-01
4.514037631452083588e-03 -7.577346637845039368e-03 7.801164388656616211e-01
2.772558014839887619e-03 -1.299440953880548477e-02 8.136813044548034668e-01
7.044673431664705276e-03 -1.173593010753393173e-02 5.998367667198181152e-01
7.815391756594181061e-03 -1.349254790693521500e-02 5.035749077796936035e-01
6.193960085511207581e-03 -1.736108027398586273e-02 5.274547934532165527e-01
1.078392937779426575e-02 -2.505792491137981415e-02 6.731230020523071289e-01
1.782148703932762146e-02 -2.643980272114276886e-02 8.591493368148803711e-01
2.093105763196945190e-02 -2.120565064251422882e-02 7.784493565559387207e-01
9.616922587156295776e-03 -2.091843821108341217e-02 6.720313429832458496e-01
1.257884968072175980e-02 -2.360521256923675537e-02 7.860076427459716797e-01
8.603272028267383575e-03 -1.640752889215946198e-02 8.104353547096252441e-01
1.087258011102676392e-02 -1.904163882136344910e-02 8.513867259025573730e-01
4.635232966393232346e-03 -1.954551041126251221e-02 8.005819320678710938e-01
-1.400513574481010437e-03 -1.820899173617362976e-02 8.046092987060546875e-01
-6.267598364502191544e-04 -1.418414898216724396e-02 6.757173538208007812e-01
6.977033801376819611e-03 -1.087398827075958252e-02 7.291970252990722656e-01
8.844949305057525635e-03 -6.877400446683168411e-03 6.677082777023315430e-01
1.470747683197259903e-02 -4.415861796587705612e-03 7.104815840721130371e-01
7.324214559048414230e-03 -4.652094561606645584e-03 7.472518086433410645e-01
-3.754598146770149469e-04 -1.030860655009746552e-02 6.929370164871215820e-01
5.055924993939697742e-04 -1.132040098309516907e-02 9.249346852302551270e-01
6.216238718479871750e-03 -1.189608220010995865e-02 9.727321863174438477e-01
1.566656306385993958e-02 -9.113305248320102692e-03 8.782571554183959961e-01
1.809774152934551239e-02 -1.142293214797973633e-02 8.469461798667907715e-01
1.257968600839376450e-02 -1.336203329265117645e-02 7.647449970245361328e-01
9.748000651597976685e-03 -1.587632670998573303e-02 8.591057658195495605e-01
5.257001612335443497e-03 -9.933800436556339264e-03 9.160106182098388672e-01
6.699924357235431671e-03 -9.742876514792442322e-03 8.993830084800720215e-01
7.316123694181442261e-03 -9.107043035328388214e-03 9.234635233879089355e-01
1.608166471123695374e-02 -1.395300123840570450e-02 9.431160688400268555e-01
2.171591855585575104e-02 -1.346003636717796326e-02 9.180101156234741211e-01
2.037224546074867249e-02 -1.101164799183607101e-02 8.497075438499450684e-01
1.599846966564655304e-02 -6.009978707879781723e-03 8.586824536323547363e-01
1.297809835523366928e-02 -1.253164722584187984e-03 8.194725513458251953e-01
1.430676784366369247e-02 -6.069332594051957130e-04 7.179507613182067871e-01
1.449234876781702042e-02 -2.411272609606385231e-03 7.110772728919982910e-01
1.529263891279697418e-02 -1.535435090772807598e-03 6.817421913146972656e-01
1.612203568220138550e-02 -6.569032557308673859e-03 8.380834460258483887e-01
1.515512075275182724e-02 -9.258664213120937347e-03 9.455000758171081543e-01
1.573302783071994781e-02 -1.032887864857912064e-02 9.745995998382568359e-01
1.412173639982938766e-02 -1.596405170857906342e-02 1.013088941574096680e+00
1.141485199332237244e-02 -1.774780079722404480e-02 1.015602588653564453e+00
1.650141365826129913e-02 -2.049914374947547913e-02 1.039376974105834961e+00
1.561413519084453583e-02 -1.925317943096160889e-02 8.913695812225341797e-01
1.457835547626018524e-02 -1.509104948490858078e-02 8.213381767272949219e-01
1.524314656853675842e-02 -4.734167829155921936e-03 7.282648682594299316e-01
2.479980327188968658e-02 -5.409382749348878860e-03 7.338992953300476074e-01
2.366634644567966461e-02 -1.622992381453514099e-02 7.279868721961975098e-01
7.140363100916147232e-03 -1.733560860157012939e-02 7.848193645477294922e-01
7.017888128757476807e-03 -1.033573783934116364e-02 7.762520313262939453e-01
7.867032662034034729e-03 -7.635104469954967499e-03 8.048002123832702637e-01
4.953522700816392899e-03 -4.879516083747148514e-03 7.728101015090942383e-01
2.481565577909350395e-03 -6.464475300163030624e-03 8.482354879379272461e-01
4.271599929779767990e-03 -9.607736952602863312e-03 7.898185253143310547e-01
2.628505928441882133e-03 -5.632454995065927505e-03 7.012047767639160156e-01
1.128508057445287704e-02 -7.453022990375757217e-03 7.725563645362854004e-01
5.510737188160419464e-03 -1.027477718889713287e-02 9.109164476394653320e-01
5.752827040851116180e-03 -1.349114812910556793e-02 9.494940042495727539e-01
3.549651242792606354e-03 -1.501943171024322510e-02 9.330964088439941406e-01
4.402091726660728455e-03 -1.351579371839761734e-02 9.724828600883483887e-01
5.972323473542928696e-03 -1.182745769619941711e-02 8.795219659805297852e-01
1.614652224816381931e-03 -9.795793332159519196e-03 8.369461297988891602e-01
2.292426070198416710e-03 -1.278648804873228073e-02 8.731587529182434082e-01
1.447035581804811954e-03 -1.264058332890272141e-02 8.524399399757385254e-01
1.328627928160130978e-03 -1.046357396990060806e-02 9.153913259506225586e-01
-1.661869580857455730e-03 -1.180001534521579742e-02 9.360888004302978516e-01
-2.668113680556416512e-03 -1.324994489550590515e-02 9.161844253540039062e-01
6.845461903139948845e-04 -1.164648123085498810e-02 8.547840118408203125e-01
1.614345703274011612e-03 -1.021402515470981598e-02 8.975504040718078613e-01
-6.141975522041320801e-03 -1.036991551518440247e-02 7.980961799621582031e-01
-6.595141254365444183e-03 -1.234968286007642746e-02 7.714725136756896973e-01
-5.728574935346841812e-03 -1.467032358050346375e-02 8.044995665550231934e-01
-1.695942715741693974e-03 -1.546564325690269470e-02 8.857585787773132324e-01
-4.948705282004084438e-06 -1.206014771014451981e-02 8.858239054679870605e-01
2.891952404752373695e-03 -1.127768494188785553e-02 9.061462283134460449e-01
5.196176003664731979e-03 -1.450007595121860504e-02 9.240952134132385254e-01
-1.085433323169127107e-04 -1.349428389221429825e-02 9.725702404975891113e-01
1.015379559248685837e-03 -1.560441683977842331e-02 9.979386925697326660e-01
-5.740045569837093353e-03 -1.547390967607498169e-02 9.500923752784729004e-01
-4.817820619791746140e-03 -1.146790571510791779e-02 8.183448910713195801e-01
-1.427567796781659126e-03 -1.100653596222400665e-02 7.218177318572998047e-01
3.155712271109223366e-03 -1.587917841970920563e-02 7.586360573768615723e-01
1.415958814322948456e-02 -1.735968515276908875e-02 7.834291458129882812e-01
1.728343404829502106e-02 -1.710896193981170654e-02 7.930947542190551758e-01
1.612567529082298279e-02 -1.635670289397239685e-02 8.142254352569580078e-01
8.671334013342857361e-03 -1.423763949424028397e-02 9.020767807960510254e-01
1.120117492973804474e-02 -1.197669468820095062e-02 8.650727272033691406e-01
1.802027784287929535e-02 -1.417571585625410080e-02 7.012614011764526367e-01
1.518360897898674011e-02 -1.374280080199241638e-02 7.659866213798522949e-01
6.642480380833148956e-03 -1.161524653434753418e-02 1.076501607894897461e+00
6.789322942495346069e-03 -1.795822195708751678e-02 1.053414821624755859e+00
6.814881227910518646e-03 -1.360079087316989899e-02 8.876048922538757324e-01
2.079641679301857948e-03 -1.030360441654920578e-02 8.265185356140136719e-01
4.800590104423463345e-04 -1.460272632539272308e-02 9.183166027069091797e-01
-8.236798457801342010e-04 -1.193274743854999542e-02 1.150490641593933105e+00
-8.755302987992763519e-03 -1.235004980117082596e-02 1.295556664466857910e+00
-8.942425251007080078e-03 -1.845323294401168823e-02 1.334285855293273926e+00
-1.021562237292528152e-02 -1.235009171068668365e-02 1.158322572708129883e+00
-1.144064869731664658e-02 -1.305794715881347656e-02 1.147423148155212402e+00
-9.957016445696353912e-03 -1.079120021313428879e-02 1.149065017700195312e+00
-1.531015965156257153e-03 -1.193529088050127029e-02 1.187592267990112305e+00
3.569018794223666191e-03 -1.440779771655797958e-02 1.716971874237060547e+00
1.896572532132267952e-03 -1.789086684584617615e-02 1.886858940124511719e+00
-2.572732046246528625e-03 -1.985674165189266205e-02 1.750447988510131836e+00
-3.287686966359615326e-03 -2.254865504801273346e-02 1.523307681083679199e+00
-4.231798928231000900e-03 -2.185505442321300507e-02 1.214639544486999512e+00
-9.598881937563419342e-03 -2.102951332926750183e-02 1.120242357254028320e+00
-1.822295598685741425e-02 -2.026754058897495270e-02 1.162777662277221680e+00
-1.178889628499746323e-02 -1.762606203556060791e-02 8.384221792221069336e-01
-7.799250073730945587e-03 -1.185390166938304901e-02 6.630279421806335449e-01
-3.597852308303117752e-03 -2.039764635264873505e-02 6.876202225685119629e-01
-1.381591986864805222e-02 -1.980269141495227814e-02 6.245030164718627930e-01
-8.837721310555934906e-03 -1.081236358731985092e-02 4.151242971420288086e-01
-9.459879249334335327e-03 -6.645086221396923065e-03 3.920212388038635254e-01
-8.522771298885345459e-03 -1.548297889530658722e-02 7.619944810867309570e-01
-1.413879916071891785e-02 -2.117124199867248535e-02 9.746523499488830566e-01
-1.306655630469322205e-02 -1.781314797699451447e-02 8.861816525459289551e-01
-2.263238094747066498e-02 -1.584799028933048248e-02 8.123797178268432617e-01
-1.969926804304122925e-02 -1.553666032850742340e-02 7.124090790748596191e-01
-1.430008001625537872e-02 -1.577911153435707092e-02 7.810621261596679688e-01
-1.112011820077896118e-02 -1.524681039154529572e-02 7.599404454231262207e-01
-2.570077963173389435e-02 -1.789608411490917206e-02 8.535454273223876953e-01
-2.385593205690383911e-02 -1.953247375786304474e-02 8.445700407028198242e-01
-2.055733650922775269e-02 -2.433041296899318695e-02 9.724224209785461426e-01
-2.910138852894306183e-02 -2.037231065332889557e-02 1.010861992835998535e+00
-1.434591133147478104e-02 -1.881843805313110352e-02 7.654728293418884277e-01
-3.539462108165025711e-03 -1.491464581340551376e-02 4.718056917190551758e-01
-2.206126926466822624e-03 -1.376698818057775497e-02 4.162558615207672119e-01
-1.423518080264329910e-02 -1.250373385846614838e-02 5.925993323326110840e-01
-1.311102509498596191e-02 -1.208700332790613174e-02 6.326817274093627930e-01
-1.455574855208396912e-02 -1.131691783666610718e-02 5.972051024436950684e-01
-1.714746095240116119e-02 -1.603177748620510101e-02 6.939432621002197266e-01
-1.581695862114429474e-02 -9.707062505185604095e-03 6.188853979110717773e-01
-2.192506194114685059e-02 -8.770970627665519714e-03 6.879168748855590820e-01
-2.437577582895755768e-02 -1.248444058001041412e-02 6.969553232192993164e-01
-2.378181926906108856e-02 -8.613221347332000732e-03 5.567209720611572266e-01
-1.450777146965265274e-02 -7.636162918061017990e-03 5.613963007926940918e-01
-2.811245853081345558e-03 -1.118351053446531296e-02 6.315029859542846680e-01
-1.964939758181571960e-02 -3.361873095855116844e-03 5.414813160896301270e-01
-1.515485811978578568e-02 -6.885725539177656174e-03 6.927875876426696777e-01
-1.315837725996971130e-02 -1.392309647053480148e-02 7.791383862495422363e-01
-1.608603075146675110e-02 -1.560372486710548401e-02 7.000671625137329102e-01
-2.130474522709846497e-02 -1.384572871029376984e-02 7.146652340888977051e-01
-2.732547745108604431e-02 -1.393924094736576080e-02 6.764684915542602539e-01
-2.963076531887054443e-02 -1.110298093408346176e-02 4.520352780818939209e-01
-2.153427153825759888e-02 -8.571377024054527283e-03 3.544335961341857910e-01
-1.474174298346042633e-02 -1.424267143011093140e-02 5.381309986114501953e-01
-1.742725819349288940e-02 -1.288650371134281158e-02 5.923628807067871094e-01
-2.095305174589157104e-02 -8.444201201200485229e-03 5.269055366516113281e-01
-2.679741941392421722e-02 -7.631652057170867920e-03 6.226868033409118652e-01
-2.568069845438003540e-02 -7.055168971419334412e-03 5.528644919395446777e-01
-2.373218722641468048e-02 -7.533825002610683441e-03 5.127846002578735352e-01
-1.658380217850208282e-02 -6.644019857048988342e-03 5.835520029067993164e-01
-1.398496888577938080e-02 -9.773894213140010834e-03 7.606059312820434570e-01
-1.634807139635086060e-02 -9.818477556109428406e-03 7.362078428268432617e-01
-9.114312939345836639e-03 -6.752040702849626541e-03 6.168609857559204102e-01
-7.289777044206857681e-03 -5.978382192552089691e-03 6.429624557495117188e-01
-7.079510018229484558e-03 -7.110284641385078430e-03 5.969313383102416992e-01
-2.159276977181434631e-03 -9.431504644453525543e-03 5.316654443740844727e-01
-3.884283592924475670e-03 -6.903541740030050278e-03 5.226536989212036133e-01
-2.070191549137234688e-03 -5.485491361469030380e-03 4.547215104103088379e-01
2.518538618460297585e-03 -9.783366695046424866e-03 5.194242596626281738e-01
-1.037952117621898651e-02 -1.008195988833904266e-02 7.762126326560974121e-01
-2.222524024546146393e-02 -1.437521446496248245e-02 1.013458132743835449e+00
-2.425142005085945129e-02 -1.484642177820205688e-02 1.097090363502502441e+00
-2.321850694715976715e-02 -1.562925986945629120e-02 1.139524579048156738e+00
-2.220033481717109680e-02 -1.557903643697500229e-02 1.098715662956237793e+00
-1.527384854853153229e-02 -1.414895616471767426e-02 9.445887804031372070e-01
1.712700817734003067e-03 -1.242676842957735062e-02 7.789413928985595703e-01
3.393927356228232384e-03 -1.197784394025802612e-02 7.188099026679992676e-01
-2.744795521721243858e-03 -8.616041392087936401e-03 6.326300501823425293e-01
-1.399332890287041664e-03 -1.091398019343614578e-02 7.057354450225830078e-01
4.689305089414119720e-03 -1.415192335844039917e-02 7.916541695594787598e-01
6.238680332899093628e-03 -1.419409271329641342e-02 8.129619956016540527e-01
6.304614711552858353e-03 -6.972054019570350647e-03 8.033517003059387207e-01
6.382489111274480820e-03 -9.784573689103126526e-03 8.226444125175476074e-01
5.892813205718994141e-03 -1.001130603253841400e-02 8.279665708541870117e-01
6.729399319738149643e-03 -1.463322248309850693e-02 8.963032364845275879e-01
6.175113376230001450e-03 -1.693738251924514771e-02 8.789514899253845215e-01
7.945778779685497284e-03 -1.888835057616233826e-02 8.218525648117065430e-01
1.154152769595384598e-02 -1.897136680781841278e-02 7.705279588699340820e-01
1.214445941150188446e-02 -1.772494241595268250e-02 8.227670788764953613e-01
1.733200997114181519e-02 -1.831030100584030151e-02 8.348855972290039062e-01
1.970840990543365479e-02 -2.356009371578693390e-02 8.193395137786865234e-01
1.587701402604579926e-02 -2.242170274257659912e-02 8.003738522529602051e-01
1.138894911855459213e-02 -1.547389291226863861e-02 6.582413315773010254e-01
1.127790566533803940e-02 -1.202815957367420197e-02 6.156419515609741211e-01
1.290582492947578430e-02 -1.370422542095184326e-02 7.555346488952636719e-01
1.575756072998046875e-02 -1.704630441963672638e-02 8.465586304664611816e-01
1.496173162013292313e-02 -1.425400562584400177e-02 7.444441318511962891e-01
6.229064892977476120e-03 -1.279829908162355423e-02 6.728386878967285156e-01
2.400937722995877266e-03 -9.330505505204200745e-03 7.233581542968750000e-01
1.335115754045546055e-03 -6.675086449831724167e-03 6.859765052795410156e-01
5.321586038917303085e-03 -1.070075202733278275e-02 6.787787675857543945e-01
7.169144693762063980e-03 -1.910175569355487823e-02 8.307542204856872559e-01
1.816719584167003632e-02 -2.283046953380107880e-02 8.630633950233459473e-01
1.816860586404800415e-02 -2.121268212795257568e-02 8.026900887489318848e-01
4.854410886764526367e-03 -1.256655436009168625e-02 7.204007506370544434e-01
6.985163316130638123e-03 -9.170839563012123108e-03 6.846295595169067383e-01
1.380168978357687593e-04 -9.753838181495666504e-03 7.150466442108154297e-01
-8.720764890313148499e-03 -8.789517916738986969e-03 7.806922197341918945e-01
-8.910581469535827637e-03 -1.209556031972169876e-02 9.007546901702880859e-01
-8.474686183035373688e-03 -1.126506086438894272e-02 8.035425543785095215e-01
-1.920230337418615818e-03 -1.133067626506090164e-02 7.418572306632995605e-01
-4.326749593019485474e-03 -1.212544832378625870e-02 7.548038959503173828e-01
2.781171351671218872e-03 -1.853951252996921539e-02 7.607544064521789551e-01
1.094766892492771149e-02 -2.081315033137798309e-02 7.783703804016113281e-01
5.639685317873954773e-03 -1.579698547720909119e-02 6.910904049873352051e-01
-4.574123304337263107e-03 -1.399226579815149307e-02 6.771553754806518555e-01
-3.823691513389348984e-03 -1.692978665232658386e-02 7.451322674751281738e-01
-2.797183115035295486e-03 -1.538845431059598923e-02 6.512981653213500977e-01
1.468727248720824718e-03 -8.652933873236179352e-03 5.628373622894287109e-01
-2.236255444586277008e-03 -1.478613354265689850e-02 7.112585306167602539e-01
1.777762896381318569e-03 -1.693895272910594940e-02 8.170418143272399902e-01
1.007950026541948318e-02 -1.280207466334104538e-02 7.561308145523071289e-01
7.005130406469106674e-03 -1.491950359195470810e-02 7.292535305023193359e-01
3.574540372937917709e-03 -1.838093809783458710e-02 7.212129235267639160e-01
2.774546155706048012e-03 -1.606358587741851807e-02 8.353751897811889648e-01
2.363280364079400897e-04 -1.527356915175914764e-02 7.232424020767211914e-01
-3.698319895192980766e-03 -1.562476437538862228e-02 6.206654310226440430e-01
-1.824952429160475731e-03 -1.627729088068008423e-02 8.470491766929626465e-01
2.676219679415225983e-03 -1.536635868251323700e-02 8.442984223365783691e-01
1.675040926784276962e-03 -1.780951954424381256e-02 9.465637207031250000e-01
3.162852721288800240e-03 -1.675702445209026337e-02 8.177479505538940430e-01
3.937951289117336273e-03 -1.796747185289859772e-02 8.325461149215698242e-01
5.517680663615465164e-03 -2.109722420573234558e-02 9.641076326370239258e-01
9.104552678763866425e-03 -1.971266791224479675e-02 8.953854441642761230e-01
1.189320348203182220e-02 -1.844940707087516785e-02 8.287281394004821777e-01
8.097003214061260223e-03 -1.565515622496604919e-02 7.197921276092529297e-01
-9.823520667850971222e-04 -1.459980383515357971e-02 7.491636276245117188e-01
-1.558146555908024311e-03 -1.330711413174867630e-02 6.998977065086364746e-01
2.038345206528902054e-03 -1.004701573401689529e-02 6.775686144828796387e-01
6.913427729159593582e-03 -7.020984310656785965e-03 6.651651263236999512e-01
3.717970801517367363e-03 -1.134207285940647125e-02 6.176437139511108398e-01
4.819041583687067032e-03 -2.022743411362171173e-02 6.686885356903076172e-01
4.218383226543664932e-03 -1.550271827727556229e-02 7.977452278137207031e-01
2.541296416893601418e-03 -1.640908606350421906e-02 7.926383614540100098e-01
8.074016310274600983e-03 -1.926399394869804382e-02 7.446119189262390137e-01
9.414853528141975403e-03 -1.614034920930862427e-02 5.543574690818786621e-01
9.167811367660760880e-04 -1.224220357835292816e-02 4.110154807567596436e-01
7.174340425990521908e-04 -1.298204809427261353e-02 5.731233954429626465e-01
2.333771670237183571e-03 -1.745237037539482117e-02 7.363498806953430176e-01
2.674848365131765604e-04 -1.579052768647670746e-02 7.338023781776428223e-01
-1.835167349781841040e-04 -1.486712042242288589e-02 6.481214165687561035e-01
3.042492317035794258e-03 -1.255841273814439774e-02 6.717731952667236328e-01
7.526976056396961212e-03 -1.629901491105556488e-02 7.166565656661987305e-01
-3.439235268160700798e-03 -1.636676117777824402e-02 7.005196213722229004e-01
-3.263715654611587524e-03 -1.839679665863513947e-02 6.679468154907226562e-01
5.539665464311838150e-03 -1.161340624094009399e-02 6.319491267204284668e-01
3.283801255747675896e-03 -1.387100387364625931e-02 7.080615162849426270e-01
5.306421779096126556e-03 -1.539699081331491470e-02 7.222109436988830566e-01
-7.868557237088680267e-03 -1.493575237691402435e-02 7.120885252952575684e-01
-2.161254733800888062e-02 -9.838872589170932770e-03 5.848371386528015137e-01
-2.189837954938411713e-02 -4.627214279025793076e-03 5.055791139602661133e-01
-1.056254375725984573e-02 -1.117608137428760529e-02 5.721236467361450195e-01
-8.671854739077389240e-04 -1.611305959522724152e-02 8.038072586059570312e-01
-9.761970490217208862e-03 -1.693630404770374298e-02 9.358238577842712402e-01
-1.321004610508680344e-02 -9.127129800617694855e-03 8.736345767974853516e-01
-1.313437335193157196e-02 -1.008396036922931671e-02 8.116900324821472168e-01
-6.427304353564977646e-03 -1.491199992597103119e-02 7.749766707420349121e-01
-1.358701940625905991e-02 -1.814784668385982513e-02 8.049573302268981934e-01
-2.676475793123245239e-03 -1.626416854560375214e-02 7.028391361236572266e-01
9.705370292067527771e-03 -1.755840331315994263e-02 6.746776103973388672e-01
1.395917590707540512e-02 -1.509475335478782654e-02 6.195912957191467285e-01
1.012358535081148148e-02 -9.962245821952819824e-03 5.728628635406494141e-01
1.026311237365007401e-02 -1.012294553220272064e-02 5.662657618522644043e-01
1.137840375304222107e-02 -5.999667104333639145e-03 5.201185345649719238e-01
1.271075103431940079e-02 -2.125537954270839691e-03 5.230425000190734863e-01
1.671561971306800842e-02 -8.411055430769920349e-03 6.941138505935668945e-01
1.237677317112684250e-02 -4.145638085901737213e-03 6.175363659858703613e-01
7.680021226406097412e-03 -4.231362137943506241e-03 5.603094100952148438e-01
8.733301423490047455e-03 -6.978836376219987869e-03 5.540626645088195801e-01
6.258737761527299881e-03 -5.118662025779485703e-03 5.186250805854797363e-01
9.646449238061904907e-03 -6.849270313978195190e-03 5.483833551406860352e-01
1.201318018138408661e-02 -8.240593597292900085e-03 5.927897691726684570e-01
9.085904806852340698e-03 -1.841719145886600018e-03 5.197300910949707031e-01
2.827420830726623535e-03 1.178417354822158813e-03 5.400130152702331543e-01
4.842254798859357834e-03 -2.291889162734150887e-03 5.618705749511718750e-01
5.895880982279777527e-03 -3.522924613207578659e-03 5.179854631423950195e-01
8.278178982436656952e-03 -3.713621757924556732e-03 5.141299962997436523e-01
1.479822956025600433e-02 -3.136699087917804718e-04 4.126771390438079834e-01
1.329659204930067062e-02 -1.111313467845320702e-03 3.304946720600128174e-01
1.240287255495786667e-02 -8.981364662759006023e-04 2.833229005336761475e-01
1.279494445770978928e-02 4.330991650931537151e-04 3.067222237586975098e-01
1.011015009135007858e-02 1.910272403620183468e-03 3.590138852596282959e-01
5.862464662641286850e-03 -2.281971741467714310e-03 4.479977488517761230e-01
6.765902508050203323e-03 -7.478010375052690506e-03 4.747936427593231201e-01
1.290042046457529068e-02 -9.796001948416233063e-03 4.212832748889923096e-01
1.692375168204307556e-02 -8.340815082192420959e-03 4.087528884410858154e-01
1.964804902672767639e-02 -9.258529171347618103e-03 4.605584740638732910e-01
1.853441447019577026e-02 -4.823305178433656693e-03 5.296908617019653320e-01
1.730797067284584045e-02 -5.600818432867527008e-03 5.607770681381225586e-01
1.430266257375478745e-02 -7.122369483113288879e-03 5.662047863006591797e-01
9.891033172607421875e-03 -1.402033772319555283e-02 6.125049591064453125e-01
8.207073435187339783e-03 -1.462777331471443176e-02 6.857423186302185059e-01
9.145250543951988220e-03 -1.411486789584159851e-02 7.136638760566711426e-01
1.219436246901750565e-02 -1.070254109799861908e-02 6.642180085182189941e-01
9.804708883166313171e-03 -7.488066330552101135e-03 5.888816118240356445e-01
6.964860484004020691e-03 -8.690373972058296204e-03 6.657509207725524902e-01
9.066730737686157227e-03 -9.956536814570426941e-03 6.796848773956298828e-01
5.590368062257766724e-03 -7.857228629291057587e-03 6.072059273719787598e-01
6.033590994775295258e-03 -1.316779013723134995e-02 6.492149233818054199e-01
6.612324621528387070e-03 -1.580551266670227051e-02 7.585516571998596191e-01
5.560157820582389832e-03 -1.510036550462245941e-02 6.489030718803405762e-01
-1.445026369765400887e-03 -1.354886032640933990e-02 6.964266896247863770e-01
7.868030807003378868e-04 -1.251219213008880615e-02 7.901406884193420410e-01
2.683618571609258652e-03 -1.460559852421283722e-02 8.930962085723876953e-01
6.829337798990309238e-04 -1.808427087962627411e-02 9.164276719093322754e-01
-2.184838987886905670e-03 -1.542587205767631531e-02 8.190857768058776855e-01
4.050105344504117966e-03 -1.655279658734798431e-02 8.003784418106079102e-01
7.173966616392135620e-03 -1.876767165958881378e-02 8.137686848640441895e-01
8.466420695185661316e-03 -1.527079474180936813e-02 7.420292496681213379e-01
1.577846519649028778e-02 -1.394549664109945297e-02 6.007401347160339355e-01
1.049287244677543640e-02 -1.046318467706441879e-02 5.519250035285949707e-01
7.766114082187414169e-03 -9.636838920414447784e-03 5.567041039466857910e-01
4.466556012630462646e-03 -1.067232806235551834e-02 5.928108096122741699e-01
2.054804703220725060e-03 -6.032164208590984344e-03 4.907019734382629395e-01
5.951159168034791946e-03 -2.783606527373194695e-03 4.725619554519653320e-01
5.749657284468412399e-03 1.968005439266562462e-03 5.694136619567871094e-01
1.282685808837413788e-02 4.903789144009351730e-03 5.664992332458496094e-01
1.716972701251506805e-02 2.758706454187631607e-03 6.419125199317932129e-01
1.136813871562480927e-02 -6.571388337761163712e-03 6.872150897979736328e-01
2.655223011970520020e-03 -1.016563735902309418e-02 6.833424568176269531e-01
8.191304281353950500e-03 -8.832467719912528992e-03 6.779635548591613770e-01
8.746680803596973419e-03 -6.113313604146242142e-03 5.546369552612304688e-01
3.745316062122583389e-03 -8.305612020194530487e-03 6.834823489189147949e-01
-4.144530277699232101e-03 -1.063889265060424805e-02 7.772933244705200195e-01
-4.493997432291507721e-03 -1.348426286131143570e-02 8.019944429397583008e-01
8.454222697764635086e-04 -1.345878280699253082e-02 8.122635483741760254e-01
1.140434760600328445e-03 -1.334686204791069031e-02 8.552224636077880859e-01
2.321997890248894691e-03 -1.601354032754898071e-02 9.266362190246582031e-01
8.043834008276462555e-03 -9.028011001646518707e-03 8.911691308021545410e-01
6.791049148887395859e-03 -7.818087935447692871e-03 9.363407492637634277e-01
3.107211319729685783e-03 -1.283027604222297668e-02 9.416194558143615723e-01
1.701629487797617912e-03 -1.537829730659723282e-02 8.722844719886779785e-01
-9.989296086132526398e-04 -1.629436202347278595e-02 9.496434330940246582e-01
4.658031102735549212e-04 -1.609030738472938538e-02 9.714518785476684570e-01
-1.043127151206135750e-03 -1.527718082070350647e-02 9.880411028861999512e-01
2.607578644528985023e-03 -1.747197099030017853e-02 9.176120758056640625e-01
2.431610831990838051e-03 -1.611312665045261383e-02 9.628691673278808594e-01
-1.901355222798883915e-03 -1.329362019896507263e-02 1.049560785293579102e+00
4.477155860513448715e-03 -1.498327683657407761e-02 1.084697604179382324e+00
-1.768793328665196896e-03 -1.776271499693393707e-02 1.094567418098449707e+00
-5.664632190018892288e-03 -1.731441728770732880e-02 1.116451144218444824e+00
-1.010809559375047684e-02 -1.391870155930519104e-02 1.062292695045471191e+00
-1.726493937894701958e-03 -1.633448898792266846e-02 9.746154546737670898e-01
5.318140145391225815e-03 -1.748974062502384186e-02 9.398827552795410156e-01
8.726323721930384636e-04 -1.441019773483276367e-02 9.440796375274658203e-01
-8.535968954674899578e-04 -1.412035338580608368e-02 9.419322013854980469e-01
1.794460811652243137e-03 -1.507214829325675964e-02 8.763322830200195312e-01
1.555448747240006924e-03 -1.328584738075733185e-02 8.996445536613464355e-01
-6.340159103274345398e-03 -7.453793194144964218e-03 8.787165284156799316e-01
2.830313984304666519e-03 -1.385985314846038818e-02 8.943408131599426270e-01
3.869869105983525515e-04 -2.170804142951965332e-02 8.419632315635681152e-01
-1.651627826504409313e-03 -1.528931222856044769e-02 6.834381222724914551e-01
-2.007250441238284111e-03 -1.251243427395820618e-02 6.758809685707092285e-01
-4.338510334491729736e-03 -1.009157299995422363e-02 6.518564820289611816e-01
-6.232352461665868759e-03 -7.725930307060480118e-03 7.582677602767944336e-01
9.416435495950281620e-04 -1.219404861330986023e-02 9.080713987350463867e-01
-1.755380886606872082e-03 -1.301078870892524719e-02 8.477047085762023926e-01
-7.516913115978240967e-03 -1.220087893307209015e-02 7.941175699234008789e-01
-4.718811716884374619e-03 -1.439877320080995560e-02 8.504168987274169922e-01
-4.683823790401220322e-03 -1.089098304510116577e-02 7.344394326210021973e-01
-2.057447331026196480e-03 -9.613311849534511566e-03 7.972718477249145508e-01
-1.913784217322245240e-04 -1.254744641482830048e-02 7.899696826934814453e-01
1.914767548441886902e-03 -1.414759922772645950e-02 7.644969224929809570e-01
-2.204495714977383614e-03 -1.326605211943387985e-02 6.314933896064758301e-01
4.908926319330930710e-03 -1.410425174981355667e-02 6.746330261230468750e-01
1.009831577539443970e-02 -1.881547830998897552e-02 7.274147272109985352e-01
7.534747943282127380e-03 -1.741403341293334961e-02 7.717387676239013672e-01
2.869479823857545853e-03 -1.144555117934942245e-02 7.684231400489807129e-01
-2.488519530743360519e-03 -9.613661095499992371e-03 7.624728679656982422e-01
-6.968143861740827560e-03 -1.188141666352748871e-02 7.721442580223083496e-01
-3.732939658220857382e-04 -1.619545929133892059e-02 7.678399085998535156e-01
-2.188089769333600998e-03 -1.497331913560628891e-02 7.178007960319519043e-01
7.993315346539020538e-03 -1.780100166797637939e-02 7.630071043968200684e-01
4.208852071315050125e-03 -1.967343688011169434e-02 7.550639510154724121e-01
1.530995010398328304e-03 -1.600583828985691071e-02 7.499600052833557129e-01
4.353011026978492737e-03 -1.519968546926975250e-02 8.173164725303649902e-01
-5.098011461086571217e-04 -1.144983340054750443e-02 8.794047832489013672e-01
-1.280447468161582947e-02 -9.427556768059730530e-03 9.071686863899230957e-01
-1.129212789237499237e-02 -1.157206483185291290e-02 9.119051694869995117e-01
-1.591100590303540230e-03 -1.668025925755500793e-02 9.316567778587341309e-01
7.053594104945659637e-03 -1.406898070126771927e-02 7.689456939697265625e-01
7.134262472391128540e-03 -1.455575786530971527e-02 7.384360432624816895e-01
2.522292779758572578e-03 -1.327223610132932663e-02 6.018662452697753906e-01
3.225601278245449066e-03 -2.356634940952062607e-03 4.813769459724426270e-01
-2.985746134072542191e-03 -5.624905694276094437e-03 5.873988866806030273e-01
-6.023800466209650040e-03 -1.035889983177185059e-02 6.563926339149475098e-01
2.082463615806773305e-04 -1.287887059152126312e-02 6.558172106742858887e-01
5.976873217150568962e-04 -1.108994334936141968e-02 6.072706580162048340e-01
-3.178601618856191635e-04 -1.227578986436128616e-02 6.347988843917846680e-01
1.372799160890281200e-03 -1.254132483154535294e-02 6.340211629867553711e-01
-6.868570577353239059e-03 -1.021864823997020721e-02 5.599297285079956055e-01
-1.105508767068386078e-02 -9.039934724569320679e-03 5.856696963310241699e-01
2.566400682553648949e-03 -1.440095528960227966e-02 7.876477837562561035e-01
2.690691268071532249e-03 -1.604954898357391357e-02 8.557925224304199219e-01
3.241556696593761444e-03 -1.494549494236707687e-02 8.585813045501708984e-01
5.307424347847700119e-03 -1.741809397935867310e-02 8.977847099304199219e-01
6.188045255839824677e-03 -1.869266480207443237e-02 9.325286149978637695e-01
2.457389142364263535e-03 -1.338349841535091400e-02 8.706642985343933105e-01
5.797417368739843369e-03 -1.832580752670764923e-02 9.787760972976684570e-01
6.634952500462532043e-03 -2.059106901288032532e-02 9.190019965171813965e-01
3.391450271010398865e-03 -1.877395249903202057e-02 8.205224871635437012e-01
-9.405547752976417542e-03 -6.917259190231561661e-03 7.446703314781188965e-01
-1.234514545649290085e-02 -9.956123307347297668e-03 7.868252396583557129e-01
4.481697978917509317e-04 -1.663634367287158966e-02 7.969425320625305176e-01
8.219386450946331024e-03 -1.773526705801486969e-02 8.418847918510437012e-01
8.501354604959487915e-03 -1.883338019251823425e-02 8.925022482872009277e-01
1.286555640399456024e-02 -1.529866177588701248e-02 7.776382565498352051e-01
3.584261052310466766e-03 -1.153041515499353409e-02 7.502315640449523926e-01
1.013042056001722813e-03 -1.092362683266401291e-02 7.225357294082641602e-01
1.456769183278083801e-03 -1.060307212173938751e-02 7.690373659133911133e-01
-3.608711413107812405e-04 -1.116926502436399460e-02 9.242090582847595215e-01
-1.773135969415307045e-03 -8.830365724861621857e-03 7.874664068222045898e-01
-7.464768830686807632e-03 -8.963292464613914490e-03 7.049379348754882812e-01
-1.253520231693983078e-02 -6.543143652379512787e-03 7.044954895973205566e-01
-5.220676772296428680e-03 -1.149037200957536697e-02 8.726655840873718262e-01
6.200680509209632874e-03 -1.595413684844970703e-02 8.782794475555419922e-01
8.565872907638549805e-03 -1.553496439009904861e-02 7.248464822769165039e-01
3.585683414712548256e-03 -1.286172773689031601e-02 6.095132231712341309e-01
-6.596372462809085846e-03 -1.233337726444005966e-02 5.601322650909423828e-01
-1.949426531791687012e-02 -8.485168218612670898e-03 5.335136055946350098e-01
-1.850651763379573822e-02 -6.518109235912561417e-03 4.834874272346496582e-01
-1.142151560634374619e-02 -8.385898545384407043e-03 5.346144437789916992e-01
-1.458203047513961792e-02 -6.265918258577585220e-03 6.177719235420227051e-01
-1.294136419892311096e-02 -5.351855419576168060e-03 6.765669584274291992e-01
-1.045728474855422974e-02 -1.125083863735198975e-02 7.474620938301086426e-01
-2.220253692939877510e-03 -1.611970178782939911e-02 8.596916198730468750e-01
9.630221175029873848e-04 -1.134037226438522339e-02 7.897600531578063965e-01
-6.155726499855518341e-03 -8.591365069150924683e-03 7.059173583984375000e-01
-4.311875440180301666e-03 -1.215758826583623886e-02 7.441948652267456055e-01
9.980609174817800522e-04 -1.299892738461494446e-02 7.859070897102355957e-01
3.983777947723865509e-03 -1.343007385730743408e-02 7.594707012176513672e-01
3.243126440793275833e-03 -1.449750922620296478e-02 7.087571620941162109e-01
-1.013123337179422379e-02 -1.320212706923484802e-02 6.949630379676818848e-01
-2.546048955991864204e-03 -1.312944479286670685e-02 7.684232592582702637e-01
3.946179058402776718e-03 -1.619082875549793243e-02 8.700516223907470703e-01
1.235995441675186157e-02 -1.588864251971244812e-02 8.510588407516479492e-01
3.095123218372464180e-03 -1.270151790231466293e-02 8.139644861221313477e-01
-8.515658788383007050e-03 -8.496612310409545898e-03 6.883303523063659668e-01
-6.284661591053009033e-03 -7.146922405809164047e-03 6.195653676986694336e-01
-8.335913880728185177e-04 -1.280217710882425308e-02 6.506257653236389160e-01
-3.975319268647581339e-04 -1.434670481830835342e-02 6.805796623229980469e-01
-2.641615283209830523e-04 -1.349784620106220245e-02 6.344954371452331543e-01
7.835484109818935394e-03 -1.322032697498798370e-02 6.065090894699096680e-01
7.641189265996217728e-03 -1.570482179522514343e-02 6.494376659393310547e-01
8.455914445221424103e-03 -1.836199127137660980e-02 6.674183011054992676e-01
1.061786804348230362e-02 -1.771764829754829407e-02 7.779620885848999023e-01
1.092519517987966537e-02 -1.882431283593177795e-02 8.128793835639953613e-01
5.682948976755142212e-03 -1.277243066579103470e-02 7.075328230857849121e-01
3.595351940020918846e-03 -1.223000045865774155e-02 6.857556700706481934e-01
6.481149466708302498e-04 -8.432543836534023285e-03 7.118310332298278809e-01
-7.276143413037061691e-03 -4.336966201663017273e-03 6.850383281707763672e-01
-4.967198241502046585e-03 -5.441133864223957062e-03 6.423398852348327637e-01
3.381265851203352213e-04 -1.106833294034004211e-02 7.095258831977844238e-01
2.365158172324299812e-03 -1.221581082791090012e-02 7.851170301437377930e-01
2.788984216749668121e-03 -1.116198766976594925e-02 7.994742393493652344e-01
2.947126748040318489e-03 -1.152886264026165009e-02 7.983780503273010254e-01
6.835702806711196899e-03 -8.863012306392192841e-03 6.737395524978637695e-01
2.116928575560450554e-03 -8.474742993712425232e-03 6.700940728187561035e-01
5.340428091585636139e-03 -7.911506108939647675e-03 7.781329751014709473e-01
1.187195768579840660e-03 -1.143957022577524185e-02 7.134800553321838379e-01
4.986805841326713562e-03 -1.030877139419317245e-02 5.726488828659057617e-01
-1.298187184147536755e-03 -8.346005342900753021e-03 5.816729068756103516e-01
1.232587732374668121e-03 -9.737608022987842560e-03 6.300730705261230469e-01
1.558638364076614380e-02 -1.413248758763074875e-02 6.994564533233642578e-01
2.070816233754158020e-02 -1.726450771093368530e-02 7.758052945137023926e-01
9.754819795489311218e-03 -1.707346923649311066e-02 8.215980529785156250e-01
9.019352495670318604e-03 -1.377055794000625610e-02 8.115627169609069824e-01
1.021262630820274353e-02 -1.168708316981792450e-02 7.974005937576293945e-01
4.084964748471975327e-03 -1.152059063315391541e-02 7.495223283767700195e-01
5.653480067849159241e-03 -1.259635388851165771e-02 7.641732096672058105e-01
5.050819367170333862e-03 -1.227804459631443024e-02 8.134183287620544434e-01
7.028154097497463226e-03 -1.639749668538570404e-02 8.775061368942260742e-01
-3.463933244347572327e-03 -1.448772475123405457e-02 9.122275710105895996e-01
-4.156103357672691345e-03 -1.225567888468503952e-02 8.796148896217346191e-01
2.225826727226376534e-03 -1.432819198817014694e-02 8.178353905677795410e-01
8.792101871222257614e-04 -1.973607577383518219e-02 9.128987789154052734e-01
-6.727936677634716034e-03 -1.950250379741191864e-02 9.954234957695007324e-01
-2.789939288049936295e-03 -1.929025910794734955e-02 9.800925254821777344e-01
-9.361212141811847687e-03 -1.689276099205017090e-02 9.577406644821166992e-01
-1.185755059123039246e-02 -1.337647438049316406e-02 9.356796145439147949e-01
-3.753986442461609840e-03 -1.472646649926900864e-02 8.920018076896667480e-01
2.516716020181775093e-03 -1.752832531929016113e-02 9.292674064636230469e-01
-2.085242595057934523e-04 -1.743223518133163452e-02 9.893580675125122070e-01
-1.408847980201244354e-03 -2.352801151573657990e-02 1.033571243286132812e+00
9.448371827602386475e-03 -2.603549323976039886e-02 1.031987547874450684e+00
1.188593544065952301e-02 -2.413750439882278442e-02 1.013459563255310059e+00
3.495352342724800110e-03 -1.989236287772655487e-02 9.841302037239074707e-01
-4.637096077203750610e-03 -1.672933623194694519e-02 9.563574790954589844e-01
4.370844922959804535e-03 -1.551321428269147873e-02 8.338873982429504395e-01
1.011603977531194687e-02 -1.391017250716686249e-02 7.427616119384765625e-01
1.240643672645092010e-02 -9.911796078085899353e-03 6.768478155136108398e-01
9.935065172612667084e-03 -1.102929841727018356e-02 7.294713258743286133e-01
7.850704714655876160e-03 -1.078993640840053558e-02 7.502794265747070312e-01
4.638640675693750381e-03 -1.473211683332920074e-02 8.511767387390136719e-01
1.611488871276378632e-02 -1.682326756417751312e-02 8.716342449188232422e-01
1.894763484597206116e-02 -1.493178866803646088e-02 8.400859236717224121e-01
2.172325737774372101e-02 -1.558651309460401535e-02 8.019071221351623535e-01
1.191548351198434830e-02 -1.340823341161012650e-02 7.442864775657653809e-01
6.570480763912200928e-03 -1.272998191416263580e-02 7.744097113609313965e-01
5.865732673555612564e-03 -1.231398060917854309e-02 7.642515301704406738e-01
1.871447823941707611e-02 -1.180229615420103073e-02 6.691420674324035645e-01
4.568830132484436035e-03 -8.426137268543243408e-03 6.826185584068298340e-01
-7.563734427094459534e-03 -5.680344067513942719e-03 5.428929328918457031e-01
-7.176282815635204315e-03 -4.052632488310337067e-03 3.724143207073211670e-01
-8.583128452301025391e-03 -6.237741094082593918e-03 2.859815359115600586e-01
-9.821152314543724060e-03 -3.630320774391293526e-03 4.269029200077056885e-01
-1.243861950933933258e-02 -3.782063024118542671e-03 7.719845771789550781e-01
-4.074852447956800461e-03 -7.561116013675928116e-03 6.599597930908203125e-01
-8.299848064780235291e-03 -1.046783197671175003e-02 6.462664008140563965e-01
-1.014156173914670944e-02 -8.684901520609855652e-03 6.287341713905334473e-01
-8.461593650281429291e-03 -8.988143876194953918e-03 7.125633358955383301e-01
-3.432820085436105728e-03 -6.351533345878124237e-03 7.342630624771118164e-01
-6.885794457048177719e-03 -4.094538278877735138e-03 7.470563054084777832e-01
-1.393324416130781174e-02 -5.983506329357624054e-03 6.895678043365478516e-01
-1.688411086797714233e-02 -7.639459334313869476e-03 7.247816324234008789e-01
-1.628073863685131073e-02 -6.744111422449350357e-03 7.021678686141967773e-01
-2.281289920210838318e-02 -8.227716200053691864e-03 7.046204209327697754e-01
-2.264606580138206482e-02 -1.011644955724477768e-02 7.705732583999633789e-01
-1.225364021956920624e-02 -7.930768653750419617e-03 7.566373944282531738e-01
-1.539275050163269043e-02 -5.921342875808477402e-03 6.638990640640258789e-01
-1.972304470837116241e-02 -6.971184164285659790e-03 5.486038327217102051e-01
-1.644465886056423187e-02 -1.578705012798309326e-02 8.146054744720458984e-01
-2.570215612649917603e-02 -1.779051497578620911e-02 9.463074207305908203e-01
-1.801460608839988708e-02 -1.597573794424533844e-02 8.223025798797607422e-01
-2.344199828803539276e-02 -1.665381342172622681e-02 8.718112707138061523e-01
-1.306681521236896515e-02 -1.704842597246170044e-02 9.436876177787780762e-01
-1.528507750481367111e-02 -1.480889692902565002e-02 7.416670322418212891e-01
-2.130443975329399109e-02 -1.922178454697132111e-02 6.956910490989685059e-01
-2.147402614355087280e-02 -1.834645867347717285e-02 6.941637396812438965e-01
-8.511450141668319702e-03 -1.747329160571098328e-02 5.307309627532958984e-01
-9.822498075664043427e-03 -7.492533419281244278e-03 4.977290332317352295e-01
-1.655119471251964569e-02 -6.140646059066057205e-03 5.040168166160583496e-01
-2.856045402586460114e-02 -8.445811457931995392e-03 6.918879151344299316e-01
-3.735722228884696960e-02 -1.174075994640588760e-02 1.152088761329650879e+00
-3.825049474835395813e-02 -2.290940843522548676e-02 1.439901709556579590e+00
-2.544144727289676666e-02 -1.263294368982315063e-02 7.419502139091491699e-01
-1.680694706737995148e-02 -1.103012077510356903e-02 5.000576376914978027e-01
-9.402327239513397217e-03 -7.628144696354866028e-03 5.292854905128479004e-01
-1.093709841370582581e-02 -8.737919852137565613e-03 6.931502819061279297e-01
-1.188576780259609222e-02 -1.167051959782838821e-02 7.413334250450134277e-01
-7.671216502785682678e-03 -1.171433925628662109e-02 5.871054530143737793e-01
-8.777742274105548859e-03 -9.720039553940296173e-03 5.480855703353881836e-01
-1.060771476477384567e-02 -9.851778857409954071e-03 5.038855671882629395e-01
-1.713423244655132294e-02 -6.006713490933179855e-03 5.222300887107849121e-01
-2.362241782248020172e-02 -3.854552516713738441e-03 6.698684096336364746e-01
-1.435361988842487335e-02 -4.745198879390954971e-03 5.572743415832519531e-01
-8.447080850601196289e-03 -5.137836094945669174e-03 4.206970632076263428e-01
-6.010710727423429489e-03 -6.500483956187963486e-03 5.095528364181518555e-01
1.173038687556982040e-02 -3.146289382129907608e-03 3.990983963012695312e-01
-5.478283856064081192e-03 9.088308434002101421e-04 5.793904662132263184e-01
3.098367014899849892e-04 -7.338230032473802567e-03 5.346505045890808105e-01
7.009958499111235142e-04 -6.746733561158180237e-03 5.441902279853820801e-01
-8.467316627502441406e-03 -1.116724964231252670e-02 6.744877099990844727e-01
-3.142517758533358574e-03 -9.936980903148651123e-03 6.947619915008544922e-01
3.325932775624096394e-04 -8.226297795772552490e-03 6.703206300735473633e-01
1.862942124716937542e-03 -8.842190727591514587e-03 7.864362597465515137e-01
3.305698046460747719e-03 -6.785884965211153030e-03 7.099202275276184082e-01
1.203639898449182510e-02 -4.333866294473409653e-03 7.052726149559020996e-01
1.749608851969242096e-02 -7.033132482320070267e-03 8.157375454902648926e-01
1.496084500104188919e-02 -1.188631542026996613e-02 8.084681630134582520e-01
1.780261658132076263e-02 -1.228509936481714249e-02 9.038416743278503418e-01
1.356587931513786316e-02 -1.784933544695377350e-02 9.531714320182800293e-01
8.609931915998458862e-03 -1.868863403797149658e-02 8.816725611686706543e-01
2.092562848702073097e-03 -1.964619942009449005e-02 8.145947456359863281e-01
9.727415628731250763e-03 -1.739212311804294586e-02 8.577769994735717773e-01
1.192186214029788971e-02 -6.060448475182056427e-03 7.834367752075195312e-01
1.215248927474021912e-02 -5.123259034007787704e-03 8.430617451667785645e-01
7.242125924676656723e-03 -6.378326099365949631e-03 9.380697607994079590e-01
1.290724519640207291e-02 -8.983236737549304962e-03 8.582497239112854004e-01
1.220639050006866455e-02 -6.694822106510400772e-03 7.614027857780456543e-01
1.192677579820156097e-02 -7.791541516780853271e-03 8.858020305633544922e-01
7.099837530404329300e-03 -5.212842021137475967e-03 9.115917682647705078e-01
6.730913650244474411e-03 -5.692634731531143188e-03 9.247590899467468262e-01
1.361831184476613998e-02 -8.846970275044441223e-03 9.551270008087158203e-01
2.040558308362960815e-02 -9.261121042072772980e-03 9.989905357360839844e-01
1.755310222506523132e-02 -8.449982851743698120e-03 9.318912029266357422e-01
6.634406279772520065e-03 -1.334255095571279526e-02 8.228382468223571777e-01
1.761980471201241016e-03 -1.494537573307752609e-02 9.894580841064453125e-01
3.976655716542154551e-04 -1.669277250766754150e-02 1.112806200981140137e+00
4.346567206084728241e-03 -1.423440687358379364e-02 1.057597160339355469e+00
6.169666303321719170e-04 -1.317099761217832565e-02 9.311417341232299805e-01
2.317503240192309022e-04 -1.442345418035984039e-02 8.697171211242675781e-01
5.884092301130294800e-03 -1.561545394361019135e-02 8.285166025161743164e-01
9.802477434277534485e-03 -1.387277338653802872e-02 7.660538554191589355e-01
5.711504723876714706e-03 -1.355204172432422638e-02 7.157710790634155273e-01
7.516972254961729050e-03 -1.514221075922250748e-02 7.250514626502990723e-01
6.765806116163730621e-03 -1.665486954152584076e-02 8.241277337074279785e-01
6.855561397969722748e-03 -1.690122298896312714e-02 9.190651774406433105e-01
6.029589567333459854e-04 -1.658675260841846466e-02 1.049208879470825195e+00
7.570197340101003647e-03 -1.514109503477811813e-02 9.755982160568237305e-01
3.053514519706368446e-04 -1.589421369135379791e-02 1.176016807556152344e+00
6.167040206491947174e-03 -9.220148436725139618e-03 8.917920589447021484e-01
8.083784952759742737e-03 -1.078799273818731308e-02 7.704298496246337891e-01
-1.482674269936978817e-03 -1.186740770936012268e-02 8.686045408248901367e-01
1.548933424055576324e-02 -1.731326058506965637e-02 9.173974990844726562e-01
1.501510292291641235e-02 -1.606146432459354401e-02 9.355028867721557617e-01
9.787844493985176086e-03 -1.543880999088287354e-02 8.595391511917114258e-01
5.181286949664354324e-03 -1.422741636633872986e-02 8.116295933723449707e-01
8.158755488693714142e-03 -1.432016119360923767e-02 8.955644965171813965e-01
1.702832803130149841e-02 -1.274013239890336990e-02 9.019043445587158203e-01
1.738635264337062836e-02 -9.410695172846317291e-03 8.541962504386901855e-01
1.838446408510208130e-02 -1.062716171145439148e-02 8.560566306114196777e-01
1.333505474030971527e-02 -1.211642287671566010e-02 8.809964060783386230e-01
9.848409332334995270e-03 -7.592104841023683548e-03 8.901747465133666992e-01
1.026585232466459274e-02 -7.934685796499252319e-03 9.158867001533508301e-01
5.088652018457651138e-03 -1.053391490131616592e-02 9.772034287452697754e-01
1.094666589051485062e-02 -1.102043222635984421e-02 9.599307775497436523e-01
1.932598650455474854e-02 -1.408596895635128021e-02 1.050421833992004395e+00
1.479015033692121506e-02 -1.640600524842739105e-02 9.786776304244995117e-01
1.404174510389566422e-02 -1.811677031219005585e-02 9.372166395187377930e-01
1.970407925546169281e-02 -2.222198247909545898e-02 9.948902130126953125e-01
9.534921497106552124e-03 -1.558887679129838943e-02 9.778286218643188477e-01
9.606662206351757050e-03 -1.083371136337518692e-02 8.899838924407958984e-01
1.208197511732578278e-02 -1.513578090816736221e-02 9.023689031600952148e-01
9.858341887593269348e-03 -2.269982360303401947e-02 8.804605603218078613e-01
1.527409721165895462e-02 -2.002759277820587158e-02 8.686576485633850098e-01
1.497846003621816635e-02 -1.299301534891128540e-02 7.270405292510986328e-01
1.906463876366615295e-02 -1.103225443512201309e-02 6.776163578033447266e-01
1.306483335793018341e-02 -1.345231011509895325e-02 7.972397804260253906e-01
9.289003908634185791e-03 -9.283655323088169098e-03 8.224548697471618652e-01
6.428117863833904266e-03 -3.193473676219582558e-03 7.822881340980529785e-01
1.543392520397901535e-02 -7.264382671564817429e-03 8.965651392936706543e-01
1.339865475893020630e-02 -4.580938257277011871e-03 8.876645565032958984e-01
1.073380280286073685e-02 -1.589911873452365398e-03 7.659997344017028809e-01
8.725073188543319702e-03 -5.307462532073259354e-03 8.188351392745971680e-01
3.755162935703992844e-03 -1.008639298379421234e-02 8.044181466102600098e-01
1.089452579617500305e-02 -1.243403833359479904e-02 9.091115593910217285e-01
4.131252411752939224e-03 -1.168408896774053574e-02 9.285409450531005859e-01
3.420263063162565231e-03 -8.691832423210144043e-03 9.354212284088134766e-01
4.308479372411966324e-03 -4.999971948564052582e-03 8.798051476478576660e-01
6.168805994093418121e-03 -2.514083171263337135e-03 8.388236165046691895e-01
6.999142002314329147e-03 -9.011654183268547058e-03 9.593654274940490723e-01
4.914928227663040161e-03 -9.640744887292385101e-03 9.171003103256225586e-01
7.963924668729305267e-03 -8.668808266520500183e-03 7.685239911079406738e-01
1.287476345896720886e-02 -1.405076216906309128e-02 8.014492988586425781e-01
8.407137356698513031e-03 -1.298948749899864197e-02 8.175681233406066895e-01
6.417799275368452072e-03 -1.271079108119010925e-02 7.854046821594238281e-01
1.138510182499885559e-02 -1.934740133583545685e-02 7.280949950218200684e-01
1.691773533821105957e-02 -1.652519218623638153e-02 6.474071741104125977e-01
1.981259137392044067e-02 -9.337977506220340729e-03 6.671032905578613281e-01
1.004752982407808304e-02 -6.049925461411476135e-03 7.264007329940795898e-01
1.049856375902891159e-02 -2.517694141715764999e-03 7.418253421783447266e-01
1.758412644267082214e-02 -5.722948350012302399e-03 7.639625668525695801e-01
1.616697572171688080e-02 -1.408005133271217346e-02 9.213120937347412109e-01
1.049567665904760361e-02 -2.166851982474327087e-02 8.560442328453063965e-01
1.472858339548110962e-02 -1.970834285020828247e-02 6.633120179176330566e-01
1.749095506966114044e-02 -1.168115530163049698e-02 6.726689338684082031e-01
1.235689874738454819e-02 -2.939367434009909630e-03 7.369723916053771973e-01
1.989546464756131172e-03 -5.694367457181215286e-03 7.480738162994384766e-01
4.950307775288820267e-03 -3.113345243036746979e-03 7.597605586051940918e-01
8.777142502367496490e-03 -5.767789669334888458e-03 6.970785260200500488e-01
1.137206424027681351e-02 -1.468916423618793488e-02 7.516136765480041504e-01
1.699377968907356262e-02 -1.855538040399551392e-02 8.689968585968017578e-01
1.888937689363956451e-02 -2.161113917827606201e-02 9.823760986328125000e-01
1.253610383719205856e-02 -2.118917368352413177e-02 9.239550828933715820e-01
1.096556894481182098e-02 -1.843030191957950592e-02 8.672182559967041016e-01
6.085342727601528168e-03 -1.549339294433593750e-02 8.339068293571472168e-01
1.265143044292926788e-02 -1.157566718757152557e-02 8.195849657058715820e-01
1.285176351666450500e-02 -1.438583899289369583e-02 8.001945018768310547e-01
1.394174247980117798e-02 -1.281550433486700058e-02 7.573826313018798828e-01
1.873126998543739319e-02 -1.085440348833799362e-02 7.179657220840454102e-01
1.197216659784317017e-02 -1.145964208990335464e-02 8.992000222206115723e-01
-2.879966748878359795e-03 -1.673096604645252228e-02 9.989738464355468750e-01
6.722392048686742783e-03 -1.871845498681068420e-02 1.017474174499511719e+00
7.441094610840082169e-03 -2.016133256256580353e-02 1.013085842132568359e+00
1.047466695308685303e-02 -1.177096646279096603e-02 9.067382812500000000e-01
1.457917504012584686e-02 -1.217893417924642563e-02 9.323573708534240723e-01
1.057819556444883347e-02 -1.136955618858337402e-02 1.029155850410461426e+00
1.835022307932376862e-02 -8.286426775157451630e-03 9.669772982597351074e-01
1.511188410222530365e-02 -6.385390181094408035e-03 8.672974705696105957e-01
1.142007950693368912e-02 -9.450875222682952881e-03 1.000553727149963379e+00
1.666262932121753693e-02 -1.034279260784387589e-02 9.667873382568359375e-01
1.699486747384071350e-02 -1.170735247433185577e-02 9.635815620422363281e-01
1.913231983780860901e-02 -1.756932027637958527e-02 9.879468679428100586e-01
2.280107140541076660e-02 -2.075656875967979431e-02 1.027707815170288086e+00
1.621783152222633362e-02 -1.979074254631996155e-02 1.017666220664978027e+00
2.889423444867134094e-02 -1.341173145920038223e-02 9.630837440490722656e-01
2.147944644093513489e-02 -1.032788027077913284e-02 1.001287341117858887e+00
2.776657231152057648e-02 -1.468834839761257172e-02 1.003671288490295410e+00
3.270400315523147583e-02 -1.126213558018207550e-02 9.660828709602355957e-01
3.466920927166938782e-02 -1.128260511904954910e-02 1.010578393936157227e+00
1.851285621523857117e-02 -9.136537089943885803e-03 9.957935810089111328e-01
1.260904315859079361e-02 -1.074252836406230927e-02 1.009232163429260254e+00
8.420627564191818237e-03 -1.661500148475170135e-02 1.050598978996276855e+00
-1.585174002684652805e-03 -1.475919410586357117e-02 9.406040310859680176e-01
-3.781458828598260880e-03 -7.701256778091192245e-03 9.129114151000976562e-01
-1.104216091334819794e-03 -1.572492532432079315e-02 1.063853859901428223e+00
1.196390730910934508e-04 -1.875836215913295746e-02 1.201287150382995605e+00
4.854354541748762131e-03 -1.727383770048618317e-02 1.160894513130187988e+00
7.307661144295707345e-05 -1.400131452828645706e-02 1.199871420860290527e+00
9.499604813754558563e-03 -9.400680661201477051e-03 1.090883255004882812e+00
1.595352217555046082e-02 -1.052512507885694504e-02 1.013588309288024902e+00
1.395386178046464920e-02 -1.621058210730552673e-02 1.000320076942443848e+00
3.214346244931221008e-03 -1.341126020997762680e-02 1.021902441978454590e+00
7.171009783633053303e-04 -8.928118273615837097e-03 9.892108440399169922e-01
-2.759366296231746674e-03 -8.404409512877464294e-03 9.417712092399597168e-01
-3.017980838194489479e-03 -1.127154193818569183e-02 1.064511656761169434e+00
-4.772914573550224304e-03 -1.183731667697429657e-02 9.775793552398681641e-01
-1.839884440414607525e-03 -1.467943750321865082e-02 1.007609367370605469e+00
-5.644238088279962540e-03 -5.592704284936189651e-03 1.048107147216796875e+00
-4.911074880510568619e-03 -7.355330977588891983e-03 1.017278552055358887e+00
-7.254041265696287155e-03 -5.127497948706150055e-03 9.899587631225585938e-01
7.170188240706920624e-03 -8.378243073821067810e-03 1.028989195823669434e+00
1.275387778878211975e-02 -4.058111459016799927e-03 9.748455882072448730e-01
1.781270280480384827e-02 -6.422914098948240280e-03 9.322368502616882324e-01
1.242061238735914230e-02 -5.846714600920677185e-03 9.010843038558959961e-01
4.306880757212638855e-03 -7.156630977988243103e-03 9.264804720878601074e-01
-1.208845060318708420e-03 -6.067791022360324860e-03 9.575684666633605957e-01
1.410272787325084209e-03 -5.089947488158941269e-03 9.079638123512268066e-01
1.085294689983129501e-02 -8.070209994912147522e-03 9.889326095581054688e-01
1.202368736267089844e-02 -1.408144179731607437e-02 9.342845082283020020e-01
1.211901381611824036e-02 -1.705129072070121765e-02 8.611174821853637695e-01
1.092972047626972198e-02 -1.669422723352909088e-02 9.144183397293090820e-01
8.814593777060508728e-03 -1.132549438625574112e-02 9.512037634849548340e-01
6.728675216436386108e-03 -6.918566767126321793e-03 9.185799360275268555e-01
8.077404461801052094e-03 -2.399603603407740593e-03 8.376270532608032227e-01
9.905719198286533356e-03 1.127620344050228596e-03 7.964311242103576660e-01
1.363404747098684311e-02 -2.864257199689745903e-03 6.686552166938781738e-01
5.050638690590858459e-03 -1.546842232346534729e-02 7.216603755950927734e-01
6.584760267287492752e-03 -1.494558341801166534e-02 6.905835866928100586e-01
1.858874037861824036e-02 -6.033442914485931396e-03 4.977346956729888916e-01
3.100206144154071808e-03 -9.017590433359146118e-03 4.518638849258422852e-01
3.454754129052162170e-03 -1.315882243216037750e-02 4.060945510864257812e-01
7.347755599766969681e-03 -1.299211941659450531e-02 5.161713361740112305e-01
9.667072445154190063e-03 -1.444533187896013260e-02 8.174850344657897949e-01
2.322859130799770355e-03 -2.174726128578186035e-02 1.269843220710754395e+00
7.881578058004379272e-03 -1.631662808358669281e-02 1.106768012046813965e+00
1.645100489258766174e-02 -1.463013421744108200e-02 9.925798773765563965e-01
2.236066013574600220e-02 -1.563976146280765533e-02 9.638288021087646484e-01
1.300691161304712296e-02 -1.448589283972978592e-02 9.562036395072937012e-01
8.592106401920318604e-03 -6.953101605176925659e-03 9.579756259918212891e-01
1.067824009805917740e-02 -2.913641743361949921e-03 9.810535907745361328e-01
5.125676281750202179e-03 -3.898310009390115738e-03 9.114060401916503906e-01
8.823161013424396515e-03 -6.250286474823951721e-03 8.147442936897277832e-01
6.128746084868907928e-03 -6.006389856338500977e-03 7.934792637825012207e-01
5.462506320327520370e-03 -9.027099236845970154e-03 7.640610933303833008e-01
7.392980623990297318e-03 -1.591723039746284485e-02 8.328432440757751465e-01
4.572025034576654434e-03 -1.850753650069236755e-02 9.562737941741943359e-01
1.024788059294223785e-02 -1.138959079980850220e-02 7.940415740013122559e-01
1.791722886264324188e-02 -1.194107905030250549e-02 8.753938674926757812e-01
7.552070077508687973e-03 -8.519708178937435150e-03 9.765365123748779297e-01
6.284427363425493240e-03 -8.625390939414501190e-03 1.011472582817077637e+00
6.169467698782682419e-03 -7.363970391452312469e-03 1.026645898818969727e+00
1.019703410565853119e-02 -8.303208276629447937e-03 1.018963098526000977e+00
6.882236339151859283e-03 -9.328730404376983643e-03 9.915614724159240723e-01
6.661150138825178146e-03 -8.249627426266670227e-03 1.010736942291259766e+00
1.254447270184755325e-02 -1.186076179146766663e-02 1.055545687675476074e+00
1.450864877551794052e-02 -1.512718759477138519e-02 9.823259115219116211e-01
1.480562984943389893e-02 -1.279344502836465836e-02 8.817260265350341797e-01
1.213694363832473755e-02 -9.249277412891387939e-03 7.874284982681274414e-01
1.024365145713090897e-02 -1.107507757842540741e-02 8.735706806182861328e-01
1.229040324687957764e-02 -1.151298731565475464e-02 9.534863829612731934e-01
1.480443123728036880e-02 -1.487203221768140793e-02 9.298499822616577148e-01
5.744091700762510300e-03 -1.689770258963108063e-02 9.881740808486938477e-01
6.476884242147207260e-03 -1.542526949197053909e-02 9.501470923423767090e-01
1.324471086263656616e-02 -1.313341781497001648e-02 8.585129380226135254e-01
1.509954221546649933e-02 -9.124353528022766113e-03 7.791860699653625488e-01
1.386406272649765015e-02 -9.028691798448562622e-03 7.002722024917602539e-01
2.960212063044309616e-03 -9.815917350351810455e-03 5.176076292991638184e-01
-6.939302664250135422e-03 -1.219813991338014603e-02 5.056592226028442383e-01
-4.922226537019014359e-03 -1.330907829105854034e-02 6.544432640075683594e-01
3.283749800175428391e-03 -1.606009155511856079e-02 7.657053470611572266e-01
1.827980508096516132e-03 -1.518078800290822983e-02 7.765090465545654297e-01
1.130076474510133266e-03 -1.316941156983375549e-02 8.574570417404174805e-01
-7.005216903053224087e-04 -1.622396893799304962e-02 8.974430561065673828e-01
1.100282461266033351e-04 -1.558650471270084381e-02 8.169667720794677734e-01
2.405456034466624260e-03 -1.463426277041435242e-02 7.488428950309753418e-01
3.868835745379328728e-03 -1.571561768651008606e-02 8.775630593299865723e-01
6.034643389284610748e-03 -1.106406096369028091e-02 7.311709523200988770e-01
7.135847583413124084e-03 -1.560471393167972565e-02 7.760683894157409668e-01
5.574406590312719345e-03 -1.463782135397195816e-02 8.779928684234619141e-01
6.493669934570789337e-03 -2.083395421504974365e-02 1.019523859024047852e+00
1.144142821431159973e-03 -1.823852956295013428e-02 8.422298431396484375e-01
-7.578011602163314819e-03 -1.113079022616147995e-02 7.107188701629638672e-01
1.262715365737676620e-02 -2.209462039172649384e-02 8.093068003654479980e-01
1.352936960756778717e-02 -1.950978301465511322e-02 1.014500617980957031e+00
1.168248057365417480e-02 -1.824787445366382599e-02 9.419023990631103516e-01
1.155385095626115799e-02 -2.024081908166408539e-02 7.793732285499572754e-01
1.108277402818202972e-02 -1.699185185134410858e-02 8.249793648719787598e-01
1.121231820434331894e-02 -1.881429366767406464e-02 7.888922691345214844e-01
1.193073485046625137e-02 -1.631940901279449463e-02 7.767310142517089844e-01
7.650016807019710541e-03 -1.317960862070322037e-02 7.894974946975708008e-01
5.000289995223283768e-03 -1.370246894657611847e-02 9.235280156135559082e-01
5.616447888314723969e-03 -1.501994393765926361e-02 1.042655706405639648e+00
8.401658385992050171e-03 -1.705029979348182678e-02 8.317663669586181641e-01
1.368762645870447159e-02 -1.619309186935424805e-02 8.044306039810180664e-01
6.269171368330717087e-03 -1.779085956513881683e-02 1.031668424606323242e+00
1.792386639863252640e-03 -1.643044129014015198e-02 1.045342445373535156e+00
1.674110069870948792e-02 -1.023042481392621994e-02 9.071025252342224121e-01
1.585543714463710785e-02 -6.628437899053096771e-03 8.279559016227722168e-01
1.228944491595029831e-02 -7.007679902017116547e-03 8.348391056060791016e-01
7.831269875168800354e-03 -5.336314905434846878e-03 7.979377508163452148e-01
1.515565533190965652e-02 -8.751284331083297729e-03 7.239919900894165039e-01
1.109249889850616455e-02 -1.103348471224308014e-02 7.498216629028320312e-01
7.479189429432153702e-03 -1.237006112933158875e-02 7.296832799911499023e-01
8.897528983652591705e-03 -1.414908003062009811e-02 7.216220498085021973e-01
2.424445003271102905e-02 -1.746617816388607025e-02 7.877815961837768555e-01
1.873250864446163177e-02 -1.629434712231159210e-02 9.356723427772521973e-01
1.248994655907154083e-02 -1.284202001988887787e-02 9.839701652526855469e-01
6.918639410287141800e-03 -8.504847064614295959e-03 9.904322624206542969e-01
6.855485495179891586e-03 -1.169307157397270203e-02 1.013078927993774414e+00
9.777893312275409698e-03 -6.010790355503559113e-03 8.786782622337341309e-01
7.495451252907514572e-03 -6.732015870511531830e-03 7.408906221389770508e-01
8.526870049536228180e-03 -1.170552335679531097e-02 7.747310996055603027e-01
7.683231960982084274e-03 -1.595274917781352997e-02 8.753193616867065430e-01
6.125268060714006424e-03 -1.692680083215236664e-02 9.280126690864562988e-01
2.120501175522804260e-02 -2.166409976780414581e-02 7.925925850868225098e-01
1.749277301132678986e-02 -2.149078808724880219e-02 6.188060045242309570e-01
1.345694158226251602e-02 -1.705492846667766571e-02 5.714276432991027832e-01
9.379471652209758759e-03 -1.515906676650047302e-02 5.891163349151611328e-01
5.978815723210573196e-03 -1.650326326489448547e-02 5.614840984344482422e-01
1.195776090025901794e-02 -1.705570891499519348e-02 5.530589818954467773e-01
1.050975359976291656e-02 -1.591078937053680420e-02 6.186220049858093262e-01
4.945017863065004349e-03 -1.148177869617938995e-02 6.958143711090087891e-01
5.068231374025344849e-03 -1.779410615563392639e-02 8.350003957748413086e-01
9.117253124713897705e-03 -2.268351055681705475e-02 8.604714274406433105e-01
1.275712810456752777e-02 -2.203620597720146179e-02 8.851335644721984863e-01
9.080068208277225494e-03 -1.348962448537349701e-02 7.174728512763977051e-01
1.303671486675739288e-02 -1.578002469614148140e-03 5.706888437271118164e-01
1.105126552283763885e-02 5.150248296558856964e-03 5.645727515220642090e-01
7.013767026364803314e-03 -4.259574692696332932e-03 6.392678022384643555e-01
1.890135812573134899e-03 -7.563625928014516830e-03 7.483679652214050293e-01
2.793462947010993958e-03 -6.965445820242166519e-03 7.976264357566833496e-01
1.139323343522846699e-03 -1.008879579603672028e-02 7.819264531135559082e-01
9.368073195219039917e-03 -1.391561143100261688e-02 7.613579034805297852e-01
1.079057902097702026e-02 -1.430137176066637039e-02 7.026420831680297852e-01
5.367335863411426544e-03 -2.094718068838119507e-02 6.089046001434326172e-01
1.414302736520767212e-02 -2.656137570738792419e-02 6.966177225112915039e-01
2.052132040262222290e-02 -2.344963140785694122e-02 8.737737536430358887e-01
1.169379800558090210e-02 -2.047001942992210388e-02 6.969830393791198730e-01
1.057098805904388428e-02 -2.283236756920814514e-02 7.503008246421813965e-01
8.564672432839870453e-03 -1.644558832049369812e-02 7.216137647628784180e-01
6.193132605403661728e-03 -1.712945476174354553e-02 7.123478651046752930e-01
1.321573741734027863e-03 -1.536686345934867859e-02 6.768453121185302734e-01
-3.529452951624989510e-03 -1.355319842696189880e-02 6.526036262512207031e-01
3.443118650466203690e-03 -9.485722519457340240e-03 6.947304010391235352e-01
1.182249560952186584e-02 -2.248695818707346916e-03 6.913416981697082520e-01
1.297061983495950699e-02 -2.337902551516890526e-03 6.997864842414855957e-01
2.808208577334880829e-03 -7.127785123884677887e-03 8.126437067985534668e-01
-5.724390968680381775e-03 -9.846709668636322021e-03 9.645316600799560547e-01
4.372325260192155838e-03 -1.455090101808309555e-02 9.768351912498474121e-01
9.827844798564910889e-03 -8.159236051142215729e-03 8.711165189743041992e-01
1.144217792898416519e-02 -1.236067246645689011e-02 8.098847270011901855e-01
1.171459164470434189e-02 -1.530866883695125580e-02 8.482898473739624023e-01
6.962164770811796188e-03 -1.198557857424020767e-02 8.814511299133300781e-01
6.894554477185010910e-03 -7.901758886873722076e-03 8.459509611129760742e-01
6.900121923536062241e-03 -1.264871098101139069e-02 8.152229785919189453e-01
1.785526610910892487e-02 -1.463500689715147018e-02 8.100760579109191895e-01
2.022043615579605103e-02 -1.123445201665163040e-02 8.381522297859191895e-01
2.046219073235988617e-02 -8.251618593931198120e-03 8.553347587585449219e-01
1.801280491054058075e-02 -3.851004177704453468e-03 8.199882507324218750e-01
1.815081015229225159e-02 -4.914296325296163559e-03 8.365744948387145996e-01
1.928248628973960876e-02 -5.607513710856437683e-03 7.516735196113586426e-01
1.813961938023567200e-02 -4.598476458340883255e-03 7.286667227745056152e-01
1.939575560390949249e-02 -1.006542053073644638e-02 8.770127892494201660e-01
1.572610437870025635e-02 -1.207225490361452103e-02 9.111632108688354492e-01
1.682059280574321747e-02 -1.410671323537826538e-02 9.467886090278625488e-01
2.013771981000900269e-02 -1.511314604431390762e-02 9.296578764915466309e-01
2.096977643668651581e-02 -1.804697513580322266e-02 9.597993493080139160e-01
1.330332644283771515e-02 -1.879704743623733521e-02 9.486247897148132324e-01
1.602300629019737244e-02 -1.427684724330902100e-02 8.433787822723388672e-01
1.723495498299598694e-02 -9.697079658508300781e-03 7.771889567375183105e-01
1.841968297958374023e-02 -3.767449175938963890e-03 6.649427413940429688e-01
1.861286163330078125e-02 -1.228637993335723877e-02 7.497638463973999023e-01
1.675128750503063202e-02 -1.487864274531602859e-02 8.448009490966796875e-01
1.081977132707834244e-02 -1.257482357323169708e-02 1.055928826332092285e+00
9.125126525759696960e-03 -9.590442292392253876e-03 9.689390063285827637e-01
7.631099317222833633e-03 -1.020709797739982605e-02 8.672614693641662598e-01
5.533824209123849869e-03 -8.979048579931259155e-03 1.024876832962036133e+00
6.700768601149320602e-03 -9.879727847874164581e-03 9.717184901237487793e-01
8.353034034371376038e-03 -8.878743276000022888e-03 9.048329591751098633e-01
5.541581660509109497e-03 -6.972760427743196487e-03 9.614294767379760742e-01
5.243467632681131363e-03 -8.102581836283206940e-03 9.771515727043151855e-01
-2.368793822824954987e-03 -9.261603467166423798e-03 1.076845526695251465e+00
-1.146063907071948051e-03 -1.201690640300512314e-02 9.893712401390075684e-01
2.456270158290863037e-03 -1.237180177122354507e-02 9.707278013229370117e-01
1.701015746220946312e-03 -9.964296594262123108e-03 1.025968074798583984e+00
9.195504244416952133e-04 -1.036380790174007416e-02 9.582666158676147461e-01
4.029372241348028183e-03 -9.665611200034618378e-03 1.029052853584289551e+00
5.861619487404823303e-03 -8.921039290726184845e-03 9.891423583030700684e-01
8.346029557287693024e-03 -9.309382177889347076e-03 1.079775452613830566e+00
7.150727789849042892e-03 -1.160988770425319672e-02 1.060487866401672363e+00
6.959927733987569809e-03 -1.605645380914211273e-02 1.071150064468383789e+00
4.263991955667734146e-03 -1.359023153781890869e-02 1.134648323059082031e+00
1.492277020588517189e-03 -9.321421384811401367e-03 1.151507019996643066e+00
4.468821454793214798e-03 -9.400428272783756256e-03 9.505655765533447266e-01
8.783099241554737091e-03 -1.457254868000745773e-02 8.991297483444213867e-01
5.343190394341945648e-03 -1.320566888898611069e-02 1.041182279586791992e+00
-3.663747629616409540e-04 -1.136502623558044434e-02 1.024535417556762695e+00
-6.050332449376583099e-03 -8.222396485507488251e-03 9.853914380073547363e-01
-2.476590918377041817e-03 -1.379435323178768158e-02 1.126693367958068848e+00
-2.287877956405282021e-03 -2.023841440677642822e-02 1.362699031829833984e+00
-3.535110503435134888e-03 -1.410361565649509430e-02 1.307800292968750000e+00
-2.348893554881215096e-03 -1.235794275999069214e-02 9.630573987960815430e-01
-5.626839702017605305e-04 -1.150130480527877808e-02 8.040766119956970215e-01
7.377789821475744247e-03 -1.056952215731143951e-02 8.859632015228271484e-01
3.178747370839118958e-03 -8.114268071949481964e-03 1.295314192771911621e+00
9.308292530477046967e-03 -1.101621054112911224e-02 1.301473736763000488e+00
1.639535836875438690e-02 -8.777352049946784973e-03 1.202907919883728027e+00
1.821436174213886261e-02 -1.022706832736730576e-02 1.536148071289062500e+00
1.810843311250209808e-02 -1.100711524486541748e-02 1.640094518661499023e+00
1.614362560212612152e-02 -8.075870573520660400e-03 1.117919325828552246e+00
1.851607486605644226e-02 -1.180679723620414734e-02 7.936896681785583496e-01
1.632962189614772797e-02 -1.331586670130491257e-02 9.498875141143798828e-01
4.577050916850566864e-03 -1.012801006436347961e-02 1.341193556785583496e+00
1.010610349476337433e-02 -1.014009676873683929e-02 1.110306382179260254e+00
1.286716293543577194e-02 -1.868144236505031586e-02 8.327163457870483398e-01
4.980777855962514877e-03 -1.470974087715148926e-02 9.196578264236450195e-01
-4.539664834737777710e-03 -6.711229681968688965e-03 1.060101866722106934e+00
-1.648249570280313492e-03 -1.420681923627853394e-02 1.328198313713073730e+00
6.435147952288389206e-04 -1.850256323814392090e-02 1.367437243461608887e+00
2.567675255704671144e-04 -1.542523875832557678e-02 1.271933317184448242e+00
7.751506753265857697e-03 -1.279083173722028732e-02 1.264287710189819336e+00
6.095298100262880325e-03 -1.196188479661941528e-02 1.077180624008178711e+00
9.203702211380004883e-03 -1.540271565318107605e-02 8.825036287307739258e-01
6.081518251448869705e-03 -1.180792041122913361e-02 6.742640137672424316e-01
1.160615211119875312e-04 -8.511837571859359741e-03 5.989616513252258301e-01
2.276037819683551788e-03 -6.705229636281728745e-03 4.851594567298889160e-01
5.851761903613805771e-03 -1.024962123483419418e-02 5.137580633163452148e-01
2.523646689951419830e-03 -1.344960834830999374e-02 5.596238374710083008e-01
5.366793833673000336e-03 -1.003584451973438263e-02 5.687146782875061035e-01
6.919027771800756454e-03 -9.705537930130958557e-03 6.112831830978393555e-01
1.969512552022933960e-03 -1.444216445088386536e-02 7.101701498031616211e-01
3.460340958554297686e-04 -1.081202924251556396e-02 7.724798917770385742e-01
-2.975660143420100212e-03 -8.114618249237537384e-03 7.667815685272216797e-01
-2.418374642729759216e-03 -6.851408164948225021e-03 7.843785285949707031e-01
-9.632499422878026962e-04 -4.426585976034402847e-03 7.482893466949462891e-01
