-6.717453002929687500e-01 3.131145536899566650e-01 -3.132927417755126953e-01 1.946705132722854614e-01 -3.488042205572128296e-02 7.721285521984100342e-02
-6.821125745773315430e-01 3.250879645347595215e-01 -3.030239939689636230e-01 2.016862183809280396e-01 -7.791038602590560913e-03 6.914802640676498413e-02
-6.882578134536743164e-01 3.292377889156341553e-01 -2.965102195739746094e-01 2.056664079427719116e-01 3.965720534324645996e-03 6.510215252637863159e-02
-6.884460449218750000e-01 3.309646844863891602e-01 -2.884842157363891602e-01 2.097371667623519897e-01 1.207430660724639893e-02 6.263329833745956421e-02
-6.852488517761230469e-01 3.345957994461059570e-01 -2.825117409229278564e-01 2.086362689733505249e-01 2.285281009972095490e-02 5.827397108078002930e-02
-6.829534769058227539e-01 3.369736075401306152e-01 -2.787251472473144531e-01 2.065639346837997437e-01 2.523051388561725616e-02 5.746474117040634155e-02
-6.841377615928649902e-01 3.397588133811950684e-01 -2.787981033325195312e-01 2.065631598234176636e-01 2.500139549374580383e-02 5.930139124393463135e-02
-6.845502853393554688e-01 3.411903083324432373e-01 -2.801056504249572754e-01 2.068886905908584595e-01 2.442971616983413696e-02 6.062445789575576782e-02
-6.846263408660888672e-01 3.411358892917633057e-01 -2.801944911479949951e-01 2.069592624902725220e-01 2.439245954155921936e-02 6.061584502458572388e-02
-6.844831705093383789e-01 3.414333760738372803e-01 -2.800635099411010742e-01 2.068273574113845825e-01 2.448025159537792206e-02 6.074892729520797729e-02
-6.846517324447631836e-01 3.411774933338165283e-01 -2.802258729934692383e-01 2.070614844560623169e-01 2.429869398474693298e-02 6.071650236845016479e-02
-6.847103238105773926e-01 3.411421775817871094e-01 -2.803038358688354492e-01 2.071714848279953003e-01 2.428912371397018433e-02 6.066529452800750732e-02
-6.847050786018371582e-01 3.412124812602996826e-01 -2.803263664245605469e-01 2.071456164121627808e-01 2.425953373312950134e-02 6.072465330362319946e-02
-6.847133636474609375e-01 3.413868546485900879e-01 -2.803445458412170410e-01 2.071413844823837280e-01 2.429911680519580841e-02 6.079202890396118164e-02
-6.847764253616333008e-01 3.414221704006195068e-01 -2.804302275180816650e-01 2.071630805730819702e-01 2.430295757949352264e-02 6.079255789518356323e-02
-6.847780942916870117e-01 3.414525389671325684e-01 -2.803734540939331055e-01 2.072398811578750610e-01 2.430311962962150574e-02 6.084891408681869507e-02
-6.849706172943115234e-01 3.412707448005676270e-01 -2.804866433143615723e-01 2.073555439710617065e-01 2.419156953692436218e-02 6.075625121593475342e-02
-6.849426031112670898e-01 3.413104414939880371e-01 -2.804549038410186768e-01 2.074573189020156860e-01 2.411344274878501892e-02 6.080725044012069702e-02
-6.848630309104919434e-01 3.415066599845886230e-01 -2.803803980350494385e-01 2.074093669652938843e-01 2.421430684626102448e-02 6.086463481187820435e-02
-6.850121021270751953e-01 3.414320647716522217e-01 -2.805140018463134766e-01 2.074670940637588501e-01 2.410927414894104004e-02 6.080853939056396484e-02
-6.848950386047363281e-01 3.416177034378051758e-01 -2.803784608840942383e-01 2.074338942766189575e-01 2.412682399153709412e-02 6.095981597900390625e-02
-6.847541332244873047e-01 3.417926728725433350e-01 -2.802729010581970215e-01 2.073140293359756470e-01 2.422799170017242432e-02 6.101933121681213379e-02
-6.848325133323669434e-01 3.416665494441986084e-01 -2.804076969623565674e-01 2.073706835508346558e-01 2.422282285988330841e-02 6.097266077995300293e-02
-6.849423646926879883e-01 3.415811657905578613e-01 -2.804952561855316162e-01 2.073371559381484985e-01 2.423048205673694611e-02 6.087270379066467285e-02
-6.850588917732238770e-01 3.414031565189361572e-01 -2.805801630020141602e-01 2.075349837541580200e-01 2.401465177536010742e-02 6.088931858539581299e-02
-6.850237846374511719e-01 3.413612246513366699e-01 -2.806129753589630127e-01 2.074978202581405640e-01 2.402909845113754272e-02 6.085541844367980957e-02
-6.849274635314941406e-01 3.414661884307861328e-01 -2.805387377738952637e-01 2.075544744729995728e-01 2.401880733668804169e-02 6.091773509979248047e-02
-6.849861741065979004e-01 3.414950668811798096e-01 -2.805846333503723145e-01 2.075052708387374878e-01 2.408412657678127289e-02 6.092111021280288696e-02
-6.849161386489868164e-01 3.415710926055908203e-01 -2.805435061454772949e-01 2.073745280504226685e-01 2.418777532875537872e-02 6.090418249368667603e-02
-6.846054196357727051e-01 3.421586751937866211e-01 -2.801576256752014160e-01 2.067326456308364868e-01 2.456228435039520264e-02 6.096619367599487305e-02
-6.846511363983154297e-01 3.420006632804870605e-01 -2.800307869911193848e-01 2.070084661245346069e-01 2.439085207879543304e-02 6.105893850326538086e-02
-6.846277713775634766e-01 3.416973650455474854e-01 -2.801433205604553223e-01 2.074068933725357056e-01 2.400072850286960602e-02 6.120707839727401733e-02
-6.844003200531005859e-01 3.420536816120147705e-01 -2.799748778343200684e-01 2.070522755384445190e-01 2.407733350992202759e-02 6.126180291175842285e-02
-6.843387484550476074e-01 3.418221175670623779e-01 -2.801190018653869629e-01 2.068476527929306030e-01 2.381443418562412262e-02 6.114023178815841675e-02
-6.844723224639892578e-01 3.416671156883239746e-01 -2.802778482437133789e-01 2.068000584840774536e-01 2.349349297583103180e-02 6.104614585638046265e-02
-6.838113665580749512e-01 3.424189984798431396e-01 -2.798585295677185059e-01 2.058335989713668823e-01 2.392499521374702454e-02 6.100306659936904907e-02
-6.843018531799316406e-01 3.418376147747039795e-01 -2.808606624603271484e-01 2.058680504560470581e-01 2.285729534924030304e-02 6.029474735260009766e-02
-6.833208203315734863e-01 3.436368703842163086e-01 -2.809662818908691406e-01 2.036623507738113403e-01 2.307005971670150757e-02 6.021380424499511719e-02
-6.838873028755187988e-01 3.435731828212738037e-01 -2.809732556343078613e-01 2.035131007432937622e-01 2.309596724808216095e-02 6.011760234832763672e-02
-6.838719844818115234e-01 3.429739475250244141e-01 -2.810812592506408691e-01 2.029439061880111694e-01 2.327657118439674377e-02 5.976626276969909668e-02
-6.839728355407714844e-01 3.430571854114532471e-01 -2.808700203895568848e-01 2.020170539617538452e-01 2.354979515075683594e-02 5.960632115602493286e-02
-6.847463250160217285e-01 3.419637680053710938e-01 -2.822017669677734375e-01 2.020784020423889160e-01 2.287974208593368530e-02 5.883571505546569824e-02
-6.841944456100463867e-01 3.428645431995391846e-01 -2.820934057235717773e-01 2.004664093255996704e-01 2.278031408786773682e-02 5.868992209434509277e-02
-6.850856542587280273e-01 3.440825939178466797e-01 -2.816452980041503906e-01 1.992553919553756714e-01 2.510603517293930054e-02 5.805268138647079468e-02
-6.854591369628906250e-01 3.432395756244659424e-01 -2.813820838928222656e-01 1.997158974409103394e-01 2.579386159777641296e-02 5.799520760774612427e-02
-6.852040886878967285e-01 3.434421718120574951e-01 -2.821291983127593994e-01 2.005551606416702271e-01 2.509515732526779175e-02 5.837972462177276611e-02
-6.863088607788085938e-01 3.428954780101776123e-01 -2.837846279144287109e-01 2.021456360816955566e-01 2.382031641900539398e-02 5.856683850288391113e-02
-6.867798566818237305e-01 3.425911664962768555e-01 -2.852554321289062500e-01 2.018327713012695312e-01 2.467412501573562622e-02 5.831422284245491028e-02
-6.882165670394897461e-01 3.414491415023803711e-01 -2.865874171257019043e-01 2.030646055936813354e-01 2.429881505668163300e-02 5.714119970798492432e-02
-6.895078420639038086e-01 3.419718444347381592e-01 -2.881367802619934082e-01 2.026198357343673706e-01 2.470294199883937836e-02 5.724846199154853821e-02
-6.908926367759704590e-01 3.410436213016510010e-01 -2.903744578361511230e-01 2.034945338964462280e-01 2.418516948819160461e-02 5.710025876760482788e-02
-6.909051537513732910e-01 3.394519388675689697e-01 -2.889792025089263916e-01 2.049543410539627075e-01 2.438119612634181976e-02 5.701404809951782227e-02
-6.912041306495666504e-01 3.402365744113922119e-01 -2.886758744716644287e-01 2.044924646615982056e-01 2.437487989664077759e-02 5.687181279063224792e-02
-6.930417418479919434e-01 3.395367264747619629e-01 -2.904283404350280762e-01 2.059476226568222046e-01 2.360237017273902893e-02 5.697447061538696289e-02
-6.934350728988647461e-01 3.403913080692291260e-01 -2.893183529376983643e-01 2.046884745359420776e-01 2.480948157608509064e-02 5.677442997694015503e-02
-6.952863931655883789e-01 3.379994928836822510e-01 -2.885021567344665527e-01 2.070403546094894409e-01 2.584724873304367065e-02 5.703161656856536865e-02
-6.956486701965332031e-01 3.387313783168792725e-01 -2.882926464080810547e-01 2.061764150857925415e-01 2.545828372240066528e-02 5.680701136589050293e-02
-6.959584951400756836e-01 3.388391137123107910e-01 -2.872620820999145508e-01 2.064957767724990845e-01 2.578774094581604004e-02 5.692217499017715454e-02
-6.964673399925231934e-01 3.382302820682525635e-01 -2.861229777336120605e-01 2.075807899236679077e-01 2.649225480854511261e-02 5.641335621476173401e-02
-6.955091953277587891e-01 3.423310816287994385e-01 -2.847587168216705322e-01 2.047237902879714966e-01 2.680590376257896423e-02 5.555109307169914246e-02
-6.981696486473083496e-01 3.395303487777709961e-01 -2.894272804260253906e-01 2.096494883298873901e-01 2.429054118692874908e-02 5.934106931090354919e-02
-6.957648396492004395e-01 3.421996533870697021e-01 -2.876730561256408691e-01 2.040734142065048218e-01 2.666645124554634094e-02 5.600595474243164062e-02
-6.978947520256042480e-01 3.392548859119415283e-01 -2.852099835872650146e-01 2.080503553152084351e-01 2.966317906975746155e-02 5.803073942661285400e-02
-6.956769824028015137e-01 3.397001326084136963e-01 -2.828477323055267334e-01 2.067851573228836060e-01 3.010878711938858032e-02 5.909258872270584106e-02
-6.916927099227905273e-01 3.414072096347808838e-01 -2.839750647544860840e-01 2.057377845048904419e-01 2.608645893633365631e-02 6.200448423624038696e-02
-6.867051720619201660e-01 3.412061929702758789e-01 -2.858698368072509766e-01 2.029036134481430054e-01 1.949463598430156708e-02 6.378634274005889893e-02
-6.818735003471374512e-01 3.397168517112731934e-01 -2.813919484615325928e-01 2.024707347154617310e-01 1.588688977062702179e-02 6.463696807622909546e-02
-6.813701987266540527e-01 3.404743075370788574e-01 -2.834627330303192139e-01 2.014554888010025024e-01 1.492282375693321228e-02 6.341641396284103394e-02
-6.852006912231445312e-01 3.383676111698150635e-01 -2.826300263404846191e-01 2.059427648782730103e-01 1.661673374474048615e-02 6.325324624776840210e-02
-6.795293688774108887e-01 3.378002941608428955e-01 -2.813763320446014404e-01 1.982888430356979370e-01 1.628033258020877838e-02 6.113674491643905640e-02
-6.756089329719543457e-01 3.371846675872802734e-01 -2.841966152191162109e-01 1.920605152845382690e-01 2.022880315780639648e-02 5.858401209115982056e-02
-6.821393966674804688e-01 3.316008150577545166e-01 -2.867394089698791504e-01 2.031734734773635864e-01 2.236915007233619690e-02 6.040367111563682556e-02
-6.879339218139648438e-01 3.329688310623168945e-01 -2.840052843093872070e-01 2.052976340055465698e-01 2.808570116758346558e-02 5.930525809526443481e-02
-6.871373057365417480e-01 3.334975838661193848e-01 -2.809236049652099609e-01 2.074005454778671265e-01 3.094383701682090759e-02 6.497830897569656372e-02
-6.836202740669250488e-01 3.329478800296783447e-01 -2.843386530876159668e-01 2.064288407564163208e-01 2.998650446534156799e-02 6.861646473407745361e-02
-6.813992857933044434e-01 3.292464315891265869e-01 -2.850572168827056885e-01 2.027464956045150757e-01 3.237013891339302063e-02 7.099232822656631470e-02
-6.828083992004394531e-01 3.218807876110076904e-01 -2.834312915802001953e-01 2.037737220525741577e-01 3.054666891694068909e-02 7.059434056282043457e-02
-6.754159331321716309e-01 3.210442364215850830e-01 -2.827259898185729980e-01 2.057665437459945679e-01 3.402888774871826172e-02 7.272451370954513550e-02
-6.856853961944580078e-01 3.284427225589752197e-01 -2.869032025337219238e-01 2.086972147226333618e-01 3.552222996950149536e-02 7.080951333045959473e-02
-6.827101111412048340e-01 3.328782320022583008e-01 -2.854113578796386719e-01 2.066617757081985474e-01 3.504760935902595520e-02 6.827548891305923462e-02
-6.796738505363464355e-01 3.240048587322235107e-01 -2.829001247882843018e-01 2.102233916521072388e-01 3.643322736024856567e-02 6.910412758588790894e-02
-6.787058115005493164e-01 3.267844617366790771e-01 -2.830806970596313477e-01 2.086631208658218384e-01 3.208381682634353638e-02 6.723915785551071167e-02
-6.814841628074645996e-01 3.330475091934204102e-01 -2.791926860809326172e-01 2.073643654584884644e-01 3.514344990253448486e-02 6.428648531436920166e-02
-6.806001067161560059e-01 3.315862715244293213e-01 -2.773639261722564697e-01 2.074493616819381714e-01 3.809132426977157593e-02 6.575588136911392212e-02
-6.789232492446899414e-01 3.269983232021331787e-01 -2.793735861778259277e-01 2.084751278162002563e-01 3.659858554601669312e-02 6.925747543573379517e-02
-6.792365312576293945e-01 3.247580528259277344e-01 -2.800017595291137695e-01 2.070358544588088989e-01 3.591826185584068298e-02 6.904552131891250610e-02
-6.778593063354492188e-01 3.257159292697906494e-01 -2.800712287425994873e-01 2.042852491140365601e-01 3.130425140261650085e-02 6.929153949022293091e-02
-6.753132343292236328e-01 3.333253860473632812e-01 -2.809894979000091553e-01 1.990998536348342896e-01 3.217737376689910889e-02 6.629834324121475220e-02
-6.768560409545898438e-01 3.329712748527526855e-01 -2.822710275650024414e-01 2.004872262477874756e-01 3.453351557254791260e-02 6.658983230590820312e-02
-6.760425567626953125e-01 3.341960906982421875e-01 -2.817890942096710205e-01 1.988615095615386963e-01 3.435098752379417419e-02 6.566016376018524170e-02
-6.780728101730346680e-01 3.329572081565856934e-01 -2.824157178401947021e-01 2.015482485294342041e-01 3.347271308302879333e-02 6.732335686683654785e-02
-6.809733510017395020e-01 3.310627043247222900e-01 -2.850462496280670166e-01 2.043622881174087524e-01 3.593043610453605652e-02 6.994085758924484253e-02
-6.807689666748046875e-01 3.332238793373107910e-01 -2.862815260887145996e-01 2.013990879058837891e-01 3.721220046281814575e-02 6.865611672401428223e-02
-6.802977323532104492e-01 3.323139548301696777e-01 -2.865952551364898682e-01 2.009617239236831665e-01 3.582052886486053467e-02 6.862956285476684570e-02
-6.776261329650878906e-01 3.324266970157623291e-01 -2.870533168315887451e-01 1.992248147726058960e-01 3.393094614148139954e-02 6.841845065355300903e-02
-6.769998073577880859e-01 3.347115218639373779e-01 -2.864517569541931152e-01 1.971775144338607788e-01 3.493201360106468201e-02 6.701595336198806763e-02
-6.774861216545104980e-01 3.324856162071228027e-01 -2.870660126209259033e-01 1.988561302423477173e-01 3.398438543081283569e-02 6.742989271879196167e-02
-6.774831414222717285e-01 3.309006989002227783e-01 -2.868055701255798340e-01 1.999257057905197144e-01 3.155288100242614746e-02 6.579057872295379639e-02
-6.765514612197875977e-01 3.277876973152160645e-01 -2.856037020683288574e-01 2.013661712408065796e-01 3.010158240795135498e-02 6.642301380634307861e-02
-6.761586070060729980e-01 3.284893035888671875e-01 -2.866135239601135254e-01 2.009921222925186157e-01 3.121689707040786743e-02 6.632918119430541992e-02
-6.741919517517089844e-01 3.336689472198486328e-01 -2.865080833435058594e-01 1.969775408506393433e-01 3.297664597630500793e-02 6.275899708271026611e-02
-6.751927733421325684e-01 3.339390754699707031e-01 -2.871212661266326904e-01 1.984308660030364990e-01 3.377868235111236572e-02 6.272594630718231201e-02
-6.756478548049926758e-01 3.307555615901947021e-01 -2.874605655670166016e-01 2.021526992321014404e-01 3.601305186748504639e-02 6.566748023033142090e-02
-6.760754585266113281e-01 3.316279649734497070e-01 -2.870109975337982178e-01 2.014868110418319702e-01 3.724920004606246948e-02 6.574485450983047485e-02
-6.794142723083496094e-01 3.272249996662139893e-01 -2.869129776954650879e-01 2.039669901132583618e-01 3.636981919407844543e-02 7.073327898979187012e-02
-6.762502789497375488e-01 3.312678337097167969e-01 -2.886535525321960449e-01 1.998125761747360229e-01 3.750708699226379395e-02 6.851535290479660034e-02
-6.772022843360900879e-01 3.296750783920288086e-01 -2.910001277923583984e-01 1.996254324913024902e-01 3.741668164730072021e-02 6.996186822652816772e-02
-6.792639493942260742e-01 3.273171186447143555e-01 -2.929907441139221191e-01 2.006574720144271851e-01 3.645490482449531555e-02 7.151729613542556763e-02
-6.784566640853881836e-01 3.299009203910827637e-01 -2.941663265228271484e-01 1.980165243148803711e-01 3.646596521139144897e-02 6.991221010684967041e-02
-6.796594858169555664e-01 3.273604214191436768e-01 -2.936980426311492920e-01 2.000295817852020264e-01 3.608402609825134277e-02 7.148987054824829102e-02
-6.796128749847412109e-01 3.259626626968383789e-01 -2.928696274757385254e-01 1.998342573642730713e-01 3.436427935957908630e-02 7.172788679599761963e-02
-6.761905550956726074e-01 3.331538140773773193e-01 -2.938597202301025391e-01 1.931966394186019897e-01 3.742149099707603455e-02 6.804641336202621460e-02
-6.793733835220336914e-01 3.273616135120391846e-01 -2.953478097915649414e-01 1.962848901748657227e-01 3.458058834075927734e-02 7.043038308620452881e-02
-6.750147342681884766e-01 3.316631019115447998e-01 -2.959840297698974609e-01 1.911959797143936157e-01 4.121261835098266602e-02 6.957241147756576538e-02
-6.759499311447143555e-01 3.313401639461517334e-01 -3.001435399055480957e-01 1.904140114784240723e-01 3.894533216953277588e-02 7.221914082765579224e-02
-6.752379536628723145e-01 3.314036130905151367e-01 -3.019798398017883301e-01 1.885394304990768433e-01 3.885783255100250244e-02 7.255109399557113647e-02
-6.738843321800231934e-01 3.316655457019805908e-01 -3.029705584049224854e-01 1.865360736846923828e-01 3.820060938596725464e-02 7.201433926820755005e-02
-6.714663505554199219e-01 3.299731314182281494e-01 -3.042700290679931641e-01 1.857737749814987183e-01 3.560175374150276184e-02 7.140143215656280518e-02
-6.703084111213684082e-01 3.320866525173187256e-01 -3.065453171730041504e-01 1.843457967042922974e-01 3.693816810846328735e-02 6.944043934345245361e-02
-6.726203560829162598e-01 3.277851939201354980e-01 -3.118973076343536377e-01 1.857856065034866333e-01 3.876635059714317322e-02 7.091099023818969727e-02
-6.731131672859191895e-01 3.262733519077301025e-01 -3.167778253555297852e-01 1.807423979043960571e-01 3.468854352831840515e-02 7.088012993335723877e-02
-6.750734448432922363e-01 3.236006796360015869e-01 -3.147053718566894531e-01 1.818295568227767944e-01 3.519667312502861023e-02 7.236117124557495117e-02
-6.729389429092407227e-01 3.227462470531463623e-01 -3.145200312137603760e-01 1.799231618642807007e-01 3.449430316686630249e-02 7.472178339958190918e-02
-6.726853847503662109e-01 3.203642666339874268e-01 -3.138141036033630371e-01 1.820412129163742065e-01 3.952842950820922852e-02 7.530604302883148193e-02
-6.714463233947753906e-01 3.196035921573638916e-01 -3.157889842987060547e-01 1.789967119693756104e-01 3.762839362025260925e-02 7.748352736234664917e-02
-6.693416833877563477e-01 3.235172629356384277e-01 -3.180779814720153809e-01 1.758168488740921021e-01 3.648326545953750610e-02 7.580832391977310181e-02
-6.710880398750305176e-01 3.171870708465576172e-01 -3.146993517875671387e-01 1.814105659723281860e-01 4.081490635871887207e-02 7.871489971876144409e-02
-6.702671647071838379e-01 3.206574022769927979e-01 -3.149614334106445312e-01 1.787870079278945923e-01 4.018503427505493164e-02 7.545242458581924438e-02
-6.713283061981201172e-01 3.165537416934967041e-01 -3.145279586315155029e-01 1.822410076856613159e-01 4.334382340312004089e-02 7.625767588615417480e-02
-6.712625026702880859e-01 3.175756037235260010e-01 -3.145026564598083496e-01 1.803210526704788208e-01 4.256572201848030090e-02 7.555978000164031982e-02
-6.685853004455566406e-01 3.181863129138946533e-01 -3.163144588470458984e-01 1.759920716285705566e-01 3.865981101989746094e-02 7.487598061561584473e-02
-6.661980152130126953e-01 3.135138154029846191e-01 -3.165947794914245605e-01 1.776406168937683105e-01 3.987368941307067871e-02 7.836433500051498413e-02
-6.649655103683471680e-01 3.111307621002197266e-01 -3.164325952529907227e-01 1.776499599218368530e-01 4.100225865840911865e-02 8.026243001222610474e-02
-6.649042367935180664e-01 3.142847716808319092e-01 -3.181355595588684082e-01 1.740448176860809326e-01 3.957216069102287292e-02 8.314375579357147217e-02
-6.662081480026245117e-01 3.167375922203063965e-01 -3.163915276527404785e-01 1.771253049373626709e-01 3.787734359502792358e-02 8.757635205984115601e-02
-6.693552732467651367e-01 3.181153237819671631e-01 -3.178535401821136475e-01 1.820934265851974487e-01 3.917524218559265137e-02 9.239492565393447876e-02
-6.680128574371337891e-01 3.241907656192779541e-01 -3.153975605964660645e-01 1.800982505083084106e-01 3.795559704303741455e-02 8.912156522274017334e-02
-6.647875308990478516e-01 3.237054347991943359e-01 -3.142021894454956055e-01 1.790899783372879028e-01 3.510898351669311523e-02 8.951286971569061279e-02
-6.610887050628662109e-01 3.235904276371002197e-01 -3.138656914234161377e-01 1.793486326932907104e-01 2.552248537540435791e-02 8.432284742593765259e-02
-6.577441692352294922e-01 3.224601149559020996e-01 -3.135314583778381348e-01 1.776211708784103394e-01 2.166322804987430573e-02 8.303070068359375000e-02
-6.627011299133300781e-01 3.233686983585357666e-01 -3.149275481700897217e-01 1.793316155672073364e-01 1.412185281515121460e-02 8.117225766181945801e-02
-6.761239767074584961e-01 3.231735825538635254e-01 -3.103417754173278809e-01 1.883067637681961060e-01 1.291490718722343445e-02 8.303693681955337524e-02
-6.737909913063049316e-01 3.188090920448303223e-01 -2.971886396408081055e-01 1.923754662275314331e-01 1.540514081716537476e-02 8.207472413778305054e-02
-6.865316033363342285e-01 3.250380754470825195e-01 -2.957307696342468262e-01 1.971955150365829468e-01 1.829537190496921539e-02 7.730886340141296387e-02
-6.965910196304321289e-01 3.211840093135833740e-01 -2.978620529174804688e-01 2.082604616880416870e-01 1.595804840326309204e-02 7.476709783077239990e-02
-6.940456628799438477e-01 3.284147977828979492e-01 -2.962364554405212402e-01 2.066054493188858032e-01 1.373625546693801880e-02 6.923910975456237793e-02
-6.939952373504638672e-01 3.302260339260101318e-01 -2.950741648674011230e-01 2.093265503644943237e-01 1.592399179935455322e-02 7.163917273283004761e-02
-6.944047808647155762e-01 3.366374969482421875e-01 -3.026546835899353027e-01 2.061897367238998413e-01 1.387592218816280365e-02 6.974942237138748169e-02
-6.901981234550476074e-01 3.349294364452362061e-01 -2.978368401527404785e-01 2.072542756795883179e-01 1.319478824734687805e-02 6.624652445316314697e-02
-6.889334321022033691e-01 3.378332257270812988e-01 -2.943992018699645996e-01 2.047913521528244019e-01 1.723394915461540222e-02 6.429266929626464844e-02
-6.872255206108093262e-01 3.402897119522094727e-01 -2.938451766967773438e-01 2.024121433496475220e-01 2.192805521190166473e-02 6.383975595235824585e-02
-6.854315996170043945e-01 3.439098596572875977e-01 -2.937334477901458740e-01 1.990141421556472778e-01 2.587980590760707855e-02 6.311387568712234497e-02
-6.904200315475463867e-01 3.455051183700561523e-01 -2.984731793403625488e-01 1.994792968034744263e-01 2.857381850481033325e-02 6.430008262395858765e-02
-6.905771493911743164e-01 3.474580943584442139e-01 -3.012005686759948730e-01 1.982079297304153442e-01 2.819522470235824585e-02 6.472032517194747925e-02
-6.870388388633728027e-01 3.471001684665679932e-01 -3.027139902114868164e-01 1.966328024864196777e-01 2.580013684928417206e-02 6.463974714279174805e-02
-6.822724342346191406e-01 3.458437323570251465e-01 -3.012844324111938477e-01 1.967222243547439575e-01 2.523206546902656555e-02 6.391038745641708374e-02
-6.805605292320251465e-01 3.463369309902191162e-01 -2.991471290588378906e-01 1.974864900112152100e-01 2.670745551586151123e-02 6.267882883548736572e-02
-6.749335527420043945e-01 3.478107452392578125e-01 -2.943715453147888184e-01 1.947402060031890869e-01 2.488132938742637634e-02 6.014091521501541138e-02
-6.756069064140319824e-01 3.454936742782592773e-01 -2.934703230857849121e-01 1.976052373647689819e-01 2.323560230433940887e-02 5.889897793531417847e-02
-6.786955595016479492e-01 3.480019271373748779e-01 -2.946829199790954590e-01 1.970956772565841675e-01 2.621067687869071960e-02 6.068239361047744751e-02
-6.788443326950073242e-01 3.449442088603973389e-01 -2.963201999664306641e-01 1.986615359783172607e-01 2.643367648124694824e-02 6.102183833718299866e-02
-6.825066208839416504e-01 3.431814014911651611e-01 -2.987934947013854980e-01 2.003476768732070923e-01 2.515703439712524414e-02 6.084166094660758972e-02
-6.767045855522155762e-01 3.458875417709350586e-01 -2.957269251346588135e-01 1.958967149257659912e-01 2.656378224492073059e-02 5.902621522545814514e-02
-6.760711073875427246e-01 3.451396524906158447e-01 -2.928268909454345703e-01 1.963335424661636353e-01 3.175587579607963562e-02 6.025231257081031799e-02
-6.774249076843261719e-01 3.463863432407379150e-01 -2.923804521560668945e-01 1.965698450803756714e-01 3.321566060185432434e-02 6.041305139660835266e-02
-6.747081279754638672e-01 3.501212298870086670e-01 -2.933225631713867188e-01 1.931904703378677368e-01 3.163713216781616211e-02 5.859828367829322815e-02
-6.753872632980346680e-01 3.485724627971649170e-01 -2.920738756656646729e-01 1.942094862461090088e-01 3.170359879732131958e-02 5.816610530018806458e-02
-6.773763895034790039e-01 3.448470830917358398e-01 -2.903147935867309570e-01 1.976209729909896851e-01 3.288207948207855225e-02 5.968419462442398071e-02
-6.785165071487426758e-01 3.430579900741577148e-01 -2.911348342895507812e-01 2.000919282436370850e-01 3.343296051025390625e-02 6.141735613346099854e-02
-6.774619221687316895e-01 3.431038260459899902e-01 -2.903577685356140137e-01 1.995749324560165405e-01 3.088998980820178986e-02 6.187392771244049072e-02
-6.760562062263488770e-01 3.439417183399200439e-01 -2.887214124202728271e-01 1.996211260557174683e-01 3.022808022797107697e-02 6.194472685456275940e-02
-6.759992241859436035e-01 3.457940518856048584e-01 -2.877646386623382568e-01 1.993690431118011475e-01 2.923808246850967407e-02 6.067322194576263428e-02
-6.783925294876098633e-01 3.428298234939575195e-01 -2.874911427497863770e-01 2.016521543264389038e-01 2.743078768253326416e-02 6.017069518566131592e-02
-6.751385927200317383e-01 3.440694212913513184e-01 -2.893772423267364502e-01 2.006144225597381592e-01 2.528706379234790802e-02 6.009384989738464355e-02
-6.718437671661376953e-01 3.455017507076263428e-01 -2.913818955421447754e-01 1.992204189300537109e-01 2.222784794867038727e-02 5.990746244788169861e-02
-6.729217767715454102e-01 3.432584702968597412e-01 -2.913104891777038574e-01 2.017653584480285645e-01 1.962341368198394775e-02 6.065023690462112427e-02
-6.730608344078063965e-01 3.431832790374755859e-01 -2.911725044250488281e-01 2.024143785238265991e-01 1.940978318452835083e-02 6.122790277004241943e-02
-6.717751026153564453e-01 3.453305363655090332e-01 -2.898796796798706055e-01 2.000066339969635010e-01 2.039300091564655304e-02 5.962456762790679932e-02
-6.740198731422424316e-01 3.465530872344970703e-01 -2.893863022327423096e-01 1.994118243455886841e-01 2.061022631824016571e-02 5.789067968726158142e-02
-6.788541078567504883e-01 3.448215425014495850e-01 -2.898953258991241455e-01 2.030961960554122925e-01 2.046818658709526062e-02 5.840944498777389526e-02
-6.787469387054443359e-01 3.449456095695495605e-01 -2.920105457305908203e-01 2.021388411521911621e-01 1.972463540732860565e-02 5.723297968506813049e-02
-6.791891455650329590e-01 3.400450646877288818e-01 -2.917048931121826172e-01 2.038051933050155640e-01 1.905250363051891327e-02 5.591424554586410522e-02
-6.799198389053344727e-01 3.388283848762512207e-01 -2.932836413383483887e-01 2.050343602895736694e-01 1.933840289711952209e-02 5.738678202033042908e-02
-6.795633435249328613e-01 3.383365571498870850e-01 -2.950937747955322266e-01 2.045787423849105835e-01 1.877423748373985291e-02 5.901189520955085754e-02
-6.806293725967407227e-01 3.358691334724426270e-01 -2.925477027893066406e-01 2.043255120515823364e-01 2.283457666635513306e-02 5.751492455601692200e-02
-6.834544539451599121e-01 3.325111269950866699e-01 -2.890768647193908691e-01 2.069677859544754028e-01 2.620804123580455780e-02 5.576669424772262573e-02
-6.868099570274353027e-01 3.318954706192016602e-01 -2.865809202194213867e-01 2.083010226488113403e-01 2.740480750799179077e-02 5.624353885650634766e-02
-6.905037760734558105e-01 3.305131793022155762e-01 -2.838379740715026855e-01 2.119285613298416138e-01 2.863738313317298889e-02 5.718814209103584290e-02
-6.925511360168457031e-01 3.305270671844482422e-01 -2.829689085483551025e-01 2.114690393209457397e-01 2.769497968256473541e-02 5.838548392057418823e-02
-6.922402977943420410e-01 3.309508264064788818e-01 -2.832900583744049072e-01 2.109867781400680542e-01 2.504124864935874939e-02 6.062264740467071533e-02
-6.912583708763122559e-01 3.316997587680816650e-01 -2.843765020370483398e-01 2.081973701715469360e-01 2.604900859296321869e-02 5.931207537651062012e-02
-6.896501183509826660e-01 3.331267535686492920e-01 -2.862098813056945801e-01 2.051515132188796997e-01 2.557966858148574829e-02 5.924792587757110596e-02
-6.877723932266235352e-01 3.358164131641387939e-01 -2.862888276576995850e-01 2.018289417028427124e-01 2.292504161596298218e-02 5.880875885486602783e-02
-6.824432611465454102e-01 3.399386703968048096e-01 -2.821064591407775879e-01 1.982874721288681030e-01 2.119448408484458923e-02 6.103686988353729248e-02
-6.830008625984191895e-01 3.400122821331024170e-01 -2.806369066238403320e-01 1.997864246368408203e-01 2.370555698871612549e-02 6.184065341949462891e-02
-6.856789588928222656e-01 3.393384814262390137e-01 -2.840048670768737793e-01 2.027042061090469360e-01 2.190772816538810730e-02 5.953655391931533813e-02
-6.887545585632324219e-01 3.372054994106292725e-01 -2.826035618782043457e-01 2.045313566923141479e-01 2.411809004843235016e-02 5.886815488338470459e-02
-6.896486282348632812e-01 3.390539884567260742e-01 -2.813897132873535156e-01 2.039108127355575562e-01 2.406879514455795288e-02 5.901797860860824585e-02
-6.920105218887329102e-01 3.378250598907470703e-01 -2.813588976860046387e-01 2.075740247964859009e-01 2.548858523368835449e-02 6.152655929327011108e-02
-6.946921944618225098e-01 3.381942510604858398e-01 -2.843787074089050293e-01 2.092514187097549438e-01 2.587912604212760925e-02 5.962835997343063354e-02
-6.874189972877502441e-01 3.470858931541442871e-01 -2.847792506217956543e-01 2.034220546483993530e-01 2.603842690587043762e-02 6.178098917007446289e-02
-6.947007775306701660e-01 3.383367359638214111e-01 -2.879081964492797852e-01 2.102719396352767944e-01 2.429150789976119995e-02 5.934302508831024170e-02
-6.877492070198059082e-01 3.414403200149536133e-01 -2.884615659713745117e-01 2.046919018030166626e-01 2.298974245786666870e-02 6.009904295206069946e-02
-6.900779604911804199e-01 3.375256657600402832e-01 -2.860901355743408203e-01 2.085159569978713989e-01 2.455105818808078766e-02 6.048893928527832031e-02
-6.889483332633972168e-01 3.360499441623687744e-01 -2.855060696601867676e-01 2.070132642984390259e-01 2.292769402265548706e-02 5.823029577732086182e-02
-6.876424551010131836e-01 3.374364972114562988e-01 -2.854272127151489258e-01 2.048040479421615601e-01 2.223803661763668060e-02 5.881650000810623169e-02
-6.872484683990478516e-01 3.375860750675201416e-01 -2.847807109355926514e-01 2.040687948465347290e-01 2.089469134807586670e-02 5.938065797090530396e-02
-6.860765814781188965e-01 3.392627239227294922e-01 -2.840509712696075439e-01 2.035676985979080200e-01 2.112559229135513306e-02 5.997730791568756104e-02
-6.870697736740112305e-01 3.395752906799316406e-01 -2.841153144836425781e-01 2.048936635255813599e-01 2.158365771174430847e-02 6.088966131210327148e-02
-6.878982186317443848e-01 3.403072357177734375e-01 -2.830103337764739990e-01 2.055174857378005981e-01 2.311021834611892700e-02 6.112298369407653809e-02
-6.899890303611755371e-01 3.386291563510894775e-01 -2.838916480541229248e-01 2.072219103574752808e-01 2.188451401889324188e-02 5.959571152925491333e-02
-6.902011632919311523e-01 3.387122750282287598e-01 -2.841908931732177734e-01 2.076445370912551880e-01 2.132733166217803955e-02 6.053731590509414673e-02
-6.881064176559448242e-01 3.399010896682739258e-01 -2.835092842578887939e-01 2.051501721143722534e-01 2.166169136762619019e-02 6.030220538377761841e-02
-6.875404715538024902e-01 3.403826951980590820e-01 -2.820672988891601562e-01 2.053217440843582153e-01 2.256722562015056610e-02 6.066322326660156250e-02
-6.888659000396728516e-01 3.401969373226165771e-01 -2.820262908935546875e-01 2.070164531469345093e-01 2.106415480375289917e-02 6.091167032718658447e-02
-6.871497631072998047e-01 3.408523499965667725e-01 -2.822924852371215820e-01 2.042658179998397827e-01 2.080008015036582947e-02 6.103214621543884277e-02
-6.868833303451538086e-01 3.406095206737518311e-01 -2.823647856712341309e-01 2.039488703012466431e-01 2.162373065948486328e-02 6.095028668642044067e-02
-6.855145692825317383e-01 3.421152532100677490e-01 -2.813889384269714355e-01 2.028918117284774780e-01 2.219492569565773010e-02 6.239546835422515869e-02
-6.866559982299804688e-01 3.414139449596405029e-01 -2.813959121704101562e-01 2.033493071794509888e-01 2.206978946924209595e-02 6.160486489534378052e-02
-6.882238388061523438e-01 3.420668542385101318e-01 -2.822709977626800537e-01 2.048333436250686646e-01 1.885030791163444519e-02 6.243131309747695923e-02
-6.856317520141601562e-01 3.426382243633270264e-01 -2.817104458808898926e-01 2.030164152383804321e-01 2.095345221459865570e-02 6.227187067270278931e-02
-6.840839982032775879e-01 3.440398871898651123e-01 -2.816649079322814941e-01 2.011415809392929077e-01 2.143465355038642883e-02 6.209051609039306641e-02
-6.887218952178955078e-01 3.413174152374267578e-01 -2.838040888309478760e-01 2.055622488260269165e-01 1.975415274500846863e-02 6.027105450630187988e-02
-6.859345436096191406e-01 3.437055051326751709e-01 -2.841560840606689453e-01 2.042407542467117310e-01 1.885080337524414062e-02 6.206459552049636841e-02
-6.898523569107055664e-01 3.407452702522277832e-01 -2.838024497032165527e-01 2.086309045553207397e-01 1.924782246351242065e-02 6.112279742956161499e-02
-6.838173270225524902e-01 3.460208475589752197e-01 -2.831097543239593506e-01 2.009807229042053223e-01 2.100118994712829590e-02 6.287402659654617310e-02
-6.856448650360107422e-01 3.448069393634796143e-01 -2.826862931251525879e-01 2.026522308588027954e-01 2.165000513195991516e-02 6.272924691438674927e-02
-6.879943609237670898e-01 3.416533470153808594e-01 -2.825452089309692383e-01 2.061664611101150513e-01 2.125575393438339233e-02 6.073171645402908325e-02
-6.883963942527770996e-01 3.406602442264556885e-01 -2.824907004833221436e-01 2.063026875257492065e-01 2.128048054873943329e-02 5.996216833591461182e-02
-6.851795911788940430e-01 3.445723056793212891e-01 -2.823919057846069336e-01 2.015084773302078247e-01 2.206927910447120667e-02 6.198451668024063110e-02
-6.902422904968261719e-01 3.404744863510131836e-01 -2.841229736804962158e-01 2.067932933568954468e-01 1.953989453613758087e-02 6.009253114461898804e-02
-6.884857416152954102e-01 3.411378562450408936e-01 -2.843782305717468262e-01 2.055022567510604858e-01 2.014136314392089844e-02 6.044056266546249390e-02
-6.907920837402343750e-01 3.399764001369476318e-01 -2.850284874439239502e-01 2.069029659032821655e-01 1.998748444020748138e-02 6.051170825958251953e-02
-6.909148097038269043e-01 3.406874835491180420e-01 -2.861781716346740723e-01 2.072562426328659058e-01 1.932521723210811615e-02 6.152428686618804932e-02
-6.880402565002441406e-01 3.421924412250518799e-01 -2.853837013244628906e-01 2.052690535783767700e-01 2.048125490546226501e-02 6.268296390771865845e-02
-6.880683302879333496e-01 3.421741724014282227e-01 -2.850924432277679443e-01 2.044137269258499146e-01 2.109664864838123322e-02 6.158038601279258728e-02
-6.890864372253417969e-01 3.409228026866912842e-01 -2.845274806022644043e-01 2.063993364572525024e-01 2.074059657752513885e-02 6.139644980430603027e-02
-6.894090175628662109e-01 3.402600288391113281e-01 -2.833228707313537598e-01 2.071209102869033813e-01 2.244611084461212158e-02 6.154674664139747620e-02
-6.918559670448303223e-01 3.401243686676025391e-01 -2.837561368942260742e-01 2.096132785081863403e-01 2.057286538183689117e-02 6.140769645571708679e-02
-6.926574707031250000e-01 3.393102884292602539e-01 -2.839913964271545410e-01 2.114995568990707397e-01 1.936996355652809143e-02 6.094816699624061584e-02
-6.891664862632751465e-01 3.406921327114105225e-01 -2.814689874649047852e-01 2.088890224695205688e-01 2.251991257071495056e-02 6.216717511415481567e-02
-6.908333301544189453e-01 3.407446742057800293e-01 -2.815036177635192871e-01 2.094129174947738647e-01 2.375425584614276886e-02 5.987134203314781189e-02
-6.909132003784179688e-01 3.419935405254364014e-01 -2.812459468841552734e-01 2.080169469118118286e-01 2.446308732032775879e-02 6.071088090538978577e-02
-6.912420392036437988e-01 3.404237627983093262e-01 -2.836042046546936035e-01 2.071990519762039185e-01 2.478874661028385162e-02 5.833327770233154297e-02
-6.893445849418640137e-01 3.407683968544006348e-01 -2.839337289333343506e-01 2.060807794332504272e-01 2.442709356546401978e-02 5.827958136796951294e-02
-6.910497546195983887e-01 3.397163152694702148e-01 -2.855031192302703857e-01 2.079721540212631226e-01 2.349632047116756439e-02 5.834183841943740845e-02
-6.877413392066955566e-01 3.421464264392852783e-01 -2.842092812061309814e-01 2.038608938455581665e-01 2.499511465430259705e-02 5.829280614852905273e-02
-6.861855983734130859e-01 3.411200940608978271e-01 -2.863001823425292969e-01 2.016556560993194580e-01 2.314900234341621399e-02 5.575904995203018188e-02
-6.921695470809936523e-01 3.385117650032043457e-01 -2.865416109561920166e-01 2.084965854883193970e-01 2.202430181205272675e-02 5.753056332468986511e-02
-6.889278292655944824e-01 3.402305543422698975e-01 -2.859604358673095703e-01 2.048343867063522339e-01 2.390764839947223663e-02 5.735445395112037659e-02
-6.856503486633300781e-01 3.440446853637695312e-01 -2.834201753139495850e-01 2.017668038606643677e-01 2.426022663712501526e-02 5.872891098260879517e-02
-6.916638016700744629e-01 3.385676741600036621e-01 -2.868100404739379883e-01 2.092511504888534546e-01 2.347768843173980713e-02 5.815769359469413757e-02
-6.882160902023315430e-01 3.408774733543395996e-01 -2.864706516265869141e-01 2.053199857473373413e-01 2.426728233695030212e-02 5.881371349096298218e-02
-6.866260170936584473e-01 3.421341180801391602e-01 -2.852660417556762695e-01 2.050240486860275269e-01 2.520900405943393707e-02 6.023609265685081482e-02
-6.871810555458068848e-01 3.420902490615844727e-01 -2.869142889976501465e-01 2.057196646928787231e-01 2.408685348927974701e-02 5.963452532887458801e-02
-6.899710893630981445e-01 3.400934338569641113e-01 -2.886458039283752441e-01 2.077438384294509888e-01 2.224970981478691101e-02 5.905386060476303101e-02
-6.876633763313293457e-01 3.404333889484405518e-01 -2.880467176437377930e-01 2.068688720464706421e-01 2.235898934304714203e-02 5.906129628419876099e-02
-6.875140666961669922e-01 3.432618081569671631e-01 -2.862191200256347656e-01 2.049396485090255737e-01 2.424513362348079681e-02 5.898962914943695068e-02
-6.890276074409484863e-01 3.433183729648590088e-01 -2.883275449275970459e-01 2.045295387506484985e-01 2.273447066545486450e-02 5.776641517877578735e-02
-6.899675726890563965e-01 3.432385623455047607e-01 -2.881773710250854492e-01 2.049701958894729614e-01 2.400865592062473297e-02 5.751888826489448547e-02
-6.890058517456054688e-01 3.421587944030761719e-01 -2.864748239517211914e-01 2.055169790983200073e-01 2.619228512048721313e-02 5.845574662089347839e-02
-6.899319887161254883e-01 3.422319293022155762e-01 -2.855687141418457031e-01 2.053421288728713989e-01 2.625592425465583801e-02 5.821713060140609741e-02
-6.883993148803710938e-01 3.431296944618225098e-01 -2.861383557319641113e-01 2.039320021867752075e-01 2.548068016767501831e-02 5.834335088729858398e-02
-6.859284639358520508e-01 3.439169824123382568e-01 -2.865525484085083008e-01 2.020860463380813599e-01 2.518167905509471893e-02 5.906970798969268799e-02
-6.882342100143432617e-01 3.436792790889739990e-01 -2.867880165576934814e-01 2.039768248796463013e-01 2.696399576961994171e-02 6.035507470369338989e-02
-6.901787519454956055e-01 3.424913585186004639e-01 -2.859037518501281738e-01 2.063724845647811890e-01 2.737966738641262054e-02 6.031689792871475220e-02
-6.913437247276306152e-01 3.417527377605438232e-01 -2.855566442012786865e-01 2.074886113405227661e-01 2.683182619512081146e-02 5.918025225400924683e-02
-6.928400397300720215e-01 3.429342210292816162e-01 -2.857874035835266113e-01 2.076286226511001587e-01 2.704994380474090576e-02 5.880074575543403625e-02
-6.951643228530883789e-01 3.434190452098846436e-01 -2.854898571968078613e-01 2.089758068323135376e-01 2.838936448097229004e-02 5.960863083600997925e-02
-6.959739923477172852e-01 3.434213101863861084e-01 -2.871851921081542969e-01 2.093456834554672241e-01 2.676072530448436737e-02 5.937992781400680542e-02
-6.921000480651855469e-01 3.447480201721191406e-01 -2.867438197135925293e-01 2.071444541215896606e-01 2.750723436474800110e-02 6.062595546245574951e-02
-6.898316740989685059e-01 3.465630412101745605e-01 -2.876562178134918213e-01 2.053403109312057495e-01 2.716193906962871552e-02 6.093800440430641174e-02
-6.911630630493164062e-01 3.470156192779541016e-01 -2.907441258430480957e-01 2.054218202829360962e-01 2.448143064975738525e-02 6.042462214827537537e-02
-6.875070333480834961e-01 3.492287695407867432e-01 -2.901933491230010986e-01 2.031940966844558716e-01 2.583667822182178497e-02 6.190838292241096497e-02
-6.894929409027099609e-01 3.478664755821228027e-01 -2.905498147010803223e-01 2.053292244672775269e-01 2.675321698188781738e-02 6.256379932165145874e-02
-6.920432448387145996e-01 3.468390703201293945e-01 -2.903571128845214844e-01 2.071209102869033813e-01 2.737183496356010437e-02 6.258189678192138672e-02
-6.932447552680969238e-01 3.460548520088195801e-01 -2.915413379669189453e-01 2.076374739408493042e-01 2.537884376943111420e-02 6.209074333310127258e-02
-6.933198571205139160e-01 3.462550938129425049e-01 -2.923260927200317383e-01 2.068357914686203003e-01 2.398817054927349091e-02 6.050531938672065735e-02
-6.917796730995178223e-01 3.464339077472686768e-01 -2.910583317279815674e-01 2.053018659353256226e-01 2.467835135757923126e-02 5.930762737989425659e-02
-6.904161572456359863e-01 3.452616333961486816e-01 -2.901727855205535889e-01 2.050355821847915649e-01 2.620581164956092834e-02 5.845990777015686035e-02
-6.902487277984619141e-01 3.467318415641784668e-01 -2.904450893402099609e-01 2.036509662866592407e-01 2.591848000884056091e-02 5.808563902974128723e-02
-6.904429197311401367e-01 3.467275500297546387e-01 -2.899454236030578613e-01 2.039050012826919556e-01 2.509165741503238678e-02 5.802858620882034302e-02
-6.903939843177795410e-01 3.461543917655944824e-01 -2.885561585426330566e-01 2.048404365777969360e-01 2.584404312074184418e-02 5.821543931961059570e-02
-6.912816166877746582e-01 3.453707098960876465e-01 -2.903464436531066895e-01 2.060231417417526245e-01 2.455675601959228516e-02 5.739020556211471558e-02
-6.877391338348388672e-01 3.468851149082183838e-01 -2.902113497257232666e-01 2.033905833959579468e-01 2.552771940827369690e-02 5.744946748018264771e-02
-6.892699003219604492e-01 3.462060093879699707e-01 -2.908809781074523926e-01 2.046511620283126831e-01 2.647581323981285095e-02 5.796877294778823853e-02
-6.916419267654418945e-01 3.458425700664520264e-01 -2.922625839710235596e-01 2.074304372072219849e-01 2.555327676236629486e-02 5.952134728431701660e-02
-6.886325478553771973e-01 3.489712476730346680e-01 -2.909908890724182129e-01 2.057476192712783813e-01 2.789615467190742493e-02 6.117506325244903564e-02
-6.868867874145507812e-01 3.495501279830932617e-01 -2.904255986213684082e-01 2.043017894029617310e-01 2.836451865732669830e-02 6.170399487018585205e-02
-6.914333105087280273e-01 3.463956117630004883e-01 -2.900982201099395752e-01 2.073718160390853882e-01 2.538217976689338684e-02 6.111044436693191528e-02
-6.921721100807189941e-01 3.445653617382049561e-01 -2.868263125419616699e-01 2.090951651334762573e-01 2.363044023513793945e-02 6.193891167640686035e-02
-6.898237466812133789e-01 3.456750214099884033e-01 -2.857711315155029297e-01 2.079749852418899536e-01 2.285089902579784393e-02 6.227312237024307251e-02
-6.855927705764770508e-01 3.453722000122070312e-01 -2.829101383686065674e-01 2.090151160955429077e-01 1.992718502879142761e-02 6.504428386688232422e-02
-6.867032051086425781e-01 3.418705761432647705e-01 -2.814171314239501953e-01 2.085694819688796997e-01 2.211891673505306244e-02 6.333432346582412720e-02
-6.848839521408081055e-01 3.423424661159515381e-01 -2.827399969100952148e-01 2.029113918542861938e-01 2.104565501213073730e-02 6.058739125728607178e-02
-6.838116645812988281e-01 3.448806703090667725e-01 -2.845696806907653809e-01 1.998186707496643066e-01 1.846213079988956451e-02 5.813811719417572021e-02
-6.858139038085937500e-01 3.430607914924621582e-01 -2.848746776580810547e-01 2.047601491212844849e-01 1.855306699872016907e-02 6.025921553373336792e-02
-6.852995157241821289e-01 3.440014123916625977e-01 -2.839521169662475586e-01 2.029150575399398804e-01 2.103466168045997620e-02 6.028109788894653320e-02
-6.851962208747863770e-01 3.442150354385375977e-01 -2.843020558357238770e-01 2.015284895896911621e-01 2.098166756331920624e-02 5.979956686496734619e-02
-6.844139099121093750e-01 3.436567187309265137e-01 -2.858164310455322266e-01 2.012804597616195679e-01 1.938472688198089600e-02 5.978449434041976929e-02
-6.834883093833923340e-01 3.416577279567718506e-01 -2.863197028636932373e-01 2.034531682729721069e-01 1.968666911125183105e-02 6.033258885145187378e-02
-6.843693852424621582e-01 3.451992273330688477e-01 -2.879245877265930176e-01 2.030359953641891479e-01 2.109063789248466492e-02 5.955071747303009033e-02
-6.823384165763854980e-01 3.434455990791320801e-01 -2.910318374633789062e-01 2.034838348627090454e-01 2.158442884683609009e-02 5.933856964111328125e-02
-6.827573776245117188e-01 3.424443900585174561e-01 -2.928168177604675293e-01 2.047281712293624878e-01 2.172427810728549957e-02 5.789872258901596069e-02
-6.812753677368164062e-01 3.413130044937133789e-01 -2.913085818290710449e-01 2.044425159692764282e-01 2.170792222023010254e-02 5.754748731851577759e-02
-6.843982934951782227e-01 3.421089649200439453e-01 -2.933824062347412109e-01 2.058426886796951294e-01 2.330085448920726776e-02 5.827784538269042969e-02
-6.837462782859802246e-01 3.443638682365417480e-01 -3.001370131969451904e-01 2.040357440710067749e-01 2.124463394284248352e-02 5.708125233650207520e-02
-6.869376301765441895e-01 3.416990041732788086e-01 -2.992364168167114258e-01 2.073978632688522339e-01 2.677488699555397034e-02 5.694913119077682495e-02
-6.882600188255310059e-01 3.404916226863861084e-01 -2.997872829437255859e-01 2.057258039712905884e-01 2.922318875789642334e-02 5.449106544256210327e-02
-6.860231757164001465e-01 3.448884487152099609e-01 -3.024024963378906250e-01 2.011458724737167358e-01 2.625828236341476440e-02 5.432268977165222168e-02
-6.868564486503601074e-01 3.422918617725372314e-01 -2.962172329425811768e-01 2.026401907205581665e-01 2.588190138339996338e-02 5.319566279649734497e-02
-6.846680641174316406e-01 3.425211906433105469e-01 -2.917174696922302246e-01 2.024957686662673950e-01 2.474943920969963074e-02 5.394605547189712524e-02
-6.833204627037048340e-01 3.418721556663513184e-01 -2.937940955162048340e-01 2.020121961832046509e-01 2.541346289217472076e-02 5.665976554155349731e-02
-6.825084686279296875e-01 3.451318740844726562e-01 -2.882595658302307129e-01 1.998694837093353271e-01 2.754325792193412781e-02 5.779100954532623291e-02
-6.805176734924316406e-01 3.476712703704833984e-01 -2.828232049942016602e-01 1.959380358457565308e-01 2.240375056862831116e-02 5.273583531379699707e-02
-6.874995827674865723e-01 3.426883518695831299e-01 -2.871782183647155762e-01 2.037078589200973511e-01 2.253035083413124084e-02 5.633843690156936646e-02
-6.775908470153808594e-01 3.401356935501098633e-01 -2.813274860382080078e-01 2.055540531873703003e-01 2.123109996318817139e-02 5.778015404939651489e-02
-6.760740280151367188e-01 3.428596854209899902e-01 -2.868043184280395508e-01 2.076429873704910278e-01 1.867714151740074158e-02 6.633526831865310669e-02
-6.852462887763977051e-01 3.460454940795898438e-01 -2.950812578201293945e-01 2.076609879732131958e-01 1.967008598148822784e-02 6.689685583114624023e-02
-6.883993744850158691e-01 3.484106659889221191e-01 -2.960242629051208496e-01 2.100869268178939819e-01 1.791006699204444885e-02 6.767303496599197388e-02
-6.880727410316467285e-01 3.456048667430877686e-01 -2.879384756088256836e-01 2.141054421663284302e-01 1.836610212922096252e-02 7.327088713645935059e-02
-6.911984086036682129e-01 3.432929813861846924e-01 -2.831475734710693359e-01 2.147702723741531372e-01 2.338614873588085175e-02 7.138419151306152344e-02
-6.943261027336120605e-01 3.417210280895233154e-01 -2.810261249542236328e-01 2.136071175336837769e-01 2.574990317225456238e-02 6.780298799276351929e-02
-6.936537027359008789e-01 3.411237895488739014e-01 -2.800355553627014160e-01 2.117194980382919312e-01 2.822575718164443970e-02 6.668157130479812622e-02
-6.926684975624084473e-01 3.401255309581756592e-01 -2.791613936424255371e-01 2.122371345758438110e-01 2.947714738547801971e-02 6.828627735376358032e-02
-6.896028518676757812e-01 3.413514792919158936e-01 -2.795560359954833984e-01 2.092036753892898560e-01 3.106107935309410095e-02 6.861972063779830933e-02
-6.895956397056579590e-01 3.361073434352874756e-01 -2.807478308677673340e-01 2.107584923505783081e-01 2.907362207770347595e-02 6.768891960382461548e-02
-6.873461604118347168e-01 3.457259237766265869e-01 -2.800058126449584961e-01 2.007963955402374268e-01 3.137279301881790161e-02 6.358763575553894043e-02
-6.892724037170410156e-01 3.444201946258544922e-01 -2.793428897857666016e-01 2.034099847078323364e-01 3.237965703010559082e-02 6.339982897043228149e-02
-6.876894831657409668e-01 3.424298167228698730e-01 -2.775254249572753906e-01 2.049676030874252319e-01 3.142831847071647644e-02 6.635849177837371826e-02
-6.868268847465515137e-01 3.380244374275207520e-01 -2.796338200569152832e-01 2.055299729108810425e-01 2.960298396646976471e-02 6.662435084581375122e-02
-6.862832307815551758e-01 3.369613885879516602e-01 -2.797440886497497559e-01 2.042055577039718628e-01 2.811135351657867432e-02 6.530465185642242432e-02
-6.856653690338134766e-01 3.382526338100433350e-01 -2.791905403137207031e-01 2.025710791349411011e-01 2.979399077594280243e-02 6.413332372903823853e-02
-6.863026022911071777e-01 3.397211432456970215e-01 -2.802945971488952637e-01 2.025821357965469360e-01 2.882079035043716431e-02 6.310886144638061523e-02
-6.884378790855407715e-01 3.374229669570922852e-01 -2.825020849704742432e-01 2.045972198247909546e-01 2.763926982879638672e-02 6.441562622785568237e-02
-6.881541609764099121e-01 3.352675139904022217e-01 -2.822208404541015625e-01 2.072351723909378052e-01 2.808568999171257019e-02 6.632281839847564697e-02
-6.876083016395568848e-01 3.364440798759460449e-01 -2.812363207340240479e-01 2.058920711278915405e-01 2.888381108641624451e-02 6.546322256326675415e-02
-6.854032874107360840e-01 3.379395604133605957e-01 -2.799677848815917969e-01 2.050217241048812866e-01 3.029533661901950836e-02 6.587651371955871582e-02
-6.850519776344299316e-01 3.401713967323303223e-01 -2.801102697849273682e-01 2.036508172750473022e-01 3.053971007466316223e-02 6.496118754148483276e-02
-6.838822960853576660e-01 3.385397195816040039e-01 -2.817422151565551758e-01 2.043713182210922241e-01 3.011231869459152222e-02 6.476826220750808716e-02
-6.849197745323181152e-01 3.316757082939147949e-01 -2.822783589363098145e-01 2.077022939920425415e-01 3.025195375084877014e-02 6.605398654937744141e-02
-6.819858551025390625e-01 3.387306332588195801e-01 -2.810337245464324951e-01 2.023250907659530640e-01 2.952203154563903809e-02 6.473208218812942505e-02
-6.842230558395385742e-01 3.340868651866912842e-01 -2.846110165119171143e-01 2.047092467546463013e-01 2.841631323099136353e-02 6.655261665582656860e-02
-6.822636723518371582e-01 3.412225544452667236e-01 -2.850617170333862305e-01 2.009123712778091431e-01 2.876007184386253357e-02 6.585488468408584595e-02
-6.836547851562500000e-01 3.349862396717071533e-01 -2.877932786941528320e-01 2.027763873338699341e-01 2.787999808788299561e-02 6.716218590736389160e-02
-6.817425489425659180e-01 3.378087580204010010e-01 -2.888039350509643555e-01 2.006964236497879028e-01 2.724014781415462494e-02 6.514640152454376221e-02
-6.808745265007019043e-01 3.390677869319915771e-01 -2.888690233230590820e-01 1.992508471012115479e-01 2.670876681804656982e-02 6.413087248802185059e-02
-6.806969046592712402e-01 3.390649557113647461e-01 -2.888092696666717529e-01 1.987967491149902344e-01 2.879961021244525909e-02 6.482770293951034546e-02
-6.822140812873840332e-01 3.333595097064971924e-01 -2.880615890026092529e-01 2.003532648086547852e-01 3.067288920283317566e-02 6.914080679416656494e-02
-6.738885045051574707e-01 3.404096662998199463e-01 -2.870652675628662109e-01 1.928476393222808838e-01 2.891776151955127716e-02 6.405467540025711060e-02
-6.755198836326599121e-01 3.365429341793060303e-01 -2.862374782562255859e-01 1.944435983896255493e-01 2.831254526972770691e-02 6.664080172777175903e-02
-6.747890710830688477e-01 3.377218842506408691e-01 -2.865074276924133301e-01 1.926957517862319946e-01 2.920158952474594116e-02 6.689111888408660889e-02
-6.776423454284667969e-01 3.380479514598846436e-01 -2.888897359371185303e-01 1.947216540575027466e-01 2.990485168993473053e-02 6.798298656940460205e-02
-6.740445494651794434e-01 3.389413356781005859e-01 -2.873147726058959961e-01 1.940559744834899902e-01 2.832592651247978210e-02 6.906363368034362793e-02
-6.726435422897338867e-01 3.350447118282318115e-01 -2.860658168792724609e-01 1.957797855138778687e-01 3.153997287154197693e-02 7.272735238075256348e-02
-6.776655912399291992e-01 3.328394591808319092e-01 -2.907689213752746582e-01 1.961588114500045776e-01 2.995866909623146057e-02 7.399278134107589722e-02
-6.805275678634643555e-01 3.320481479167938232e-01 -2.921752929687500000e-01 1.975678503513336182e-01 3.044332750141620636e-02 7.449421286582946777e-02
-6.802084445953369141e-01 3.345254063606262207e-01 -2.914167046546936035e-01 1.962318718433380127e-01 3.056059405207633972e-02 7.385160773992538452e-02
-6.748648881912231445e-01 3.373703956604003906e-01 -2.892748415470123291e-01 1.938874721527099609e-01 3.005170077085494995e-02 7.069095969200134277e-02
-6.748616099357604980e-01 3.381694555282592773e-01 -2.899387478828430176e-01 1.927096247673034668e-01 3.149106726050376892e-02 7.131148874759674072e-02
-6.805382966995239258e-01 3.313489854335784912e-01 -2.894979119300842285e-01 1.971835345029830933e-01 3.206463903188705444e-02 7.276904582977294922e-02
-6.811264753341674805e-01 3.327751159667968750e-01 -2.896353006362915039e-01 1.953202933073043823e-01 3.230855986475944519e-02 7.022629678249359131e-02
-6.800286769866943359e-01 3.354054689407348633e-01 -2.927613258361816406e-01 1.925759911537170410e-01 3.211645781993865967e-02 6.822988390922546387e-02
-6.810864806175231934e-01 3.390833735466003418e-01 -2.980630397796630859e-01 1.905650794506072998e-01 2.899620682001113892e-02 6.642137467861175537e-02
-6.830082535743713379e-01 3.363375961780548096e-01 -2.974749803543090820e-01 1.942403167486190796e-01 3.121471032500267029e-02 7.150484621524810791e-02
-6.822029352188110352e-01 3.367373943328857422e-01 -2.965176999568939209e-01 1.931822896003723145e-01 3.267694264650344849e-02 6.985118985176086426e-02
-6.846813559532165527e-01 3.318825662136077881e-01 -2.920230031013488770e-01 1.964246183633804321e-01 3.335821628570556641e-02 6.837463378906250000e-02
-6.849312186241149902e-01 3.307014107704162598e-01 -2.906715273857116699e-01 1.965801715850830078e-01 3.293616324663162231e-02 6.674994528293609619e-02
-6.858567595481872559e-01 3.321469426155090332e-01 -2.885690629482269287e-01 1.957717984914779663e-01 3.441210091114044189e-02 6.664378941059112549e-02
-6.844851970672607422e-01 3.367288708686828613e-01 -2.867210507392883301e-01 1.949569284915924072e-01 3.572550788521766663e-02 6.794351339340209961e-02
-6.837543249130249023e-01 3.335184454917907715e-01 -2.838880419731140137e-01 1.977574825286865234e-01 3.915488347411155701e-02 7.040753960609436035e-02
-6.847233176231384277e-01 3.340875208377838135e-01 -2.838493287563323975e-01 2.000143229961395264e-01 3.600171208381652832e-02 6.855496019124984741e-02
-6.856632232666015625e-01 3.304478824138641357e-01 -2.819760441780090332e-01 2.036472409963607788e-01 3.404824063181877136e-02 6.972379982471466064e-02
-6.841474175453186035e-01 3.306657075881958008e-01 -2.813141942024230957e-01 2.024207115173339844e-01 3.464337065815925598e-02 6.989008188247680664e-02
-6.828546524047851562e-01 3.324179947376251221e-01 -2.802938520908355713e-01 2.013106793165206909e-01 3.595701605081558228e-02 7.026527076959609985e-02
-6.811546087265014648e-01 3.345482945442199707e-01 -2.790680527687072754e-01 1.988820880651473999e-01 3.487742319703102112e-02 6.794328987598419189e-02
-6.794633865356445312e-01 3.374907970428466797e-01 -2.778625190258026123e-01 1.967646479606628418e-01 3.481110930442810059e-02 6.459229439496994019e-02
-6.829959154129028320e-01 3.386502265930175781e-01 -2.774483263492584229e-01 1.981557607650756836e-01 3.548983484506607056e-02 6.015058606863021851e-02
-6.868478059768676758e-01 3.402773141860961914e-01 -2.844548225402832031e-01 1.991725713014602661e-01 3.379296511411666870e-02 5.852737277746200562e-02
-6.877279281616210938e-01 3.392097055912017822e-01 -2.867938876152038574e-01 1.999855637550354004e-01 3.145084530115127563e-02 5.920796096324920654e-02
-6.854681372642517090e-01 3.414642810821533203e-01 -2.890634834766387939e-01 1.985288709402084351e-01 3.213688358664512634e-02 5.992393195629119873e-02
-6.878499388694763184e-01 3.434384763240814209e-01 -2.931815981864929199e-01 1.977190524339675903e-01 3.144479170441627502e-02 6.018038839101791382e-02
-6.887323856353759766e-01 3.415382802486419678e-01 -2.942073941230773926e-01 1.982946544885635376e-01 3.077531792223453522e-02 6.076115369796752930e-02
-6.861302256584167480e-01 3.381452858448028564e-01 -2.892988026142120361e-01 1.959789991378784180e-01 2.656488679349422455e-02 6.013801693916320801e-02
-6.830663084983825684e-01 3.395785689353942871e-01 -2.909901738166809082e-01 1.912898719310760498e-01 2.393404766917228699e-02 5.971039831638336182e-02
-6.844246387481689453e-01 3.407039344310760498e-01 -2.903480529785156250e-01 1.902174502611160278e-01 1.991316862404346466e-02 5.711383372545242310e-02
-6.841189265251159668e-01 3.404078781604766846e-01 -2.879071235656738281e-01 1.974767744541168213e-01 2.362889051437377930e-02 5.861966311931610107e-02
-6.805235743522644043e-01 3.439100980758666992e-01 -2.918776869773864746e-01 1.950420886278152466e-01 1.906870678067207336e-02 5.808861553668975830e-02
-6.818246245384216309e-01 3.435259759426116943e-01 -2.884351015090942383e-01 1.937873810529708862e-01 1.973141357302665710e-02 5.780515819787979126e-02
-6.835755109786987305e-01 3.396370112895965576e-01 -2.901533842086791992e-01 1.966984272003173828e-01 1.910375058650970459e-02 5.806105583906173706e-02
-6.858613491058349609e-01 3.414379954338073730e-01 -2.887089252471923828e-01 1.986221671104431152e-01 2.212173864245414734e-02 5.811921507120132446e-02
-6.916271448135375977e-01 3.420351743698120117e-01 -2.890979051589965820e-01 2.036819010972976685e-01 2.400999143719673157e-02 5.813187360763549805e-02
-6.877340674400329590e-01 3.398678898811340332e-01 -2.942886054515838623e-01 2.029691487550735474e-01 2.418635413050651550e-02 5.833811312913894653e-02
-6.828203201293945312e-01 3.388852179050445557e-01 -2.958819866180419922e-01 2.010622471570968628e-01 2.418639883399009705e-02 5.774102360010147095e-02
-6.779649853706359863e-01 3.382474482059478760e-01 -2.963280677795410156e-01 1.980830579996109009e-01 2.456446364521980286e-02 5.963337421417236328e-02
-6.800158619880676270e-01 3.397916257381439209e-01 -2.956242561340332031e-01 1.940488517284393311e-01 2.230021730065345764e-02 5.969049036502838135e-02
-6.781639456748962402e-01 3.382633030414581299e-01 -2.930622100830078125e-01 1.918137073516845703e-01 2.389171719551086426e-02 5.869441479444503784e-02
-6.775337457656860352e-01 3.385492265224456787e-01 -2.892444729804992676e-01 1.957608908414840698e-01 2.339571341872215271e-02 6.076708436012268066e-02
-6.813051104545593262e-01 3.408610522747039795e-01 -2.922966480255126953e-01 1.965073645114898682e-01 2.126904018223285675e-02 5.900277197360992432e-02
-6.825963854789733887e-01 3.411912322044372559e-01 -2.908934354782104492e-01 1.951980441808700562e-01 2.074990049004554749e-02 5.780543386936187744e-02
-6.822527647018432617e-01 3.384281396865844727e-01 -2.890599370002746582e-01 1.974946409463882446e-01 2.156749181449413300e-02 5.926235020160675049e-02
-6.842148303985595703e-01 3.396612405776977539e-01 -2.855351567268371582e-01 1.991737633943557739e-01 2.190338075160980225e-02 6.003379076719284058e-02
-6.841353774070739746e-01 3.416814208030700684e-01 -2.848583459854125977e-01 1.971731036901473999e-01 2.218923345208168030e-02 5.709118396043777466e-02
-6.837286353111267090e-01 3.415760397911071777e-01 -2.848674952983856201e-01 1.983640938997268677e-01 2.185963466763496399e-02 5.712571740150451660e-02
-6.846931576728820801e-01 3.399285674095153809e-01 -2.841402888298034668e-01 2.007838338613510132e-01 2.336632087826728821e-02 5.851397663354873657e-02
-6.853916049003601074e-01 3.410685062408447266e-01 -2.844290733337402344e-01 2.009129077196121216e-01 2.462428994476795197e-02 5.949483811855316162e-02
-6.843119859695434570e-01 3.434527218341827393e-01 -2.858097553253173828e-01 1.973002403974533081e-01 2.343765832483768463e-02 5.691473931074142456e-02
-6.871801614761352539e-01 3.420602977275848389e-01 -2.870176434516906738e-01 2.005230337381362915e-01 2.136757411062717438e-02 5.730265378952026367e-02
-6.874662041664123535e-01 3.412733972072601318e-01 -2.840227484703063965e-01 2.024689465761184692e-01 2.359115332365036011e-02 5.937714129686355591e-02
-6.877673268318176270e-01 3.411507010459899902e-01 -2.830586433410644531e-01 2.013788670301437378e-01 2.480059489607810974e-02 5.977059155702590942e-02
-6.862661838531494141e-01 3.413108587265014648e-01 -2.839154005050659180e-01 1.990665644407272339e-01 2.254971489310264587e-02 5.940308421850204468e-02
-6.813845038414001465e-01 3.398131728172302246e-01 -2.848454117774963379e-01 1.963664442300796509e-01 2.038575336337089539e-02 5.638920515775680542e-02
-6.808336973190307617e-01 3.389545977115631104e-01 -2.839398384094238281e-01 1.974814683198928833e-01 2.306802570819854736e-02 5.676102638244628906e-02
-6.813259124755859375e-01 3.401687741279602051e-01 -2.822015881538391113e-01 1.987624019384384155e-01 2.418646961450576782e-02 5.785053968429565430e-02
-6.819859743118286133e-01 3.392362594604492188e-01 -2.807751595973968506e-01 1.998295783996582031e-01 2.450456842780113220e-02 5.757200717926025391e-02
-6.836788654327392578e-01 3.407727777957916260e-01 -2.832568883895874023e-01 1.979871690273284912e-01 2.422132343053817749e-02 5.668973922729492188e-02
-6.837990880012512207e-01 3.417913317680358887e-01 -2.851886451244354248e-01 1.977018415927886963e-01 2.330566383898258209e-02 5.698938667774200439e-02
-6.829734444618225098e-01 3.410595953464508057e-01 -2.866676747798919678e-01 1.977918744087219238e-01 2.297454327344894409e-02 5.695261061191558838e-02
-6.836982965469360352e-01 3.415466547012329102e-01 -2.887263298034667969e-01 1.976063549518585205e-01 2.315841242671012878e-02 5.656269192695617676e-02
-6.851610541343688965e-01 3.419803977012634277e-01 -2.885534763336181641e-01 1.987365037202835083e-01 2.380735799670219421e-02 5.729459226131439209e-02
-6.850048303604125977e-01 3.395959734916687012e-01 -2.870441079139709473e-01 2.002367377281188965e-01 2.270085737109184265e-02 5.800738185644149780e-02
-6.842123270034790039e-01 3.417210876941680908e-01 -2.886137962341308594e-01 1.979938298463821411e-01 2.367439493536949158e-02 5.870741605758666992e-02
-6.839311718940734863e-01 3.411787152290344238e-01 -2.891476750373840332e-01 1.961185336112976074e-01 2.369913086295127869e-02 5.750285089015960693e-02
-6.894819140434265137e-01 3.391038775444030762e-01 -2.867369651794433594e-01 2.012652456760406494e-01 2.487219683825969696e-02 5.601703375577926636e-02
-6.925479769706726074e-01 3.398069739341735840e-01 -2.847246527671813965e-01 2.049890607595443726e-01 2.643496543169021606e-02 5.937221646308898926e-02
-6.840996742248535156e-01 3.427809774875640869e-01 -2.809595465660095215e-01 2.038704901933670044e-01 2.306442894041538239e-02 6.271971762180328369e-02
-6.808944940567016602e-01 3.444142043590545654e-01 -2.846119999885559082e-01 1.981805264949798584e-01 2.072259224951267242e-02 5.926149711012840271e-02
-6.889700889587402344e-01 3.482943475246429443e-01 -2.842881381511688232e-01 1.943123042583465576e-01 2.319135330617427826e-02 5.814883857965469360e-02
-6.918931007385253906e-01 3.449610471725463867e-01 -2.840227484703063965e-01 1.995461434125900269e-01 2.674613147974014282e-02 5.773625522851943970e-02
-6.888604164123535156e-01 3.437933623790740967e-01 -2.800973057746887207e-01 2.051532715559005737e-01 2.972956001758575439e-02 5.912046134471893311e-02
-6.892773509025573730e-01 3.406159579753875732e-01 -2.806813120841979980e-01 2.072670608758926392e-01 2.959704399108886719e-02 5.921279639005661011e-02
-6.840334534645080566e-01 3.400200903415679932e-01 -2.841446995735168457e-01 2.030663341283798218e-01 2.849070355296134949e-02 5.840395390987396240e-02
-6.847949624061584473e-01 3.438541293144226074e-01 -2.860505580902099609e-01 2.029773145914077759e-01 2.659902162849903107e-02 6.040224432945251465e-02
-6.805603504180908203e-01 3.441685736179351807e-01 -2.852395176887512207e-01 2.029870599508285522e-01 2.619598992168903351e-02 6.177690997719764709e-02
-6.816146373748779297e-01 3.444451689720153809e-01 -2.872998714447021484e-01 2.044997960329055786e-01 2.107243984937667847e-02 6.198206171393394470e-02
-6.858620047569274902e-01 3.442688584327697754e-01 -2.889879345893859863e-01 2.076537460088729858e-01 2.231452986598014832e-02 6.383434683084487915e-02
-6.856846213340759277e-01 3.440811336040496826e-01 -2.858816385269165039e-01 2.079796344041824341e-01 2.141335792839527130e-02 6.161674112081527710e-02
-6.859797835350036621e-01 3.435398936271667480e-01 -2.832242846488952637e-01 2.081831246614456177e-01 2.261311560869216919e-02 6.187262386083602905e-02
-6.880980134010314941e-01 3.450095057487487793e-01 -2.845979332923889160e-01 2.042590826749801636e-01 2.507412061095237732e-02 6.073299050331115723e-02
-6.874958276748657227e-01 3.458260893821716309e-01 -2.842197418212890625e-01 2.030752152204513550e-01 2.897498756647109985e-02 6.171020492911338806e-02
-6.857823729515075684e-01 3.456794321537017822e-01 -2.832174301147460938e-01 2.031755596399307251e-01 2.712734416127204895e-02 6.145707517862319946e-02
-6.807096004486083984e-01 3.473952710628509521e-01 -2.802234590053558350e-01 1.980746090412139893e-01 2.799896523356437683e-02 6.037217751145362854e-02
-6.777669191360473633e-01 3.498075306415557861e-01 -2.815104722976684570e-01 1.962938755750656128e-01 2.441238053143024445e-02 5.968462303280830383e-02
-6.870849132537841797e-01 3.473554551601409912e-01 -2.854607105255126953e-01 2.003750503063201904e-01 2.690168097615242004e-02 6.068186461925506592e-02
-6.908546090126037598e-01 3.443689942359924316e-01 -2.850546240806579590e-01 2.044895738363265991e-01 3.066202625632286072e-02 6.227879226207733154e-02
-6.917020678520202637e-01 3.434268832206726074e-01 -2.866213023662567139e-01 2.057963460683822632e-01 2.917804569005966187e-02 6.020462885499000549e-02
-6.911790370941162109e-01 3.442205190658569336e-01 -2.886496484279632568e-01 2.046073526144027710e-01 2.750248834490776062e-02 6.059234216809272766e-02
-6.914917230606079102e-01 3.422008156776428223e-01 -2.889659106731414795e-01 2.054158002138137817e-01 2.758174762129783630e-02 6.086709350347518921e-02
-6.872497797012329102e-01 3.445864319801330566e-01 -2.880986034870147705e-01 2.023521363735198975e-01 2.672514691948890686e-02 6.106075271964073181e-02
-6.861889958381652832e-01 3.460611402988433838e-01 -2.896620035171508789e-01 2.039685398340225220e-01 2.408008836209774017e-02 6.355454027652740479e-02
-6.858600974082946777e-01 3.428812325000762939e-01 -2.901067137718200684e-01 2.080253213644027710e-01 2.091148495674133301e-02 6.612110882997512817e-02
-6.875663399696350098e-01 3.407863080501556396e-01 -2.894073724746704102e-01 2.096161991357803345e-01 1.998567581176757812e-02 6.588356196880340576e-02
-6.864296793937683105e-01 3.404313027858734131e-01 -2.883129119873046875e-01 2.091735154390335083e-01 2.083512954413890839e-02 6.539089232683181763e-02
-6.846066117286682129e-01 3.438748717308044434e-01 -2.876715660095214844e-01 2.073810845613479614e-01 2.330473810434341431e-02 6.598118692636489868e-02
-6.858068108558654785e-01 3.430240154266357422e-01 -2.875643670558929443e-01 2.077075392007827759e-01 2.377474680542945862e-02 6.694944947957992554e-02
-6.873874068260192871e-01 3.416427969932556152e-01 -2.892181277275085449e-01 2.075927704572677612e-01 2.259654179215431213e-02 6.656164675951004028e-02
-6.880884170532226562e-01 3.406366705894470215e-01 -2.898129820823669434e-01 2.075631171464920044e-01 2.235415950417518616e-02 6.619115173816680908e-02
-6.873353123664855957e-01 3.412018120288848877e-01 -2.897631824016571045e-01 2.084267288446426392e-01 2.274281345307826996e-02 6.728498637676239014e-02
-6.876537799835205078e-01 3.421363234519958496e-01 -2.897948622703552246e-01 2.086810916662216187e-01 2.327522449195384979e-02 6.782258301973342896e-02
-6.860478520393371582e-01 3.466516435146331787e-01 -2.885052561759948730e-01 2.058887630701065063e-01 2.729074284434318542e-02 6.834751367568969727e-02
-6.889122128486633301e-01 3.444576263427734375e-01 -2.887788414955139160e-01 2.085494548082351685e-01 2.491712011396884918e-02 6.843119114637374878e-02
-6.901667118072509766e-01 3.421159088611602783e-01 -2.905098199844360352e-01 2.100363224744796753e-01 2.159064076840877533e-02 6.825337558984756470e-02
-6.887506246566772461e-01 3.426803946495056152e-01 -2.892842590808868408e-01 2.096291333436965942e-01 2.141252718865871429e-02 6.896460801362991333e-02
-6.893008947372436523e-01 3.426942825317382812e-01 -2.894411981105804443e-01 2.111534625291824341e-01 2.046135254204273224e-02 7.050559669733047485e-02
-6.890349984169006348e-01 3.439580202102661133e-01 -2.881893515586853027e-01 2.098795324563980103e-01 2.226075902581214905e-02 6.842780858278274536e-02
-6.862223148345947266e-01 3.473608493804931641e-01 -2.853503823280334473e-01 2.082535475492477417e-01 2.564072608947753906e-02 6.774258613586425781e-02
-6.849825978279113770e-01 3.471413850784301758e-01 -2.842708826065063477e-01 2.084332853555679321e-01 2.609120123088359833e-02 6.802964210510253906e-02
-6.857450008392333984e-01 3.450827002525329590e-01 -2.855904698371887207e-01 2.087081223726272583e-01 2.414844185113906860e-02 6.763191521167755127e-02
-6.870365738868713379e-01 3.442506492137908936e-01 -2.860620617866516113e-01 2.085269242525100708e-01 2.374010719358921051e-02 6.635553389787673950e-02
-6.855084896087646484e-01 3.450189828872680664e-01 -2.855289578437805176e-01 2.074600011110305786e-01 2.501635253429412842e-02 6.466966122388839722e-02
-6.852213144302368164e-01 3.438408970832824707e-01 -2.852707505226135254e-01 2.076555043458938599e-01 2.514527365565299988e-02 6.435291469097137451e-02
-6.837015151977539062e-01 3.454461395740509033e-01 -2.843829989433288574e-01 2.068847864866256714e-01 2.666977792978286743e-02 6.527957320213317871e-02
-6.843641400337219238e-01 3.433449566364288330e-01 -2.846683263778686523e-01 2.072678357362747192e-01 2.686585485935211182e-02 6.534694880247116089e-02
-6.841711997985839844e-01 3.433141708374023438e-01 -2.841244041919708252e-01 2.069762498140335083e-01 2.746973559260368347e-02 6.548798829317092896e-02
-6.848052740097045898e-01 3.417876362800598145e-01 -2.847210168838500977e-01 2.075195759534835815e-01 2.744355797767639160e-02 6.564083695411682129e-02
-6.852661371231079102e-01 3.410159647464752197e-01 -2.835036218166351318e-01 2.081062942743301392e-01 2.828527614474296570e-02 6.532306969165802002e-02
-6.849069595336914062e-01 3.404993712902069092e-01 -2.828594446182250977e-01 2.080679088830947876e-01 2.760247513651847839e-02 6.445370614528656006e-02
-6.810005307197570801e-01 3.399090170860290527e-01 -2.811818122863769531e-01 2.072718888521194458e-01 2.593592926859855652e-02 6.258511543273925781e-02
-6.812833547592163086e-01 3.403090238571166992e-01 -2.812778353691101074e-01 2.079766243696212769e-01 2.596862986683845520e-02 6.122961640357971191e-02
-6.858643293380737305e-01 3.400515317916870117e-01 -2.805391550064086914e-01 2.078686207532882690e-01 2.666437253355979919e-02 6.169689446687698364e-02
-6.879422664642333984e-01 3.381147980690002441e-01 -2.823376655578613281e-01 2.102473527193069458e-01 2.536893449723720551e-02 6.260610371828079224e-02
-6.914156079292297363e-01 3.373568058013916016e-01 -2.862363457679748535e-01 2.110782414674758911e-01 2.487189322710037231e-02 6.133559346199035645e-02
-6.906022429466247559e-01 3.378856480121612549e-01 -2.880515456199645996e-01 2.058535069227218628e-01 2.413814328610897064e-02 5.759431421756744385e-02
-6.856251955032348633e-01 3.381709754467010498e-01 -2.860391736030578613e-01 2.063084095716476440e-01 2.129760012030601501e-02 5.906169861555099487e-02
-6.863706707954406738e-01 3.363189399242401123e-01 -2.855515480041503906e-01 2.106334716081619263e-01 2.011746913194656372e-02 5.932272225618362427e-02
-6.864792108535766602e-01 3.362519443035125732e-01 -2.865379452705383301e-01 2.090706974267959595e-01 2.216105535626411438e-02 5.900350958108901978e-02
-6.844453811645507812e-01 3.405595421791076660e-01 -2.859667837619781494e-01 2.034603208303451538e-01 2.348986268043518066e-02 6.011097133159637451e-02
-6.841028928756713867e-01 3.407079279422760010e-01 -2.857325673103332520e-01 2.032322436571121216e-01 2.492505870759487152e-02 5.784707516431808472e-02
-6.877181529998779297e-01 3.374939262866973877e-01 -2.893134653568267822e-01 2.089080363512039185e-01 2.409517951309680939e-02 5.686555802822113037e-02
-6.941105127334594727e-01 3.365540206432342529e-01 -2.907930016517639160e-01 2.107346802949905396e-01 2.480323426425457001e-02 5.769579857587814331e-02
-6.945493817329406738e-01 3.370075821876525879e-01 -2.839058637619018555e-01 2.084378153085708618e-01 2.866458892822265625e-02 5.987847596406936646e-02
-6.960719823837280273e-01 3.370081782341003418e-01 -2.844161987304687500e-01 2.109376639127731323e-01 2.839622274041175842e-02 6.092123687267303467e-02
-6.943614482879638672e-01 3.403304517269134521e-01 -2.848807275295257568e-01 2.065789550542831421e-01 2.689767256379127502e-02 5.940371006727218628e-02
-6.885576248168945312e-01 3.398229777812957764e-01 -2.839405536651611328e-01 2.028034478425979614e-01 2.358575537800788879e-02 6.067118048667907715e-02
-6.852068305015563965e-01 3.403569161891937256e-01 -2.867817878723144531e-01 2.027632743120193481e-01 2.485788054764270782e-02 6.229260936379432678e-02
-6.890223622322082520e-01 3.393988311290740967e-01 -2.935356497764587402e-01 2.036210149526596069e-01 2.418764308094978333e-02 6.054182723164558411e-02
-6.900144219398498535e-01 3.370448052883148193e-01 -2.929059267044067383e-01 2.032834440469741821e-01 2.213968336582183838e-02 5.829495564103126526e-02
-6.817787885665893555e-01 3.407449126243591309e-01 -2.862404584884643555e-01 1.968586444854736328e-01 1.969354599714279175e-02 5.357361584901809692e-02
-6.768558621406555176e-01 3.387625217437744141e-01 -2.774357199668884277e-01 1.986370533704757690e-01 1.924117095768451691e-02 5.176620185375213623e-02
-6.772776842117309570e-01 3.413394391536712646e-01 -2.802548408508300781e-01 1.991849243640899658e-01 1.297974213957786560e-02 5.368777364492416382e-02
-6.781637668609619141e-01 3.416281044483184814e-01 -2.784336805343627930e-01 2.008552253246307373e-01 1.626552082598209381e-02 5.592437088489532471e-02
-6.800292730331420898e-01 3.428391814231872559e-01 -2.805327773094177246e-01 2.006076872348785400e-01 1.976895518600940704e-02 5.742511898279190063e-02
-6.802750825881958008e-01 3.426573574542999268e-01 -2.820845842361450195e-01 2.004731446504592896e-01 2.033790014684200287e-02 5.833787098526954651e-02
-6.801340579986572266e-01 3.437241613864898682e-01 -2.819262742996215820e-01 1.996788531541824341e-01 1.998082734644412994e-02 5.879698693752288818e-02
-6.810259819030761719e-01 3.440123498439788818e-01 -2.822741568088531494e-01 1.994069963693618774e-01 2.033082209527492523e-02 5.778196454048156738e-02
-6.833134293556213379e-01 3.432351648807525635e-01 -2.832951247692108154e-01 2.016623914241790771e-01 2.084805630147457123e-02 5.768473446369171143e-02
-6.824745535850524902e-01 3.436677157878875732e-01 -2.828011512756347656e-01 2.007198631763458252e-01 2.072510123252868652e-02 5.790375173091888428e-02
-6.840178370475769043e-01 3.434976935386657715e-01 -2.836258411407470703e-01 2.020854353904724121e-01 2.091721631586551666e-02 5.753975734114646912e-02
-6.839975118637084961e-01 3.434400856494903564e-01 -2.836354970932006836e-01 2.019634097814559937e-01 2.116027101874351501e-02 5.774104595184326172e-02
-6.829800009727478027e-01 3.435726463794708252e-01 -2.829962670803070068e-01 2.010484337806701660e-01 2.132787927985191345e-02 5.820041149854660034e-02
-6.821516752243041992e-01 3.439097106456756592e-01 -2.827488183975219727e-01 2.000811100006103516e-01 2.122810296714305878e-02 5.814665928483009338e-02
-6.832550764083862305e-01 3.435009419918060303e-01 -2.831091880798339844e-01 2.014908790588378906e-01 2.139291539788246155e-02 5.814939737319946289e-02
-6.829201579093933105e-01 3.436807394027709961e-01 -2.830168008804321289e-01 2.010288238525390625e-01 2.115726470947265625e-02 5.795133113861083984e-02
-6.834504604339599609e-01 3.435313999652862549e-01 -2.832081317901611328e-01 2.015890926122665405e-01 2.118967846035957336e-02 5.785370990633964539e-02
-6.831519007682800293e-01 3.436397314071655273e-01 -2.830801010131835938e-01 2.013398110866546631e-01 2.125250361859798431e-02 5.795116350054740906e-02
-6.833179593086242676e-01 3.436478078365325928e-01 -2.832127511501312256e-01 2.014070898294448853e-01 2.114782296121120453e-02 5.783659964799880981e-02
-6.831337809562683105e-01 3.435792028903961182e-01 -2.830696105957031250e-01 2.012494951486587524e-01 2.120753191411495209e-02 5.788964033126831055e-02
