3.783892840147018433e-03 -8.912584744393825531e-04 -8.319653570652008057e-03
3.906692378222942352e-03 5.288856336846947670e-04 -8.877666667103767395e-03
3.765444038435816765e-03 -8.183396421372890472e-04 -8.334400132298469543e-03
3.975362982600927353e-03 5.785775720141828060e-04 -8.942662738263607025e-03
3.873392008244991302e-03 -8.739599143154919147e-04 -8.520279079675674438e-03
3.958014305680990219e-03 6.915249978192150593e-04 -8.780592121183872223e-03
3.931212704628705978e-03 6.023728637956082821e-04 -8.848961442708969116e-03
3.808486042544245720e-03 -8.838482899591326714e-04 -8.436156436800956726e-03
3.926910925656557083e-03 5.340790958143770695e-04 -8.947380818426609039e-03
3.801775630563497543e-03 -7.146993302740156651e-04 -8.397297002375125885e-03
3.900016425177454948e-03 4.472649015951901674e-04 -8.884955197572708130e-03
3.782876301556825638e-03 -1.116942497901618481e-03 -8.643999695777893066e-03
3.998602274805307388e-03 5.277809104882180691e-04 -8.901604451239109039e-03
3.838555421680212021e-03 8.056638762354850769e-05 -8.884913288056850433e-03
3.766138106584548950e-03 9.955122368410229683e-04 -7.822528481483459473e-03
3.967305645346641541e-03 6.992010748945176601e-04 -8.669947274029254913e-03
4.202443640679121017e-03 -6.831546197645366192e-04 -7.211535237729549408e-03
4.967300221323966980e-03 -3.013010369613766670e-03 -7.013245020061731339e-03
2.393271075561642647e-03 1.175611279904842377e-02 7.070919498801231384e-03
3.065573517233133316e-03 -3.580795309972018003e-04 2.635278180241584778e-02
2.653724700212478638e-02 -4.684895277023315430e-03 1.116201374679803848e-02
4.154528677463531494e-02 1.221655169501900673e-03 2.053056284785270691e-02
-2.286480506882071495e-03 2.904757484793663025e-02 1.682139001786708832e-02
1.199529320001602173e-02 4.563543573021888733e-02 8.124850690364837646e-03
-8.676295168697834015e-03 2.463199896737933159e-03 -5.396969150751829147e-03
2.803977951407432556e-02 1.084145344793796539e-02 -7.706204894930124283e-03
-1.311311265453696251e-03 1.133985538035631180e-02 -2.671052003279328346e-03
7.443468202836811543e-04 6.259473972022533417e-03 -1.529861800372600555e-02
9.815870784223079681e-03 -6.519899237900972366e-03 -4.554858431220054626e-03
2.667522244155406952e-02 -1.729200780391693115e-02 1.182726118713617325e-02
1.820304431021213531e-02 -1.282203011214733124e-02 1.167682092636823654e-02
4.993729759007692337e-03 4.248766694217920303e-03 7.914074696600437164e-03
-2.769230632111430168e-03 6.175172049552202225e-03 1.643245108425617218e-02
1.841397769749164581e-02 2.452412620186805725e-03 1.843868754804134369e-02
2.795944549143314362e-02 8.227965794503688812e-03 2.401068247854709625e-02
6.736923754215240479e-02 1.919525489211082458e-02 -3.169535659253597260e-03
2.702468074858188629e-02 1.640860922634601593e-02 -7.170096039772033691e-03
-1.856969110667705536e-02 2.902130596339702606e-02 -2.611993579193949699e-03
1.702671870589256287e-03 -7.534401491284370422e-03 7.240777369588613510e-03
-1.974926330149173737e-02 -1.021512504667043686e-02 -6.944404914975166321e-03
-2.401082310825586319e-03 4.234860651195049286e-03 -2.530897594988346100e-02
-6.453008390963077545e-03 1.334441266953945160e-02 -1.303627900779247284e-02
2.539027109742164612e-02 -8.581560105085372925e-03 5.872834939509630203e-03
9.943688288331031799e-03 -7.447435054928064346e-03 1.423337683081626892e-02
1.854920759797096252e-02 -8.644090034067630768e-03 1.454905886203050613e-02
2.037770859897136688e-02 -5.230457521975040436e-03 5.822205916047096252e-03
4.145309701561927795e-02 -1.496020145714282990e-02 9.087855927646160126e-03
2.823884412646293640e-02 -1.664583384990692139e-02 1.732696220278739929e-02
5.133578926324844360e-02 -1.698696985840797424e-02 2.711443789303302765e-02
5.296358838677406311e-02 -1.178420335054397583e-02 2.071766927838325500e-02
2.426588907837867737e-02 3.835170296952128410e-03 2.399245835840702057e-02
3.291416913270950317e-02 2.141549339285120368e-04 2.334597520530223846e-02
4.659968242049217224e-02 -7.112336810678243637e-03 1.960335113108158112e-02
1.103740781545639038e-01 -7.865453138947486877e-03 4.919205326586961746e-03
7.147723436355590820e-02 -7.639443036168813705e-03 -6.192249245941638947e-03
3.508213534951210022e-02 5.614415742456912994e-03 7.215470541268587112e-03
2.063916530460119247e-03 1.953118853271007538e-02 2.544381190091371536e-03
-9.389253333210945129e-03 2.709585428237915039e-02 1.514567155390977859e-02
1.790730655193328857e-02 5.183490738272666931e-02 1.243523322045803070e-02
2.658566460013389587e-02 4.453797265887260437e-02 1.989804580807685852e-02
6.675051990896463394e-03 5.707988888025283813e-02 1.559862494468688965e-02
5.987215321511030197e-03 3.522242233157157898e-02 1.196792814880609512e-02
1.154354587197303772e-02 2.608146332204341888e-02 1.220255065709352493e-02
1.876124553382396698e-02 1.113783940672874451e-02 8.903682231903076172e-03
6.350475363433361053e-03 2.149385027587413788e-02 -2.644452732056379318e-03
1.844873093068599701e-02 3.486550226807594299e-02 3.723178291693329811e-03
1.632674783468246460e-02 1.008370518684387207e-02 1.651530386880040169e-03
2.506411820650100708e-02 -1.489865221083164215e-02 -6.986804772168397903e-03
4.244289360940456390e-03 1.686855405569076538e-02 9.930445812642574310e-03
9.958180598914623260e-03 -7.908644154667854309e-03 -5.880066659301519394e-03
7.661818526685237885e-03 2.980568970087915659e-04 -1.241575810126960278e-03
1.883091218769550323e-02 -4.834199324250221252e-03 1.721371524035930634e-02
2.679168246686458588e-02 -1.085006166249513626e-02 1.494786702096462250e-02
2.207503840327262878e-02 -1.430731546133756638e-02 1.162639446556568146e-02
3.596830368041992188e-02 -1.823503151535987854e-02 1.533290091902017593e-02
1.246894709765911102e-02 -7.150236517190933228e-03 1.061808876693248749e-02
7.228690199553966522e-03 7.802657200954854488e-04 8.661004714667797089e-03
2.899706596508622169e-03 1.858082599937915802e-03 -2.228253288194537163e-03
5.388089921325445175e-04 6.249899975955486298e-03 1.979241846129298210e-03
1.055953279137611389e-02 4.233044106513261795e-03 1.061005238443613052e-02
3.653768217191100121e-03 3.687438555061817169e-03 9.350470267236232758e-03
4.984001629054546356e-03 -3.172551747411489487e-03 3.360454225912690163e-03
1.039016060531139374e-02 7.986531127244234085e-04 6.221958436071872711e-03
3.945486620068550110e-03 -8.393891039304435253e-04 6.850233767181634903e-03
8.023828268051147461e-03 1.519944169558584690e-03 7.418489549309015274e-03
5.089904181659221649e-03 -1.572056324221193790e-03 6.166723556816577911e-03
6.961327046155929565e-03 -1.383202499710023403e-03 8.188457228243350983e-03
3.459421219304203987e-03 -1.250418019481003284e-03 7.354153785854578018e-03
7.620635908097028732e-03 -3.082070616073906422e-04 6.003201007843017578e-03
4.395968280732631683e-03 -8.612823439761996269e-04 6.545627955347299576e-03
3.851669607684016228e-03 -1.121377688832581043e-03 6.939562503248453140e-03
6.917219143360853195e-03 -3.353800275363028049e-04 6.732659414410591125e-03
4.133392591029405594e-03 -1.103469869121909142e-03 6.568389479070901871e-03
7.060893345624208450e-03 -4.427468229550868273e-04 7.049855776131153107e-03
3.792330855503678322e-03 -9.533924167044460773e-04 6.852985359728336334e-03
6.867251824587583542e-03 -6.219877395778894424e-04 6.572375074028968811e-03
4.051817581057548523e-03 -1.041504438035190105e-03 6.669817958027124405e-03
3.852716181427240372e-03 -1.061569550074636936e-03 6.992582231760025024e-03
8.034188300371170044e-03 7.869012733863200992e-06 6.820716429501771927e-03
4.487320780754089355e-03 -1.051487284712493420e-03 7.005293387919664383e-03
1.136209815740585327e-02 -3.487543668597936630e-03 6.568305194377899170e-03
4.943120758980512619e-03 -2.055033808574080467e-03 5.828964058309793472e-03
5.450893193483352661e-03 -9.172748541459441185e-04 1.037939265370368958e-02
6.357145961374044418e-03 -3.078721463680267334e-03 4.576304461807012558e-03
7.863885723054409027e-03 -4.025999922305345535e-03 6.417582277208566666e-03
1.135276164859533310e-02 -2.505403012037277222e-03 7.735160179436206818e-03
5.528761073946952820e-03 -2.116258023306727409e-03 6.771269720047712326e-03
1.110164262354373932e-02 -3.132899291813373566e-03 7.488125935196876526e-03
5.253555253148078918e-03 -7.380868191830813885e-04 7.236102595925331116e-03
7.531615905463695526e-03 -4.763834294863045216e-04 5.854206159710884094e-03
3.780903061851859093e-03 -6.495246780104935169e-04 7.868376560509204865e-03
4.312678705900907516e-03 -7.556459750048816204e-04 6.138720549643039703e-03
7.411348167806863785e-03 -1.968981232494115829e-04 6.322387140244245529e-03
3.918170928955078125e-03 -5.475264042615890503e-04 7.144011091440916061e-03
6.877255626022815704e-03 -5.009361775591969490e-04 7.381447590887546539e-03
3.081984352320432663e-03 -1.159460400231182575e-03 6.818807218223810196e-03
8.710490539669990540e-03 6.265121919568628073e-05 6.823681294918060303e-03
4.779398906975984573e-03 -6.046299240551888943e-04 7.208220660686492920e-03
3.878894029185175896e-03 -8.900853572413325310e-04 7.093838416039943695e-03
1.107492111623287201e-02 -1.184509019367396832e-03 7.275264244526624680e-03
4.085330758243799210e-03 -1.701108412817120552e-03 5.973053164780139923e-03
6.547730881720781326e-03 -2.346698427572846413e-03 8.643356151878833771e-03
4.669097252190113068e-03 -1.104767434298992157e-03 7.039199117571115494e-03
8.682591840624809265e-03 -1.853516674600541592e-03 6.390169262886047363e-03
4.414514638483524323e-03 -1.193149480968713760e-03 7.021863944828510284e-03
4.587393254041671753e-03 -9.215638856403529644e-04 6.456302944570779800e-03
5.343405064195394516e-03 -4.526177654042840004e-04 6.453580688685178757e-03
3.082341281697154045e-03 -1.021274249069392681e-03 5.369203630834817886e-03
8.458058349788188934e-03 -1.291544613195583224e-04 1.085899304598569870e-02
5.775600671768188477e-03 -1.844463986344635487e-04 9.453035891056060791e-03
8.783451281487941742e-03 -4.131759633310139179e-04 4.808979108929634094e-03
3.398201195523142815e-03 -1.010316074825823307e-03 5.095690954476594925e-03
4.692212212830781937e-03 -2.057645542663522065e-05 1.198112778365612030e-02
6.675389129668474197e-03 1.119237043894827366e-03 9.400255978107452393e-03
3.834322269540280104e-04 7.613552152179181576e-04 3.911070059984922409e-03
8.633691817522048950e-03 7.148990407586097717e-03 3.153337165713310242e-02
1.252672541886568069e-02 -2.572409342974424362e-03 1.947776228189468384e-02
3.835872933268547058e-02 -1.885652914643287659e-02 3.974229469895362854e-02
2.498756349086761475e-02 -1.349675841629505157e-02 9.213900193572044373e-03
2.301272563636302948e-02 9.172145510092377663e-04 1.533760875463485718e-02
9.355229325592517853e-03 9.493687190115451813e-03 1.759611442685127258e-02
1.648412086069583893e-02 2.396955154836177826e-02 2.116578817367553711e-02
1.578859053552150726e-02 3.758782520890235901e-03 1.136849541217088699e-02
1.461268030107021332e-02 6.232829298824071884e-03 6.767442449927330017e-03
2.622378244996070862e-02 4.494135454297065735e-02 -4.508189857006072998e-03
2.868548780679702759e-02 3.231122717261314392e-02 -2.286167815327644348e-03
3.629545494914054871e-02 -1.557597611099481583e-02 5.332227330654859543e-03
1.728718727827072144e-02 2.214743755757808685e-02 -1.107432041317224503e-02
2.926784195005893707e-02 1.929948292672634125e-02 -1.036304701119661331e-02
3.066884586587548256e-03 6.636885553598403931e-02 -2.147604525089263916e-02
-1.200895756483078003e-02 2.394537068903446198e-02 2.108870074152946472e-03
-2.087664604187011719e-02 1.528366841375827789e-02 2.283089095726609230e-03
-1.399044599384069443e-02 7.424722425639629364e-03 3.731233766302466393e-03
-1.359879504889249802e-02 1.592361181974411011e-02 4.558521322906017303e-03
-1.312665827572345734e-02 3.830043599009513855e-02 5.247754976153373718e-03
-5.497782956808805466e-03 3.801856562495231628e-02 1.925186812877655029e-02
-2.614350430667400360e-02 6.376669555902481079e-02 6.555646657943725586e-03
-1.488294079899787903e-02 5.636706575751304626e-02 1.909356750547885895e-02
-3.560078144073486328e-02 8.319358527660369873e-02 1.957850717008113861e-02
-1.995710656046867371e-02 8.060497045516967773e-02 2.825945243239402771e-02
-3.509877424221485853e-04 8.768557757139205933e-02 2.140891924500465393e-02
-3.805685415863990784e-02 5.118453130125999451e-02 9.745001792907714844e-03
-3.941142559051513672e-02 3.154613822698593140e-02 1.039592432789504528e-03
-4.051884636282920837e-02 2.774269878864288330e-02 1.128303585574030876e-03
-1.488269772380590439e-02 2.679567039012908936e-02 1.663325238041579723e-03
1.060143858194351196e-02 3.372366353869438171e-02 4.480007104575634003e-03
6.985748652368783951e-03 2.358690463006496429e-02 -5.471726413816213608e-03
2.739066025242209435e-03 3.667693585157394409e-02 -6.443343590945005417e-03
-1.257821172475814819e-02 6.072447821497917175e-02 -1.143182627856731415e-02
-3.184215864166617393e-03 6.066629290580749512e-02 -8.370481431484222412e-03
-1.359939761459827423e-02 6.502815335988998413e-02 -3.909587860107421875e-03
-1.817972399294376373e-02 4.615147784352302551e-02 -3.329234896227717400e-03
-1.524109113961458206e-02 5.371496453881263733e-02 -4.292725119739770889e-03
3.405976574867963791e-03 3.046493791043758392e-02 -2.001122105866670609e-03
-2.011525677517056465e-03 4.432006180286407471e-02 -2.238472457975149155e-03
-2.278252504765987396e-02 6.573060899972915649e-02 -8.877889194991439581e-05
-9.653969667851924896e-03 1.979400962591171265e-02 1.404937007464468479e-03
-8.109171874821186066e-03 2.004927769303321838e-02 1.763044565450400114e-04
-7.218715269118547440e-03 1.721757836639881134e-02 -1.897028996609151363e-03
-8.609571494162082672e-03 1.462942454963922501e-02 5.549698253162205219e-04
4.344901069998741150e-03 1.524019986391067505e-02 -1.279490301385521889e-03
1.360708195716142654e-02 2.107686176896095276e-02 -4.388693720102310181e-03
-3.457108885049819946e-02 2.264820784330368042e-02 -5.748207680881023407e-03
-2.481538057327270508e-02 3.892841562628746033e-02 -1.035681925714015961e-02
-8.827520906925201416e-02 1.384887751191854477e-02 -7.533153984695672989e-03
-5.679894611239433289e-02 2.235975861549377441e-02 5.544588784687221050e-04
-5.453007668256759644e-02 2.944864891469478607e-02 -2.972729853354394436e-04
-5.541815981268882751e-02 3.164422139525413513e-02 -3.034040331840515137e-03
-4.079044237732887268e-02 4.740840569138526917e-02 -6.136664655059576035e-03
-6.567195057868957520e-02 2.737823128700256348e-02 -1.732444274239242077e-03
-4.347231611609458923e-02 3.202265873551368713e-02 -1.966263866052031517e-03
-4.260531812906265259e-02 2.680854499340057373e-02 -1.242492930032312870e-03
-5.108211189508438110e-02 2.062213234603404999e-02 1.123127178288996220e-03
-5.595146492123603821e-02 2.274803258478641510e-02 -1.777373603545129299e-03
-5.102122202515602112e-02 1.674264483153820038e-02 -7.692310027778148651e-03
-4.771051928400993347e-02 1.685759052634239197e-02 -8.104330860078334808e-03
-4.738649353384971619e-02 2.632962167263031006e-02 -7.484975270926952362e-03
-4.465035349130630493e-02 4.730702191591262817e-02 -2.181405201554298401e-03
-3.513044491410255432e-02 3.583974763751029968e-02 -2.970609581097960472e-03
-5.256529897451400757e-02 3.824472054839134216e-02 2.629257272928953171e-03
-1.076889485120773315e-01 6.505299359560012817e-02 5.800845567137002945e-03
-7.598765194416046143e-02 4.998188838362693787e-02 2.770097693428397179e-03
-7.688304036855697632e-02 5.481372028589248657e-02 7.666011806577444077e-03
-7.303313165903091431e-02 2.941699884831905365e-02 6.153222173452377319e-03
-7.424951344728469849e-02 4.652307555079460144e-02 1.340616028755903244e-02
-7.252529263496398926e-02 5.240185558795928955e-02 1.531413570046424866e-02
-7.505201548337936401e-02 5.372081696987152100e-02 1.265505887567996979e-02
-7.433136552572250366e-02 6.586670130491256714e-02 1.724379882216453552e-02
-5.950791761279106140e-02 5.139414966106414795e-02 1.492367219179868698e-02
-5.795614793896675110e-02 5.277222022414207458e-02 1.183601189404726028e-02
-4.825221002101898193e-02 5.353531241416931152e-02 1.244568172842264175e-02
-5.424373969435691833e-02 6.428382545709609985e-02 9.717341512441635132e-03
-5.124487727880477905e-02 5.298333987593650818e-02 9.759043343365192413e-03
-4.032109305262565613e-02 3.881696611642837524e-02 4.123596008867025375e-03
-3.485792875289916992e-02 6.588620692491531372e-02 1.231601345352828503e-03
-2.070412784814834595e-02 4.285848885774612427e-02 -1.231661881320178509e-03
-2.051571942865848541e-02 5.356064438819885254e-02 1.160242594778537750e-03
-2.536105923354625702e-02 6.114175170660018921e-02 4.588436800986528397e-03
-2.213260717689990997e-02 6.507210433483123779e-02 8.502556942403316498e-03
-2.785583026707172394e-02 4.411658272147178650e-02 4.861531779170036316e-03
-3.170106932520866394e-02 3.240597248077392578e-02 4.425000399351119995e-03
-3.345180675387382507e-02 3.855787590146064758e-02 3.654952393844723701e-03
-1.977446675300598145e-02 2.675313875079154968e-02 -4.337167367339134216e-03
-1.607708632946014404e-02 7.002554833889007568e-02 -9.317508898675441742e-03
-1.846191287040710449e-02 6.316999346017837524e-02 -6.668985355645418167e-03
-1.723312027752399445e-02 7.889089733362197876e-02 -7.938837632536888123e-03
-1.421681419014930725e-02 4.302365332841873169e-02 -4.616751335561275482e-03
3.299391129985451698e-03 4.988881573081016541e-02 1.308728707954287529e-03
2.030596882104873657e-02 5.378706380724906921e-02 2.135951071977615356e-03
2.135687321424484253e-02 5.267801508307456970e-02 -2.433643821859732270e-04
2.742648683488368988e-02 5.714311078190803528e-02 -1.566928997635841370e-02
4.313559085130691528e-02 2.794400602579116821e-02 -5.094854161143302917e-03
4.738034307956695557e-02 3.574073687195777893e-02 1.636196742765605450e-03
5.039972066879272461e-02 2.788910828530788422e-02 1.918014750117436051e-04
5.040101334452629089e-02 2.665259316563606262e-02 1.315869623795151711e-03
4.861475527286529541e-02 5.988050997257232666e-02 2.145462902262806892e-03
4.502757266163825989e-02 3.881690278649330139e-02 2.297354303300380707e-02
4.370612651109695435e-02 2.396612241864204407e-02 2.825684286653995514e-02
5.060974135994911194e-02 5.639158654958009720e-03 2.931090444326400757e-02
5.293041467666625977e-02 5.013896152377128601e-03 2.504842914640903473e-02
4.957350343465805054e-02 -1.973079983144998550e-03 2.002891711890697479e-02
5.077365040779113770e-02 1.321360119618475437e-03 1.077700406312942505e-02
6.104804202914237976e-02 9.765392169356346130e-03 4.519310314208269119e-04
4.977786540985107422e-02 8.528903126716613770e-03 1.463473029434680939e-02
4.161322489380836487e-02 2.571804216131567955e-03 1.986624859273433685e-02
1.356630306690931320e-02 1.871819607913494110e-02 2.028598822653293610e-02
3.445314615964889526e-02 7.336444687098264694e-03 1.142117287963628769e-02
2.729937620460987091e-02 2.581577003002166748e-02 8.422625251114368439e-03
3.793402016162872314e-02 1.855745725333690643e-02 3.120986511930823326e-03
4.279520735144615173e-02 1.189802587032318115e-02 -1.747503317892551422e-02
2.520658448338508606e-02 1.413782313466072083e-02 -7.337730377912521362e-03
2.106247469782829285e-02 1.317615061998367310e-02 -8.125528693199157715e-03
4.138721618801355362e-03 1.543988846242427826e-02 -1.660231500864028931e-02
7.058747578412294388e-03 2.397298626601696014e-02 -1.514249574393033981e-02
3.628175763878971338e-04 2.346369437873363495e-02 -2.118368446826934814e-02
9.170071221888065338e-03 1.884199492633342743e-02 -2.471749484539031982e-02
2.062068134546279907e-02 1.453831512480974197e-02 -1.664441823959350586e-02
2.236314117908477783e-02 3.326337411999702454e-02 -2.064356021583080292e-02
3.461335599422454834e-02 3.457743301987648010e-02 -2.438353002071380615e-02
-1.003779936581850052e-02 1.169661059975624084e-02 -2.497472800314426422e-02
1.566620357334613800e-02 3.364522382616996765e-02 -4.471327178180217743e-03
1.382279489189386368e-02 2.946591190993785858e-02 -1.071443432010710239e-03
1.069665886461734772e-02 2.544350735843181610e-02 3.621778218075633049e-03
2.469528093934059143e-02 3.879917412996292114e-02 -1.070712460204958916e-03
2.979510091245174408e-02 4.054669663310050964e-02 -1.971168909221887589e-03
1.907647773623466492e-02 3.810418024659156799e-02 -6.557789165526628494e-04
2.217700332403182983e-02 3.086097352206707001e-02 1.054892875254154205e-02
3.304691985249519348e-02 3.055465221405029297e-02 -1.787992077879607677e-03
5.410674586892127991e-02 3.720663860440254211e-02 -2.452925313264131546e-03
3.511082008481025696e-02 3.410469368100166321e-02 -2.297150203958153725e-03
4.709903150796890259e-02 4.814432561397552490e-02 -3.507623914629220963e-03
4.991605505347251892e-02 6.217704340815544128e-02 -2.514606807380914688e-03
6.382173299789428711e-02 6.487039476633071899e-02 3.015687922015786171e-03
4.403059929609298706e-02 5.863451957702636719e-02 -5.781618878245353699e-03
5.625505000352859497e-02 8.667987585067749023e-02 7.107487763278186321e-04
1.614051498472690582e-02 7.535028457641601562e-02 -8.063147775828838348e-03
1.110390946269035339e-02 5.449507758021354675e-02 -9.919735603034496307e-03
1.775150932371616364e-02 4.684978350996971130e-02 1.188314519822597504e-02
1.527283899486064911e-02 4.029786214232444763e-02 8.783435449004173279e-03
1.775560528039932251e-02 4.862107709050178528e-02 1.360205188393592834e-02
2.151181548833847046e-02 3.714727237820625305e-02 7.047504652291536331e-03
-6.789911538362503052e-03 3.431043773889541626e-02 1.761049032211303711e-02
9.353202767670154572e-03 4.543402791023254395e-02 7.051039021462202072e-03
1.727379858493804932e-02 2.884303219616413116e-02 3.892402863129973412e-03
4.170250892639160156e-02 8.644007146358489990e-02 -1.526921242475509644e-02
4.163174331188201904e-02 8.485706150531768799e-02 -7.749023643555119634e-05
1.506055332720279694e-02 3.443626686930656433e-02 3.472020151093602180e-03
5.983322486281394958e-02 6.450456380844116211e-02 -9.008523076772689819e-03
4.349365457892417908e-02 5.130090564489364624e-02 -8.854515850543975830e-03
1.059578880667686462e-01 7.103602588176727295e-02 6.073864642530679703e-03
7.979111373424530029e-02 4.638942331075668335e-02 -7.057072129100561142e-03
9.406343847513198853e-02 6.204966083168983459e-02 9.705781005322933197e-03
3.538205474615097046e-02 3.364906832575798035e-02 -8.327466435730457306e-03
3.772617876529693604e-02 9.491325356066226959e-03 -1.350020151585340500e-02
2.483487501740455627e-02 -1.281362958252429962e-03 -1.716129481792449951e-02
1.183404400944709778e-02 1.104532647877931595e-02 -8.827239274978637695e-03
3.112297132611274719e-02 1.164178596809506416e-03 -7.481359876692295074e-03
2.142460085451602936e-02 5.547568667680025101e-03 -5.132876802235841751e-03
3.756707906723022461e-02 -1.439320482313632965e-02 -3.033545333892107010e-03
-2.507499651983380318e-03 -1.853324659168720245e-02 6.965327076613903046e-03
-2.659010933712124825e-03 -1.328353397548198700e-02 1.927601918578147888e-02
1.884371601045131683e-02 -1.444029808044433594e-02 4.675885196775197983e-03
3.661685436964035034e-02 -2.976252883672714233e-02 -9.936198592185974121e-03
4.231106489896774292e-02 -4.192833974957466125e-02 -2.419108152389526367e-02
3.377771377563476562e-02 -5.363867431879043579e-02 -1.915406249463558197e-02
3.865299001336097717e-02 -2.209667488932609558e-02 -2.030244842171669006e-02
2.621531859040260315e-02 -2.670141123235225677e-02 7.169840857386589050e-03
3.290924057364463806e-02 -4.940939694643020630e-02 7.547013927251100540e-03
2.016594447195529938e-02 -7.757654786109924316e-02 -1.517290994524955750e-02
1.146761700510978699e-02 -6.771952658891677856e-02 -8.864182047545909882e-03
2.360298670828342438e-02 -5.491645634174346924e-02 9.199503809213638306e-03
1.760188676416873932e-02 -7.452967017889022827e-02 1.251167617738246918e-03
3.345729410648345947e-02 -6.562612950801849365e-02 1.059951260685920715e-02
1.305389776825904846e-02 -5.784318968653678894e-02 1.111294794827699661e-02
2.380174119025468826e-03 -6.119006872177124023e-02 8.455500937998294830e-03
-5.330211948603391647e-03 -5.705968290567398071e-02 2.771949162706732750e-03
2.013530768454074860e-02 -5.669061467051506042e-02 -3.421160858124494553e-03
1.326046511530876160e-02 -8.195035904645919800e-02 8.221076801419258118e-03
6.399376317858695984e-03 -9.256935864686965942e-02 -6.566504947841167450e-03
-6.737825926393270493e-03 -1.072941049933433533e-01 -1.454526465386152267e-02
1.998540386557579041e-02 -6.602600216865539551e-02 6.933879572898149490e-03
2.365425601601600647e-02 -4.037817940115928650e-02 5.305773112922906876e-03
3.876151517033576965e-02 -3.041697293519973755e-02 -2.904886423493735492e-05
2.966825291514396667e-02 -3.437759727239608765e-02 -1.010448858141899109e-02
1.104596722871065140e-02 -3.864002600312232971e-02 -6.079077138565480709e-04
-1.812620647251605988e-02 -3.389814123511314392e-02 -1.391780003905296326e-02
-3.648664057254791260e-02 -4.291125386953353882e-02 -1.630407012999057770e-02
-1.629491709172725677e-02 -2.022386342287063599e-02 -3.091560304164886475e-02
-3.028245642781257629e-02 -3.109645843505859375e-02 -2.088890038430690765e-02
-4.236527159810066223e-02 -3.821832686662673950e-02 -3.036434575915336609e-02
-1.510367076843976974e-02 -4.577921703457832336e-02 -2.568908594548702240e-02
-8.985911495983600616e-03 -5.575755238533020020e-02 -2.763806097209453583e-02
-3.161709383130073547e-02 -4.131479933857917786e-02 -1.281661260873079300e-02
-4.056249186396598816e-02 -4.163160175085067749e-02 -2.160301432013511658e-02
-2.038498409092426300e-02 -6.921315938234329224e-02 -2.560915797948837280e-02
-1.718876324594020844e-02 -8.116924762725830078e-02 -2.849652431905269623e-02
2.773030893877148628e-03 -1.041363403201103210e-01 -3.517231717705726624e-02
2.490689605474472046e-02 -7.721898704767227173e-02 -1.308886334300041199e-02
2.503500878810882568e-02 -4.927516356110572815e-02 -8.231208659708499908e-03
1.117031835019588470e-02 -5.083999037742614746e-02 -8.953844197094440460e-03
-4.319172818213701248e-03 -6.588335335254669189e-02 -5.833679810166358948e-03
-5.702102091163396835e-03 -5.137334764003753662e-02 -1.650428958237171173e-02
-2.778397873044013977e-03 -3.844795748591423035e-02 -1.626282185316085815e-02
9.625153616070747375e-04 -4.222685098648071289e-02 -2.153957821428775787e-02
-5.190881434828042984e-03 -3.648155927658081055e-02 -1.752607710659503937e-02
-1.750426366925239563e-02 -1.022295467555522919e-02 -1.265827566385269165e-02
-1.819742145016789436e-03 -9.329334832727909088e-03 -1.196980476379394531e-02
6.821041461080312729e-03 -1.576344855129718781e-02 -1.146229822188615799e-02
-1.356254238635301590e-02 1.229749061167240143e-02 -4.793776664882898331e-03
-1.542932353913784027e-02 2.157152444124221802e-02 -5.364528391510248184e-03
-1.944248005747795105e-02 2.587685175240039825e-02 -3.812921466305851936e-03
-7.361525204032659531e-03 1.650442183017730713e-02 -5.665873643010854721e-03
-1.680316217243671417e-02 2.327768690884113312e-02 -4.323949571698904037e-03
-1.014760788530111313e-02 1.894515193998813629e-02 -5.663673393428325653e-03
-3.755696117877960205e-02 2.665559947490692139e-02 -7.041089120320975780e-04
-2.528986521065235138e-02 1.480604615062475204e-02 -5.065761506557464600e-03
-3.408752381801605225e-02 -1.151893008500337601e-02 -7.883103564381599426e-03
-3.526899591088294983e-02 1.993997395038604736e-02 -2.560572000220417976e-03
-5.772722419351339340e-03 -7.612395565956830978e-03 6.129007786512374878e-03
4.296771436929702759e-02 -5.956714600324630737e-02 -3.608776489272713661e-03
4.976668581366539001e-02 -5.745414644479751587e-02 -1.272537652403116226e-02
4.880954697728157043e-02 -9.976558387279510498e-02 -1.845823787152767181e-02
-1.834212412177294027e-06 -5.822833627462387085e-02 -1.039010845124721527e-02
-1.064643915742635727e-02 -1.982490159571170807e-02 -3.356225322932004929e-03
2.876679971814155579e-02 -6.256013363599777222e-02 -1.847087219357490540e-02
4.283742606639862061e-02 -6.159000843763351440e-02 -8.248164318501949310e-03
5.639545992016792297e-02 -6.814581155776977539e-02 -4.853533755522221327e-04
3.683983534574508667e-02 -7.558189332485198975e-02 -4.563359078019857407e-03
5.128543078899383545e-02 -9.912674874067306519e-02 -1.918710768222808838e-02
3.037133254110813141e-02 -8.177935332059860229e-02 -1.691058278083801270e-02
3.756635263562202454e-02 -9.496551007032394409e-02 -1.005169842392206192e-02
3.473214805126190186e-02 -7.272642105817794800e-02 -6.544422358274459839e-03
3.632720559835433960e-02 -5.966878682374954224e-02 -2.105997176840901375e-03
1.661763340234756470e-02 -3.728294745087623596e-02 3.895212430506944656e-03
3.546884283423423767e-02 -4.387866333127021790e-02 1.205603498965501785e-02
5.474216863512992859e-02 -5.046205967664718628e-02 1.188175659626722336e-02
5.601521953940391541e-02 -5.353687703609466553e-02 1.292236708104610443e-02
5.263900384306907654e-02 -5.687851458787918091e-02 1.067625451833009720e-02
5.258706584572792053e-02 -4.369305446743965149e-02 1.176934130489826202e-02
3.810911998152732849e-02 -4.115156456828117371e-02 8.252256549894809723e-03
6.753008812665939331e-02 -4.758283123373985291e-02 9.289802983403205872e-03
6.709757447242736816e-02 -3.434190526604652405e-02 9.642755612730979919e-03
5.507681891322135925e-02 -6.227811425924301147e-02 7.408478762954473495e-03
4.255364835262298584e-02 -6.320412456989288330e-02 2.341632265597581863e-03
5.095389857888221741e-02 -7.100117206573486328e-02 5.565223284065723419e-03
5.110313370823860168e-02 -7.852098345756530762e-02 -5.450670141726732254e-04
3.242449089884757996e-02 -8.289755135774612427e-02 7.028203457593917847e-03
2.803915739059448242e-02 -7.444411516189575195e-02 8.840453810989856720e-03
4.593271762132644653e-02 -6.662037223577499390e-02 9.782839566469192505e-03
5.457901582121849060e-02 -6.741780042648315430e-02 8.433487266302108765e-03
4.149663448333740234e-02 -7.493197172880172729e-02 4.965257830917835236e-03
4.059396311640739441e-02 -7.360116392374038696e-02 5.453494377434253693e-03
4.878908768296241760e-02 -6.987261027097702026e-02 2.823966322466731071e-03
3.943357989192008972e-02 -7.551171630620956421e-02 6.981557235121726990e-03
4.304652661085128784e-02 -6.709855049848556519e-02 5.590884946286678314e-03
4.623689875006675720e-02 -5.953606590628623962e-02 5.736921913921833038e-03
5.914708599448204041e-02 -6.421642750501632690e-02 2.917682519182562828e-03
5.298759043216705322e-02 -6.055976822972297668e-02 6.308535113930702209e-03
4.796044155955314636e-02 -5.015073716640472412e-02 6.471258122473955154e-03
5.040214210748672485e-02 -4.607213288545608521e-02 5.790898110717535019e-03
6.100033596158027649e-02 -4.941105842590332031e-02 4.925425630062818527e-03
7.576707750558853149e-02 -4.604029655456542969e-02 7.024902850389480591e-03
6.617444753646850586e-02 -4.089928045868873596e-02 9.865561500191688538e-03
6.905663758516311646e-02 -3.956948593258857727e-02 1.012550760060548782e-02
5.797818675637245178e-02 -4.227966815233230591e-02 9.332332760095596313e-03
5.403390526771545410e-02 -2.951443754136562347e-02 8.243008516728878021e-03
5.113203078508377075e-02 -2.489865012466907501e-02 8.412059396505355835e-03
5.099043995141983032e-02 -2.451551519334316254e-02 5.046547390520572662e-03
4.818850383162498474e-02 -2.490059472620487213e-02 4.576773848384618759e-03
5.034457519650459290e-02 -2.556763589382171631e-02 4.928484559059143066e-03
7.950600981712341309e-02 -3.004793450236320496e-02 9.467333555221557617e-03
4.986136034131050110e-02 -2.092724852263927460e-02 3.017519367858767509e-03
5.099995806813240051e-02 -1.919801905751228333e-02 3.882229328155517578e-03
5.045387521386146545e-02 -2.041587419807910919e-02 2.191729843616485596e-03
5.025855824351310730e-02 -2.327996864914894104e-02 4.269718658179044724e-03
4.717486351728439331e-02 -2.533275447785854340e-02 3.534916555508971214e-03
5.021834000945091248e-02 -2.315399423241615295e-02 5.383755080401897430e-03
7.248050719499588013e-02 -2.580242976546287537e-02 8.384527638554573059e-03
5.465686693787574768e-02 -1.686052046716213226e-02 3.582002129405736923e-03
5.353813245892524719e-02 -1.503887027502059937e-02 3.513882635161280632e-03
8.265597373247146606e-02 -2.067628130316734314e-02 6.648158188909292221e-03
4.273660853505134583e-02 -1.633987762033939362e-02 8.410818874835968018e-03
3.750558942556381226e-02 8.531932719051837921e-03 3.700630040839314461e-03
5.624343082308769226e-02 -1.869899034500122070e-02 7.542206440120935440e-03
4.533133283257484436e-02 4.198618233203887939e-03 1.165357790887355804e-02
1.949758501723408699e-03 9.991907514631748199e-03 1.132494304329156876e-02
2.428888157010078430e-02 4.052249249070882797e-03 1.725285127758979797e-02
8.714097552001476288e-03 -1.058771740645170212e-02 1.265761163085699081e-02
2.666798792779445648e-02 -1.656817086040973663e-02 1.265003532171249390e-02
2.959481440484523773e-02 7.471414282917976379e-03 1.116121187806129456e-02
2.124735340476036072e-02 -1.008114311844110489e-03 8.640008978545665741e-03
2.242554910480976105e-02 -4.509968683123588562e-03 7.809728849679231644e-03
2.290441282093524933e-02 -5.656176246702671051e-03 9.509533643722534180e-03
2.174884639680385590e-02 -8.690463379025459290e-03 1.066134218126535416e-02
3.801637515425682068e-02 -1.284161699004471302e-03 8.385341614484786987e-03
1.944556087255477905e-02 -2.947528613731265068e-03 1.198111567646265030e-02
2.981818839907646179e-02 6.938918959349393845e-03 8.148537017405033112e-03
5.378295667469501495e-03 -5.964812822639942169e-03 8.139335550367832184e-03
1.504827197641134262e-02 -9.014273062348365784e-03 1.177558861672878265e-02
1.716712489724159241e-02 -3.780547529458999634e-03 1.117848232388496399e-02
8.500948548316955566e-03 -2.409374428680166602e-04 8.063228800892829895e-03
4.137457814067602158e-03 2.033746335655450821e-03 7.503235246986150742e-03
5.683659575879573822e-03 1.850104890763759613e-03 6.602323614060878754e-03
3.919919952750205994e-03 2.228409284725785255e-03 8.113539777696132660e-03
1.583430566824972630e-03 -1.641236362047493458e-03 8.066049776971340179e-03
1.202000305056571960e-03 1.375168561935424805e-03 7.936262525618076324e-03
1.001641270704567432e-03 1.256871619261801243e-03 7.269315887242555618e-03
-7.854337454773485661e-04 4.064084962010383606e-03 6.404412444680929184e-03
4.708856809884309769e-03 8.875620551407337189e-03 4.175465088337659836e-03
-1.751417061313986778e-03 1.069898437708616257e-02 2.295583486557006836e-03
-1.004086341708898544e-02 1.363076549023389816e-02 -3.749439201783388853e-04
-1.837277226150035858e-02 1.427851803600788116e-02 -2.125313971191644669e-03
1.772493682801723480e-02 2.786767296493053436e-02 -3.582795034162700176e-04
-5.975832697004079819e-03 2.494747750461101532e-02 -2.929586218670010567e-03
-7.701536640524864197e-03 2.128171548247337341e-02 -2.273869933560490608e-03
-1.790565252304077148e-02 3.119172714650630951e-02 -2.082493854686617851e-03
-3.103053756058216095e-02 2.234201692044734955e-02 -7.957976311445236206e-03
-2.924676239490509033e-02 1.563755795359611511e-02 -5.511070135980844498e-03
-2.392302267253398895e-02 2.350173704326152802e-02 -8.077041711658239365e-04
-1.364140026271343231e-02 2.995372377336025238e-02 -1.846575643867254257e-03
-2.514970861375331879e-02 2.764188684523105621e-02 -3.152551129460334778e-03
-2.890287525951862335e-02 2.563632279634475708e-02 -3.359482856467366219e-03
-2.142355218529701233e-02 2.799970470368862152e-02 -1.717663370072841644e-03
-2.301703765988349915e-02 2.701812237501144409e-02 8.060315158218145370e-04
-1.823900640010833740e-02 3.374273329973220825e-02 2.968647051602602005e-03
-1.070845872163772583e-02 3.541754186153411865e-02 1.292996108531951904e-03
-2.270195819437503815e-02 3.802694007754325867e-02 6.938553997315466404e-05
-3.208684921264648438e-02 3.311663120985031128e-02 -3.523536259308457375e-03
-1.982391625642776489e-02 3.381356969475746155e-02 -3.146021161228418350e-03
-2.132849954068660736e-02 3.251048922538757324e-02 -1.487901667132973671e-03
-2.510793879628181458e-02 3.854600340127944946e-02 -2.954421564936637878e-03
-2.823555283248424530e-02 3.695318102836608887e-02 -2.944234060123562813e-03
-2.938830293715000153e-02 3.524802997708320618e-02 -3.962503280490636826e-03
-3.026536479592323303e-02 4.130727425217628479e-02 -3.355886321514844894e-03
-3.854758664965629578e-02 2.789307944476604462e-02 -2.433147747069597244e-03
-4.035428166389465332e-02 2.892049401998519897e-02 -1.728136907331645489e-03
-4.295172169804573059e-02 3.470978513360023499e-02 -1.460707746446132660e-03
-4.179155826568603516e-02 3.120249323546886444e-02 -3.185017500072717667e-03
-3.674355149269104004e-02 3.572850674390792847e-02 -3.937311936169862747e-03
-3.005838394165039062e-02 3.752758726477622986e-02 -4.178954288363456726e-03
-2.495198138058185577e-02 3.350021690130233765e-02 -5.354000255465507507e-03
-2.204647846519947052e-02 3.271425515413284302e-02 -3.979111555963754654e-03
-2.331333048641681671e-02 3.505998104810714722e-02 -3.939924761652946472e-03
-1.922572217881679535e-02 4.365941509604454041e-02 -2.534698927775025368e-03
-3.543704748153686523e-02 3.328362852334976196e-02 -5.684752482920885086e-03
-3.208134695887565613e-02 3.940526768565177917e-02 -5.778975784778594971e-03
-3.026962466537952423e-02 3.626680374145507812e-02 -5.773918237537145615e-03
-2.553670108318328857e-02 4.014215990900993347e-02 -3.789770882576704025e-03
-2.507285960018634796e-02 3.790486603975296021e-02 -4.167232662439346313e-03
-2.441654540598392487e-02 3.572425991296768188e-02 -2.508922014385461807e-03
-2.139391936361789703e-02 3.934482485055923462e-02 -1.436890452168881893e-03
-1.881851069629192352e-02 3.417659923434257507e-02 -4.123493563383817673e-03
-1.418402884155511856e-02 4.082924872636795044e-02 -5.434509832412004471e-03
-1.881112530827522278e-02 4.111849144101142883e-02 -6.931031122803688049e-03
-2.667476981878280640e-02 4.264541342854499817e-02 -6.907888222485780716e-03
-3.504007682204246521e-02 3.568454086780548096e-02 -7.686415221542119980e-03
-3.566388785839080811e-02 3.613743558526039124e-02 -6.079043261706829071e-03
-3.248249366879463196e-02 3.800103440880775452e-02 -1.785972621291875839e-03
-2.691098675131797791e-02 3.451155126094818115e-02 -1.270865439437329769e-03
-2.956636063754558563e-02 2.436942979693412781e-02 5.986965843476355076e-04
-2.397531457245349884e-02 2.670544199645519257e-02 2.982121892273426056e-03
-2.901840582489967346e-02 1.980325020849704742e-02 4.322468768805265427e-03
-2.536585368216037750e-02 3.251706436276435852e-02 2.156574511900544167e-03
-2.415305934846401215e-02 3.303102031350135803e-02 3.864828264340758324e-03
-1.160267367959022522e-02 3.752627223730087280e-02 7.799981627613306046e-03
1.199462683871388435e-03 3.503373265266418457e-02 6.762378849089145660e-03
4.083841922692954540e-04 2.881309762597084045e-02 9.136620908975601196e-03
-5.462948698550462723e-03 1.876369118690490723e-02 1.188806537538766861e-02
2.511111833155155182e-02 3.290841355919837952e-02 1.483484916388988495e-02
1.902355626225471497e-02 2.416403591632843018e-02 2.353944070637226105e-02
1.550631597638130188e-02 1.154574286192655563e-02 2.073726803064346313e-02
2.348989015445113182e-03 2.167683839797973633e-02 1.857918873429298401e-02
1.373665407299995422e-02 1.127755083143711090e-02 2.264544367790222168e-02
1.338875479996204376e-02 8.440772071480751038e-03 2.442402765154838562e-02
7.529330439865589142e-03 2.011754177510738373e-02 2.184180356562137604e-02
2.340278029441833496e-02 2.841880545020103455e-02 1.602835953235626221e-02
4.476483911275863647e-03 2.955025807023048401e-02 1.492063421756029129e-02
2.897921716794371605e-03 3.010721877217292786e-02 1.762005686759948730e-02
7.680966984480619431e-03 2.737013064324855804e-02 1.746811158955097198e-02
9.191258810460567474e-03 2.675189636647701263e-02 1.914545148611068726e-02
1.761427335441112518e-02 3.413738310337066650e-02 2.004639618098735809e-02
-9.006671607494354248e-03 9.792968630790710449e-03 2.008536085486412048e-02
-5.182959139347076416e-03 1.307252049446105957e-02 1.881929114460945129e-02
-1.137343933805823326e-03 1.430508773773908615e-02 1.804294623434543610e-02
-5.228009074926376343e-03 1.870240643620491028e-02 1.895153336226940155e-02
-1.399846188724040985e-02 2.812253125011920929e-02 1.659805886447429657e-02
-1.531843934208154678e-02 1.416524033993482590e-02 1.374657545238733292e-02
-1.324026845395565033e-02 9.429087862372398376e-03 1.457735709846019745e-02
-1.471315789967775345e-02 1.742343604564666748e-02 1.225119084119796753e-02
-1.519690267741680145e-02 1.569954678416252136e-02 1.383052207529544830e-02
-1.642313599586486816e-02 1.622413098812103271e-02 1.257809624075889587e-02
-1.780443266034126282e-02 2.052364125847816467e-02 1.024299394339323044e-02
-2.085989527404308319e-02 1.430186722427606583e-02 9.067564271390438080e-03
-2.282284945249557495e-02 1.029212772846221924e-02 8.735692128539085388e-03
-2.788036316633224487e-02 1.714013889431953430e-02 1.002560462802648544e-02
-2.018974721431732178e-02 1.722321845591068268e-02 5.328031256794929504e-03
-1.328004896640777588e-02 1.985791884362697601e-02 7.460321765393018723e-03
-2.276564575731754303e-02 2.631883323192596436e-02 9.139026515185832977e-03
-2.859043888747692108e-02 2.841143123805522919e-02 1.013689674437046051e-02
-2.976816520094871521e-02 2.658076025545597076e-02 6.996721960604190826e-03
-3.319682180881500244e-02 3.323829174041748047e-02 3.331858897581696510e-03
-3.643403947353363037e-02 4.277915135025978088e-02 -1.093254013539990410e-05
-6.174019724130630493e-02 3.881028667092323303e-02 -2.718572039157152176e-03
-5.085008963942527771e-02 8.625509589910507202e-02 -1.525238994508981705e-02
-7.532535493373870850e-02 7.223961502313613892e-02 -1.711593009531497955e-02
-8.907477557659149170e-02 9.610900282859802246e-02 -1.900308951735496521e-02
-8.099297434091567993e-02 7.771340012550354004e-02 -1.415991224348545074e-02
-1.040346100926399231e-01 9.139636904001235962e-02 -1.098854001611471176e-02
-1.128136143088340759e-01 1.226048246026039124e-01 -2.339646033942699432e-02
-1.054998263716697693e-01 1.071397587656974792e-01 -2.537937276065349579e-02
-1.451758742332458496e-01 1.498495340347290039e-01 -2.451400645077228546e-02
-7.797872275114059448e-02 1.053526923060417175e-01 -6.909902673214673996e-03
-8.710014820098876953e-02 9.551817923784255981e-02 -1.531557529233396053e-03
-9.358867257833480835e-02 1.264373958110809326e-01 6.727227475494146347e-03
-1.025284677743911743e-01 1.185291260480880737e-01 9.872315451502799988e-03
-9.861740469932556152e-02 1.466780751943588257e-01 -4.324959125369787216e-03
-7.451950758695602417e-02 9.908878058195114136e-02 -7.228691596537828445e-03
-1.088464036583900452e-01 9.668002277612686157e-02 -1.726774126291275024e-02
-8.519568294286727905e-02 5.682697892189025879e-02 -1.268503163009881973e-02
-7.795768976211547852e-02 3.272315859794616699e-02 -1.761749573051929474e-02
-6.964836269617080688e-02 2.462304756045341492e-02 -3.085080347955226898e-02
-6.116877123713493347e-02 2.135184966027736664e-02 -3.139148652553558350e-02
-5.358818918466567993e-02 2.694234065711498260e-02 -3.359831497073173523e-02
-3.576492518186569214e-02 2.199902199208736420e-02 -2.735810913145542145e-02
-5.391841381788253784e-02 2.000543661415576935e-02 -2.345798350870609283e-02
5.173934623599052429e-03 2.310248091816902161e-02 -1.118459925055503845e-02
-1.200301107019186020e-02 4.131888970732688904e-02 -9.051933884620666504e-03
-2.565537579357624054e-02 3.669262304902076721e-02 -4.903588909655809402e-03
-7.640903815627098083e-03 3.434255346655845642e-02 -1.022284757345914841e-02
-6.992568960413336754e-04 3.530331701040267944e-02 -1.900449395179748535e-03
-6.103994324803352356e-03 4.249009490013122559e-02 1.509119570255279541e-02
-4.431548004504293203e-04 5.134493857622146606e-02 1.913470216095447540e-02
-1.114161871373653412e-02 2.982092648744583130e-02 2.029397152364253998e-02
-1.187778264284133911e-02 4.666717723011970520e-02 6.364262197166681290e-03
7.764251437038183212e-03 8.065229654312133789e-02 -1.038927957415580750e-02
-4.707538057118654251e-03 6.400588899850845337e-02 1.629724400117993355e-03
-2.089441753923892975e-02 5.431451275944709778e-02 -2.972674556076526642e-03
-9.392370469868183136e-03 1.353034377098083496e-02 -7.660488598048686981e-03
-1.889375038444995880e-02 6.705410033464431763e-02 1.212978269904851913e-02
-1.860743016004562378e-02 5.629806220531463623e-02 3.464546054601669312e-02
-8.482396602630615234e-03 9.424325823783874512e-02 4.050747677683830261e-02
-3.772626817226409912e-02 9.362345188856124878e-02 2.892110869288444519e-02
-4.216868802905082703e-02 8.406000211834907532e-03 2.214997634291648865e-02
-8.209057897329330444e-02 4.953126981854438782e-02 1.783908158540725708e-02
-3.989842534065246582e-02 4.147775843739509583e-02 1.179702766239643097e-02
-4.891018569469451904e-02 -3.141079097986221313e-02 -1.613541319966316223e-02
-2.076427452266216278e-02 -2.325871586799621582e-02 -1.164680346846580505e-02
-3.243831917643547058e-02 -2.912102453410625458e-02 -2.670726738870143890e-03
-3.786002099514007568e-02 -3.284237161278724670e-02 1.587063446640968323e-02
-2.732055447995662689e-02 -4.979133978486061096e-02 2.671164693310856819e-03
-3.834822028875350952e-02 -4.600515216588973999e-02 3.802285995334386826e-03
-3.851903602480888367e-02 -4.651018604636192322e-02 1.931914244778454304e-03
-4.163698479533195496e-02 -3.042526356875896454e-02 1.427327562123537064e-02
-1.848578825592994690e-02 -4.255854710936546326e-02 -3.247339744120836258e-03
-3.478041291236877441e-02 -5.407384410500526428e-02 -5.194752942770719528e-03
-4.258234426379203796e-02 -4.265771806240081787e-02 2.538585336878895760e-03
-3.134844824671745300e-02 -5.277656763792037964e-02 2.836867934092879295e-04
-2.580352127552032471e-02 -4.759445413947105408e-02 -9.576400741934776306e-03
-4.141035303473472595e-02 -4.893521219491958618e-02 -3.287927829660475254e-04
-5.656988173723220825e-02 -4.341139271855354309e-02 -3.014641348272562027e-03
-5.499286949634552002e-02 -5.171202123165130615e-02 -3.641550196334719658e-03
-6.824044883251190186e-02 -4.080741107463836670e-02 -4.783956333994865417e-03
-6.702222675085067749e-02 -3.231314197182655334e-02 -7.813640870153903961e-03
-6.794483214616775513e-02 -5.785872414708137512e-02 -1.058973092585802078e-02
-6.080847606062889099e-02 -4.763958975672721863e-02 -1.110934186726808548e-02
-6.481286883354187012e-02 -4.394958540797233582e-02 -9.551901370286941528e-03
-6.758575886487960815e-02 -3.840943798422813416e-02 -1.966105774044990540e-02
-5.283125862479209900e-02 -2.899807877838611603e-02 -1.810831949114799500e-02
-5.442608147859573364e-02 -2.018997631967067719e-02 -1.270477753132581711e-02
-4.449502378702163696e-02 4.652138333767652512e-03 2.800497226417064667e-03
-5.250301957130432129e-02 8.672295138239860535e-03 -1.276620849967002869e-02
-1.012046933174133301e-01 -4.135503899306058884e-03 -2.607666142284870148e-02
-8.978475630283355713e-02 1.430505514144897461e-02 -2.120652236044406891e-02
-1.015409827232360840e-01 1.664910279214382172e-02 -3.203970566391944885e-02
-3.392005339264869690e-02 1.044865325093269348e-02 -1.923086307942867279e-02
-1.448206137865781784e-02 -3.664940129965543747e-03 -8.450971916317939758e-03
-7.478351239114999771e-03 -4.264026414602994919e-03 -2.824212610721588135e-02
-4.662724677473306656e-03 1.256079412996768951e-03 -2.927199751138687134e-02
-1.447243615984916687e-02 2.245169598609209061e-03 -4.215821996331214905e-02
-2.254913933575153351e-02 1.519835926592350006e-02 -3.880970925092697144e-02
-2.246445976197719574e-02 8.610016666352748871e-03 -3.896143287420272827e-02
-3.099289350211620331e-02 4.928844515234231949e-03 -3.783319890499114990e-02
-1.922698132693767548e-02 5.963148083537817001e-03 -3.955319523811340332e-02
-5.044585093855857849e-02 1.487957662902772427e-03 -3.120733052492141724e-02
-1.344119198620319366e-02 -5.551256472244858742e-04 -1.813211664557456970e-02
-3.168535605072975159e-02 -1.877088472247123718e-02 -1.739884726703166962e-02
-1.906696148216724396e-02 -1.092881802469491959e-02 -2.256362140178680420e-02
-4.765286296606063843e-02 -1.154757384210824966e-02 -3.415264189243316650e-02
-1.079212594777345657e-02 -1.457423530519008636e-02 -3.066256269812583923e-02
-1.328748743981122971e-02 -2.538464032113552094e-02 -3.146748244762420654e-02
-1.560918334871530533e-02 -2.043857797980308533e-02 -3.241666778922080994e-02
7.397775538265705109e-03 -1.245409622788429260e-02 -2.574898861348628998e-02
1.862734928727149963e-02 -2.267424948513507843e-02 -2.184376306831836700e-02
1.343121565878391266e-02 -3.100765496492385864e-02 -2.359724603593349457e-02
3.671912942081689835e-03 -3.516402095556259155e-02 -2.774662338197231293e-02
1.317718718200922012e-02 -3.150878846645355225e-02 -2.067203074693679810e-02
1.258410885930061340e-02 -3.060760349035263062e-02 -2.149749360978603363e-02
-1.699798274785280228e-03 -3.114534728229045868e-02 -3.601673245429992676e-02
1.796652190387248993e-02 -4.969986155629158020e-02 -2.400414459407329559e-02
2.686838805675506592e-02 -4.602978006005287170e-02 -1.426293794065713882e-02
2.739248611032962799e-02 -4.691089689731597900e-02 -7.958631962537765503e-03
2.456929907202720642e-02 -4.780570417642593384e-02 -9.845171123743057251e-03
1.983457617461681366e-02 -3.942522779107093811e-02 -9.137605316936969757e-03
2.378279156982898712e-02 -3.567833825945854187e-02 -7.493710145354270935e-03
3.133390471339225769e-02 -4.416701197624206543e-02 -1.240164320915937424e-02
2.026400156319141388e-02 -5.005314573645591736e-02 -1.382172945886850357e-02
4.843908362090587616e-03 -2.531324513256549835e-02 -1.184178050607442856e-02
1.098126359283924103e-02 -2.546935714781284332e-02 -1.363759674131870270e-02
7.207032293081283569e-03 -3.687611967325210571e-02 -1.293362211436033249e-02
1.104128547012805939e-02 -3.887427225708961487e-02 -1.284893415868282318e-02
8.011512458324432373e-03 -4.439952597022056580e-02 -1.023865025490522385e-02
7.064017001539468765e-03 -3.018868155777454376e-02 -6.146796513348817825e-03
1.695805229246616364e-02 -4.806734248995780945e-02 -4.509741906076669693e-03
2.455840259790420532e-02 -5.747540295124053955e-02 -3.606504062190651894e-03
2.265900745987892151e-02 -6.217778101563453674e-02 -3.481136867776513100e-03
3.309625759720802307e-02 -6.871918588876724243e-02 -2.968173241242766380e-03
2.674207463860511780e-02 -6.520400941371917725e-02 -1.757994643412530422e-03
2.566700801253318787e-02 -7.524318248033523560e-02 -5.305432714521884918e-03
2.054348401725292206e-02 -7.642751187086105347e-02 -1.642643101513385773e-02
1.698743365705013275e-02 -7.327663153409957886e-02 -1.445654034614562988e-02
1.942690648138523102e-02 -6.284046173095703125e-02 -1.738632842898368835e-02
3.295740112662315369e-02 -6.548181176185607910e-02 -5.181741900742053986e-03
4.936924576759338379e-02 -7.535199820995330811e-02 -8.197093382477760315e-03
2.925422415137290955e-02 -5.119096860289573669e-02 -7.592732436023652554e-04
2.994336932897567749e-02 -5.508490651845932007e-02 2.083746483549475670e-03
4.041624069213867188e-02 -5.857602506875991821e-02 -2.037105383351445198e-03
4.238014668226242065e-02 -5.322818085551261902e-02 5.996187683194875717e-03
3.965527191758155823e-02 -4.969280585646629333e-02 1.003575325012207031e-02
4.303604736924171448e-02 -4.774609208106994629e-02 1.283927634358406067e-02
6.451348215341567993e-02 -3.338814154267311096e-02 -1.625255309045314789e-02
6.117846816778182983e-02 -1.496379077434539795e-02 -1.406499277800321579e-02
5.934424698352813721e-02 -2.881747484207153320e-02 -1.621164381504058838e-02
7.003437727689743042e-02 -5.559773743152618408e-02 -2.198471873998641968e-02
3.000671602785587311e-02 -6.540106236934661865e-02 -3.673259634524583817e-03
6.833855807781219482e-02 -2.336359396576881409e-02 -2.123890677466988564e-03
6.185157597064971924e-02 -2.962959930300712585e-02 -7.781489286571741104e-03
8.577587455511093140e-02 -4.813877865672111511e-02 -1.099134609103202820e-02
7.190551608800888062e-02 -4.153874516487121582e-02 -1.151727791875600815e-02
6.112544983625411987e-02 -5.649952217936515808e-02 -7.058767601847648621e-03
5.962596833705902100e-02 -9.334611892700195312e-02 -1.058067288249731064e-02
5.518619343638420105e-02 -5.980523675680160522e-02 -9.684031829237937927e-04
9.770330786705017090e-02 -4.799958691000938416e-02 1.060887426137924194e-02
7.836925238370895386e-02 -4.858658835291862488e-02 1.066754478961229324e-02
1.064043790102005005e-01 -5.570096150040626526e-02 1.316789072006940842e-02
8.929355442523956299e-02 -3.521484881639480591e-02 1.238776836544275284e-03
9.699030965566635132e-02 -3.479886054992675781e-02 3.847809974104166031e-03
9.519237279891967773e-02 -3.345736488699913025e-02 2.104722335934638977e-02
9.841022640466690063e-02 -2.629840373992919922e-02 3.720155358314514160e-02
8.539515733718872070e-02 7.396340370178222656e-03 5.039167776703834534e-02
7.419065386056900024e-02 1.208244916051626205e-02 4.557554423809051514e-02
7.676798105239868164e-02 1.216598227620124817e-02 3.970178589224815369e-02
6.499595195055007935e-02 2.417651191353797913e-02 2.937991917133331299e-02
5.371417477726936340e-02 3.455919027328491211e-02 1.876254938542842865e-02
8.935923874378204346e-02 2.311659976840019226e-02 1.491266582161188126e-02
4.966216161847114563e-02 3.426447138190269470e-02 3.946135751903057098e-03
1.214363127946853638e-01 1.068105548620223999e-02 1.523953210562467575e-02
1.015013009309768677e-01 8.223108947277069092e-03 5.728016141802072525e-03
1.577870845794677734e-01 -3.370468318462371826e-02 5.902292206883430481e-03
1.108798086643218994e-01 -1.165050547569990158e-02 -7.041264791041612625e-03
1.014588326215744019e-01 -3.005402907729148865e-02 -1.054921559989452362e-02
8.569740504026412964e-02 -5.645043030381202698e-02 -6.449700798839330673e-03
6.901548802852630615e-02 -4.560441523790359497e-02 -3.129933960735797882e-03
7.079123705625534058e-02 -5.664213001728057861e-02 -7.404959760606288910e-03
6.892309337854385376e-02 -3.599340841174125671e-02 -8.587581105530261993e-03
6.996793299913406372e-02 -3.004797361791133881e-02 -1.300066430121660233e-02
5.592812225222587585e-02 -3.185944631695747375e-02 -1.316856499761343002e-02
5.073435604572296143e-02 -2.740637771785259247e-02 -1.063373498618602753e-02
4.529820382595062256e-02 -3.244085237383842468e-02 -1.366697810590267181e-02
5.125227570533752441e-02 -3.028677590191364288e-02 -1.306618656963109970e-02
3.634814172983169556e-02 -4.268706543371081352e-04 -1.187327038496732712e-02
3.066754154860973358e-02 -6.003521848469972610e-03 -7.695660926401615143e-03
4.838744923472404480e-02 -3.336466476321220398e-02 -7.353440392762422562e-03
3.467040881514549255e-02 -2.575070597231388092e-02 -9.188534691929817200e-03
1.812123507261276245e-02 -1.234171725809574127e-02 -4.952058196067810059e-03
1.972844079136848450e-02 -1.944028958678245544e-02 -4.283062648028135300e-03
1.871958561241626740e-02 -2.158004045486450195e-02 -3.544478910043835640e-03
1.204045373015105724e-03 -7.194856181740760803e-03 -1.960851950570940971e-03
2.896192949265241623e-03 -1.415839511901140213e-02 -1.872912398539483547e-03
9.598504751920700073e-03 -2.994361147284507751e-02 -5.237362347543239594e-04
6.593800615519285202e-03 -3.459604084491729736e-02 -6.628107512369751930e-04
1.323958043940365314e-03 -3.502204269170761108e-02 -6.202652584761381149e-04
6.884029600769281387e-03 -2.955240011215209961e-02 -1.686413190327584743e-03
-1.101431157439947128e-02 -1.442028209567070007e-02 -5.343385040760040283e-03
-1.067793183028697968e-02 -3.267259523272514343e-02 -1.256272755563259125e-02
-1.480317674577236176e-02 -3.587322682142257690e-02 -8.824223652482032776e-03
-3.547776117920875549e-02 -3.774898126721382141e-02 -5.271825473755598068e-03
-1.619348861277103424e-02 -4.529926180839538574e-02 -1.085096504539251328e-03
-3.108290024101734161e-02 -3.535195812582969666e-02 -2.348343143239617348e-03
-2.929699234664440155e-02 -2.847320586442947388e-02 -3.616922767832875252e-03
-3.442655503749847412e-02 -2.720977552235126495e-02 -8.440812118351459503e-03
-3.133779764175415039e-02 -3.224939480423927307e-02 -6.601357366889715195e-03
-3.180693462491035461e-02 -3.064007684588432312e-02 -6.752423942089080811e-03
-3.900048881769180298e-02 -3.815321996808052063e-02 -7.161851506680250168e-03
-3.259986639022827148e-02 -4.316224530339241028e-02 -8.062899112701416016e-03
-3.947357460856437683e-02 -3.048375248908996582e-02 -6.594260223209857941e-03
-3.698532655835151672e-02 -2.102462761104106903e-02 -2.907382324337959290e-03
-5.396856740117073059e-02 -2.608847431838512421e-02 -1.242223661392927170e-02
-5.794860422611236572e-02 -7.655717432498931885e-03 -9.046907536685466766e-03
-5.868023261427879333e-02 -3.058517910540103912e-02 -3.288593143224716187e-03
-6.353759020566940308e-02 -3.209123387932777405e-02 -1.867500017397105694e-03
-5.120316520333290100e-02 -4.684874042868614197e-02 -4.624492488801479340e-03
-4.590411484241485596e-02 -5.609252303838729858e-02 -5.552836228162050247e-03
-3.874023631215095520e-02 -7.955602556467056274e-02 -1.782751083374023438e-02
-4.482059925794601440e-02 -8.964947611093521118e-02 -5.654981359839439392e-03
-2.985551394522190094e-02 -9.206849336624145508e-02 -1.398226246237754822e-02
-2.697318047285079956e-02 -7.105171680450439453e-02 -6.816465873271226883e-03
-1.424687728285789490e-02 -7.746741175651550293e-02 -5.846740212291479111e-03
-3.554175049066543579e-02 -6.150611490011215210e-02 -4.057920537889003754e-03
-3.115632012486457825e-02 -6.805561482906341553e-02 -7.755909580737352371e-03
-3.166120871901512146e-02 -5.499659851193428040e-02 -3.928980790078639984e-03
-2.768417261540889740e-02 -5.464821681380271912e-02 -5.640324205160140991e-03
-3.153547644615173340e-02 -3.626437485218048096e-02 -5.359630100429058075e-03
-2.170776203274726868e-02 -1.741823367774486542e-02 6.592807825654745102e-03
-9.199406951665878296e-03 -2.190418355166912079e-02 -4.175422654952853918e-04
-1.845011301338672638e-02 -1.650960370898246765e-02 3.226301865652203560e-03
-1.930650509893894196e-02 -1.061412692070007324e-02 3.679723246023058891e-03
-1.768317446112632751e-02 -2.002003602683544159e-02 5.394159816205501556e-03
-1.473623886704444885e-02 -2.498565241694450378e-02 -5.115230102092027664e-03
-1.358253788203001022e-02 -2.790896408259868622e-02 -9.996621869504451752e-03
4.360996652394533157e-03 -1.754629611968994141e-02 5.238477140665054321e-03
-7.200614782050251961e-04 1.099391002207994461e-02 7.306776475161314011e-03
-2.815620973706245422e-03 8.327805437147617340e-03 1.709859073162078857e-02
6.068353075534105301e-03 1.445207465440034866e-02 2.079527080059051514e-02
1.620603352785110474e-02 5.329380743205547333e-03 2.300371229648590088e-02
1.403840817511081696e-02 -1.604493707418441772e-02 2.301947958767414093e-02
1.307447068393230438e-02 -1.340457983314990997e-02 1.684238016605377197e-02
1.448059827089309692e-02 -1.749565452337265015e-02 1.538833044469356537e-02
1.426139194518327713e-02 -9.169890545308589935e-03 1.932497322559356689e-02
5.793848540633916855e-03 -1.093960180878639221e-02 9.980110451579093933e-03
1.957012712955474854e-02 -1.436048094183206558e-02 -8.829612052068114281e-04
3.699391707777976990e-02 -1.636458374559879303e-02 2.537472918629646301e-02
2.609678357839584351e-02 -1.258967351168394089e-02 2.459113672375679016e-02
2.825141325592994690e-02 -1.518763415515422821e-02 2.462991699576377869e-02
1.731049828231334686e-02 -2.102041244506835938e-02 1.806228794157505035e-02
1.967791467905044556e-02 -1.357418671250343323e-02 -1.728311367332935333e-02
5.511399358510971069e-03 -1.304077263921499252e-02 -1.190029270946979523e-02
