3.367912024259567261e-02 -2.257474884390830994e-02 1.006943106651306152e+00
4.584719240665435791e-02 -2.011030539870262146e-02 9.298250675201416016e-01
3.229823708534240723e-02 -1.940110698342323303e-02 8.791211247444152832e-01
3.756649792194366455e-02 -7.680807262659072876e-03 8.526057600975036621e-01
3.020726144313812256e-02 -1.034342125058174133e-02 9.382679462432861328e-01
1.767272502183914185e-02 -2.424151077866554260e-02 9.836986660957336426e-01
1.510903239250183105e-02 -1.341440901160240173e-02 9.785027503967285156e-01
2.758862823247909546e-02 9.516712278127670288e-03 9.482483267784118652e-01
2.785097062587738037e-02 2.427814528346061707e-02 9.170679450035095215e-01
2.930365502834320068e-03 7.826466113328933716e-03 9.450105428695678711e-01
-1.141041517257690430e-02 -3.961462527513504028e-03 9.842467904090881348e-01
4.420965909957885742e-03 4.381801933050155640e-03 1.019017577171325684e+00
9.298473596572875977e-04 8.155032992362976074e-05 1.055523276329040527e+00
3.591574728488922119e-03 7.275398820638656616e-03 1.105122208595275879e+00
4.393197596073150635e-03 -7.716592401266098022e-03 1.144425034523010254e+00
8.531920611858367920e-03 -9.477343410253524780e-03 1.168730139732360840e+00
1.910728216171264648e-02 -7.013220340013504028e-03 1.168851852416992188e+00
2.152136713266372681e-02 -1.341604068875312805e-02 1.140729308128356934e+00
2.169711142778396606e-02 -1.953263953328132629e-02 1.138431668281555176e+00
1.824337989091873169e-02 -2.648590132594108582e-02 1.139309287071228027e+00
2.063922584056854248e-03 -3.395200893282890320e-02 1.108739972114562988e+00
-2.069010585546493530e-02 -3.971389308571815491e-02 1.140509486198425293e+00
-1.702331751585006714e-02 -3.815268352627754211e-02 1.206160068511962891e+00
-1.102718710899353027e-02 -3.283320739865303040e-02 1.193273901939392090e+00
-6.050117313861846924e-03 -2.015043795108795166e-02 1.183146119117736816e+00
1.797039806842803955e-02 -1.600148901343345642e-02 1.184580922126770020e+00
3.093732148408889771e-02 1.573834568262100220e-03 1.143042683601379395e+00
1.431291550397872925e-02 -2.264682203531265259e-03 1.204921603202819824e+00
1.362891495227813721e-02 -3.378320485353469849e-03 1.188878893852233887e+00
7.065258920192718506e-03 -7.572639733552932739e-03 1.205899000167846680e+00
-2.210594713687896729e-03 -1.297879591584205627e-02 1.208709597587585449e+00
-2.579510211944580078e-03 -1.479386165738105774e-02 1.198452472686767578e+00
-1.591742783784866333e-02 -2.683553472161293030e-02 1.238719224929809570e+00
-2.994269132614135742e-03 -1.581228896975517273e-02 1.231507301330566406e+00
1.562059670686721802e-02 7.068332284688949585e-03 1.211067080497741699e+00
1.020066440105438232e-02 5.431544035673141479e-03 1.180310368537902832e+00
-8.189767599105834961e-03 -1.900589838624000549e-02 1.208688616752624512e+00
4.127178341150283813e-03 -2.830307558178901672e-02 1.175460219383239746e+00
1.401915401220321655e-02 -2.865855023264884949e-02 1.183710098266601562e+00
-5.643948912620544434e-03 -4.445813968777656555e-02 1.207006812095642090e+00
-6.100390106439590454e-03 -4.279110953211784363e-02 1.185108065605163574e+00
-1.419778168201446533e-02 -4.078877344727516174e-02 1.253382682800292969e+00
-2.568541467189788818e-02 -5.000608041882514954e-02 1.299394488334655762e+00
-1.589212566614151001e-02 -3.659261390566825867e-02 1.337340474128723145e+00
1.243196427822113037e-02 -7.274892181158065796e-03 1.267070412635803223e+00
1.368292421102523804e-02 -2.099386975169181824e-02 1.198576331138610840e+00
1.127072423696517944e-02 -2.807421609759330750e-02 1.146096706390380859e+00
7.898710668087005615e-03 -2.738524600863456726e-02 1.125339150428771973e+00
1.029078289866447449e-02 -2.383271045982837677e-02 1.087611675262451172e+00
1.167434081435203552e-02 -2.731302194297313690e-02 1.060782909393310547e+00
2.431593835353851318e-03 -3.276337310671806335e-02 1.060111761093139648e+00
-7.055364549160003662e-03 -3.407547995448112488e-02 1.049940705299377441e+00
2.022102475166320801e-03 -2.461984753608703613e-02 1.040410280227661133e+00
-2.204582095146179199e-03 -3.330337256193161011e-02 1.055366039276123047e+00
-1.850292086601257324e-02 -3.872181475162506104e-02 1.100423574447631836e+00
-2.265313267707824707e-02 -2.588425017893314362e-02 1.106884837150573730e+00
1.203256472945213318e-02 6.236426532268524170e-03 9.699381589889526367e-01
1.318154111504554749e-02 1.816226169466972351e-02 8.389026522636413574e-01
-3.404844552278518677e-03 -7.858414202928543091e-03 8.343150019645690918e-01
-2.962136268615722656e-02 -2.200306206941604614e-02 8.152893185615539551e-01
-4.165062308311462402e-02 -2.564688958227634430e-02 8.417929410934448242e-01
-4.321391880512237549e-02 -2.385734766721725464e-02 8.662637472152709961e-01
-4.049275070428848267e-02 -1.847632788121700287e-02 8.933384418487548828e-01
-4.413545876741409302e-02 -1.664727926254272461e-02 9.154567122459411621e-01
-3.610585629940032959e-02 -1.822574436664581299e-02 9.433447718620300293e-01
-4.447046667337417603e-02 -1.603091880679130554e-02 8.746634721755981445e-01
-6.731913238763809204e-02 -2.276067063212394714e-02 8.244757056236267090e-01
-6.474984437227249146e-02 -1.464955881237983704e-02 8.567659258842468262e-01
-4.930556565523147583e-02 -1.417328044772148132e-02 9.412753582000732422e-01
-4.490140080451965332e-02 -3.247007727622985840e-02 9.893634319305419922e-01
-2.338119596242904663e-02 -2.720057033002376556e-02 9.566811323165893555e-01
-2.334027737379074097e-02 -2.530571445822715759e-02 8.847374320030212402e-01
3.847267478704452515e-03 -1.277633011341094971e-03 8.872363567352294922e-01
3.245421871542930603e-02 1.495115086436271667e-02 8.800015449523925781e-01
4.230345785617828369e-02 1.583639159798622131e-02 9.690455794334411621e-01
2.941790223121643066e-02 5.633573979139328003e-03 1.011001706123352051e+00
3.171608224511146545e-02 -2.051938325166702271e-03 1.021554827690124512e+00
1.931951195001602173e-02 -9.644113481044769287e-03 1.105829119682312012e+00
-2.282120287418365479e-03 -3.537530824542045593e-02 1.074162006378173828e+00
5.585599690675735474e-03 -4.325339198112487793e-02 1.017575860023498535e+00
4.980247467756271362e-03 -3.809791803359985352e-02 1.109918475151062012e+00
-7.214378565549850464e-03 -4.679666459560394287e-02 1.164105892181396484e+00
-2.045765519142150879e-02 -5.766587331891059875e-02 1.096706867218017578e+00
-1.279363781213760376e-02 -2.787585370242595673e-02 1.119568586349487305e+00
-2.216982841491699219e-02 -2.440095879137516022e-02 1.085063338279724121e+00
-3.862093389034271240e-02 -5.699203163385391235e-02 8.791303038597106934e-01
-2.645310014486312866e-02 -3.853693604469299316e-02 7.768275141716003418e-01
-1.332205533981323242e-02 -2.679362520575523376e-02 7.207187414169311523e-01
6.149899214506149292e-03 -9.507678449153900146e-03 6.386553645133972168e-01
4.762660712003707886e-03 -1.409559324383735657e-02 6.497377157211303711e-01
3.351394087076187134e-03 -1.596063748002052307e-02 7.555675506591796875e-01
-3.784372657537460327e-02 -2.846213616430759430e-02 8.186714649200439453e-01
-6.153264641761779785e-02 -4.083302989602088928e-02 9.511603116989135742e-01
-5.047507584095001221e-02 -3.434334322810173035e-02 9.996215701103210449e-01
-3.881073743104934692e-02 -1.788231730461120605e-02 9.386177659034729004e-01
-5.005805939435958862e-02 -1.887802034616470337e-02 9.782134294509887695e-01
-4.717788100242614746e-02 -2.579166740179061890e-02 9.682915210723876953e-01
-2.414071559906005859e-02 -7.260750979185104370e-03 8.209769129753112793e-01
1.314452290534973145e-02 1.349187642335891724e-02 8.749391436576843262e-01
8.771553635597229004e-03 3.919769078493118286e-03 9.027796387672424316e-01
7.887475192546844482e-03 1.502993330359458923e-02 9.876407980918884277e-01
1.613150164484977722e-02 1.487306505441665649e-02 1.115645885467529297e+00
1.065072789788246155e-02 -2.544187009334564209e-04 1.125294804573059082e+00
-3.050353378057479858e-02 -1.789336279034614563e-02 1.176938295364379883e+00
-4.080186039209365845e-02 -2.111928537487983704e-02 1.142037034034729004e+00
-5.059497803449630737e-02 -1.901854202151298523e-02 1.136818766593933105e+00
-5.860491096973419189e-02 -4.003991559147834778e-02 1.137850165367126465e+00
-5.840288847684860229e-02 -4.925678297877311707e-02 1.128159523010253906e+00
-4.318232089281082153e-02 -5.520174279808998108e-02 1.142740368843078613e+00
-2.069046348333358765e-02 -6.247877702116966248e-02 1.187558054924011230e+00
-1.556857675313949585e-02 -6.783747673034667969e-02 1.208312392234802246e+00
-1.796724647283554077e-02 -7.782030105590820312e-02 1.237743616104125977e+00
-2.243703603744506836e-02 -7.556913793087005615e-02 1.268420457839965820e+00
-1.892475038766860962e-02 -6.811161339282989502e-02 1.252212047576904297e+00
-7.368922233581542969e-03 -4.913062229752540588e-02 1.171153068542480469e+00
-1.254798471927642822e-02 -3.631090000271797180e-02 1.077775120735168457e+00
-1.997821033000946045e-02 -3.700942173600196838e-02 1.049863219261169434e+00
-2.512488514184951782e-02 -3.507504239678382874e-02 1.058410286903381348e+00
-3.327915072441101074e-02 -3.327569738030433655e-02 1.139769911766052246e+00
-4.020974785089492798e-02 -5.854232236742973328e-02 1.202936887741088867e+00
-3.716553002595901489e-02 -5.559915676712989807e-02 1.277654290199279785e+00
-1.776079833507537842e-02 -3.902563825249671936e-02 1.273307561874389648e+00
-1.087762415409088135e-02 -3.347945585846900940e-02 1.218995571136474609e+00
-1.054406911134719849e-02 -3.638282045722007751e-02 1.182977437973022461e+00
-6.618693470954895020e-03 -3.833631798624992371e-02 1.196305751800537109e+00
-1.771349459886550903e-02 -3.715844824910163879e-02 1.226282000541687012e+00
-2.730863541364669800e-02 -3.752531483769416809e-02 1.240623116493225098e+00
-1.746591180562973022e-02 -4.050451889634132385e-02 1.232694149017333984e+00
-1.047722995281219482e-02 -2.825647965073585510e-02 1.170498967170715332e+00
-2.265656739473342896e-02 -2.679344639182090759e-02 1.160865902900695801e+00
-4.252784699201583862e-02 -2.576777711510658264e-02 1.207087635993957520e+00
-4.712324589490890503e-02 -2.733242884278297424e-02 1.210248589515686035e+00
-4.882168024778366089e-02 -2.513926848769187927e-02 1.192339301109313965e+00
-4.963918030261993408e-02 -2.286640927195549011e-02 1.172926068305969238e+00
-4.850654304027557373e-02 -1.987760141491889954e-02 1.164134979248046875e+00
-5.034870654344558716e-02 -2.079524472355842590e-02 1.135012507438659668e+00
-4.757470637559890747e-02 -2.361604198813438416e-02 1.138743996620178223e+00
-3.097378462553024292e-02 -1.535343006253242493e-02 1.148054003715515137e+00
-2.053675800561904907e-02 -1.449287310242652893e-02 1.128881692886352539e+00
-1.860720664262771606e-02 -1.612849161028862000e-02 1.117891669273376465e+00
-2.006281167268753052e-02 -1.642378792166709900e-02 1.123185634613037109e+00
-2.144870162010192871e-02 -1.649191603064537048e-02 1.122540950775146484e+00
-2.525531500577926636e-02 -1.650711894035339355e-02 1.117233037948608398e+00
-3.092828392982482910e-02 -1.594503223896026611e-02 1.119672775268554688e+00
-3.017412126064300537e-02 -1.358643174171447754e-02 1.110682964324951172e+00
-3.265344351530075073e-02 -1.323281228542327881e-02 1.114440083503723145e+00
-3.820598870515823364e-02 -1.318220049142837524e-02 1.082077980041503906e+00
-4.064869880676269531e-02 -1.038063317537307739e-02 1.064358115196228027e+00
-3.213039040565490723e-02 -1.868963241577148438e-03 1.055389761924743652e+00
-2.626588195562362671e-02 2.481043338775634766e-06 1.017691254615783691e+00
-4.042242467403411865e-02 -1.121555641293525696e-02 1.043962955474853516e+00
-5.989386141300201416e-02 -2.203461527824401855e-02 1.131685137748718262e+00
-5.668932944536209106e-02 -2.093748003244400024e-02 1.103058934211730957e+00
-5.139951407909393311e-02 -1.336747407913208008e-02 1.096997141838073730e+00
-4.619729518890380859e-02 -1.185512915253639221e-02 1.090695023536682129e+00
-4.249367117881774902e-02 -8.181449025869369507e-03 1.080341100692749023e+00
-5.232529342174530029e-02 -6.170179694890975952e-03 1.094571232795715332e+00
-6.163371354341506958e-02 -1.194647327065467834e-02 1.084900021553039551e+00
-5.564755946397781372e-02 -2.079864777624607086e-02 1.085835933685302734e+00
-4.574099183082580566e-02 -2.916135638952255249e-02 1.103784322738647461e+00
-4.216727614402770996e-02 -3.537655994296073914e-02 1.088806748390197754e+00
-2.707363665103912354e-02 -2.679312974214553833e-02 1.073762536048889160e+00
-6.962940096855163574e-04 1.542344689369201660e-04 1.023413538932800293e+00
-6.426185369491577148e-03 -7.623743265867233276e-03 1.046780467033386230e+00
-1.186723262071609497e-02 -1.437063515186309814e-02 1.078842878341674805e+00
-1.227859407663345337e-02 -1.225200295448303223e-02 1.092357397079467773e+00
-8.011467754840850830e-03 -1.806196011602878571e-02 1.092353820800781250e+00
-3.966417163610458374e-03 -1.475457474589347839e-02 1.052283287048339844e+00
3.173261880874633789e-03 -7.445868104696273804e-03 1.026109695434570312e+00
4.993032664060592651e-03 -1.045929268002510071e-02 9.788824915885925293e-01
2.269893884658813477e-03 -1.092776656150817871e-02 9.556921720504760742e-01
1.002785935997962952e-02 -4.968643188476562500e-03 1.020280957221984863e+00
2.241919934749603271e-02 6.531361490488052368e-03 1.069413185119628906e+00
3.256419673562049866e-02 1.813983544707298279e-02 1.077332854270935059e+00
3.139413520693778992e-02 1.820675656199455261e-02 1.094790101051330566e+00
2.942690625786781311e-02 1.816951110959053040e-02 1.060371398925781250e+00
3.092271462082862854e-02 1.853255555033683777e-02 1.046041727066040039e+00
8.407343178987503052e-03 4.374619573354721069e-03 1.041744232177734375e+00
-5.076881498098373413e-02 -5.488329753279685974e-02 1.012537956237792969e+00
-8.914635330438613892e-02 -6.864166259765625000e-02 1.011145353317260742e+00
-1.022048220038414001e-01 -6.395114958286285400e-02 1.057141184806823730e+00
-1.101304814219474792e-01 -6.356098502874374390e-02 1.058415293693542480e+00
-9.913394600152969360e-02 -6.299110502004623413e-02 9.824317693710327148e-01
-7.378955930471420288e-02 -5.009489133954048157e-02 9.488791227340698242e-01
-5.376257002353668213e-02 -3.828667104244232178e-02 9.538763761520385742e-01
-4.496100544929504395e-02 -3.351829200983047485e-02 9.466893672943115234e-01
-4.008284211158752441e-02 -2.845394238829612732e-02 1.024325489997863770e+00
-2.907328307628631592e-02 -1.690666936337947845e-02 1.073574304580688477e+00
-2.208451181650161743e-02 -7.591191679239273071e-03 1.072706580162048340e+00
-2.055161446332931519e-02 -3.047186881303787231e-03 1.089458227157592773e+00
-2.406101673841476440e-02 -1.013542339205741882e-02 1.088529825210571289e+00
-2.993962913751602173e-02 -1.696138456463813782e-02 1.027879714965820312e+00
-3.557925671339035034e-02 -1.469909772276878357e-02 1.002088189125061035e+00
-3.414189070463180542e-02 -1.043899729847908020e-02 1.048199892044067383e+00
-3.821865469217300415e-02 -1.275942847132682800e-02 1.066015720367431641e+00
-4.099941998720169067e-02 -1.480867341160774231e-02 1.055046319961547852e+00
-3.602498024702072144e-02 -9.276557713747024536e-03 1.021822929382324219e+00
-3.397444635629653931e-02 -7.182996720075607300e-03 1.048645019531250000e+00
-3.153332322835922241e-02 -1.069638505578041077e-02 1.079224348068237305e+00
-2.624834328889846802e-02 -9.156543761491775513e-03 1.093038082122802734e+00
-2.033316344022750854e-02 -5.235794931650161743e-03 1.086698055267333984e+00
-1.727028936147689819e-02 -2.735454589128494263e-03 1.054724454879760742e+00
-1.393979042768478394e-02 -3.579292446374893188e-03 1.038234233856201172e+00
-1.066645234823226929e-02 -3.649014979600906372e-03 1.036149144172668457e+00
-1.254486292600631714e-02 -5.742538720369338989e-03 1.033736944198608398e+00
-7.246933877468109131e-03 -6.798174232244491577e-03 1.005616188049316406e+00
-1.188404858112335205e-03 -6.339635699987411499e-03 9.695516228675842285e-01
7.756114006042480469e-03 -9.578779339790344238e-03 9.388976693153381348e-01
1.848749071359634399e-02 -9.546179324388504028e-03 9.070071578025817871e-01
2.221749722957611084e-02 -1.255460456013679504e-02 8.772798776626586914e-01
1.698188483715057373e-02 -1.906617358326911926e-02 8.892372846603393555e-01
6.504625082015991211e-03 -2.066425234079360962e-02 9.286810755729675293e-01
3.871470689773559570e-04 -2.059848234057426453e-02 9.765849709510803223e-01
1.722022891044616699e-03 -1.531672105193138123e-02 1.019269108772277832e+00
3.229990601539611816e-03 -1.326975598931312561e-02 1.067198395729064941e+00
6.260640919208526611e-03 1.648344099521636963e-03 1.114420175552368164e+00
2.391465008258819580e-03 1.523758098483085632e-02 1.150291800498962402e+00
-5.942806601524353027e-04 1.064055785536766052e-02 1.149901270866394043e+00
2.305231988430023193e-03 5.155559629201889038e-03 1.155529618263244629e+00
1.388567686080932617e-02 1.065582409501075745e-02 1.145805001258850098e+00
1.923831552267074585e-02 1.516450569033622742e-02 1.120035886764526367e+00
1.830656081438064575e-02 4.745569080114364624e-03 1.091377973556518555e+00
2.112881094217300415e-02 3.123011440038681030e-03 1.067064404487609863e+00
1.747270673513412476e-02 6.358895450830459595e-03 1.105868220329284668e+00
1.385963708162307739e-02 5.130540579557418823e-03 1.175363421440124512e+00
1.737725734710693359e-02 -2.881113439798355103e-03 1.178463101387023926e+00
1.683840900659561157e-02 -1.261392608284950256e-02 1.147011280059814453e+00
1.217996329069137573e-02 -1.849995926022529602e-02 1.143452644348144531e+00
1.366399973630905151e-02 -1.721427962183952332e-02 1.114214301109313965e+00
6.327278912067413330e-03 -2.033864334225654602e-02 1.091967344284057617e+00
-1.189967989921569824e-02 -3.302100673317909241e-02 1.059964656829833984e+00
-6.070271134376525879e-03 -2.553333714604377747e-02 1.037435293197631836e+00
1.410514116287231445e-03 -1.838125661015510559e-02 1.069294810295104980e+00
4.057042300701141357e-03 -2.300268784165382385e-02 1.125094652175903320e+00
2.471641451120376587e-02 -1.861098781228065491e-02 1.110585093498229980e+00
3.554083034396171570e-02 -1.375836879014968872e-02 1.109991312026977539e+00
3.982688486576080322e-02 -6.345342844724655151e-03 1.105525612831115723e+00
3.454092144966125488e-02 2.240579575300216675e-03 1.120403051376342773e+00
2.866108343005180359e-02 2.685260027647018433e-03 1.166824936866760254e+00
3.647337108850479126e-02 9.636055678129196167e-03 1.171143412590026855e+00
4.510476440191268921e-02 1.277521625161170959e-02 1.182638645172119141e+00
3.897555544972419739e-02 -1.450920850038528442e-02 1.228824853897094727e+00
3.042818233370780945e-02 -3.426184877753257751e-02 1.220681309700012207e+00
2.343731746077537537e-02 -4.587488248944282532e-02 1.219522714614868164e+00
2.874840050935745239e-03 -2.866495773196220398e-02 1.241251945495605469e+00
-5.207065492868423462e-03 -2.012828178703784943e-02 1.229297995567321777e+00
-2.771288901567459106e-02 -2.176238410174846649e-02 1.217188000679016113e+00
-3.996899724006652832e-02 -1.530671864748001099e-02 1.179703831672668457e+00
-7.220108062028884888e-02 -3.436634317040443420e-02 1.110701084136962891e+00
-7.562311738729476929e-02 -4.182166978716850281e-02 1.045247793197631836e+00
-7.599180191755294800e-02 -4.093095287680625916e-02 1.016316294670104980e+00
-7.195255905389785767e-02 -3.312826901674270630e-02 1.009015083312988281e+00
-6.819529086351394653e-02 -3.208614140748977661e-02 1.013675928115844727e+00
-8.418955653905868530e-02 -4.507889226078987122e-02 1.017210960388183594e+00
-7.430269569158554077e-02 -3.764662146568298340e-02 9.806184768676757812e-01
-6.709589064121246338e-02 -4.060071334242820740e-02 1.050417065620422363e+00
-7.499114423990249634e-02 -5.388144403696060181e-02 1.134200453758239746e+00
-8.676754683256149292e-02 -6.398757547140121460e-02 1.112139463424682617e+00
-9.034680575132369995e-02 -6.769461929798126221e-02 1.106503605842590332e+00
-9.327640384435653687e-02 -5.945295840501785278e-02 1.080342054367065430e+00
-8.279938250780105591e-02 -5.471561476588249207e-02 1.021773219108581543e+00
-7.212721556425094604e-02 -5.192825943231582642e-02 1.009482979774475098e+00
-7.224503904581069946e-02 -5.438012257218360901e-02 1.063682317733764648e+00
-8.302810043096542358e-02 -6.040993705391883850e-02 1.119804382324218750e+00
-7.201198488473892212e-02 -6.232038140296936035e-02 1.157072305679321289e+00
-6.707852333784103394e-02 -6.540967524051666260e-02 1.194438576698303223e+00
-6.556303799152374268e-02 -6.097114831209182739e-02 1.208929657936096191e+00
-5.846944451332092285e-02 -4.937701672315597534e-02 1.204450011253356934e+00
-4.722275584936141968e-02 -3.965905308723449707e-02 1.189539551734924316e+00
-3.893850743770599365e-02 -2.801708690822124481e-02 1.177062511444091797e+00
-3.511417657136917114e-02 -1.923006400465965271e-02 1.214511990547180176e+00
-3.612814098596572876e-02 -1.808169111609458923e-02 1.242371320724487305e+00
-2.985349297523498535e-02 -1.723417639732360840e-02 1.221195578575134277e+00
-1.910030841827392578e-02 -1.477321982383728027e-02 1.161319851875305176e+00
-8.788168430328369141e-03 -8.564628660678863525e-03 1.092918276786804199e+00
-5.845081061124801636e-03 -6.377853453159332275e-03 1.060784816741943359e+00
-5.758736282587051392e-03 -5.788482725620269775e-03 1.036227107048034668e+00
-8.295841515064239502e-03 -4.404980689287185669e-03 1.012014508247375488e+00
-8.413143455982208252e-03 8.187592029571533203e-04 9.959088563919067383e-01
-1.305636018514633179e-03 3.920290619134902954e-03 9.698256850242614746e-01
-9.104989469051361084e-03 -3.193791955709457397e-03 1.013459801673889160e+00
-2.696574479341506958e-02 -9.801369160413742065e-03 1.119028806686401367e+00
-3.316636383533477783e-02 -1.240585371851921082e-02 1.171861410140991211e+00
-2.994536608457565308e-02 -2.838505432009696960e-02 1.193952202796936035e+00
-1.268640160560607910e-02 -2.172974869608879089e-02 1.138944983482360840e+00
1.725297421216964722e-02 -4.362557083368301392e-03 1.074029088020324707e+00
4.029447585344314575e-02 7.032193243503570557e-04 1.086102724075317383e+00
3.397780656814575195e-02 -1.318063214421272278e-02 1.115947484970092773e+00
2.757661044597625732e-02 -2.568090334534645081e-02 1.111358642578125000e+00
2.289382368326187134e-02 -3.456260636448860168e-02 1.108444094657897949e+00
9.923629462718963623e-03 -3.550733998417854309e-02 1.141015648841857910e+00
-7.212691009044647217e-03 -3.992154076695442200e-02 1.185090303421020508e+00
-2.769750356674194336e-02 -4.618880525231361389e-02 1.194459080696105957e+00
-3.926151245832443237e-02 -5.259533599019050598e-02 1.154393672943115234e+00
-4.198573529720306396e-02 -5.030407384037971497e-02 1.126239895820617676e+00
-4.290933161973953247e-02 -4.780154302716255188e-02 1.112465858459472656e+00
-2.374232560396194458e-02 -3.732726350426673889e-02 1.044432520866394043e+00
-1.013725996017456055e-02 -3.163941577076911926e-02 1.029887437820434570e+00
4.994481801986694336e-03 -2.000899985432624817e-02 1.023117303848266602e+00
1.454462856054306030e-02 -9.739298373460769653e-03 9.958488345146179199e-01
5.113668739795684814e-04 -1.255509629845619202e-02 9.851968884468078613e-01
-1.477745920419692993e-02 -2.477969601750373840e-02 1.001357793807983398e+00
-2.621767669916152954e-02 -2.707927301526069641e-02 1.048692107200622559e+00
-2.647871524095535278e-02 -2.319430187344551086e-02 1.112544059753417969e+00
-2.407440543174743652e-02 -1.561852172017097473e-02 1.152130722999572754e+00
-1.674809306859970093e-02 -1.165973022580146790e-02 1.120138168334960938e+00
-1.681637763977050781e-02 -1.466556265950202942e-02 1.105250835418701172e+00
-1.187559217214584351e-02 -1.465000584721565247e-02 1.099808096885681152e+00
-1.263004541397094727e-02 -1.594253256916999817e-02 1.092544913291931152e+00
-2.113284915685653687e-02 -1.530616357922554016e-02 1.097376823425292969e+00
-2.546017616987228394e-02 -1.277701929211616516e-02 1.101388216018676758e+00
-1.396450400352478027e-02 -8.576203137636184692e-03 1.098502993583679199e+00
-1.357629150152206421e-02 -5.659092217683792114e-03 1.121313095092773438e+00
-2.363353967666625977e-02 -4.128772765398025513e-03 1.111335277557373047e+00
-2.209893614053726196e-02 1.003798469901084900e-02 1.089150309562683105e+00
-1.293897628784179688e-02 1.773520931601524353e-02 1.069758415222167969e+00
-1.508134603500366211e-02 8.173551410436630249e-03 1.105620861053466797e+00
-1.488160341978073120e-02 -7.355723530054092407e-03 1.121725916862487793e+00
-4.683159291744232178e-03 -2.323199063539505005e-03 1.110002636909484863e+00
1.303797215223312378e-02 1.479023322463035583e-02 1.063153743743896484e+00
1.475810632109642029e-02 9.786922484636306763e-03 9.794811606407165527e-01
1.324999704957008362e-02 -1.094195991754531860e-03 8.632885813713073730e-01
2.312356233596801758e-02 1.062644645571708679e-02 8.486351370811462402e-01
2.957907319068908691e-02 1.857593283057212830e-02 8.850398063659667969e-01
2.535692602396011353e-02 2.059934660792350769e-02 9.462791681289672852e-01
4.265077412128448486e-03 4.279669374227523804e-03 1.030008316040039062e+00
-6.304137408733367920e-03 -3.570813685655593872e-03 1.057908058166503906e+00
1.730017364025115967e-03 2.045791596174240112e-03 1.048056364059448242e+00
3.269180655479431152e-03 -1.460943371057510376e-03 1.048816323280334473e+00
3.334742039442062378e-03 -3.745734691619873047e-03 1.052322983741760254e+00
-2.492405474185943604e-03 -9.108278900384902954e-03 1.039416193962097168e+00
-1.781082898378372192e-02 -1.789892651140689850e-02 1.023583054542541504e+00
-2.514258772134780884e-02 -1.940465159714221954e-02 1.013504147529602051e+00
-2.355442196130752563e-02 -2.052798122167587280e-02 9.930167794227600098e-01
-3.152093291282653809e-02 -2.845686860382556915e-02 1.031661748886108398e+00
-4.939370602369308472e-02 -3.957253694534301758e-02 1.080024480819702148e+00
-4.580886662006378174e-02 -3.892818465828895569e-02 1.127004265785217285e+00
-1.800458878278732300e-02 -3.200311213731765747e-02 1.166640758514404297e+00
1.166207343339920044e-02 -1.954173669219017029e-02 1.147843599319458008e+00
2.129767090082168579e-02 -1.454817876219749451e-02 1.128733515739440918e+00
3.466375917196273804e-02 -7.380358874797821045e-03 1.105471014976501465e+00
4.299797117710113525e-02 -4.564125090837478638e-03 1.091454386711120605e+00
4.523651674389839172e-02 -2.706099301576614380e-03 1.095062255859375000e+00
4.081657901406288147e-02 -1.702731661498546600e-02 1.099784851074218750e+00
2.125490084290504456e-02 -3.183408826589584351e-02 1.106470823287963867e+00
-8.859366178512573242e-03 -4.738913476467132568e-02 1.106006979942321777e+00
-7.671535015106201172e-03 -4.260658100247383118e-02 1.081133604049682617e+00
-2.499807626008987427e-03 -3.568041324615478516e-02 1.066413879394531250e+00
-5.701877176761627197e-03 -3.321757912635803223e-02 1.085137724876403809e+00
-4.849772900342941284e-03 -2.835098654031753540e-02 1.083617925643920898e+00
1.164622604846954346e-03 -2.203925698995590210e-02 1.097213745117187500e+00
1.845717430114746094e-03 -2.740147337317466736e-02 1.120922088623046875e+00
7.696725428104400635e-03 -2.807188965380191803e-02 1.109230875968933105e+00
1.211333647370338440e-02 -2.289259992539882660e-02 1.100223660469055176e+00
1.140540465712547302e-02 -1.790859177708625793e-02 1.073583722114562988e+00
1.269285008311271667e-02 -9.594012051820755005e-03 1.056434392929077148e+00
1.632819697260856628e-02 -4.804443567991256714e-03 1.057080864906311035e+00
2.919193357229232788e-03 -1.740032434463500977e-02 1.098274469375610352e+00
-4.464283585548400879e-03 -2.359611541032791138e-02 1.083108067512512207e+00
7.146500051021575928e-03 -2.037143893539905548e-02 1.041042566299438477e+00
1.583075895905494690e-02 -1.324723288416862488e-02 9.969496726989746094e-01
1.812044903635978699e-02 -6.597962230443954468e-03 9.576233029365539551e-01
1.532894745469093323e-02 -6.424278020858764648e-03 9.015440940856933594e-01
1.125625520944595337e-02 -1.433936879038810730e-02 8.793409466743469238e-01
2.058392018079757690e-02 -6.216477602720260620e-03 8.626978993415832520e-01
1.394614577293395996e-03 -1.221299916505813599e-02 8.498014211654663086e-01
-2.653458714485168457e-02 -3.864274546504020691e-02 8.989768624305725098e-01
-2.539902925491333008e-02 -4.982353001832962036e-02 9.398670196533203125e-01
-2.182913571596145630e-02 -4.309859126806259155e-02 9.033579826354980469e-01
-3.740906715393066406e-02 -4.384813830256462097e-02 8.811518549919128418e-01
-4.267776757478713989e-02 -3.983164951205253601e-02 8.792946934700012207e-01
-3.272788971662521362e-02 -2.031648717820644379e-02 8.292769789695739746e-01
-2.555856108665466309e-02 -5.622163414955139160e-03 8.040851950645446777e-01
-1.631992310285568237e-02 5.803778767585754395e-04 8.200212121009826660e-01
5.018651485443115234e-03 7.164072245359420776e-03 7.938773036003112793e-01
2.628978341817855835e-02 1.900252327322959900e-02 8.056476116180419922e-01
2.318166941404342651e-02 2.431242540478706360e-02 8.980143666267395020e-01
2.020122855901718140e-02 2.474779263138771057e-02 8.846356868743896484e-01
3.007239848375320435e-02 2.954979613423347473e-02 8.204810619354248047e-01
3.371701389551162720e-02 2.489790692925453186e-02 7.923669219017028809e-01
3.665987402200698853e-02 1.697863265872001648e-02 7.615092396736145020e-01
3.391578048467636108e-02 7.201191037893295288e-03 7.998550534248352051e-01
2.247666567564010620e-02 -2.046067267656326294e-03 7.985137104988098145e-01
4.878081381320953369e-03 -1.083862781524658203e-02 8.078492283821105957e-01
-1.333691179752349854e-03 -1.115751639008522034e-02 8.932030200958251953e-01
8.148327469825744629e-04 -1.209026575088500977e-02 9.505198597908020020e-01
1.025863736867904663e-02 -1.143299415707588196e-02 9.627432823181152344e-01
3.699302673339843750e-03 -9.997162967920303345e-03 1.023156762123107910e+00
-1.868866384029388428e-03 -3.032501786947250366e-03 1.045028328895568848e+00
1.052243262529373169e-02 1.468598470091819763e-02 1.001425981521606445e+00
2.944216132164001465e-02 2.390472218394279480e-02 9.000514745712280273e-01
3.084700554609298706e-02 2.337610349059104919e-02 8.137754201889038086e-01
2.402650006115436554e-02 9.731881320476531982e-03 7.566260099411010742e-01
1.401563733816146851e-02 5.097914487123489380e-03 8.610231280326843262e-01
-1.107076555490493774e-02 -3.340397030115127563e-03 9.147186279296875000e-01
-2.158337086439132690e-02 -3.101103380322456360e-02 9.763736128807067871e-01
-5.821317434310913086e-03 -3.022708371281623840e-02 9.902569651603698730e-01
-4.044465720653533936e-03 -2.505579963326454163e-02 9.168121218681335449e-01
-1.853738725185394287e-02 -2.376118674874305725e-02 8.756533861160278320e-01
-2.771724760532379150e-02 -2.720697596669197083e-02 8.541805744171142578e-01
-1.876216381788253784e-02 -2.375695481896400452e-02 8.980243802070617676e-01
-2.486412227153778076e-02 -2.743083611130714417e-02 9.915626645088195801e-01
-4.360798746347427368e-02 -3.651972487568855286e-02 1.004947900772094727e+00
-5.912876129150390625e-02 -3.980596736073493958e-02 9.580177664756774902e-01
-6.194893270730972290e-02 -3.916794434189796448e-02 9.531701207160949707e-01
-6.367056816816329956e-02 -4.569189622998237610e-02 1.007590532302856445e+00
-5.319149792194366455e-02 -5.706030502915382385e-02 1.088875651359558105e+00
-4.148420691490173340e-02 -6.580935418605804443e-02 1.145797491073608398e+00
-4.117319732904434204e-02 -6.918479502201080322e-02 1.130827069282531738e+00
-3.228940069675445557e-02 -5.573468282818794250e-02 1.080728054046630859e+00
-2.540013939142227173e-02 -4.578166082501411438e-02 1.073936820030212402e+00
-1.679190248250961304e-02 -3.641484305262565613e-02 1.059017777442932129e+00
-7.343709468841552734e-03 -2.416427060961723328e-02 1.011793971061706543e+00
-2.733901143074035645e-03 -1.879322156310081482e-02 9.848653674125671387e-01
-4.422783851623535156e-03 -2.442010864615440369e-02 1.032427787780761719e+00
-1.238339394330978394e-02 -3.727682307362556458e-02 1.043403029441833496e+00
-1.641360670328140259e-02 -3.564834967255592346e-02 1.001953601837158203e+00
-3.568299114704132080e-03 -2.587223798036575317e-02 9.658728837966918945e-01
1.638114824891090393e-02 -1.116970553994178772e-02 9.342791438102722168e-01
2.754038944840431213e-02 -2.307355403900146484e-03 8.642054200172424316e-01
2.682860940694808960e-02 -8.051417768001556396e-03 8.808290362358093262e-01
1.791270449757575989e-02 -1.141289994120597839e-02 8.807532191276550293e-01
-3.943685442209243774e-03 -9.258762001991271973e-03 8.283415436744689941e-01
-1.699602603912353516e-02 -1.677543297410011292e-02 7.830200791358947754e-01
-2.132179588079452515e-02 -1.891040615737438202e-02 7.330233454704284668e-01
-4.233233630657196045e-03 -2.140129357576370239e-02 6.769204735755920410e-01
1.676081493496894836e-02 -2.027447707951068878e-02 6.683598160743713379e-01
2.238384261727333069e-02 -1.780069060623645782e-02 6.681395173072814941e-01
1.605793461203575134e-02 -1.919195242226123810e-02 6.824275851249694824e-01
6.842963397502899170e-03 -2.432909607887268066e-02 7.797729372978210449e-01
1.577101647853851318e-03 -2.659145370125770569e-02 8.667711615562438965e-01
4.191096872091293335e-03 -2.163935825228691101e-02 8.786254525184631348e-01
-8.354708552360534668e-04 -2.223329991102218628e-02 8.929460644721984863e-01
-2.604696899652481079e-03 -2.370627224445343018e-02 9.013968110084533691e-01
1.901935786008834839e-03 -2.427742443978786469e-02 9.139791131019592285e-01
1.317083835601806641e-02 -2.017305232584476471e-02 9.806593060493469238e-01
4.454759135842323303e-02 2.332825213670730591e-03 9.506454467773437500e-01
4.346796125173568726e-02 3.253895789384841919e-03 9.366552829742431641e-01
3.375210613012313843e-02 -3.309983760118484497e-03 9.593586921691894531e-01
4.053885862231254578e-02 -2.035617828369140625e-03 1.007341742515563965e+00
4.321051761507987976e-02 -4.478674381971359253e-03 1.011352658271789551e+00
3.157120570540428162e-02 -2.833360619843006134e-02 1.090088605880737305e+00
3.653832525014877319e-02 -2.498685382306575775e-02 1.172765851020812988e+00
4.232430830597877502e-02 -1.849729381501674652e-02 1.218904972076416016e+00
5.760033801198005676e-02 -1.008746773004531860e-02 1.233565330505371094e+00
7.009570300579071045e-02 1.239294558763504028e-02 1.269123673439025879e+00
6.271893531084060669e-02 1.962940767407417297e-02 1.280490756034851074e+00
5.699806660413742065e-02 2.018525823950767517e-02 1.256688714027404785e+00
5.290841683745384216e-02 1.828670129179954529e-02 1.171512365341186523e+00
3.005908615887165070e-02 6.661280989646911621e-03 1.109012603759765625e+00
3.371364995837211609e-02 -5.365245044231414795e-03 1.045824527740478516e+00
1.759760081768035889e-03 -2.909027598798274994e-02 1.040035009384155273e+00
-1.440516114234924316e-02 -3.227007761597633362e-02 1.016677975654602051e+00
1.373867690563201904e-02 -1.189794018864631653e-02 9.408468604087829590e-01
1.519315689802169800e-02 -1.118984445929527283e-02 9.822201132774353027e-01
4.835240542888641357e-03 -1.474224403500556946e-02 1.048509359359741211e+00
6.529066711664199829e-03 -9.689956903457641602e-03 1.112589716911315918e+00
3.133475780487060547e-03 -2.125205099582672119e-02 1.161939501762390137e+00
1.048754900693893433e-02 -2.543163299560546875e-02 1.178385972976684570e+00
4.992257803678512573e-03 -2.745071239769458771e-02 1.160360336303710938e+00
1.858551427721977234e-02 -1.577273011207580566e-02 1.086196064949035645e+00
2.933082170784473419e-02 -2.163086086511611938e-03 1.100317120552062988e+00
2.391231432557106018e-02 -3.900833427906036377e-03 1.092541456222534180e+00
2.329995855689048767e-02 6.256103515625000000e-04 1.110809206962585449e+00
2.556550502777099609e-02 1.089071109890937805e-02 1.133320689201354980e+00
1.462753489613533020e-02 9.694915264844894409e-03 1.138441085815429688e+00
1.325816661119461060e-02 9.106382727622985840e-03 1.126193881034851074e+00
1.141447201371192932e-02 7.209654897451400757e-03 1.138111233711242676e+00
7.978189736604690552e-03 1.976672559976577759e-03 1.146216750144958496e+00
7.620375603437423706e-03 -3.936823457479476929e-03 1.158555507659912109e+00
8.650712668895721436e-03 -5.288254469633102417e-03 1.182455420494079590e+00
1.346395164728164673e-02 7.925741374492645264e-04 1.200084686279296875e+00
1.499194651842117310e-02 2.853814512491226196e-03 1.200883865356445312e+00
4.629224538803100586e-03 -7.507462054491043091e-03 1.177265405654907227e+00
1.654244959354400635e-03 -2.178283408284187317e-02 1.177840352058410645e+00
1.457605510950088501e-02 -3.291308507323265076e-02 1.175404071807861328e+00
1.535228639841079712e-02 -2.342410013079643250e-02 1.096010327339172363e+00
7.577493786811828613e-03 -9.889546781778335571e-03 1.049838542938232422e+00
1.251724734902381897e-02 -7.419873028993606567e-03 9.662702679634094238e-01
3.744726255536079407e-02 1.528015360236167908e-02 8.176460862159729004e-01
5.611914396286010742e-02 3.095221891999244690e-02 7.485168576240539551e-01
3.628800064325332642e-02 -1.397307589650154114e-02 8.250643610954284668e-01
1.160957664251327515e-02 -4.544891044497489929e-02 9.007390141487121582e-01
-1.267351210117340088e-03 -4.965407028794288635e-02 9.624550938606262207e-01
-1.292268186807632446e-02 -3.836268559098243713e-02 1.060991883277893066e+00
-1.260032504796981812e-02 -3.319326415657997131e-02 1.085619926452636719e+00
-1.318110525608062744e-02 -4.435899481177330017e-02 1.066931843757629395e+00
-2.778083086013793945e-03 -4.992398247122764587e-02 1.052570104598999023e+00
4.367636516690254211e-02 -3.272161632776260376e-02 9.505779743194580078e-01
7.014586031436920166e-02 -3.549095243215560913e-03 7.806599736213684082e-01
5.806742608547210693e-02 -2.075970545411109924e-02 8.597963452339172363e-01
2.392976731061935425e-02 -1.629425212740898132e-02 1.048877835273742676e+00
1.045493036508560181e-02 -1.242447271943092346e-02 1.117405772209167480e+00
-1.041539013385772705e-03 -1.924651488661766052e-02 1.124558568000793457e+00
4.028059542179107666e-03 -2.527095004916191101e-02 1.086421608924865723e+00
7.919818162918090820e-03 -2.883611992001533508e-02 1.028849363327026367e+00
1.138442009687423706e-02 -3.246014192700386047e-02 1.016587018966674805e+00
1.664797216653823853e-02 -2.741508558392524719e-02 9.888194203376770020e-01
2.056926116347312927e-02 -2.153905481100082397e-02 9.570223689079284668e-01
1.774793490767478943e-02 -6.412830203771591187e-03 8.725129961967468262e-01
1.549193635582923889e-02 7.344964891672134399e-03 7.906667590141296387e-01
1.680652052164077759e-02 1.202582567930221558e-02 7.652097344398498535e-01
1.908972859382629395e-02 9.325403720140457153e-03 7.037215828895568848e-01
2.649552002549171448e-02 5.433533340692520142e-03 6.189096570014953613e-01
3.510688245296478271e-02 7.605813443660736084e-04 5.944283604621887207e-01
3.944962471723556519e-02 4.585456103086471558e-03 5.396938323974609375e-01
4.945053905248641968e-02 1.800762489438056946e-02 3.839088678359985352e-01
6.446848809719085693e-02 3.636807575821876526e-02 2.624995112419128418e-01
6.299830973148345947e-02 3.752763196825981140e-02 2.719258069992065430e-01
6.037039309740066528e-02 3.469028696417808533e-02 2.706473767757415771e-01
5.904140695929527283e-02 3.420546278357505798e-02 2.099335193634033203e-01
4.792227223515510559e-02 3.274258598685264587e-02 1.949617862701416016e-01
3.601517528295516968e-02 3.168298676609992981e-02 1.807771623134613037e-01
3.198280185461044312e-02 2.341113612055778503e-02 2.005552351474761963e-01
3.274711593985557556e-02 1.682774350047111511e-02 2.184032201766967773e-01
3.713212162256240845e-02 1.497652009129524231e-02 2.116748988628387451e-01
3.848965838551521301e-02 1.693054661154747009e-02 1.935254037380218506e-01
3.410067409276962280e-02 1.812370494008064270e-02 1.850395053625106812e-01
3.467062860727310181e-02 2.406123653054237366e-02 1.683867275714874268e-01
4.135976359248161316e-02 3.069562837481498718e-02 1.533753126859664917e-01
4.457087442278862000e-02 3.100949898362159729e-02 1.644898951053619385e-01
4.907278344035148621e-02 2.800527587532997131e-02 1.896863281726837158e-01
4.328149184584617615e-02 2.180342748761177063e-02 2.332636117935180664e-01
1.883577182888984680e-02 -9.670440107583999634e-03 3.190455734729766846e-01
1.677348464727401733e-02 -2.883945219218730927e-02 3.327288925647735596e-01
1.641153544187545776e-02 -3.120467066764831543e-02 3.534609675407409668e-01
2.314165607094764709e-02 -2.292383462190628052e-02 3.555632531642913818e-01
1.082585006952285767e-02 -2.303402312099933624e-02 4.258197546005249023e-01
6.329532712697982788e-03 -2.072978019714355469e-02 5.131650567054748535e-01
1.651117950677871704e-02 -1.084658876061439514e-02 5.892060399055480957e-01
1.497615128755569458e-03 -1.405804231762886047e-02 6.652348637580871582e-01
-5.822014063596725464e-03 -2.056849189102649689e-02 8.036525249481201172e-01
-1.182043552398681641e-02 -2.753046527504920959e-02 9.189977049827575684e-01
-1.102671027183532715e-02 -3.068681433796882629e-02 9.641286134719848633e-01
-3.590773791074752808e-03 -2.763152495026588440e-02 9.197073578834533691e-01
4.947543144226074219e-03 -2.132288180291652679e-02 8.750005960464477539e-01
1.063369214534759521e-03 -1.860843226313591003e-02 8.993498682975769043e-01
7.976386696100234985e-03 -8.863512426614761353e-03 9.152266383171081543e-01
3.392696380615234375e-03 -9.103178977966308594e-03 8.748043179512023926e-01
-1.406629383563995361e-02 -2.897538803517818451e-02 9.158621430397033691e-01
-1.403871178627014160e-02 -3.844960406422615051e-02 8.740075230598449707e-01
-7.523145526647567749e-03 -3.278629854321479797e-02 8.421614766120910645e-01
-2.060697972774505615e-02 -2.705827914178371429e-02 9.101819396018981934e-01
5.748458206653594971e-04 -9.007319808006286621e-03 9.915197491645812988e-01
2.008149027824401855e-02 7.206268608570098877e-03 1.003853440284729004e+00
2.023480460047721863e-02 1.894367113709449768e-02 9.592154622077941895e-01
2.675365470349788666e-02 2.890470996499061584e-02 9.778304696083068848e-01
4.345736652612686157e-02 3.057790920138359070e-02 9.649628400802612305e-01
4.620028287172317505e-02 2.523994818329811096e-02 9.349684119224548340e-01
4.776602238416671753e-02 2.082662656903266907e-02 8.973190784454345703e-01
5.498416349291801453e-02 2.543882653117179871e-02 8.566002845764160156e-01
4.889253526926040649e-02 2.844456210732460022e-02 8.762624263763427734e-01
2.548920549452304840e-02 1.993256434798240662e-02 9.573400020599365234e-01
9.165912866592407227e-03 1.378696411848068237e-02 1.017057895660400391e+00
2.308838069438934326e-03 1.003991812467575073e-02 1.032977104187011719e+00
8.676432073116302490e-03 9.632110595703125000e-05 9.432265162467956543e-01
9.186819195747375488e-03 -8.173871785402297974e-03 8.304416537284851074e-01
1.548713445663452148e-02 7.035821676254272461e-03 7.287899255752563477e-01
1.327255368232727051e-02 1.498322561383247375e-02 6.564277410507202148e-01
2.815218269824981689e-02 1.577526703476905823e-02 6.171321868896484375e-01
-4.811920225620269775e-03 -2.248539030551910400e-02 7.530311942100524902e-01
-2.212867885828018188e-02 -4.362275078892707825e-02 8.309549689292907715e-01
-1.666035503149032593e-02 -3.033548593521118164e-02 6.786854267120361328e-01
-4.103057831525802612e-02 -4.158470407128334045e-02 6.428013443946838379e-01
-3.943691402673721313e-02 -5.279717594385147095e-02 8.255000114440917969e-01
1.130875200033187866e-02 -2.748642489314079285e-02 1.007571697235107422e+00
3.801272064447402954e-02 -4.582140594720840454e-03 1.063770771026611328e+00
4.168946295976638794e-02 2.697359770536422729e-03 1.026708960533142090e+00
4.378716647624969482e-02 8.953701704740524292e-03 1.005356788635253906e+00
3.436385840177536011e-02 2.207789570093154907e-03 1.056663155555725098e+00
1.300897449254989624e-03 -8.820254355669021606e-03 1.130967140197753906e+00
-1.475588977336883545e-02 -1.868909969925880432e-02 1.060051679611206055e+00
1.690707355737686157e-02 9.744647890329360962e-03 9.355441331863403320e-01
4.029734805226325989e-02 2.261620387434959412e-02 8.598659634590148926e-01
4.864621534943580627e-02 1.792499050498008728e-02 6.842917799949645996e-01
3.242668882012367249e-02 1.308383420109748840e-02 5.703561902046203613e-01
4.217171296477317810e-02 3.138155862689018250e-02 5.465331673622131348e-01
4.778938367962837219e-02 4.686323925852775574e-02 5.152025222778320312e-01
5.505135655403137207e-02 4.964648559689521790e-02 5.340715646743774414e-01
3.195084631443023682e-03 1.310155540704727173e-02 6.472414731979370117e-01
-2.646803110837936401e-02 -7.726743817329406738e-03 6.029285788536071777e-01
-3.198780119419097900e-03 -1.087823510169982910e-02 5.345534682273864746e-01
1.599575951695442200e-02 -6.862036883831024170e-03 4.889287948608398438e-01
-7.401917129755020142e-03 -2.311642840504646301e-02 5.493079423904418945e-01
-1.344982534646987915e-02 -3.297650068998336792e-02 5.897760987281799316e-01
6.321240216493606567e-03 -3.569576144218444824e-02 5.157247185707092285e-01
2.280686423182487488e-02 -3.908422216773033142e-02 5.821477770805358887e-01
3.725420311093330383e-02 -1.353662833571434021e-02 7.097043395042419434e-01
1.862787082791328430e-02 -2.516281232237815857e-02 8.673848509788513184e-01
-5.986098200082778931e-03 -4.000127688050270081e-02 8.977112174034118652e-01
-5.603350698947906494e-03 -3.789036348462104797e-02 8.462125658988952637e-01
-1.352345198392868042e-02 -3.753205761313438416e-02 8.951498866081237793e-01
-1.456940919160842896e-02 -4.419382289052009583e-02 9.578052759170532227e-01
-2.964209765195846558e-02 -5.727927014231681824e-02 1.050448179244995117e+00
-4.463907331228256226e-02 -6.606841087341308594e-02 1.122558474540710449e+00
-3.699944168329238892e-02 -5.830061808228492737e-02 1.138436198234558105e+00
-8.632078766822814941e-03 -3.857592865824699402e-02 1.089423656463623047e+00
3.048228472471237183e-02 -1.196097210049629211e-02 9.555447697639465332e-01
4.436483234167098999e-02 7.276199758052825928e-04 8.592233061790466309e-01
3.498108685016632080e-02 3.791283816099166870e-03 8.365864753723144531e-01
2.506180852651596069e-02 3.496032208204269409e-03 8.744785785675048828e-01
1.593976467847824097e-02 3.802303224802017212e-03 8.783965706825256348e-01
2.032874152064323425e-02 6.988663226366043091e-03 8.838810324668884277e-01
6.027616560459136963e-03 4.331033676862716675e-03 8.329159021377563477e-01
-1.839175820350646973e-04 4.337217658758163452e-03 7.968961000442504883e-01
1.647572964429855347e-03 3.129553049802780151e-03 7.821119427680969238e-01
1.514911651611328125e-03 -1.569893211126327515e-03 7.368518710136413574e-01
-1.433069258928298950e-02 -1.899240165948867798e-02 6.939736604690551758e-01
-6.868004798889160156e-03 -1.837953925132751465e-02 6.935228705406188965e-01
-1.975540816783905029e-02 -2.463833615183830261e-02 7.822393774986267090e-01
-2.442694455385208130e-02 -2.355352789163589478e-02 8.540211915969848633e-01
-2.779754996299743652e-02 -2.576252259314060211e-02 8.971443176269531250e-01
-1.982165127992630005e-02 -2.400445379316806793e-02 9.033480286598205566e-01
-2.183441817760467529e-02 -2.592048607766628265e-02 8.957785964012145996e-01
-3.469095379114151001e-02 -3.719637170433998108e-02 8.460692167282104492e-01
-4.949983954429626465e-02 -4.924446716904640198e-02 7.889873385429382324e-01
-4.631287604570388794e-02 -4.743251577019691467e-02 7.893736362457275391e-01
-2.747274935245513916e-02 -3.704095631837844849e-02 8.926231861114501953e-01
-2.093696594238281250e-02 -1.775172539055347443e-02 9.739891886711120605e-01
-2.069607377052307129e-02 -2.435142174363136292e-02 9.043461680412292480e-01
-2.052985876798629761e-02 -3.581110015511512756e-02 8.295283317565917969e-01
-1.361228525638580322e-02 -3.408284485340118408e-02 7.802498340606689453e-01
-1.371530443429946899e-02 -4.124781489372253418e-02 7.220733761787414551e-01
-1.696684211492538452e-02 -3.709927946329116821e-02 6.693130731582641602e-01
-2.031410485506057739e-02 -2.771780826151371002e-02 6.316747665405273438e-01
-4.395503550767898560e-02 -2.280700206756591797e-02 6.649817228317260742e-01
-4.772567003965377808e-02 -3.864424675703048706e-02 7.587569952011108398e-01
-3.629710525274276733e-02 -4.091788828372955322e-02 7.609038949012756348e-01
-1.278084516525268555e-02 -2.913200110197067261e-02 8.225347399711608887e-01
1.150516048073768616e-02 -1.857217587530612946e-02 9.225915074348449707e-01
1.643687114119529724e-02 -2.000433579087257385e-02 9.484601616859436035e-01
4.319518804550170898e-03 -2.782942354679107666e-02 9.406464099884033203e-01
-4.774071276187896729e-02 -6.819253414869308472e-02 1.024872660636901855e+00
-4.095621407032012939e-02 -5.547396838665008545e-02 1.069365859031677246e+00
-1.665911078453063965e-02 -2.905179001390933990e-02 1.031318306922912598e+00
-6.838385015726089478e-03 -2.443668805062770844e-02 9.997951984405517578e-01
-5.110029131174087524e-03 -2.798506803810596466e-02 9.824920892715454102e-01
-2.389401197433471680e-05 -1.981871388852596283e-02 9.031310081481933594e-01
-4.564017057418823242e-03 -1.534558460116386414e-02 8.099666833877563477e-01
-1.246970146894454956e-02 -2.532447874546051025e-02 8.168637752532958984e-01
-6.298560649156570435e-03 -1.680231280624866486e-02 8.134602308273315430e-01
4.709511995315551758e-04 -1.947871781885623932e-02 8.045931458473205566e-01
1.842229813337326050e-02 -2.412505447864532471e-03 7.539418935775756836e-01
3.056411631405353546e-02 5.571473389863967896e-03 7.461093664169311523e-01
2.764885686337947845e-02 -4.279851913452148438e-03 7.516446113586425781e-01
2.795534580945968628e-02 -1.432754099369049072e-03 7.733113169670104980e-01
3.538043424487113953e-02 5.431100726127624512e-04 7.904465794563293457e-01
3.570844233036041260e-02 -4.502020776271820068e-03 7.567462325096130371e-01
2.932095155119895935e-02 -6.839100271463394165e-03 7.076027989387512207e-01
2.075672149658203125e-02 -1.295828819274902344e-02 7.540986537933349609e-01
2.688602358102798462e-02 -1.558107510209083557e-02 7.790679335594177246e-01
3.068416193127632141e-02 -1.275652274489402771e-02 7.431917190551757812e-01
1.862089708447456360e-02 -1.752676069736480713e-02 7.681831121444702148e-01
1.112171635031700134e-02 -1.791512966156005859e-02 8.321091532707214355e-01
2.241922542452812195e-02 -1.981485635042190552e-02 8.753755092620849609e-01
9.232304990291595459e-03 -3.317763283848762512e-02 9.033319354057312012e-01
-6.129261106252670288e-03 -3.818547725677490234e-02 9.454176425933837891e-01
-1.450552791357040405e-02 -2.986541390419006348e-02 9.972595572471618652e-01
-1.257861405611038208e-02 -2.150302007794380188e-02 9.949261546134948730e-01
-7.958553731441497803e-03 -1.479149237275123596e-02 1.055974602699279785e+00
-7.655903697013854980e-03 -1.110623031854629517e-02 1.129918813705444336e+00
-9.969539940357208252e-03 -7.918585091829299927e-03 1.177182555198669434e+00
-1.888100057840347290e-02 -1.170921698212623596e-02 1.177253723144531250e+00
-1.591792702674865723e-02 -1.513713225722312927e-02 1.165021538734436035e+00
2.839684486389160156e-03 -9.270489215850830078e-03 1.142335176467895508e+00
1.006700471043586731e-02 -1.455644145607948303e-02 1.130285501480102539e+00
9.086240082979202271e-03 -2.216130867600440979e-02 1.093322038650512695e+00
1.651180163025856018e-02 -1.554553210735321045e-02 1.045306563377380371e+00
-3.390386700630187988e-03 -2.711140736937522888e-02 9.967984557151794434e-01
-1.548702269792556763e-02 -3.197980299592018127e-02 9.913108944892883301e-01
8.367586880922317505e-03 -2.439323440194129944e-02 1.023102641105651855e+00
1.399719715118408203e-02 -1.723204925656318665e-02 9.685003757476806641e-01
1.187589019536972046e-02 -1.856376603245735168e-02 9.576379656791687012e-01
1.035437732934951782e-02 -2.006732299923896790e-02 9.823116064071655273e-01
1.450677216053009033e-02 -1.811294630169868469e-02 9.597125649452209473e-01
1.987217366695404053e-02 -1.385698840022087097e-02 9.298126697540283203e-01
1.752688735723495483e-02 -1.578344777226448059e-02 9.194953441619873047e-01
1.986466348171234131e-02 -2.055231109261512756e-02 9.295094013214111328e-01
2.299613505601882935e-02 -2.015899494290351868e-02 9.580292105674743652e-01
3.044144064188003540e-02 -1.643637195229530334e-02 1.002167701721191406e+00
3.699538111686706543e-02 -1.308390870690345764e-02 1.055589795112609863e+00
3.616148978471755981e-02 -1.424048468470573425e-02 1.062077641487121582e+00
3.357501327991485596e-02 -1.103131100535392761e-02 1.033445358276367188e+00
3.263437002897262573e-02 -8.067268878221511841e-03 9.605554938316345215e-01
1.799102872610092163e-02 -1.245327666401863098e-02 9.287536144256591797e-01
1.620121300220489502e-03 -1.915805414319038391e-02 9.510368108749389648e-01
4.124775528907775879e-03 -1.108794286847114563e-02 9.777837991714477539e-01
1.322548836469650269e-02 -5.389187484979629517e-03 9.850041270256042480e-01
2.941244095563888550e-02 -5.029514431953430176e-05 1.026553392410278320e+00
3.817903995513916016e-02 5.397014319896697998e-04 1.063993811607360840e+00
4.439561069011688232e-02 3.869015723466873169e-03 1.018326878547668457e+00
3.575232625007629395e-02 -3.207955509424209595e-03 9.718016982078552246e-01
2.947499603033065796e-02 -1.898836717009544373e-02 9.732320904731750488e-01
2.757950872182846069e-02 -2.585594728589057922e-02 9.804051518440246582e-01
2.963726967573165894e-02 -1.906106993556022644e-02 9.503391385078430176e-01
4.488318413496017456e-02 -2.402979880571365356e-03 9.401374459266662598e-01
5.236649513244628906e-02 1.201277598738670349e-02 9.632905721664428711e-01
4.633094370365142822e-02 1.136473938822746277e-02 9.831395149230957031e-01
4.135883599519729614e-02 8.846502751111984253e-03 9.873321652412414551e-01
3.874977678060531616e-02 1.016336306929588318e-02 9.772804379463195801e-01
3.539790958166122437e-02 7.738713175058364868e-03 9.803614616394042969e-01
4.129213839769363403e-02 8.636329323053359985e-03 9.828823208808898926e-01
4.694559425115585327e-02 1.230259612202644348e-02 9.740292429924011230e-01
4.605568200349807739e-02 1.111630722880363464e-02 9.857199192047119141e-01
5.437149852514266968e-02 1.401640102267265320e-02 1.010163426399230957e+00
5.291028693318367004e-02 1.315464079380035400e-02 1.035971045494079590e+00
5.204397439956665039e-02 1.545474305748939514e-02 1.017769217491149902e+00
5.759358778595924377e-02 1.760021224617958069e-02 1.008838891983032227e+00
6.263868510723114014e-02 2.026613429188728333e-02 9.823039770126342773e-01
4.742186516523361206e-02 1.602166518568992615e-02 9.837755560874938965e-01
2.213775366544723511e-02 1.023247838020324707e-02 1.010643601417541504e+00
6.265375763177871704e-03 3.622669726610183716e-03 1.000232934951782227e+00
-4.298429936170578003e-03 1.580316573381423950e-03 9.908201098442077637e-01
-1.163513958454132080e-02 -1.901987940073013306e-03 9.916020631790161133e-01
-1.403179764747619629e-02 -3.409743309020996094e-03 9.972543716430664062e-01
-1.499073952436447144e-02 -5.031593143939971924e-03 1.024652123451232910e+00
-1.260779052972793579e-02 -6.204478442668914795e-03 1.035638689994812012e+00
-9.876802563667297363e-03 -9.812954813241958618e-03 1.027854561805725098e+00
-7.431410253047943115e-03 -1.449632272124290466e-02 1.021094679832458496e+00
-7.665239274501800537e-03 -1.509133353829383850e-02 1.016156196594238281e+00
-8.099086582660675049e-03 -1.344506815075874329e-02 9.705300927162170410e-01
-4.454053938388824463e-03 -1.189490780234336853e-02 9.243983626365661621e-01
-5.514934659004211426e-03 -1.549955084919929504e-02 9.377520680427551270e-01
-8.257135748863220215e-03 -2.251389436423778534e-02 9.674530625343322754e-01
-1.300832629203796387e-02 -3.056015074253082275e-02 9.898710846900939941e-01
-2.167293429374694824e-02 -3.860210999846458435e-02 1.011983990669250488e+00
-2.634841948747634888e-02 -4.095478728413581848e-02 1.016012191772460938e+00
-2.492517977952957153e-02 -3.837963938713073730e-02 1.022674441337585449e+00
-1.755806803703308105e-02 -3.451937064528465271e-02 1.018261194229125977e+00
-1.059059798717498779e-02 -3.290129825472831726e-02 1.003269195556640625e+00
-2.194181084632873535e-03 -3.041604161262512207e-02 9.714849591255187988e-01
4.882451146841049194e-03 -2.881481312215328217e-02 9.512681365013122559e-01
7.349912077188491821e-03 -2.576452121138572693e-02 9.426347017288208008e-01
8.195262402296066284e-03 -2.072594501078128815e-02 9.557917714118957520e-01
6.222374737262725830e-03 -1.929523609578609467e-02 9.721906185150146484e-01
8.529797196388244629e-03 -2.007400803267955780e-02 9.878373146057128906e-01
1.572505384683609009e-02 -1.716092787683010101e-02 9.868621230125427246e-01
2.550819516181945801e-02 -1.023978367447853088e-02 9.803161025047302246e-01
3.071149997413158417e-02 -4.416279494762420654e-03 9.881777167320251465e-01
3.141348809003829956e-02 -1.637972891330718994e-04 9.628549814224243164e-01
1.899098604917526245e-02 -3.024060279130935669e-03 9.367813467979431152e-01
8.246712386608123779e-03 -3.932051360607147217e-03 9.282951951026916504e-01
3.070902079343795776e-03 -6.234552711248397827e-03 9.038519263267517090e-01
-3.211118280887603760e-03 -6.798312067985534668e-03 8.848043680191040039e-01
-1.349554210901260376e-02 -1.522923633456230164e-02 9.213392734527587891e-01
-1.929788291454315186e-02 -2.256119437515735626e-02 9.066097140312194824e-01
-8.898779749870300293e-03 -9.454932063817977905e-03 8.161211609840393066e-01
3.177676349878311157e-03 4.122767597436904907e-03 7.825599908828735352e-01
-6.385773420333862305e-03 8.793432265520095825e-03 7.908421158790588379e-01
-1.064850389957427979e-02 5.817893892526626587e-03 7.737417817115783691e-01
2.138353884220123291e-04 6.328094750642776489e-03 7.290176153182983398e-01
2.795553579926490784e-02 1.259445771574974060e-02 6.325621604919433594e-01
4.737572744488716125e-02 1.880190148949623108e-02 5.658186078071594238e-01
4.550707340240478516e-02 1.771018281579017639e-02 5.504518747329711914e-01
3.627125173807144165e-02 1.570669189095497131e-02 5.338942408561706543e-01
3.718318417668342590e-02 1.253475248813629150e-02 4.287610054016113281e-01
3.892950713634490967e-02 1.446092873811721802e-02 3.837649822235107422e-01
3.626577556133270264e-02 1.836817339062690735e-02 4.827212989330291748e-01
2.001594752073287964e-02 1.619311794638633728e-02 5.666544437408447266e-01
1.888699829578399658e-02 1.633231714367866516e-02 5.568047165870666504e-01
1.001144200563430786e-02 9.732943028211593628e-03 5.744751691818237305e-01
-7.404550909996032715e-03 5.437538027763366699e-03 6.307142972946166992e-01
-2.531227469444274902e-02 2.053029835224151611e-03 6.812482476234436035e-01
-4.531409591436386108e-02 -6.697185337543487549e-03 7.293201088905334473e-01
-3.655916452407836914e-02 1.629807054996490479e-03 6.924916505813598633e-01
-4.160013049840927124e-02 1.430589705705642700e-03 6.985511779785156250e-01
-4.339986294507980347e-02 -1.819480210542678833e-03 7.486727237701416016e-01
-3.368931263685226440e-02 -2.412822097539901733e-03 7.635352015495300293e-01
-3.677812218666076660e-02 -9.013712406158447266e-03 7.617220878601074219e-01
-3.358030319213867188e-02 -9.694010019302368164e-03 7.784104347229003906e-01
-3.114914149045944214e-02 -1.054690405726432800e-02 7.900977730751037598e-01
-3.255993872880935669e-02 -1.581934094429016113e-02 8.018313050270080566e-01
-3.416148573160171509e-02 -2.053035423159599304e-02 8.324908614158630371e-01
-3.819450736045837402e-02 -2.303980477154254913e-02 8.886227011680603027e-01
-2.122379839420318604e-02 -1.438697800040245056e-02 8.897837996482849121e-01
1.621882617473602295e-02 -9.375400841236114502e-04 8.001868724822998047e-01
3.883370757102966309e-02 1.048521324992179871e-02 6.873199939727783203e-01
4.509110748767852783e-02 1.292620599269866943e-02 6.675090789794921875e-01
2.779418043792247772e-02 3.657564520835876465e-03 7.021722197532653809e-01
1.500894129276275635e-02 1.538768410682678223e-03 6.919611096382141113e-01
3.026509843766689301e-02 3.526981920003890991e-03 6.010810136795043945e-01
5.122733116149902344e-02 1.907832920551300049e-04 5.624534487724304199e-01
5.176384001970291138e-02 -2.378776669502258301e-03 5.599083900451660156e-01
4.236022755503654480e-02 -5.411952733993530273e-04 5.217970013618469238e-01
3.494564816355705261e-02 -1.230049878358840942e-03 5.175475478172302246e-01
2.743784524500370026e-02 -6.378069519996643066e-03 5.150280594825744629e-01
2.524346113204956055e-02 -8.899681270122528076e-03 5.113619565963745117e-01
2.016069367527961731e-02 -1.436984539031982422e-02 5.504110455513000488e-01
5.239170044660568237e-03 -2.236064523458480835e-02 5.893291831016540527e-01
-1.488075405359268188e-02 -3.327377885580062866e-02 5.981152653694152832e-01
-2.052405476570129395e-02 -2.651906386017799377e-02 6.355112791061401367e-01
-8.523352444171905518e-04 -1.095542684197425842e-02 6.289619207382202148e-01
1.652406901121139526e-02 3.762044012546539307e-03 5.797707438468933105e-01
1.826951280236244202e-02 3.777205944061279297e-03 5.461202263832092285e-01
2.151865139603614807e-02 4.335865378379821777e-05 5.298701524734497070e-01
2.316635102033615112e-02 -3.831483423709869385e-03 5.359120368957519531e-01
2.234219014644622803e-02 -6.776832044124603271e-03 5.336462855339050293e-01
2.684992179274559021e-02 -5.270291119813919067e-03 4.964486360549926758e-01
2.992602623999118805e-02 -6.904497742652893066e-03 4.726552069187164307e-01
2.429042384028434753e-02 -1.438102126121520996e-02 4.689218401908874512e-01
