2.983540296554565430e-03 -7.968349382281303406e-03 -1.341551542282104492e-03
4.594422876834869385e-03 -4.753975197672843933e-03 -2.187550067901611328e-03
2.732351422309875488e-03 -8.475719019770622253e-03 -9.080804884433746338e-04
1.733385026454925537e-03 -8.651359006762504578e-03 1.876726746559143066e-04
1.251384615898132324e-03 -9.165314957499504089e-03 8.810460567474365234e-04
7.879436016082763672e-04 -1.391660980880260468e-02 2.645693719387054443e-03
-1.343026757240295410e-03 -2.115903235971927643e-02 3.921583294868469238e-03
-6.957091391086578369e-04 -2.095126174390316010e-02 3.791280090808868408e-03
-8.177757263183593750e-04 -2.475049160420894623e-02 5.115367472171783447e-03
-2.298336476087570190e-03 -2.759779803454875946e-02 6.926372647285461426e-03
-2.279415726661682129e-03 -3.306003659963607788e-02 4.993610084056854248e-03
-1.675121486186981201e-03 -3.540149331092834473e-02 5.360387265682220459e-03
-1.919586211442947388e-03 -3.777666389942169189e-02 4.969500005245208740e-03
2.542994916439056396e-03 -3.748213499784469604e-02 8.871905505657196045e-03
5.069546401500701904e-03 -3.873466700315475464e-02 8.088178932666778564e-03
8.056323975324630737e-03 -4.006264358758926392e-02 -2.383977174758911133e-03
7.800582796335220337e-03 -3.839064389467239380e-02 -2.558935433626174927e-03
7.126532495021820068e-03 -4.003008455038070679e-02 -4.476509988307952881e-03
7.503874599933624268e-03 -4.135756194591522217e-02 -5.827721208333969116e-03
8.068732917308807373e-03 -3.865441679954528809e-02 -8.401241153478622437e-03
8.538845926523208618e-03 -3.588072955608367920e-02 -6.550963968038558960e-03
-3.842189908027648926e-04 -3.804791718721389771e-02 2.483248710632324219e-03
-5.453869700431823730e-03 -4.992166161537170410e-02 1.826122403144836426e-03
8.958391845226287842e-04 -5.369174480438232422e-02 -5.939777940511703491e-03
-2.022407948970794678e-03 -5.198121070861816406e-02 -3.677867352962493896e-03
-4.618827253580093384e-03 -5.065780878067016602e-02 -1.452375203371047974e-03
-4.325769841670989990e-03 -4.265581071376800537e-02 2.040542662143707275e-03
1.031864434480667114e-03 -5.320850014686584473e-02 -2.484261989593505859e-03
-6.760656833648681641e-05 -5.855822563171386719e-02 -7.898807525634765625e-04
2.852022647857666016e-03 -5.691337585449218750e-02 3.240808844566345215e-03
1.371689140796661377e-03 -5.972349643707275391e-02 -8.921250700950622559e-04
7.547214627265930176e-04 -5.593209713697433472e-02 -8.125133812427520752e-03
-2.826862037181854248e-03 -5.363848060369491577e-02 -8.566178381443023682e-03
-3.033168613910675049e-03 -5.534130334854125977e-02 -9.782500565052032471e-03
-2.499584108591079712e-03 -5.556301027536392212e-02 -9.391725063323974609e-03
-1.472465693950653076e-03 -5.346673727035522461e-02 -5.757998675107955933e-03
-2.825297415256500244e-03 -5.075637251138687134e-02 -5.063410848379135132e-03
-3.592386841773986816e-03 -5.125542730093002319e-02 -5.001895129680633545e-03
-3.511626273393630981e-03 -4.713217914104461670e-02 -3.605023026466369629e-03
-2.746727317571640015e-03 -4.229726642370223999e-02 -3.431130200624465942e-03
-3.648471087217330933e-03 -3.629640489816665649e-02 -1.252636313438415527e-03
-3.943424671888351440e-03 -3.229177743196487427e-02 -8.516758680343627930e-04
-3.616489470005035400e-03 -2.705634944140911102e-02 -7.766149938106536865e-04
-2.531766891479492188e-03 -2.068024687469005585e-02 -1.254912465810775757e-03
-1.474447548389434814e-03 -1.592220924794673920e-02 -1.346718519926071167e-03
-2.109862864017486572e-03 -1.657247357070446014e-02 -2.378478646278381348e-03
-1.636728644371032715e-03 -1.604668609797954559e-02 -3.259882330894470215e-03
9.015947580337524414e-05 -1.269973069429397583e-02 -4.368338733911514282e-03
1.829344779253005981e-03 -7.762866560369729996e-03 -4.056718200445175171e-03
2.144057303667068481e-03 -1.777313183993101120e-03 -3.446761518716812134e-03
-6.114318966865539551e-04 -9.325621649622917175e-04 -2.650123089551925659e-03
-1.886487007141113281e-04 -1.545875100418925285e-03 -3.920856863260269165e-03
1.599192619323730469e-03 -4.464573692530393600e-03 -7.065955549478530884e-03
4.678975790739059448e-03 -2.658942248672246933e-03 -9.608332067728042603e-03
2.809777855873107910e-03 -1.663155853748321533e-04 -1.082756742835044861e-02
1.303758472204208374e-03 4.094360396265983582e-03 -8.665654808282852173e-03
1.866512000560760498e-03 -4.240674898028373718e-04 -8.995406329631805420e-03
6.623975932598114014e-04 4.012046381831169128e-03 -7.765587419271469116e-03
-6.658434867858886719e-04 -1.962715527042746544e-03 -8.991669863462448120e-03
3.888655453920364380e-03 3.028326667845249176e-03 -1.210977137088775635e-02
4.115737974643707275e-03 3.638912923634052277e-03 -1.299546658992767334e-02
4.781320691108703613e-03 5.822638049721717834e-03 -1.129078119993209839e-02
2.030175179243087769e-03 3.678292967379093170e-03 -1.099467277526855469e-02
2.244707196950912476e-03 -6.672926247119903564e-07 -7.509201765060424805e-03
2.805616706609725952e-03 -6.537125445902347565e-04 -4.642535001039505005e-03
3.206498920917510986e-03 2.844971604645252228e-03 -3.518935292959213257e-03
2.339616417884826660e-03 1.929942052811384201e-03 -2.480749040842056274e-03
1.697815954685211182e-03 -3.846295410767197609e-03 -2.241905778646469116e-03
1.324959099292755127e-03 -7.646191865205764771e-03 -2.873577177524566650e-03
1.597270369529724121e-03 -1.123555656522512436e-02 -3.571011126041412354e-03
1.616399735212326050e-03 -9.650461375713348389e-03 -4.183601588010787964e-03
1.255445182323455811e-03 -7.040075492113828659e-03 -3.148127347230911255e-03
1.951310783624649048e-03 -4.601455293595790863e-03 -3.287728875875473022e-03
2.510607242584228516e-03 -2.841759473085403442e-03 -3.143973648548126221e-03
2.272538840770721436e-04 -5.220791324973106384e-03 -2.647850662469863892e-03
-5.564652383327484131e-04 -4.420855082571506500e-03 -1.891661435365676880e-03
5.495660006999969482e-04 -3.017051145434379578e-03 -2.499192953109741211e-03
1.945555210113525391e-03 1.423035748302936554e-03 -4.208192229270935059e-03
3.318637609481811523e-03 3.483490087091922760e-03 -5.820609629154205322e-03
8.949190378189086914e-04 -4.785479977726936340e-04 -3.981303423643112183e-03
3.875792026519775391e-04 -1.798215787857770920e-03 -2.201046794652938843e-03
8.368864655494689941e-05 -4.560824949294328690e-03 -1.023117452859878540e-03
-5.597323179244995117e-04 -8.594519458711147308e-03 -3.790631890296936035e-04
1.482851803302764893e-04 -7.026860490441322327e-03 -1.163881272077560425e-03
7.330402731895446777e-04 -6.938171572983264923e-03 -8.595623075962066650e-04
9.579770267009735107e-04 -1.381040783599019051e-03 -1.027442514896392822e-03
1.140087842941284180e-03 -3.350041806697845459e-04 -9.639300405979156494e-04
4.935152828693389893e-04 -4.427921492606401443e-03 -2.137444913387298584e-03
2.618506550788879395e-04 -5.294386763125658035e-03 -1.545999199151992798e-03
-4.734769463539123535e-04 -1.435994636267423630e-03 -3.406666219234466553e-04
-6.071366369724273682e-04 2.882080152630805969e-03 9.789466857910156250e-04
-2.595037221908569336e-04 4.628436639904975891e-03 6.701201200485229492e-04
1.559033989906311035e-04 -3.076126798987388611e-03 -3.267657011747360229e-03
-1.099057495594024658e-03 -6.399272941052913666e-03 -1.642089337110519409e-03
-6.095841526985168457e-04 -4.348067566752433777e-03 -1.473743468523025513e-03
8.121505379676818848e-04 -2.667320892214775085e-03 -2.403605729341506958e-03
1.073919236660003662e-03 -3.441845998167991638e-03 -4.246871918439865112e-03
1.631833612918853760e-03 -1.370055601000785828e-03 -7.027670741081237793e-03
2.134587615728378296e-03 3.333333879709243774e-04 -8.358385413885116577e-03
2.699486911296844482e-03 5.740839987993240356e-04 -8.416619151830673218e-03
-9.248144924640655518e-03 2.844126895070075989e-03 1.418955624103546143e-03
-4.606153815984725952e-03 -1.240130513906478882e-04 1.126684248447418213e-03
-3.093421459197998047e-03 -5.633812397718429565e-04 2.732701599597930908e-03
-2.427384257316589355e-03 1.837933436036109924e-03 4.957988858222961426e-03
-2.606995403766632080e-03 -2.323364838957786560e-03 5.044899880886077881e-03
-2.420596778392791748e-03 -4.369800910353660583e-03 3.583401441574096680e-03
-7.853172719478607178e-04 -2.554750069975852966e-03 -2.599097788333892822e-04
-4.135720431804656982e-03 1.400182023644447327e-03 -5.952194333076477051e-04
2.807170152664184570e-03 7.901508361101150513e-04 -7.399696856737136841e-03
3.973290324211120605e-03 2.815188840031623840e-03 -8.955463767051696777e-03
3.168355673551559448e-03 3.772446885704994202e-03 -1.040196791291236877e-02
5.406033247709274292e-03 6.206976249814033508e-03 -1.130447909235954285e-02
6.101354956626892090e-03 3.593178465962409973e-03 -9.958330541849136353e-03
2.800568938255310059e-03 2.578968182206153870e-03 -6.470672786235809326e-03
2.544298768043518066e-04 4.168601706624031067e-03 -4.686631262302398682e-03
-1.230839639902114868e-03 5.622284486889839172e-03 -2.755403518676757812e-03
-1.318983733654022217e-03 4.052827134728431702e-03 -2.938844263553619385e-03
-1.855954527854919434e-03 4.864314571022987366e-03 -3.234222531318664551e-03
-3.354810178279876709e-04 1.198945380747318268e-02 -4.002772271633148193e-03
6.893202662467956543e-04 1.673740334808826447e-02 -4.046827554702758789e-03
2.923533320426940918e-03 2.229190059006214142e-02 -4.872966557741165161e-03
2.752490341663360596e-03 2.570086903870105743e-02 -6.487619131803512573e-03
2.463977783918380737e-03 3.077829815447330475e-02 -2.939552068710327148e-03
2.141594886779785156e-04 3.330920636653900146e-02 -1.999717205762863159e-03
-8.389502763748168945e-04 3.673133254051208496e-02 -6.564855575561523438e-04
-9.863972663879394531e-04 4.115206003189086914e-02 1.138754189014434814e-03
-1.224160194396972656e-03 4.943981021642684937e-02 4.097148776054382324e-04
-9.575709700584411621e-04 5.244541913270950317e-02 1.053303480148315430e-03
4.514381289482116699e-04 5.190474539995193481e-02 3.730691969394683838e-03
2.230748534202575684e-03 5.410472303628921509e-02 4.356995224952697754e-03
5.404237657785415649e-03 5.292444676160812378e-02 1.865215599536895752e-03
1.056046783924102783e-02 5.343525856733322144e-02 -2.586483955383300781e-03
1.095232367515563965e-02 4.964255541563034058e-02 -3.429677337408065796e-03
6.139166653156280518e-03 4.816329479217529297e-02 2.246394753456115723e-03
2.502843737602233887e-03 5.475156009197235107e-02 3.659851849079132080e-03
3.043182194232940674e-03 6.093430519104003906e-02 1.115255057811737061e-03
2.535723149776458740e-03 5.870763957500457764e-02 2.359002828598022461e-04
3.835767507553100586e-03 5.825248360633850098e-02 7.776692509651184082e-04
3.528486937284469604e-03 5.939363688230514526e-02 -1.843214035034179688e-03
2.388700842857360840e-03 6.557241827249526978e-02 -1.649241894483566284e-03
1.525923609733581543e-03 6.471760571002960205e-02 -2.647005021572113037e-04
2.097524702548980713e-03 6.054800748825073242e-02 -2.101350575685501099e-03
1.101538538932800293e-03 5.166732519865036011e-02 -3.490857779979705811e-04
3.517270088195800781e-03 4.111409932374954224e-02 -1.829396933317184448e-03
3.105051815509796143e-03 3.820759057998657227e-02 -9.404867887496948242e-04
1.575347036123275757e-03 3.068016655743122101e-02 -2.974588423967361450e-03
1.864347606897354126e-03 2.405343577265739441e-02 -2.714443951845169067e-03
4.276767373085021973e-03 2.369844354689121246e-02 -4.910562187433242798e-03
5.080152302980422974e-03 2.121848613023757935e-02 -6.078343838453292847e-03
1.718994230031967163e-03 1.567549072206020355e-02 -3.622241318225860596e-03
7.199570536613464355e-04 1.117142662405967712e-02 -1.644935458898544312e-03
1.217573881149291992e-04 7.489881478250026703e-03 -1.444470137357711792e-03
3.667987883090972900e-03 1.756332628428936005e-02 -1.010316982865333557e-02
2.777740359306335449e-03 1.794373244047164917e-02 -6.526798009872436523e-03
2.056296914815902710e-03 1.041076611727476120e-02 1.582786440849304199e-03
4.672631621360778809e-04 5.232290364801883698e-03 7.556587457656860352e-03
5.195852369070053101e-03 1.050038635730743408e-02 -5.128532648086547852e-04
4.115115851163864136e-03 7.686098106205463409e-03 -9.641051292419433594e-06
1.626539975404739380e-03 8.869927376508712769e-03 6.866544485092163086e-03
1.653827726840972900e-03 1.077892445027828217e-02 -1.169148832559585571e-03
3.615848720073699951e-03 5.819885060191154480e-03 -6.995305418968200684e-03
4.850372672080993652e-03 -3.046526806429028511e-03 -6.087552756071090698e-03
3.421321511268615723e-03 2.974855713546276093e-03 -6.089083850383758545e-03
1.830153167247772217e-03 8.936453610658645630e-03 -4.857290536165237427e-03
1.317840069532394409e-03 1.398061402142047882e-03 -1.586962491273880005e-03
1.062452793121337891e-03 1.717908307909965515e-03 -1.284375786781311035e-03
1.812875270843505859e-04 1.845538616180419922e-03 -9.815357625484466553e-04
4.245527088642120361e-04 -2.328027039766311646e-05 -1.832649111747741699e-03
5.839053541421890259e-03 6.419412791728973389e-03 -7.874391973018646240e-03
3.580883145332336426e-03 7.802156731486320496e-03 -1.021553575992584229e-02
9.324923157691955566e-04 8.634285070002079010e-03 -4.410196095705032349e-03
2.837777137756347656e-04 5.633224733173847198e-03 -7.942199707031250000e-03
-8.241645991802215576e-04 4.698103293776512146e-03 -5.292851477861404419e-03
1.290198415517807007e-03 3.156445920467376709e-03 -9.340148419141769409e-03
4.743307828903198242e-03 5.453092046082019806e-03 -1.237076148390769958e-02
8.208163082599639893e-03 1.392961479723453522e-03 -7.940024137496948242e-03
4.426952451467514038e-03 -1.637030160054564476e-03 -2.887658774852752686e-03
4.469886422157287598e-03 -1.274965936318039894e-03 -1.060511916875839233e-03
-8.650496602058410645e-04 -8.454537019133567810e-04 1.725554466247558594e-05
3.584146499633789062e-03 -2.076624659821391106e-03 3.731623291969299316e-05
4.499830305576324463e-03 -3.208804875612258911e-03 -2.605594694614410400e-03
3.151938319206237793e-03 -5.612491164356470108e-03 -3.878191113471984863e-03
2.493895590305328369e-03 -5.732700228691101074e-03 -8.182637393474578857e-04
7.190816104412078857e-04 -5.433829501271247864e-03 1.302249729633331299e-04
1.810595393180847168e-03 -5.518262274563312531e-03 -4.604160785675048828e-04
7.734522223472595215e-04 -7.698868401348590851e-03 -2.210140228271484375e-03
-5.540996789932250977e-04 -7.101661525666713715e-03 -1.255411654710769653e-03
1.901835203170776367e-04 -2.517602639272809029e-03 -6.270892918109893799e-04
2.160053700208663940e-03 1.675853505730628967e-03 -1.900315284729003906e-03
6.474256515502929688e-03 1.505384221673011780e-03 -6.981898099184036255e-03
2.132449299097061157e-03 -3.248861059546470642e-03 -4.903517663478851318e-03
1.857284456491470337e-03 -3.478815779089927673e-03 -4.389893263578414917e-03
3.040760755538940430e-03 -1.614255830645561218e-03 -4.757963120937347412e-03
2.063140273094177246e-03 -5.165165290236473083e-03 -5.288615822792053223e-03
1.765578985214233398e-03 -2.656957134604454041e-03 -3.024384379386901855e-03
1.804202795028686523e-03 -6.512366235256195068e-05 -2.110730856657028198e-03
2.934180200099945068e-03 -8.094366639852523804e-04 -4.089694470167160034e-03
3.006830811500549316e-03 1.274840906262397766e-03 -3.568444401025772095e-03
-2.209246158599853516e-04 9.062075987458229065e-03 -2.207390964031219482e-03
2.365596592426300049e-03 7.044682279229164124e-03 -2.985782921314239502e-03
4.854284226894378662e-03 1.108989305794239044e-02 -7.257867604494094849e-03
4.757672548294067383e-03 4.650654271245002747e-03 -7.315408438444137573e-03
6.196074187755584717e-03 2.567240968346595764e-03 -8.394412696361541748e-03
7.085539400577545166e-03 5.892831832170486450e-04 -7.794823497533798218e-03
6.479810923337936401e-03 1.355292275547981262e-03 -7.507406175136566162e-03
6.598953157663345337e-03 2.800138667225837708e-03 -6.533853709697723389e-03
1.397263258695602417e-03 1.442933455109596252e-03 -4.880931228399276733e-03
1.921087503433227539e-03 -2.498930320143699646e-03 -2.690773457288742065e-03
1.650881022214889526e-03 -1.250697299838066101e-03 -2.069272100925445557e-03
2.859845757484436035e-03 -2.776114270091056824e-03 -1.452986150979995728e-03
1.895114779472351074e-03 -1.015791855752468109e-02 -6.567798554897308350e-04
2.579092979431152344e-04 -1.176401786506175995e-02 -1.580938696861267090e-04
1.304209232330322266e-03 6.212834268808364868e-04 1.871041953563690186e-03
4.518106579780578613e-04 4.018994048237800598e-03 2.529658377170562744e-03
-3.733150660991668701e-04 -2.779049798846244812e-03 3.384724259376525879e-04
-4.171133041381835938e-04 -2.504399046301841736e-03 7.452145218849182129e-04
3.010630607604980469e-03 -1.837668940424919128e-03 -3.376673907041549683e-03
1.639053225517272949e-04 -3.139032050967216492e-03 3.222286701202392578e-03
3.844454884529113770e-03 5.219550803303718567e-03 -3.313578665256500244e-03
1.428015530109405518e-04 -2.622528001666069031e-03 -1.979183405637741089e-03
-1.298546791076660156e-03 -2.214593812823295593e-03 -1.143619418144226074e-03
-4.900738596916198730e-03 -7.290093228220939636e-03 -1.479201018810272217e-04
-2.625789493322372437e-03 -2.964539453387260437e-03 -2.985496073961257935e-03
-7.090792059898376465e-03 -2.535676583647727966e-03 -2.287589013576507568e-03
-3.767181187868118286e-03 -6.929693743586540222e-03 -5.364388227462768555e-03
-3.459695726633071899e-03 -4.947563633322715759e-03 -7.774420082569122314e-04
1.716587692499160767e-03 -4.917396232485771179e-03 -2.729292958974838257e-03
-8.626803755760192871e-04 -9.921958670020103455e-03 -9.762197732925415039e-04
1.112934201955795288e-03 -1.062134467065334320e-02 -7.029298692941665649e-03
1.067973673343658447e-03 -8.199928328394889832e-03 -2.243414521217346191e-03
-1.952350139617919922e-04 -1.231524161994457245e-02 -3.404729068279266357e-04
1.656785607337951660e-04 -1.388220302760601044e-02 -3.428719937801361084e-04
3.568939864635467529e-04 -1.443788222968578339e-02 -7.441043853759765625e-04
2.850748598575592041e-03 -1.275655440986156464e-02 -1.923065632581710815e-03
2.199631184339523315e-03 -1.038975827395915985e-02 -4.578717052936553955e-04
4.493501037359237671e-03 -4.426345229148864746e-03 -1.343484967947006226e-03
2.920601516962051392e-03 -6.225870456546545029e-03 -1.618467271327972412e-03
-7.324405014514923096e-04 -1.807959377765655518e-02 -9.326264262199401855e-05
-2.869404852390289307e-04 -1.906818896532058716e-02 1.888722181320190430e-06
-2.048142254352569580e-03 -2.387620508670806885e-02 -2.373456954956054688e-04
-4.721879959106445312e-04 -2.063935250043869019e-02 9.046494960784912109e-05
1.197345554828643799e-03 -1.901928707957267761e-02 -1.205079257488250732e-03
4.529129713773727417e-03 -9.274228475987911224e-03 -1.661002635955810547e-03
1.806650310754776001e-03 -1.439899485558271408e-02 2.155676484107971191e-04
-2.328220754861831665e-03 -1.924668624997138977e-02 3.482624888420104980e-03
-3.997925668954849243e-03 -2.096218802034854889e-02 4.055857658386230469e-03
-3.862861543893814087e-03 -1.681224256753921509e-02 5.133576691150665283e-03
-2.586711198091506958e-03 -1.474918238818645477e-02 5.466945469379425049e-03
-1.971606165170669556e-03 -1.285050157457590103e-02 5.510121583938598633e-03
-2.164795994758605957e-03 -9.450063109397888184e-03 5.453661084175109863e-03
-2.403371036052703857e-04 -6.309287156909704208e-03 4.820235073566436768e-03
-1.694131642580032349e-03 -1.371781993657350540e-02 4.816658794879913330e-03
-1.973789185285568237e-03 -1.543077174574136734e-02 4.312269389629364014e-03
-3.366742283105850220e-03 -1.389738172292709351e-02 4.616118967533111572e-03
-4.825647920370101929e-03 -1.454851683229207993e-02 5.512394011020660400e-03
-5.911603569984436035e-03 -1.460135076195001602e-02 5.401544272899627686e-03
-1.842752099037170410e-04 -2.224342711269855499e-02 1.557253301143646240e-03
5.693539977073669434e-03 -1.720075309276580811e-02 -2.387650310993194580e-03
-5.252066999673843384e-03 -1.967378426343202591e-03 3.900550305843353271e-03
7.135760039091110229e-03 2.178082242608070374e-03 -7.521100342273712158e-03
-1.216489821672439575e-03 -4.061493091285228729e-03 -4.595730453729629517e-03
-2.999242395162582397e-03 -9.914873167872428894e-03 -3.868740051984786987e-03
-3.112222999334335327e-03 -9.575866162776947021e-03 -5.327537655830383301e-04
-1.183144748210906982e-03 -1.897313399240374565e-03 -3.073744475841522217e-03
2.819340676069259644e-03 -2.039365004748106003e-03 -4.164244979619979858e-03
4.927277565002441406e-03 3.040851093828678131e-03 -7.785219699144363403e-03
1.633796840906143188e-03 -3.199136117473244667e-03 -7.234290242195129395e-03
4.259884357452392578e-03 -6.462127435952425003e-03 -8.541960269212722778e-03
6.551068276166915894e-03 -2.534842118620872498e-03 -1.030594110488891602e-02
4.932191222906112671e-03 -4.026463720947504044e-03 -9.905241429805755615e-03
4.551179707050323486e-03 1.927631907165050507e-03 -6.043210625648498535e-03
3.520786762237548828e-03 -8.742529898881912231e-03 -1.246392726898193359e-03
1.108765602111816406e-03 -9.617183357477188110e-03 6.846636533737182617e-04
-1.409847289323806763e-03 -9.403962641954421997e-03 3.025054931640625000e-03
-2.837155014276504517e-03 -9.214345365762710571e-03 6.326600909233093262e-03
-6.352737545967102051e-05 -6.701912730932235718e-03 5.621634423732757568e-03
1.641388982534408569e-03 -5.729923024773597717e-03 1.673236489295959473e-03
8.513890206813812256e-04 -5.963356234133243561e-03 1.805342733860015869e-03
-1.187101006507873535e-04 -1.024263538420200348e-02 -1.867253333330154419e-03
-4.806742072105407715e-04 -1.227846369147300720e-02 -3.511391580104827881e-03
-9.375214576721191406e-04 -9.370720013976097107e-03 -1.341447234153747559e-03
-1.662630587816238403e-03 -8.973743766546249390e-03 -4.995986819267272949e-05
-1.307282596826553345e-03 -5.182301625609397888e-03 5.908757448196411133e-04
-2.152204513549804688e-03 -5.516706034541130066e-03 4.952996969223022461e-04
-4.130512475967407227e-03 -4.535337910056114197e-03 2.531759440898895264e-03
-5.342476069927215576e-03 -4.750454798340797424e-03 2.657540142536163330e-03
-3.096677362918853760e-03 -3.161823377013206482e-03 7.198378443717956543e-04
1.269429922103881836e-04 -9.874757379293441772e-04 -5.867179483175277710e-03
6.720237433910369873e-04 2.321256324648857117e-03 -6.554603576660156250e-03
4.846848547458648682e-03 -2.847040072083473206e-03 -8.519880473613739014e-03
3.079399466514587402e-04 -3.914115950465202332e-03 -2.187605947256088257e-03
-1.366004347801208496e-03 -5.097864195704460144e-03 7.552951574325561523e-04
-1.245714724063873291e-03 -7.121469825506210327e-04 -2.028219401836395264e-03
-1.230850815773010254e-03 2.327505499124526978e-04 -3.772087395191192627e-03
-1.342311501502990723e-03 5.544448271393775940e-03 -4.106417298316955566e-03
-4.300035536289215088e-03 5.685258656740188599e-04 -3.076002001762390137e-03
-5.292810499668121338e-03 -2.485608682036399841e-03 -2.509817481040954590e-03
-5.663536489009857178e-03 -4.069617018103599548e-03 -2.374269068241119385e-03
-6.195463240146636963e-03 -5.977584049105644226e-03 -1.575320959091186523e-03
-6.884634494781494141e-03 -8.297821506857872009e-03 -9.829550981521606445e-04
-6.153993308544158936e-03 -7.457418367266654968e-03 -7.444024085998535156e-04
-5.331404507160186768e-03 -4.238894209265708923e-03 -1.670122146606445312e-04
-5.815997719764709473e-03 -6.001008674502372742e-03 1.665204763412475586e-04
-6.698854267597198486e-03 -9.994244202971458435e-03 -4.283338785171508789e-05
-7.348351180553436279e-03 -1.177737675607204437e-02 -1.603886485099792480e-04
-8.223999291658401489e-03 -1.406198553740978241e-02 1.431480050086975098e-04
-9.197141975164413452e-03 -1.590582542121410370e-02 6.220936775207519531e-04
-8.339993655681610107e-03 -1.036751084029674530e-02 -4.402957856655120850e-04
-5.450308322906494141e-03 -8.334992453455924988e-03 1.609548926353454590e-04
-1.094330102205276489e-03 -8.307157084345817566e-03 3.501288592815399170e-03
-2.133931964635848999e-03 -1.255846582353115082e-02 5.220405757427215576e-03
1.118618994951248169e-03 -2.357458882033824921e-02 5.559913814067840576e-03
5.625702440738677979e-03 -2.051550336182117462e-02 5.583018064498901367e-03
6.899122148752212524e-03 -2.236037887632846832e-02 2.334721386432647705e-03
5.499158054590225220e-03 -2.840470336377620697e-02 4.657208919525146484e-03
4.075691103935241699e-04 -2.741081826388835907e-02 5.986936390399932861e-03
-1.430537551641464233e-03 -2.447016350924968719e-02 3.871694207191467285e-03
-5.205791443586349487e-03 -2.108672074973583221e-02 2.950184047222137451e-03
-6.577357649803161621e-03 -2.436803095042705536e-02 2.905972301959991455e-03
-9.150512516498565674e-03 -2.437230013310909271e-02 1.581601798534393311e-03
-1.059479638934135437e-02 -2.425520308315753937e-02 8.185654878616333008e-04
-1.037332043051719666e-02 -2.371936477720737457e-02 1.329064369201660156e-03
-9.525086730718612671e-03 -2.328407205641269684e-02 8.351504802703857422e-04
-7.063455879688262939e-03 -1.977184601128101349e-02 1.688890159130096436e-03
-3.293469548225402832e-03 -2.745623700320720673e-02 1.693122088909149170e-03
-2.331089228391647339e-03 -3.180734068155288696e-02 5.089789628982543945e-04
-2.655822783708572388e-03 -3.252639621496200562e-02 -3.031641244888305664e-05
-3.446117043495178223e-03 -3.203654661774635315e-02 5.531087517738342285e-04
-4.206240177154541016e-03 -3.941547870635986328e-02 -1.293670386075973511e-03
-3.409426659345626831e-03 -3.779529780149459839e-02 -5.633477121591567993e-03
1.290645450353622437e-03 -4.008121788501739502e-02 -1.061335578560829163e-02
4.419330507516860962e-03 -3.921210765838623047e-02 -1.289257779717445374e-02
-1.366194337606430054e-03 -4.745977371931076050e-02 -3.328226506710052490e-03
-1.307819038629531860e-03 -5.704487860202789307e-02 1.363546401262283325e-02
2.867504954338073730e-03 -7.173295319080352783e-02 1.582487672567367554e-02
1.057789474725723267e-02 -7.243843376636505127e-02 1.271725445985794067e-02
9.139329195022583008e-03 -7.256650179624557495e-02 1.314109563827514648e-02
8.279915899038314819e-03 -6.535877287387847900e-02 1.178063452243804932e-02
5.584679543972015381e-03 -6.304777413606643677e-02 1.073924452066421509e-02
6.887055933475494385e-04 -6.168068200349807739e-02 1.569915562868118286e-02
-5.861856043338775635e-03 -5.660929530858993530e-02 1.758742332458496094e-02
-5.764707922935485840e-03 -5.335828661918640137e-02 1.193051785230636597e-02
-4.520136862993240356e-03 -4.462992399930953979e-02 7.071584463119506836e-03
5.739741027355194092e-04 -3.770195692777633667e-02 -1.016579568386077881e-03
1.107223331928253174e-03 -3.120021894574165344e-02 -2.891931682825088501e-03
1.141086220741271973e-03 -2.562079392373561859e-02 -1.863315701484680176e-03
1.937333494424819946e-03 -2.168180048465728760e-02 -3.645814955234527588e-03
5.089163780212402344e-03 -1.329652965068817139e-02 -6.508991122245788574e-03
5.635671317577362061e-03 -1.154714822769165039e-02 -8.682843297719955444e-03
4.395715892314910889e-03 -6.635699421167373657e-03 -6.373681128025054932e-03
4.780050367116928101e-03 -8.362280204892158508e-03 -8.627139031887054443e-03
5.440417677164077759e-03 -6.006581708788871765e-03 -7.434424012899398804e-03
6.108861416578292847e-03 -6.364337634295225143e-03 -8.420962840318679810e-03
5.339432507753372192e-03 -2.151835709810256958e-03 -6.509661674499511719e-03
5.297854542732238770e-03 -1.232064794749021530e-03 -6.759934127330780029e-03
5.892433226108551025e-03 -3.895119763910770416e-03 -6.135612726211547852e-03
2.635534852743148804e-03 -9.662777185440063477e-03 -1.329928636550903320e-04
5.676683038473129272e-03 -4.251673351973295212e-03 -7.653161883354187012e-04
5.271952599287033081e-03 -6.214756518602371216e-03 -5.990006029605865479e-04
5.809973925352096558e-03 -7.393502630293369293e-03 -1.125819981098175049e-03
6.273224949836730957e-03 -7.363179698586463928e-03 -4.026539623737335205e-03
8.709486573934555054e-03 -2.376089105382561684e-03 -9.049341082572937012e-03
9.307585656642913818e-03 -4.138746298849582672e-04 -1.027717068791389465e-02
6.730746477842330933e-03 -4.524589981883764267e-03 -5.881708115339279175e-03
7.763538509607315063e-03 1.470379065722227097e-03 -8.786018937826156616e-03
1.644678413867950439e-03 2.333584707230329514e-03 -2.033207565546035767e-03
-1.572798937559127808e-03 1.040106639266014099e-03 -8.734613656997680664e-04
-2.204973250627517700e-03 -1.465947600081562996e-03 -2.067077904939651489e-03
-2.153139561414718628e-03 2.035298384726047516e-04 -2.037290483713150024e-03
-1.258339732885360718e-03 1.556743867695331573e-03 -2.723079174757003784e-03
-8.806288242340087891e-04 9.250706061720848083e-04 -4.651241004467010498e-03
6.643645465373992920e-04 -9.648846462368965149e-04 -6.647083908319473267e-03
1.613926142454147339e-03 -2.962174592539668083e-03 -7.828827947378158569e-03
2.676885575056076050e-03 -1.644822768867015839e-04 -6.344083696603775024e-03
3.433868288993835449e-03 1.091114711016416550e-03 -4.490967839956283569e-03
6.798129528760910034e-03 6.280275993049144745e-04 -7.615365087985992432e-03
5.330495536327362061e-03 -4.835203289985656738e-03 -4.450414329767227173e-03
5.266908556222915649e-03 -8.360695093870162964e-03 -2.133373171091079712e-03
5.402680486440658569e-03 -7.415065541863441467e-03 -1.622296869754791260e-03
5.241282284259796143e-03 -1.018660143017768860e-02 -4.835985600948333740e-04
3.688234835863113403e-03 -6.596611812710762024e-03 6.071329116821289062e-04
3.185104578733444214e-03 -6.178738549351692200e-03 4.128664731979370117e-03
4.873700439929962158e-03 -1.068222522735595703e-02 3.119200468063354492e-03
3.546468913555145264e-03 -1.100413687527179718e-02 3.492869436740875244e-03
2.565756440162658691e-03 -5.002429708838462830e-03 5.264170467853546143e-03
3.284201025962829590e-03 -8.522728458046913147e-03 2.091839909553527832e-03
4.878740757703781128e-03 -8.699471130967140198e-03 1.582354307174682617e-04
3.303319215774536133e-03 -9.454520419239997864e-03 2.032779157161712646e-03
1.180164515972137451e-03 -1.070393249392509460e-02 4.175364971160888672e-03
2.569854259490966797e-03 -1.558515615761280060e-02 9.615339338779449463e-03
2.873688936233520508e-04 -1.003758423030376434e-02 9.852163493633270264e-03
4.791937768459320068e-03 -6.796853616833686829e-03 3.079257905483245850e-03
1.140497624874114990e-04 -8.882543072104454041e-03 7.248379290103912354e-03
2.822093665599822998e-04 -5.612926557660102844e-03 6.151340901851654053e-03
5.660247057676315308e-03 -2.179095521569252014e-03 -3.991000354290008545e-03
6.002321839332580566e-03 8.653346449136734009e-04 -1.026800274848937988e-02
5.501747131347656250e-03 6.972122937440872192e-04 -1.011520624160766602e-02
6.990686058998107910e-03 4.237445071339607239e-03 -1.407070457935333252e-02
7.969647645950317383e-03 7.025735452771186829e-03 -1.373870670795440674e-02
7.171113044023513794e-03 8.123548701405525208e-03 -1.246171444654464722e-02
2.512548118829727173e-03 5.233006551861763000e-03 -1.130980253219604492e-02
-1.990787684917449951e-03 1.640008762478828430e-03 -9.214341640472412109e-03
-2.865176647901535034e-03 4.466662183403968811e-03 -5.690820515155792236e-03
3.814771771430969238e-04 2.752298489212989807e-03 -4.870712757110595703e-03
1.706425100564956665e-03 1.931162551045417786e-03 -6.113931536674499512e-03
1.503713428974151611e-03 -8.266698569059371948e-04 -6.321080029010772705e-03
3.830257803201675415e-03 -1.189438626170158386e-03 -7.506594061851501465e-03
3.997422754764556885e-03 -2.307528629899024963e-03 -6.600201129913330078e-03
4.205096513032913208e-03 -2.198176458477973938e-03 -4.852555692195892334e-03
5.696099251508712769e-03 5.118586122989654541e-04 -4.288528114557266235e-03
3.324359655380249023e-03 -7.070349529385566711e-03 1.439034938812255859e-03
2.878978848457336426e-04 -8.479511365294456482e-03 5.821704864501953125e-03
-5.545571446418762207e-03 -5.896383896470069885e-03 1.062317192554473877e-02
-2.507776021957397461e-03 -6.865419447422027588e-03 2.682499587535858154e-03
-7.352754473686218262e-04 -1.890974119305610657e-03 -1.265734434127807617e-03
1.015752553939819336e-03 -1.798173412680625916e-03 -5.143050104379653931e-03
1.847971230745315552e-03 3.887651488184928894e-03 -4.816479980945587158e-03
2.410918474197387695e-03 1.941511407494544983e-03 -5.110803991556167603e-03
1.302696764469146729e-03 1.639515161514282227e-03 -3.805533051490783691e-03
-2.834718674421310425e-03 1.641154289245605469e-03 6.776526570320129395e-04
-2.854704856872558594e-03 2.659538760781288147e-03 2.641223371028900146e-03
8.097067475318908691e-04 2.333000302314758301e-04 -4.696208983659744263e-03
1.741331070661544800e-03 3.706352785229682922e-03 -6.158441305160522461e-03
3.313839435577392578e-03 5.457239225506782532e-03 -7.170699536800384521e-03
3.178477287292480469e-03 1.791046466678380966e-03 -5.472999066114425659e-03
3.636624664068222046e-03 -2.709717489778995514e-03 -5.313441157341003418e-03
2.047225832939147949e-03 -4.723400808870792389e-03 -3.778893500566482544e-03
3.342233598232269287e-03 5.365428514778614044e-04 -6.162859499454498291e-03
1.084759831428527832e-03 -2.271811012178659439e-03 -5.550131201744079590e-03
1.790490001440048218e-03 -3.425609320402145386e-04 -5.966164171695709229e-03
2.648189663887023926e-03 1.754894852638244629e-03 -6.212983280420303345e-03
-2.726018428802490234e-04 -2.843474736437201500e-03 -9.581707417964935303e-04
-3.588236868381500244e-04 -2.586139366030693054e-03 -3.187656402587890625e-04
-1.066695898771286011e-03 -2.887663897126913071e-03 -7.983297109603881836e-05
-6.518438458442687988e-04 -3.967853728681802750e-03 1.341342926025390625e-03
7.251538336277008057e-04 -5.257739219814538956e-03 -2.903044223785400391e-03
3.063030540943145752e-03 -2.034962410107254982e-03 -4.999566823244094849e-03
3.650482743978500366e-03 -1.349127851426601410e-04 -5.262181162834167480e-03
-3.747940063476562500e-04 -6.371912546455860138e-03 3.593109548091888428e-03
5.890801548957824707e-05 -6.353381089866161346e-03 6.308577954769134521e-03
-8.304402232170104980e-03 -1.205031480640172958e-02 1.776376366615295410e-02
-7.734846323728561401e-03 -1.015331223607063293e-02 1.667823642492294312e-02
-3.664150834083557129e-03 -1.206112746149301529e-02 1.220408082008361816e-02
-2.017948776483535767e-03 -1.070816256105899811e-02 1.071351021528244019e-02
-1.359924674034118652e-03 -1.251012645661830902e-02 8.392147719860076904e-03
-2.056773751974105835e-03 -1.614210754632949829e-02 8.790813386440277100e-03
-1.589834690093994141e-03 -1.810394227504730225e-02 1.067211478948593140e-02
-1.695081591606140137e-04 -1.545205339789390564e-02 6.691738963127136230e-03
-2.490736544132232666e-03 -9.816241450607776642e-03 -3.102641552686691284e-03
6.668679416179656982e-04 -1.001555286347866058e-02 -4.146359860897064209e-03
2.712111920118331909e-03 -2.069114148616790771e-02 -2.510502934455871582e-03
1.311365514993667603e-03 -2.941000089049339294e-02 1.138545572757720947e-03
1.186359673738479614e-03 -3.116559237241744995e-02 -3.225386142730712891e-03
-9.866729378700256348e-04 -3.189913928508758545e-02 -8.712150156497955322e-03
-7.591135799884796143e-04 -3.442145884037017822e-02 -1.030819863080978394e-02
9.053833782672882080e-04 -3.689977526664733887e-02 -8.658085018396377563e-03
3.669697791337966919e-03 -4.564552009105682373e-02 -1.624636352062225342e-03
3.760468214750289917e-03 -5.303546786308288574e-02 5.818307399749755859e-04
7.134713232517242432e-03 -5.244687944650650024e-02 -2.067323774099349976e-03
5.488242954015731812e-03 -5.286418646574020386e-02 -5.963295698165893555e-04
3.318898379802703857e-03 -5.297408998012542725e-02 -1.118566840887069702e-03
-1.901388168334960938e-05 -4.935820400714874268e-02 -1.496851444244384766e-03
-2.557393163442611694e-03 -4.718862473964691162e-02 -4.572942852973937988e-04
-2.491906285285949707e-03 -4.800722748041152954e-02 2.371966838836669922e-04
-1.888010650873184204e-03 -5.068009346723556519e-02 -8.281171321868896484e-04
-1.452408730983734131e-03 -4.973911494016647339e-02 -1.949962228536605835e-03
-1.117009669542312622e-03 -4.755282402038574219e-02 -1.594934612512588501e-03
1.327805221080780029e-04 -5.108406394720077515e-02 -1.203622668981552124e-03
3.603324294090270996e-04 -4.591976851224899292e-02 4.168890416622161865e-03
-6.807073950767517090e-04 -4.009666293859481812e-02 7.628507912158966064e-03
-9.368844330310821533e-04 -4.464356601238250732e-02 5.702480673789978027e-03
-4.523064941167831421e-03 -4.858174920082092285e-02 7.418520748615264893e-03
-5.542833358049392700e-03 -4.977884143590927124e-02 1.088413596153259277e-02
-4.111126065254211426e-03 -4.783560335636138916e-02 1.092603802680969238e-02
-3.447793424129486084e-03 -4.818515479564666748e-02 1.026422530412673950e-02
-3.237590193748474121e-03 -4.395256936550140381e-02 8.749738335609436035e-03
-3.958813846111297607e-03 -4.449608922004699707e-02 5.941517651081085205e-03
-5.194079130887985229e-03 -4.142574965953826904e-02 5.840934813022613525e-03
-5.059763789176940918e-03 -3.723124414682388306e-02 5.096413195133209229e-03
-3.356330096721649170e-03 -3.071306459605693817e-02 3.753565251827239990e-03
-1.006327569484710693e-03 -3.210918605327606201e-02 1.500986516475677490e-03
1.078981906175613403e-03 -2.678890340030193329e-02 -1.256920397281646729e-03
3.601245582103729248e-03 -2.499788068234920502e-02 -2.170037478208541870e-03
8.688345551490783691e-04 -2.315427176654338837e-02 2.820089459419250488e-03
2.374276518821716309e-04 -2.304734103381633759e-02 5.388326942920684814e-03
5.290564149618148804e-03 -1.238164119422435760e-02 1.145772635936737061e-03
1.101531088352203369e-03 -8.810045197606086731e-03 -1.984573900699615479e-03
1.392580568790435791e-03 -5.485231056809425354e-03 -1.750603318214416504e-03
3.405425697565078735e-03 -8.552545681595802307e-03 2.472974359989166260e-03
-7.092542946338653564e-04 -4.733828827738761902e-03 6.404787302017211914e-03
-1.022171229124069214e-03 -7.422966882586479187e-03 6.862021982669830322e-03
-8.804164826869964600e-04 -1.070047356188297272e-02 7.384389638900756836e-03
3.499794751405715942e-03 -1.299873925745487213e-02 4.802279174327850342e-03
-3.637164831161499023e-03 -6.786888465285301208e-03 6.188258528709411621e-03
-2.299264073371887207e-03 -2.088544890284538269e-03 4.191391170024871826e-03
5.787983536720275879e-04 -9.177457541227340698e-04 -3.716349601745605469e-04
2.118155360221862793e-03 -2.551062032580375671e-03 -1.013070344924926758e-03
3.010094165802001953e-03 1.387747004628181458e-03 -5.337558686733245850e-04
2.912938594818115234e-03 3.394963219761848450e-03 -1.193135976791381836e-04
-1.031242311000823975e-03 -2.021243795752525330e-03 3.222890198230743408e-03
-1.377701759338378906e-03 -2.522042021155357361e-03 3.167070448398590088e-03
-8.268877863883972168e-04 -6.007706746459007263e-03 2.876520156860351562e-03
5.196779966354370117e-05 -5.643134936690330505e-03 2.262569963932037354e-03
-5.124397575855255127e-04 -4.771536216139793396e-03 3.375552594661712646e-03
-1.979626715183258057e-03 -4.471091553568840027e-03 4.603937268257141113e-03
-3.089282661676406860e-03 -2.460373565554618835e-03 6.876930594444274902e-03
-4.003606736660003662e-03 -2.593738958239555359e-03 6.763845682144165039e-03
-6.797984242439270020e-04 -3.642719238996505737e-04 4.690364003181457520e-03
3.518901765346527100e-03 2.279536798596382141e-03 4.508286714553833008e-03
7.406100630760192871e-04 5.036778748035430908e-05 6.729558110237121582e-03
-3.317527472972869873e-03 -1.114262267947196960e-03 8.256845176219940186e-03
-1.458644866943359375e-03 -6.567370146512985229e-04 7.422305643558502197e-03
1.328632235527038574e-03 1.004831865429878235e-03 6.924524903297424316e-03
5.939953029155731201e-03 4.552038386464118958e-03 4.393100738525390625e-03
7.139436900615692139e-03 5.555870011448860168e-03 4.643119871616363525e-03
3.783844411373138428e-03 1.767607405781745911e-03 5.410172045230865479e-03
3.025792539119720459e-03 2.479063346982002258e-03 5.646601319313049316e-03
9.204521775245666504e-04 -6.925635971128940582e-04 5.033388733863830566e-03
2.733845263719558716e-03 8.740508928894996643e-04 3.425203263759613037e-03
2.866107970476150513e-03 2.007074188441038132e-03 3.765635192394256592e-03
1.722250133752822876e-03 1.355437561869621277e-03 4.848293960094451904e-03
9.542293846607208252e-04 2.714794129133224487e-03 5.959495902061462402e-03
-1.405324786901473999e-03 9.202999062836170197e-04 6.481453776359558105e-03
-1.142270863056182861e-03 -4.810662940144538879e-04 6.219387054443359375e-03
-1.693144440650939941e-04 -3.188182599842548370e-03 3.869943320751190186e-03
2.286359667778015137e-03 -3.416806459426879883e-03 3.399029374122619629e-03
6.439462304115295410e-04 5.700783804059028625e-04 5.870841443538665771e-03
9.036138653755187988e-04 1.553260255604982376e-03 8.268229663372039795e-03
-3.665387630462646484e-04 -1.240559620782732964e-03 8.873827755451202393e-03
-1.326821744441986084e-03 -1.581533346325159073e-03 7.614210247993469238e-03
-9.709708392620086670e-04 -6.115389987826347351e-04 8.257128298282623291e-03
-3.622137010097503662e-04 -2.468982711434364319e-05 7.656335830688476562e-03
-7.525682449340820312e-04 -2.695363480597734451e-03 7.697738707065582275e-03
-1.613460481166839600e-04 -2.174078719690442085e-03 7.597990334033966064e-03
1.458011567592620850e-03 2.957636490464210510e-03 7.519781589508056641e-03
3.309849649667739868e-03 7.541555911302566528e-03 7.193908095359802246e-03
3.654323518276214600e-03 1.101180911064147949e-02 6.604112684726715088e-03
4.840195178985595703e-04 1.578828319907188416e-02 7.151298224925994873e-03
-7.301270961761474609e-04 1.903833448886871338e-02 5.211710929870605469e-03
4.802644252777099609e-05 2.712938375771045685e-02 3.721684217453002930e-03
2.216588705778121948e-03 3.245186060667037964e-02 1.811735332012176514e-03
2.735260874032974243e-03 3.502766042947769165e-02 -1.236721873283386230e-04
1.211326569318771362e-03 3.964623063802719116e-02 -3.250055015087127686e-04
1.543961465358734131e-03 4.171651601791381836e-02 -1.923866569995880127e-03
-2.803266048431396484e-03 3.983747214078903198e-02 6.609939038753509521e-03
-1.323100179433822632e-03 3.683842718601226807e-02 5.812980234622955322e-03
9.941384196281433105e-04 3.542876988649368286e-02 4.222340881824493408e-03
3.053467720746994019e-03 3.517332673072814941e-02 -2.188198268413543701e-04
2.047274261713027954e-03 2.904014475643634796e-02 6.183981895446777344e-05
2.742614597082138062e-03 3.314217180013656616e-02 2.101719379425048828e-03
2.855338156223297119e-03 2.992455475032329559e-02 2.085350453853607178e-03
1.957420259714126587e-03 2.004086785018444061e-02 -2.263747155666351318e-04
2.231970429420471191e-03 1.443852484226226807e-02 -2.111546695232391357e-03
4.799172282218933105e-03 2.181194536387920380e-02 -3.867931663990020752e-03
5.060125142335891724e-03 2.040642127394676208e-02 -3.338824957609176636e-03
6.155587732791900635e-03 1.786508038640022278e-02 -2.531085163354873657e-03
5.554173141717910767e-03 1.876420341432094574e-02 -3.436096012592315674e-04
4.445154219865798950e-03 1.470238715410232544e-02 -7.789134979248046875e-04
1.699872314929962158e-03 6.325663998723030090e-03 9.437426924705505371e-04
8.290819823741912842e-04 3.404134884476661682e-03 9.200498461723327637e-04
2.458438277244567871e-03 2.835359424352645874e-03 -5.491077899932861328e-05
3.645405173301696777e-03 -2.646450884640216827e-04 8.903443813323974609e-04
3.897961229085922241e-03 1.304806675761938095e-03 1.617766916751861572e-03
3.461431711912155151e-03 -2.530636498704552650e-03 5.356818437576293945e-04
2.801306545734405518e-03 -3.370804712176322937e-03 8.366331458091735840e-04
1.688420772552490234e-03 -3.135649487376213074e-03 2.467595040798187256e-03
1.512940973043441772e-03 -1.635698601603507996e-03 3.934741020202636719e-03
2.919003367424011230e-03 -1.269547268748283386e-03 3.506451845169067383e-03
2.313990145921707153e-03 -7.918756455183029175e-04 1.025862991809844971e-03
4.022046923637390137e-03 -2.090316265821456909e-04 1.575917005538940430e-03
3.768134862184524536e-03 1.715438440442085266e-03 3.331132233142852783e-03
3.453947603702545166e-03 2.720253542065620422e-03 2.711392939090728760e-03
3.807444125413894653e-03 1.593085005879402161e-03 2.113007009029388428e-03
2.943083643913269043e-03 3.237010911107063293e-03 2.711609005928039551e-03
1.219946891069412231e-03 3.369437530636787415e-03 3.286056220531463623e-03
-7.266737520694732666e-04 5.387054756283760071e-03 4.391632974147796631e-03
9.470283985137939453e-04 2.425776794552803040e-03 6.698474287986755371e-03
2.587698400020599365e-03 -1.722387969493865967e-05 5.333594977855682373e-03
4.305206239223480225e-03 5.985982716083526611e-05 5.627654492855072021e-03
5.684427917003631592e-03 3.357635810971260071e-03 5.519695580005645752e-03
7.031299173831939697e-03 3.488900139927864075e-03 4.129163920879364014e-03
6.737999618053436279e-03 1.996727660298347473e-03 4.546619951725006104e-03
5.663283169269561768e-03 3.287108615040779114e-03 4.580058157444000244e-03
4.244677722454071045e-03 3.128411248326301575e-03 2.942927181720733643e-03
5.236886441707611084e-03 4.786150529980659485e-03 3.047868609428405762e-03
6.190225481986999512e-03 6.001578643918037415e-03 1.347720623016357422e-03
6.020583212375640869e-03 5.291434004902839661e-03 4.662573337554931641e-05
4.808865487575531006e-03 6.808759644627571106e-03 1.267530024051666260e-03
3.877379000186920166e-03 4.812302067875862122e-03 9.467303752899169922e-04
3.379210829734802246e-03 4.953565075993537903e-03 -6.683543324470520020e-04
3.272764384746551514e-03 3.453539684414863586e-03 6.882324814796447754e-04
4.635892808437347412e-03 5.200045183300971985e-03 4.483684897422790527e-04
7.139414548873901367e-03 4.844518378376960754e-03 4.073232412338256836e-04
6.794646382331848145e-03 3.505097702145576477e-03 -9.273141622543334961e-04
7.010810077190399170e-03 5.259426310658454895e-03 -6.751343607902526855e-04
6.724156439304351807e-03 6.759660318493843079e-03 -1.091741025447845459e-03
5.391784012317657471e-03 5.059288814663887024e-03 -1.353487372398376465e-03
7.348597049713134766e-03 5.557613447308540344e-03 -8.864738047122955322e-04
7.310330867767333984e-03 2.982633188366889954e-03 -1.994188874959945679e-03
4.021842032670974731e-03 2.647222951054573059e-03 -6.802938878536224365e-04
3.430716693401336670e-03 4.604997113347053528e-03 -1.747012138366699219e-04
2.426460385322570801e-03 1.637207344174385071e-03 1.143395900726318359e-03
1.334823668003082275e-03 7.261950522661209106e-04 2.507187426090240479e-03
1.717783510684967041e-03 1.601831987500190735e-03 3.059230744838714600e-03
2.872191369533538818e-03 -4.774462431669235229e-04 1.092597842216491699e-03
3.433033823966979980e-03 -1.679254695773124695e-03 -2.599954605102539062e-04
6.465330719947814941e-03 2.161042764782905579e-03 -4.386529326438903809e-05
6.473541259765625000e-03 1.185255125164985657e-03 -2.255290746688842773e-04
4.206180572509765625e-03 -1.862509176135063171e-03 -5.417503416538238525e-04
4.047438502311706543e-03 -2.487791702151298523e-03 -1.914571970701217651e-03
4.223100841045379639e-03 3.745840862393379211e-03 -2.707771956920623779e-03
2.750433981418609619e-03 1.927390694618225098e-03 -3.310434520244598389e-03
3.720566630363464355e-03 4.174443893134593964e-03 -4.235535860061645508e-03
2.472870051860809326e-03 4.640873521566390991e-05 -2.465847879648208618e-03
3.283455967903137207e-03 3.015971742570400238e-03 -1.019246876239776611e-03
2.149827778339385986e-03 1.481992192566394806e-03 2.694450318813323975e-03
1.170843839645385742e-03 1.545129343867301941e-03 4.430897533893585205e-03
1.212436705827713013e-03 2.420047763735055923e-03 4.236176609992980957e-03
1.886233687400817871e-03 4.195950925350189209e-03 3.280639648437500000e-03
4.202216863632202148e-03 7.207415066659450531e-03 1.455798745155334473e-03
5.193572491407394409e-03 7.916385307908058167e-03 3.354810178279876709e-04
4.903908818960189819e-03 9.582589380443096161e-03 1.308746635913848877e-03
3.834862262010574341e-03 8.799464441835880280e-03 -2.134405076503753662e-04
4.362944513559341431e-03 1.069728657603263855e-02 -1.022648066282272339e-03
3.790840506553649902e-03 8.191244676709175110e-03 5.334913730621337891e-04
3.082901239395141602e-03 8.997060358524322510e-03 8.832514286041259766e-04
3.121614456176757812e-03 8.775470778346061707e-03 -4.370883107185363770e-04
3.638107329607009888e-03 8.349742740392684937e-03 -6.161890923976898193e-04
3.621570765972137451e-03 9.616769850254058838e-03 -1.120567321777343750e-05
3.802940249443054199e-03 7.550151087343692780e-03 2.321749925613403320e-04
5.470108240842819214e-03 6.956480443477630615e-03 -4.581175744533538818e-04
4.499051719903945923e-03 4.655865952372550964e-03 6.422325968742370605e-04
4.213530570268630981e-03 4.737115465104579926e-03 1.811049878597259521e-03
1.922335475683212280e-03 4.317339509725570679e-03 5.383953452110290527e-03
7.891356945037841797e-04 1.286882441490888596e-03 6.422206759452819824e-03
2.673249691724777222e-03 2.710389904677867889e-03 6.775833666324615479e-03
2.850417047739028931e-03 3.362959250807762146e-03 5.734272301197052002e-03
2.371490001678466797e-03 5.694316700100898743e-03 5.165271461009979248e-03
2.684153616428375244e-03 4.310305230319499969e-03 1.341439783573150635e-03
4.075732082128524780e-03 5.117920227348804474e-04 -9.755603969097137451e-04
5.986921489238739014e-03 -3.369553014636039734e-04 -2.639193087816238403e-03
6.208349019289016724e-03 1.893721055239439011e-03 -3.862105309963226318e-03
3.990329802036285400e-03 -7.981453090906143188e-04 -2.240877598524093628e-03
6.405338644981384277e-04 2.777243498712778091e-03 -2.323113381862640381e-03
3.729097545146942139e-03 6.137448363006114960e-03 -4.072364419698715210e-03
4.629757255315780640e-03 4.796143621206283569e-03 -4.105843603610992432e-03
1.415230333805084229e-03 4.603033885359764099e-04 -2.268429845571517944e-03
-5.403533577919006348e-05 -1.016008667647838593e-03 -2.038668841123580933e-03
5.969330668449401855e-04 -1.159071922302246094e-03 -1.075290143489837646e-03
1.500785350799560547e-03 -2.255397615954279900e-03 -1.017607748508453369e-03
2.000991255044937134e-03 -2.434347290545701981e-03 -1.289371401071548462e-03
2.764623612165451050e-03 -3.017135430127382278e-03 -2.075467258691787720e-03
1.955162733793258667e-03 -5.620573181658983231e-03 -1.322127878665924072e-03
-1.586709171533584595e-03 -1.075861044228076935e-02 9.721815586090087891e-04
-6.507407873868942261e-03 -1.218568533658981323e-02 3.513112664222717285e-03
-7.018778473138809204e-03 -1.072368770837783813e-02 8.166655898094177246e-04
-2.317067235708236694e-03 -8.516975678503513336e-03 -2.975743263959884644e-03
8.239150047302246094e-04 -7.543793879449367523e-03 -2.963867038488388062e-03
5.644671618938446045e-04 -1.892646774649620056e-03 -4.303846508264541626e-03
2.134591341018676758e-04 -2.524143084883689880e-03 -4.097588360309600830e-03
-5.612522363662719727e-05 -8.597802370786666870e-04 -4.305604845285415649e-03
9.923055768013000488e-04 1.899616792798042297e-03 -4.475038498640060425e-03
1.029755920171737671e-03 2.510691061615943909e-03 -5.273848772048950195e-03
7.417276501655578613e-04 2.042794600129127502e-03 -5.233932286500930786e-03
3.468524664640426636e-03 7.161365821957588196e-03 -6.253995001316070557e-03
4.362121224403381348e-03 8.175672963261604309e-03 -7.541880011558532715e-03
1.749355345964431763e-03 -8.551385253667831421e-04 -4.990428686141967773e-03
1.474078744649887085e-03 3.088081255555152893e-03 -4.795044660568237305e-03
-1.028202474117279053e-03 5.080686882138252258e-03 -6.060291081666946411e-03
6.519965827465057373e-04 4.284517839550971985e-03 -6.370048969984054565e-03
3.739815205335617065e-03 1.080472208559513092e-02 -1.057620346546173096e-02
1.953132450580596924e-03 8.368136361241340637e-03 -6.779786199331283569e-03
3.598883748054504395e-03 8.921416476368904114e-03 -6.917584687471389771e-03
3.765381872653961182e-03 5.848350003361701965e-03 -6.270378828048706055e-03
2.012401819229125977e-03 3.780903294682502747e-03 -4.262182861566543579e-03
1.639813184738159180e-03 1.267002895474433899e-03 -2.869736403226852417e-03
9.954497218132019043e-04 2.791972830891609192e-03 -2.923257648944854736e-03
1.367211341857910156e-03 2.015518024563789368e-03 -3.641586750745773315e-03
1.548126339912414551e-03 2.502659335732460022e-03 -4.474930465221405029e-03
2.635076642036437988e-03 6.767155602574348450e-03 -5.730595439672470093e-03
1.402370631694793701e-03 5.139218643307685852e-03 -5.768209695816040039e-03
9.971447288990020752e-04 4.990996792912483215e-03 -5.539473146200180054e-03
1.875177025794982910e-03 5.157584324479103088e-03 -5.780279636383056641e-03
4.089772701263427734e-04 2.259330824017524719e-03 -5.104243755340576172e-03
4.219412803649902344e-04 7.778126746416091919e-04 -5.322884768247604370e-03
5.005113780498504639e-04 3.833683207631111145e-03 -5.373209714889526367e-03
-1.553967595100402832e-04 9.975228458642959595e-04 -4.855725914239883423e-03
5.017146468162536621e-04 2.842115238308906555e-03 -5.275011062622070312e-03
1.146569848060607910e-03 5.207220092415809631e-03 -5.547665059566497803e-03
1.133393496274948120e-03 4.100034013390541077e-03 -5.234800279140472412e-03
7.978454232215881348e-04 3.203677013516426086e-03 -4.962187260389328003e-03
9.312294423580169678e-04 2.690704539418220520e-03 -4.375975579023361206e-03
2.241507172584533691e-03 4.183487966656684875e-03 -4.908766597509384155e-03
2.424146980047225952e-03 5.078019574284553528e-03 -5.561728030443191528e-03
1.577980816364288330e-03 5.140366032719612122e-03 -6.474163383245468140e-03
2.771768718957901001e-03 5.792597308754920959e-03 -8.573219180107116699e-03
3.049448132514953613e-04 3.574380651116371155e-03 -4.671633243560791016e-03
7.151737809181213379e-04 -1.285633072257041931e-03 -4.929199814796447754e-03
1.357719302177429199e-03 3.417687490582466125e-03 -5.856908857822418213e-03
2.214208245277404785e-03 6.268160417675971985e-03 -6.750181317329406738e-03
-2.422742545604705811e-04 2.920584753155708313e-03 -4.376284778118133545e-03
-8.063018321990966797e-05 3.903212025761604309e-03 -4.442978650331497192e-03
1.349538564682006836e-03 5.113774910569190979e-03 -5.288202315568923950e-03
6.294809281826019287e-04 2.964610233902931213e-03 -4.955727607011795044e-03
5.372501909732818604e-04 5.550110712647438049e-03 -5.409460514783859253e-03
1.657158136367797852e-04 3.656479530036449432e-03 -4.498664289712905884e-03
2.753697335720062256e-04 1.470479182898998260e-03 -4.748120903968811035e-03
1.891598105430603027e-03 3.641334362328052521e-03 -5.246657878160476685e-03
1.443777233362197876e-03 3.618011251091957092e-03 -5.023639649152755737e-03
8.569620549678802490e-04 5.077480338513851166e-03 -4.730541259050369263e-03
5.968064069747924805e-04 2.292101271450519562e-03 -4.887904971837997437e-03
1.939859241247177124e-03 1.685700844973325729e-03 -5.031228065490722656e-03
1.463133841753005981e-03 4.924960434436798096e-03 -5.029376596212387085e-03
1.506477594375610352e-03 3.131741657853126526e-03 -5.158517509698867798e-03
1.071427017450332642e-03 4.287638701498508453e-03 -5.421042442321777344e-03
1.269012689590454102e-03 4.806969314813613892e-03 -5.414552986621856689e-03
1.321483403444290161e-03 3.954128362238407135e-03 -5.703859031200408936e-03
9.876638650894165039e-04 6.470736116170883179e-05 -4.921663552522659302e-03
6.858482956886291504e-04 -1.427408773452043533e-03 -4.450336098670959473e-03
8.066520094871520996e-04 -1.014471519738435745e-03 -4.337467253208160400e-03
2.544637769460678101e-03 -2.550920937210321426e-03 -4.360757768154144287e-03
3.103263676166534424e-03 -5.951518192887306213e-03 -6.382204592227935791e-03
2.773027867078781128e-03 -5.284751765429973602e-03 -7.017731666564941406e-03
2.730883657932281494e-03 -4.434433300048112869e-03 -7.505942136049270630e-03
3.022700548171997070e-05 -5.702234338968992233e-03 -4.094418138265609741e-03
-3.903508186340332031e-04 -5.435718689113855362e-03 -2.729896456003189087e-03
1.615021377801895142e-03 -8.078459650278091431e-03 -3.427244722843170166e-03
2.790637314319610596e-03 -1.056699268519878387e-02 -4.934735596179962158e-03
1.885361969470977783e-03 -1.061846129596233368e-02 -3.754615783691406250e-03
1.942951232194900513e-03 -1.173644699156284332e-02 -2.843592315912246704e-03
1.738380640745162964e-03 -1.499630790203809738e-02 -3.046825528144836426e-03
-1.670606434345245361e-04 -2.203763648867607117e-02 -1.354493200778961182e-03
-4.920400679111480713e-04 -2.114533632993698120e-02 -6.575994193553924561e-04
-1.347910612821578979e-03 -2.271873317658901215e-02 -1.871056854724884033e-03
-3.345735371112823486e-03 -2.330878376960754395e-02 1.475773751735687256e-04
-2.466432750225067139e-03 -2.489074878394603729e-02 -1.234717667102813721e-03
-1.995448023080825806e-03 -3.174578770995140076e-02 -1.450683921575546265e-03
-3.051381558179855347e-03 -3.237658739089965820e-02 -3.703683614730834961e-05
-6.624221801757812500e-03 -3.371935337781906128e-02 6.591148674488067627e-03
-1.086417958140373230e-02 -3.566712141036987305e-02 9.806782007217407227e-03
-1.596908271312713623e-02 -3.967795521020889282e-02 1.271583884954452515e-02
-1.551149412989616394e-02 -4.471654444932937622e-02 1.084082573652267456e-02
-1.215478405356407166e-02 -5.008882284164428711e-02 1.109766960144042969e-02
-9.095598012208938599e-03 -5.877768248319625854e-02 9.756073355674743652e-03
-6.823349744081497192e-03 -5.444036424160003662e-02 8.852623403072357178e-03
-5.542196333408355713e-03 -5.572544038295745850e-02 3.885373473167419434e-03
-3.524586558341979980e-03 -4.947701096534729004e-02 1.627132296562194824e-04
-3.676827996969223022e-03 -4.634381830692291260e-02 -9.414553642272949219e-05
-3.353781998157501221e-03 -4.787980765104293823e-02 1.317195594310760498e-03
-3.879707306623458862e-03 -4.908633977174758911e-02 5.008146166801452637e-03
-5.581863224506378174e-03 -5.386657267808914185e-02 5.096048116683959961e-03
-5.132183432579040527e-03 -5.384619534015655518e-02 4.233226180076599121e-03
-5.203545093536376953e-03 -5.109746754169464111e-02 5.053937435150146484e-03
-4.899814724922180176e-03 -5.106262862682342529e-02 2.425730228424072266e-03
-5.019836127758026123e-03 -5.241157114505767822e-02 2.259396016597747803e-03
-3.546245396137237549e-03 -4.995918273925781250e-02 4.534758627414703369e-03
-3.741189837455749512e-03 -5.415000021457672119e-02 5.819335579872131348e-03
-4.661262035369873047e-03 -5.833342671394348145e-02 5.442053079605102539e-03
-5.835130810737609863e-03 -5.602958798408508301e-02 6.717383861541748047e-03
-4.984728991985321045e-03 -5.283860862255096436e-02 7.592804729938507080e-03
-4.045121371746063232e-03 -4.676182568073272705e-02 6.227806210517883301e-03
-2.844654023647308350e-03 -3.592164814472198486e-02 4.587449133396148682e-03
-2.738066017627716064e-03 -3.384207189083099365e-02 3.053523600101470947e-03
-3.257028758525848389e-03 -2.708174102008342743e-02 4.082083702087402344e-03
-4.779830574989318848e-03 -2.430900745093822479e-02 6.091393530368804932e-03
-3.663606941699981689e-03 -1.627997867763042450e-02 6.750665605068206787e-03
-2.094507217407226562e-03 -1.259012334048748016e-02 4.580177366733551025e-03
-9.018480777740478516e-04 -7.879002019762992859e-03 4.348263144493103027e-03
-6.618574261665344238e-04 -6.085110828280448914e-03 4.878669977188110352e-03
-1.847051084041595459e-03 -1.140653900802135468e-02 4.331402480602264404e-03
-8.430033922195434570e-04 -1.377883367240428925e-02 3.201872110366821289e-03
1.755952835083007812e-04 -1.184439472854137421e-02 2.334505319595336914e-03
1.978762447834014893e-03 -7.313845679163932800e-03 9.425058960914611816e-04
2.171389758586883545e-03 -3.029225394129753113e-03 2.346977591514587402e-03
1.257702708244323730e-03 1.403646543622016907e-03 3.312312066555023193e-03
-1.200884580612182617e-04 7.757563143968582153e-04 3.371931612491607666e-03
5.181431770324707031e-04 1.541199162602424622e-03 2.622626721858978271e-03
7.826611399650573730e-04 -1.020548865199089050e-03 2.790421247482299805e-03
9.346529841423034668e-04 -2.719294279813766479e-04 3.433458507061004639e-03
7.900223135948181152e-04 -1.753581687808036804e-03 2.114236354827880859e-03
2.565056085586547852e-03 -6.216894835233688354e-04 1.854747533798217773e-03
1.033887267112731934e-03 -3.474218770861625671e-03 8.603781461715698242e-04
3.828853368759155273e-05 -1.930696889758110046e-03 1.260362565517425537e-03
-4.462376236915588379e-04 -5.405955016613006592e-05 1.852653920650482178e-03
2.046808600425720215e-03 3.404753282666206360e-03 2.299346029758453369e-03
3.384083509445190430e-03 4.234315827488899231e-03 1.226529479026794434e-03
3.477357327938079834e-03 2.370523288846015930e-03 1.185461878776550293e-04
2.684704959392547607e-03 3.177003934979438782e-03 1.329600811004638672e-03
5.954429507255554199e-04 1.836271956562995911e-03 3.164850175380706787e-03
1.897104084491729736e-03 2.885254099965095520e-03 2.192854881286621094e-03
3.323584794998168945e-03 3.629045560956001282e-03 1.378953456878662109e-03
4.180066287517547607e-03 1.494156196713447571e-03 8.753538131713867188e-04
5.019105970859527588e-03 2.463610842823982239e-03 2.557635307312011719e-04
4.948958754539489746e-03 3.280417993664741516e-03 4.366412758827209473e-04
4.155077040195465088e-03 2.342434599995613098e-03 1.514926552772521973e-03
2.967715263366699219e-03 2.831296995282173157e-03 1.782871782779693604e-03
3.153920173645019531e-03 3.965737298130989075e-03 1.012071967124938965e-03
3.979519009590148926e-03 3.968345001339912415e-03 1.127667725086212158e-03
3.230154514312744141e-03 2.640428021550178528e-03 3.735497593879699707e-03
1.805111765861511230e-03 9.859832935035228729e-04 3.855653107166290283e-03
8.601285517215728760e-04 -5.833352915942668915e-04 3.079272806644439697e-03
1.393392682075500488e-03 1.221864949911832809e-03 2.991169691085815430e-03
5.513876676559448242e-04 -3.035776317119598389e-04 2.643018960952758789e-03
2.705805003643035889e-03 1.167058479040861130e-03 2.918861806392669678e-03
2.745468169450759888e-03 -9.801997803151607513e-04 3.874011337757110596e-03
2.749256789684295654e-03 5.439375527203083038e-04 3.684066236019134521e-03
3.321081399917602539e-03 1.513961702585220337e-03 1.505024731159210205e-03
1.785129308700561523e-03 -7.393639534711837769e-04 2.973102033138275146e-03
-5.925484001636505127e-04 -1.633361447602510452e-03 6.410300731658935547e-03
3.329031169414520264e-04 4.234635271131992340e-04 6.880715489387512207e-03
-3.882050514221191406e-04 -6.934576667845249176e-04 6.817214190959930420e-03
-1.934982836246490479e-03 -3.805640619248151779e-03 6.299473345279693604e-03
-9.699091315269470215e-04 -4.177497234195470810e-03 5.308017134666442871e-03
-7.725246250629425049e-04 -5.237421020865440369e-03 4.657112061977386475e-03
1.185104250907897949e-03 -5.183419212698936462e-03 4.962913691997528076e-03
3.615953028202056885e-03 -4.439324140548706055e-03 2.356886863708496094e-03
4.743833094835281372e-03 -2.651475369930267334e-06 3.144517540931701660e-05
3.242515027523040771e-03 1.147272530943155289e-03 6.152316927909851074e-04
4.224814474582672119e-04 -3.557770978659391403e-03 3.098234534263610840e-03
7.289871573448181152e-04 -2.648575697094202042e-03 2.605907618999481201e-03
1.330863684415817261e-03 9.610536508262157440e-04 1.518428325653076172e-04
7.680431008338928223e-05 2.452290616929531097e-03 1.032844185829162598e-03
-7.625967264175415039e-04 -1.562912948429584503e-04 2.417586743831634521e-03
1.644499599933624268e-03 1.842551399022340775e-03 2.282880246639251709e-03
5.499478429555892944e-03 4.818905144929885864e-03 -2.044960856437683105e-04
4.988864064216613770e-03 3.942525014281272888e-03 5.571171641349792480e-04
3.924630582332611084e-03 4.694288596510887146e-03 2.553902566432952881e-03
3.667265176773071289e-03 7.753753103315830231e-03 2.777896821498870850e-03
2.208773046731948853e-03 5.838738754391670227e-03 4.607789218425750732e-03
2.086300402879714966e-03 3.511034883558750153e-03 4.496470093727111816e-03
2.432167530059814453e-03 5.067586898803710938e-03 2.990908920764923096e-03
2.267837524414062500e-03 6.006311625242233276e-03 1.089960336685180664e-03
1.467198133468627930e-03 3.440242260694503784e-03 2.174563705921173096e-04
1.736748963594436646e-03 3.557187505066394806e-03 1.745849847793579102e-03
-2.693273127079010010e-04 1.704819034785032272e-03 3.224737942218780518e-03
4.260987043380737305e-04 3.895733505487442017e-03 3.888987004756927490e-03
1.571018248796463013e-03 2.933969721198081970e-03 3.239139914512634277e-03
2.934452146291732788e-03 3.591401502490043640e-03 3.216400742530822754e-03
4.931535571813583374e-03 2.375668380409479141e-03 3.688000142574310303e-04
4.771292209625244141e-03 3.298701718449592590e-03 2.490170300006866455e-04
2.999044954776763916e-03 1.943372189998626709e-04 4.618987441062927246e-04
1.206487417221069336e-03 -1.740369247272610664e-03 1.799888908863067627e-03
1.346711069345474243e-03 3.128871321678161621e-05 1.800626516342163086e-03
8.986704051494598389e-04 -2.086279680952429771e-03 1.272961497306823730e-03
6.963536143302917480e-04 -1.902001909911632538e-03 2.166517078876495361e-03
1.973047852516174316e-03 -6.435555405914783478e-04 1.279294490814208984e-03
2.916414290666580200e-03 2.240279689431190491e-03 1.046694815158843994e-04
1.701761037111282349e-03 1.957090571522712708e-03 5.233809351921081543e-04
5.697607994079589844e-04 4.953015595674514771e-04 2.716906368732452393e-03
2.102863043546676636e-03 3.308597952127456665e-04 2.413116395473480225e-03
1.565232872962951660e-03 -1.666080206632614136e-04 3.314465284347534180e-04
3.241606056690216064e-03 3.285320475697517395e-03 1.080997288227081299e-03
5.449391901493072510e-03 7.428469136357307434e-03 3.982968628406524658e-04
4.159621894359588623e-03 3.987984731793403625e-03 1.342289149761199951e-03
2.357564866542816162e-03 -2.044718712568283081e-04 1.895345747470855713e-03
2.839833498001098633e-03 1.539843156933784485e-03 1.334272325038909912e-03
2.988435328006744385e-03 1.099782064557075500e-03 -1.009926199913024902e-04
4.108712077140808105e-03 4.576461389660835266e-03 1.231014728546142578e-03
4.067540168762207031e-03 4.252972081303596497e-03 2.163723111152648926e-03
2.996876835823059082e-03 3.699319437146186829e-03 5.421489477157592773e-04
2.644911408424377441e-03 7.743407040834426880e-04 -1.756142824888229370e-03
3.830295056104660034e-03 2.865867689251899719e-03 -2.600856125354766846e-03
3.779776394367218018e-03 3.363715484738349915e-03 -1.413889229297637939e-03
3.861434757709503174e-03 3.672303631901741028e-03 5.008652806282043457e-04
2.346493303775787354e-03 6.948132067918777466e-04 2.405829727649688721e-03
2.941712737083435059e-03 1.282604411244392395e-03 2.332232892513275146e-03
2.139106392860412598e-03 2.743490040302276611e-05 1.192256808280944824e-03
2.176076173782348633e-03 6.461460143327713013e-04 2.304613590240478516e-04
2.975881099700927734e-03 3.652440384030342102e-03 5.303546786308288574e-04
2.500019967555999756e-03 3.966273739933967590e-03 3.428496420383453369e-04
3.208883106708526611e-03 2.251358702778816223e-03 -1.735486090183258057e-03
3.788232803344726562e-03 3.185141831636428833e-04 -3.795448690652847290e-03
4.663687199354171753e-03 1.799264922738075256e-03 -3.317259252071380615e-03
3.432653844356536865e-03 1.709798350930213928e-03 -2.414334565401077271e-03
2.693410962820053101e-03 -3.857268020510673523e-03 -1.884933561086654663e-03
2.470478415489196777e-03 -3.516731783747673035e-03 -2.208262681961059570e-03
-6.501376628875732422e-05 -2.602273598313331604e-03 1.779139041900634766e-03
-4.611127078533172607e-04 -6.438745185732841492e-03 2.771608531475067139e-03
-3.394484519958496094e-05 -5.910256877541542053e-03 1.702629029750823975e-03
4.053600132465362549e-03 -1.237790100276470184e-02 3.353506326675415039e-04
7.015086710453033447e-03 -1.495475322008132935e-02 -3.191869705915451050e-03
1.065322756767272949e-02 -8.007643744349479675e-03 -2.900265157222747803e-03
9.068846702575683594e-03 -9.996308013796806335e-03 -4.377149045467376709e-03
8.598361164331436157e-03 -9.125476703047752380e-03 -5.605258047580718994e-03
1.049213856458663940e-02 -1.091882400214672089e-02 -4.608623683452606201e-03
7.768735289573669434e-03 -1.711583696305751801e-02 -5.425520241260528564e-03
1.853041350841522217e-03 -1.558208651840686798e-02 1.010879874229431152e-03
1.595314592123031616e-03 -1.761608757078647614e-02 4.294775426387786865e-04
1.776125282049179077e-03 -1.350210420787334442e-02 -6.158724427223205566e-04
7.654912769794464111e-04 -1.588662527501583099e-02 7.554590702056884766e-04
7.352791726589202881e-04 -1.849241368472576141e-02 2.021402120590209961e-03
1.791991293430328369e-03 -1.633561961352825165e-02 7.658526301383972168e-04
1.287378370761871338e-03 -2.009354345500469208e-02 -7.376298308372497559e-04
3.297328948974609375e-04 -1.946185529232025146e-02 -1.656562089920043945e-04
-7.125996053218841553e-04 -2.202761918306350708e-02 1.838706433773040771e-03
-6.654895842075347900e-04 -2.345160394906997681e-02 2.658069133758544922e-03
-1.626871526241302490e-03 -2.915827371180057526e-02 3.508038818836212158e-03
-3.218419849872589111e-03 -3.176411241292953491e-02 6.489291787147521973e-03
-4.742350429296493530e-03 -3.846714645624160767e-02 8.082628250122070312e-03
-5.603462457656860352e-03 -4.182306677103042603e-02 8.566930890083312988e-03
-5.498964339494705200e-03 -4.850537329912185669e-02 6.390452384948730469e-03
-3.790698945522308350e-03 -5.016164481639862061e-02 2.832047641277313232e-03
-2.976510673761367798e-03 -4.688844829797744751e-02 2.081245183944702148e-04
-2.242539077997207642e-03 -4.823474586009979248e-02 1.060105860233306885e-04
1.475475728511810303e-04 -4.497639089822769165e-02 -2.364806830883026123e-03
1.310899853706359863e-03 -3.918829560279846191e-02 -5.350075662136077881e-03
-2.360753715038299561e-04 -4.257660359144210815e-02 -3.028661012649536133e-03
-5.793906748294830322e-04 -4.237485677003860474e-02 -6.761781871318817139e-03
-2.666871994733810425e-03 -4.588505625724792480e-02 -6.035581231117248535e-03
-3.202673047780990601e-03 -4.604920744895935059e-02 -5.416471511125564575e-03
-3.208097070455551147e-03 -4.344813525676727295e-02 -3.472335636615753174e-03
-3.086946904659271240e-03 -4.551831632852554321e-02 -4.612039774656295776e-03
-2.590905874967575073e-03 -4.277230054140090942e-02 -5.471080541610717773e-03
-1.280359923839569092e-03 -4.138863831758499146e-02 -6.000537425279617310e-03
-3.702975809574127197e-04 -3.939895331859588623e-02 -3.880389034748077393e-03
2.535458654165267944e-03 -4.215363413095474243e-02 -4.539959132671356201e-03
5.603209137916564941e-04 -4.172772169113159180e-02 -4.269383847713470459e-03
-1.286827027797698975e-03 -3.818544000387191772e-02 -1.606259495019912720e-03
-1.349866390228271484e-03 -3.267059475183486938e-02 -9.055137634277343750e-04
-2.352152019739151001e-03 -2.865337952971458435e-02 -8.464716374874114990e-04
-2.433568239212036133e-03 -2.118724398314952850e-02 3.500916063785552979e-04
-3.856193274259567261e-03 -2.230656519532203674e-02 1.169525086879730225e-03
-2.611484378576278687e-03 -1.780470274388790131e-02 -5.431808531284332275e-04
3.038533031940460205e-04 -1.762896962463855743e-02 -4.221610724925994873e-03
1.302529126405715942e-03 -1.695116050541400909e-02 -4.328988492488861084e-03
2.835895866155624390e-03 -1.543331053107976913e-02 -4.937864840030670166e-03
1.195732504129409790e-03 -1.251039747148752213e-02 -5.034469068050384521e-03
3.956854343414306641e-04 -1.365732029080390930e-02 -3.556482493877410889e-03
2.789497375488281250e-05 -1.507217716425657272e-02 -3.951311111450195312e-03
5.985014140605926514e-04 -1.358674559742212296e-02 -2.902522683143615723e-03
1.843836158514022827e-03 -1.318673510104417801e-02 -2.187188714742660522e-03
2.445053309202194214e-03 -1.307597849518060684e-02 -1.780472695827484131e-03
3.418128937482833862e-03 -8.428211323916912079e-03 -1.200385391712188721e-03
4.891138523817062378e-03 -5.558209959417581558e-03 -4.942990839481353760e-03
5.707822740077972412e-03 -3.245245432481169701e-03 -6.587203592061996460e-03
5.948733538389205933e-03 -1.794183161109685898e-03 -7.336229085922241211e-03
4.858314990997314453e-03 -2.357423771172761917e-03 -6.244868040084838867e-03
2.394851297140121460e-03 -1.100497320294380188e-03 -2.811264246702194214e-03
-4.802398383617401123e-03 -7.005152292549610138e-04 1.349352300167083740e-03
-3.793481737375259399e-03 -4.468001425266265869e-04 3.127753734588623047e-04
-4.124596714973449707e-03 3.511765971779823303e-03 -1.259155571460723877e-03
-1.377332955598831177e-03 1.308681443333625793e-03 -4.777442663908004761e-03
6.870925426483154297e-04 3.297889605164527893e-03 -4.625573754310607910e-03
3.455318510532379150e-04 -1.821424812078475952e-04 -3.750681877136230469e-03
7.625706493854522705e-04 -2.273408696055412292e-03 -4.456985741853713989e-03
1.837372779846191406e-03 9.209103882312774658e-05 -5.981069058179855347e-03
1.685142517089843750e-03 3.368945792317390442e-03 -5.251977592706680298e-03
1.030951738357543945e-03 2.002337947487831116e-03 -2.571299672126770020e-03
1.164525747299194336e-03 3.723936155438423157e-03 -1.888301223516464233e-03
1.264557242393493652e-03 2.458581700921058655e-03 -2.343967556953430176e-03
1.059882342815399170e-03 2.773107960820198059e-03 -1.682505011558532715e-03
3.143772482872009277e-04 1.490848138928413391e-03 -2.378009259700775146e-03
-3.599859774112701416e-04 8.115544915199279785e-06 -1.758784055709838867e-03
-7.648430764675140381e-04 -1.320747658610343933e-03 -7.992014288902282715e-04
-5.178153514862060547e-05 1.554751768708229065e-03 -1.421649008989334106e-03
1.282088458538055420e-03 7.124934345483779907e-04 -3.975573927164077759e-03
3.110319375991821289e-03 4.050413146615028381e-03 -5.993697792291641235e-03
1.887936145067214966e-03 4.964621737599372864e-03 -5.781617015600204468e-03
1.602910459041595459e-03 3.817627206444740295e-03 -6.045944988727569580e-03
2.499032765626907349e-03 5.996095016598701477e-03 -6.892900913953781128e-03
1.065410673618316650e-03 4.267500713467597961e-03 -3.931287676095962524e-03
1.383502036333084106e-03 3.529394045472145081e-03 -4.136674106121063232e-03
1.368880271911621094e-03 1.313837245106697083e-03 -5.444366484880447388e-03
2.105571329593658447e-03 3.880823031067848206e-03 -5.800928920507431030e-03
4.520859569311141968e-03 1.152519322931766510e-02 -7.478971034288406372e-03
2.674791961908340454e-03 4.935787990689277649e-03 -6.490301340818405151e-03
3.826703876256942749e-03 4.955040290951728821e-03 -6.409306079149246216e-03
6.182376295328140259e-03 9.714830666780471802e-04 -9.665325284004211426e-03
4.540834575891494751e-03 4.790375009179115295e-03 -9.432859718799591064e-03
4.656158387660980225e-03 6.219008937478065491e-03 -9.015746414661407471e-03
5.094163119792938232e-03 6.249675527215003967e-03 -9.772136807441711426e-03
6.394781172275543213e-03 5.283089354634284973e-03 -1.156150177121162415e-02
2.344258129596710205e-03 1.605706289410591125e-03 -5.220983177423477173e-03
1.181356608867645264e-03 -1.940948888659477234e-03 -3.538064658641815186e-03
1.348290592432022095e-03 -5.567459389567375183e-03 -3.474604338407516479e-03
2.250779420137405396e-03 8.992273360490798950e-04 -4.336412996053695679e-03
7.732212543487548828e-04 -8.443053811788558960e-04 -3.638613969087600708e-03
-2.327337861061096191e-04 2.422610297799110413e-03 -1.886673271656036377e-03
6.000325083732604980e-05 1.704471185803413391e-03 -1.835204660892486572e-03
4.253499209880828857e-04 -6.222333759069442749e-04 -1.603964716196060181e-03
2.753287553787231445e-04 -1.286385580897331238e-03 -6.941929459571838379e-04
6.545893847942352295e-04 -6.513204425573348999e-04 -1.018762588500976562e-03
1.076862215995788574e-03 -1.357626169919967651e-04 -1.572176814079284668e-03
6.170943379402160645e-04 -3.101434558629989624e-04 -1.241222023963928223e-03
1.846857368946075439e-03 -2.421997487545013428e-05 -4.137799143791198730e-03
3.049947321414947510e-03 1.243704929947853088e-03 -5.224622786045074463e-03
2.827834337949752808e-03 -1.970311626791954041e-03 -5.945593118667602539e-03
3.837794065475463867e-03 1.663854345679283142e-05 -7.187012583017349243e-03
3.352515399456024170e-03 2.356729004532098770e-03 -7.181722670793533325e-03
2.878129482269287109e-03 2.272502984851598740e-03 -6.433568894863128662e-03
2.450320869684219360e-03 1.027944497764110565e-03 -5.010660737752914429e-03
2.800252288579940796e-03 -2.414459362626075745e-03 -4.854179918766021729e-03
2.147957682609558105e-03 -1.170016359537839890e-03 -3.742102533578872681e-03
2.246644347906112671e-03 -1.915120286867022514e-03 -2.873606979846954346e-03
2.149451524019241333e-03 2.929742448031902313e-03 -2.502243965864181519e-03
-1.300387084484100342e-04 7.870518602430820465e-04 -1.174390316009521484e-03
-6.020031869411468506e-04 8.316175080835819244e-04 -1.201272010803222656e-03
3.670826554298400879e-04 9.943870827555656433e-04 -2.621956169605255127e-03
4.396513104438781738e-04 2.160839270800352097e-03 -2.922777086496353149e-03
1.443400979042053223e-04 1.429438591003417969e-03 -2.944275736808776855e-03
4.279315471649169922e-04 1.544514205306768417e-03 -2.196129411458969116e-03
5.800873041152954102e-04 1.365644391626119614e-03 -2.384822815656661987e-03
1.338720321655273438e-04 9.707002900540828705e-04 -1.962754875421524048e-03
-2.759657800197601318e-04 -8.991411887109279633e-04 -1.752514392137527466e-03
-5.350969731807708740e-04 1.015919260680675507e-04 -1.976694911718368530e-03
-2.978295087814331055e-04 1.427354291081428528e-03 -1.792293041944503784e-03
-9.543597698211669922e-04 -1.445644302293658257e-03 -6.155222654342651367e-04
-9.444355964660644531e-04 -1.085791038349270821e-03 -4.449300467967987061e-04
-1.182377338409423828e-03 -2.809520810842514038e-04 -8.489638566970825195e-04
-9.303204715251922607e-04 -2.838638611137866974e-04 -1.131698489189147949e-03
-5.889311432838439941e-04 -1.181014813482761383e-04 -1.197919249534606934e-03
-8.580461144447326660e-04 -2.003984758630394936e-03 -1.582507044076919556e-03
-1.113764941692352295e-03 -1.929041231051087379e-03 -1.136638224124908447e-03
-1.185983419418334961e-03 -2.442607190459966660e-03 -2.392157912254333496e-04
-1.516666263341903687e-03 -8.248579688370227814e-04 -4.000142216682434082e-04
-1.716237515211105347e-03 -2.146983053535223007e-03 -1.974292099475860596e-04
-9.121932089328765869e-04 -2.204870572313666344e-03 -5.034320056438446045e-04
-2.170391380786895752e-04 -1.595442881807684898e-03 -4.428103566169738770e-04
4.558935761451721191e-04 -2.684045350179076195e-03 -6.138496100902557373e-04
5.000121891498565674e-04 -3.271480090916156769e-03 -7.581897079944610596e-04
8.229278028011322021e-04 -2.004680689424276352e-03 -5.725808441638946533e-04
1.054428517818450928e-03 -5.834715440869331360e-03 2.108886837959289551e-05
6.106980144977569580e-04 -9.836003184318542480e-03 1.010194420814514160e-03
1.087166368961334229e-03 -9.858172386884689331e-03 7.625296711921691895e-04
1.152262091636657715e-03 -1.260114554315805435e-02 1.234866678714752197e-03
9.285472333431243896e-04 -1.232230290770530701e-02 7.532611489295959473e-04
1.200139522552490234e-03 -1.033341139554977417e-02 2.119690179824829102e-06
1.809969544410705566e-04 -1.029405370354652405e-02 2.901367843151092529e-04
8.007325232028961182e-04 -7.047828286886215210e-03 2.737045288085937500e-04
4.115849733352661133e-04 -6.356989964842796326e-03 1.317784190177917480e-04
1.515235751867294312e-03 -4.266073927283287048e-03 -1.368097960948944092e-03
3.188539296388626099e-03 -4.944137763231992722e-03 -3.880482167005538940e-03
2.244465053081512451e-03 -4.999326076358556747e-03 -1.078955829143524170e-04
-1.826621592044830322e-04 -9.413808584213256836e-05 1.709677278995513916e-03
-1.303382217884063721e-03 -4.733074456453323364e-04 3.661975264549255371e-03
2.573318779468536377e-04 -5.249014124274253845e-03 1.650698482990264893e-03
2.211432904005050659e-03 -4.471411928534507751e-03 -1.850165426731109619e-04
3.128014504909515381e-03 4.416765645146369934e-03 -1.207351684570312500e-03
2.756606787443161011e-03 1.474881544709205627e-03 -3.166895359754562378e-03
3.544595092535018921e-03 5.731167271733283997e-03 -4.217863082885742188e-03
4.162192344665527344e-03 7.297316566109657288e-03 -4.645794630050659180e-03
3.359220921993255615e-03 5.381645634770393372e-03 -4.390813410282135010e-03
4.489228129386901855e-03 6.833681836724281311e-03 -4.156988114118576050e-03
4.624020308256149292e-03 8.105242624878883362e-03 -3.784615546464920044e-03
5.090925842523574829e-03 8.667776361107826233e-03 -3.620330244302749634e-03
5.170438438653945923e-03 8.288936689496040344e-03 -3.577671945095062256e-03
4.484917968511581421e-03 5.215974524617195129e-03 -2.739187330007553101e-03
4.324100911617279053e-03 5.874769762158393860e-03 -2.197414636611938477e-03
4.518438130617141724e-03 4.407713189721107483e-03 -1.774594187736511230e-03
4.543032497167587280e-03 4.089022055268287659e-03 -1.231893897056579590e-03
5.379963666200637817e-03 4.276329651474952698e-03 -8.640326559543609619e-04
5.113452672958374023e-03 2.046706154942512512e-03 -7.547885179519653320e-04
5.708806216716766357e-03 2.914169803261756897e-03 -8.663721382617950439e-04
4.742309451103210449e-03 2.060683444142341614e-03 -1.540742814540863037e-04
4.084140062332153320e-03 2.447264268994331360e-03 5.967244505882263184e-04
2.656221389770507812e-03 2.215672284364700317e-04 1.861803233623504639e-03
4.349853843450546265e-03 1.154186204075813293e-03 1.426957547664642334e-03
4.746373742818832397e-03 1.736136153340339661e-03 6.847158074378967285e-04
4.117466509342193604e-03 3.272527828812599182e-03 4.970207810401916504e-04
3.259256482124328613e-03 1.891652122139930725e-03 -3.143101930618286133e-04
1.838393509387969971e-03 2.055676653981208801e-03 -1.089368015527725220e-03
1.794554293155670166e-03 5.534300580620765686e-03 -2.491455525159835815e-03
2.248253673315048218e-03 1.271924562752246857e-02 -1.690387725830078125e-03
2.518825232982635498e-03 1.676459051668643951e-02 -2.429112792015075684e-04
6.705448031425476074e-04 8.886324241757392883e-03 3.869451582431793213e-03
-6.596595048904418945e-04 -7.607992738485336304e-04 9.202405810356140137e-03
-1.399740576744079590e-03 -1.440377719700336456e-02 4.242420196533203125e-03
1.406975090503692627e-03 -1.833552494645118713e-02 -1.572515815496444702e-03
8.658207952976226807e-04 -2.091675996780395508e-02 -4.375033080577850342e-03
1.529239118099212646e-03 -2.001224830746650696e-02 -3.427587449550628662e-03
1.231778413057327271e-03 -2.391708828508853912e-02 -2.194080501794815063e-03
-6.888285279273986816e-04 -2.856268733739852905e-02 -4.267316311597824097e-03
-1.142147928476333618e-03 -3.031687811017036438e-02 -2.465199679136276245e-03
3.113038837909698486e-04 -3.234031051397323608e-02 -3.458455204963684082e-03
2.042431384325027466e-03 -3.237126022577285767e-02 -4.266820847988128662e-03
1.116424798965454102e-03 -2.992259711027145386e-02 -3.209538757801055908e-03
1.404773443937301636e-03 -2.685464732348918915e-02 -2.329472452402114868e-03
1.089215278625488281e-03 -2.088576927781105042e-02 -1.402501016855239868e-03
8.150041103363037109e-04 -1.659707352519035339e-02 -1.411829143762588501e-03
2.313517034053802490e-04 -7.976953871548175812e-03 2.032414078712463379e-03
5.404837429523468018e-04 1.108894590288400650e-03 2.705983817577362061e-03
1.341775059700012207e-04 3.688723780214786530e-03 3.898896276950836182e-03
-1.353833824396133423e-03 6.732706911861896515e-03 4.615865647792816162e-03
-1.795317977666854858e-03 9.721426293253898621e-03 2.994157373905181885e-03
-1.477818936109542847e-03 8.315155282616615295e-03 1.352950930595397949e-03
-1.745741814374923706e-03 5.822813138365745544e-03 1.622095704078674316e-03
-8.063800632953643799e-04 1.052726618945598602e-02 7.545650005340576172e-04
5.718618631362915039e-04 1.032195147126913071e-02 6.542429327964782715e-04
6.078109145164489746e-04 5.388563498854637146e-03 8.687525987625122070e-04
-2.622902393341064453e-04 3.165271133184432983e-03 1.857973635196685791e-03
-9.130164980888366699e-04 -1.512947492301464081e-03 3.098256886005401611e-03
-1.777444034814834595e-03 -2.109447494149208069e-03 3.424294292926788330e-03
-8.022859692573547363e-04 -7.264018058776855469e-04 3.083527088165283203e-03
-6.992742419242858887e-05 2.130061853677034378e-03 2.782642841339111328e-03
-6.134398281574249268e-04 1.044111791998147964e-03 3.920383751392364502e-03
-1.264061778783798218e-03 -3.383171278983354568e-03 4.151068627834320068e-03
-1.019693911075592041e-03 -2.663640072569251060e-03 3.700949251651763916e-03
-1.413345336914062500e-03 -3.591686952859163284e-03 3.731258213520050049e-03
5.136057734489440918e-05 -1.554874703288078308e-03 3.500267863273620605e-03
-9.401515126228332520e-04 -3.194536082446575165e-03 3.631912171840667725e-03
