3.247315436601638794e-02 -1.921992935240268707e-02 1.067771911621093750e+00
9.125848859548568726e-02 -2.779411710798740387e-02 1.220727205276489258e+00
1.383492648601531982e-01 -3.287769109010696411e-02 1.133917093276977539e+00
1.960316151380538940e-01 -3.948577120900154114e-02 1.187887668609619141e+00
2.322864532470703125e-01 -4.204509034752845764e-02 1.110435962677001953e+00
2.557819783687591553e-01 -3.901043534278869629e-02 9.292784929275512695e-01
2.668525278568267822e-01 -3.012481518089771271e-02 8.001871109008789062e-01
2.678442001342773438e-01 -2.924872748553752899e-02 6.814426183700561523e-01
2.900287806987762451e-01 -3.120065107941627502e-02 6.258412599563598633e-01
3.340924084186553955e-01 -2.953557670116424561e-02 6.647736430168151855e-01
4.239493012428283691e-01 -3.141724690794944763e-02 7.742170095443725586e-01
4.613516926765441895e-01 -3.018584288656711578e-02 7.616680264472961426e-01
4.628995358943939209e-01 -2.738849259912967682e-02 6.844841837882995605e-01
5.182517170906066895e-01 -2.889891900122165680e-02 6.844361424446105957e-01
5.632672309875488281e-01 -2.900184504687786102e-02 6.797552704811096191e-01
6.022530198097229004e-01 -2.926546335220336914e-02 6.624404788017272949e-01
6.204755306243896484e-01 -3.016839735209941864e-02 6.283546090126037598e-01
6.104604005813598633e-01 -2.489524148404598236e-02 5.691969394683837891e-01
5.931770801544189453e-01 -2.034948952496051788e-02 5.039432048797607422e-01
6.700887084007263184e-01 -1.966503076255321503e-02 5.026806592941284180e-01
6.189767718315124512e-01 -1.337664574384689331e-02 4.023325741291046143e-01
6.609531044960021973e-01 -1.934980973601341248e-02 3.937675356864929199e-01
6.832919120788574219e-01 -2.444810979068279266e-02 3.744282722473144531e-01
5.976886749267578125e-01 -1.408646162599325180e-02 2.927787601947784424e-01
6.294396519660949707e-01 -1.478025782853364944e-02 2.796298563480377197e-01
7.138689160346984863e-01 -1.698675751686096191e-02 2.848984599113464355e-01
7.083724141120910645e-01 -1.227995101362466812e-02 2.529968619346618652e-01
7.117423415184020996e-01 -7.117854896932840347e-03 2.288939952850341797e-01
7.196785211563110352e-01 -4.241148009896278381e-03 2.050372809171676636e-01
7.715699076652526855e-01 -3.709277370944619179e-04 1.953488290309906006e-01
8.227146267890930176e-01 -2.995239570736885071e-03 1.797969341278076172e-01
8.440325260162353516e-01 -3.181598847731947899e-03 1.554656624794006348e-01
8.593077063560485840e-01 -6.082627922296524048e-03 1.424799710512161255e-01
9.379872679710388184e-01 -4.171951208263635635e-03 1.299336552619934082e-01
1.019659757614135742e+00 -4.573012702167034149e-03 9.809778630733489990e-02
1.096389889717102051e+00 -1.015299931168556213e-02 7.290212064981460571e-02
1.174156427383422852e+00 -1.184717658907175064e-02 5.013030394911766052e-02
1.139195322990417480e+00 -4.403013270348310471e-03 2.244231104850769043e-02
1.112132310867309570e+00 -3.513866802677512169e-03 -5.475324112921953201e-03
1.220404624938964844e+00 -3.903785953298211098e-03 -3.193135187029838562e-02
1.240926027297973633e+00 4.017039900645613670e-04 -5.334304273128509521e-02
1.213886380195617676e+00 5.480682011693716049e-03 -6.851267814636230469e-02
1.227180600166320801e+00 5.582319106906652451e-03 -8.880563080310821533e-02
1.318824052810668945e+00 4.215193912386894226e-03 -1.151913702487945557e-01
1.289600729942321777e+00 3.509931499138474464e-03 -1.266706138849258423e-01
1.296963095664978027e+00 -1.045640674419701099e-04 -1.387496292591094971e-01
1.359461069107055664e+00 -2.848438220098614693e-03 -1.572321653366088867e-01
1.320090293884277344e+00 2.139965072274208069e-04 -1.646696031093597412e-01
1.288528680801391602e+00 -2.546498726587742567e-04 -1.732472032308578491e-01
1.247639179229736328e+00 8.525895536877214909e-04 -1.750679761171340942e-01
1.268519401550292969e+00 -1.717189210467040539e-03 -1.808791309595108032e-01
1.336722850799560547e+00 -2.066056011244654655e-03 -1.969086527824401855e-01
1.315732836723327637e+00 3.276394272688776255e-05 -1.929492354393005371e-01
1.281935930252075195e+00 1.194112701341509819e-03 -1.874747723340988159e-01
1.365399360656738281e+00 2.787464996799826622e-03 -2.043204754590988159e-01
1.483831644058227539e+00 6.026690360158681870e-03 -2.245878130197525024e-01
1.478206992149353027e+00 6.663206964731216431e-03 -2.281047105789184570e-01
1.488149404525756836e+00 6.698795128613710403e-03 -2.357951104640960693e-01
1.472985386848449707e+00 6.409190129488706589e-03 -2.307616025209426880e-01
1.530297040939331055e+00 5.146752577275037766e-03 -2.404799759387969971e-01
1.589061498641967773e+00 6.712194066494703293e-03 -2.463866174221038818e-01
1.532930016517639160e+00 3.686256241053342819e-03 -2.438305914402008057e-01
1.495825886726379395e+00 2.379663055762648582e-03 -2.361939102411270142e-01
1.426864504814147949e+00 1.929288555402308702e-04 -2.246616929769515991e-01
1.382058143615722656e+00 -2.859215484932065010e-03 -2.202338278293609619e-01
1.369196772575378418e+00 -2.744887489825487137e-03 -2.182466834783554077e-01
1.353611111640930176e+00 -1.473570242524147034e-03 -2.177322506904602051e-01
1.427977681159973145e+00 5.255352007225155830e-04 -2.338903397321701050e-01
1.442010045051574707e+00 3.235804848372936249e-03 -2.305695712566375732e-01
1.401526570320129395e+00 6.896506529301404953e-04 -2.202947884798049927e-01
1.445819020271301270e+00 4.269064404070377350e-03 -2.213144898414611816e-01
1.572842478752136230e+00 6.373156793415546417e-03 -2.413610666990280151e-01
1.570870876312255859e+00 7.737494539469480515e-03 -2.437268942594528198e-01
1.707605481147766113e+00 1.194638852030038834e-02 -2.748294770717620850e-01
1.820058703422546387e+00 1.283042877912521362e-02 -2.990794777870178223e-01
1.797181129455566406e+00 1.090031955391168594e-02 -2.985706925392150879e-01
1.602717399597167969e+00 9.737490676343441010e-03 -2.630270421504974365e-01
1.544045567512512207e+00 1.241773832589387894e-02 -2.477041482925415039e-01
1.635401368141174316e+00 1.066581625491380692e-02 -2.628670334815979004e-01
1.692620635032653809e+00 9.658682160079479218e-03 -2.769155502319335938e-01
1.673367857933044434e+00 9.499701671302318573e-03 -2.855315804481506348e-01
1.577291131019592285e+00 1.179314218461513519e-02 -2.687042057514190674e-01
1.574355959892272949e+00 1.041671633720397949e-02 -2.671303451061248779e-01
1.679722666740417480e+00 6.902670022100210190e-03 -2.916046977043151855e-01
1.575644731521606445e+00 5.312704015523195267e-03 -2.968395650386810303e-01
1.508944630622863770e+00 3.089270554482936859e-03 -2.796730101108551025e-01
1.485206246376037598e+00 8.995719254016876221e-03 -2.729439139366149902e-01
1.622841000556945801e+00 1.195915415883064270e-02 -3.054192662239074707e-01
1.760182619094848633e+00 7.265896070748567581e-03 -3.343969285488128662e-01
1.670279264450073242e+00 6.064523011445999146e-03 -3.321955204010009766e-01
1.767506361007690430e+00 1.285595004446804523e-03 -3.653804361820220947e-01
1.702304601669311523e+00 3.930564969778060913e-03 -3.496968746185302734e-01
1.605370521545410156e+00 2.393177710473537445e-02 -3.399461209774017334e-01
1.583452463150024414e+00 1.660691015422344208e-02 -3.359616994857788086e-01
1.529297351837158203e+00 5.661100614815950394e-03 -3.391994535923004150e-01
1.730938911437988281e+00 4.499341826885938644e-03 -3.976560831069946289e-01
1.980698227882385254e+00 -1.645125885261222720e-04 -4.687939286231994629e-01
1.862839937210083008e+00 -3.921099938452243805e-03 -4.549528062343597412e-01
1.963281869888305664e+00 -5.988189950585365295e-03 -4.999132156372070312e-01
1.907433748245239258e+00 -3.044366138055920601e-03 -4.871636331081390381e-01
1.908741593360900879e+00 -5.437521613202989101e-04 -4.878336191177368164e-01
2.070456981658935547e+00 2.566365757957100868e-03 -5.359407663345336914e-01
2.149415731430053711e+00 7.271495182067155838e-03 -5.626036524772644043e-01
1.914996623992919922e+00 1.276351790875196457e-02 -5.153345465660095215e-01
2.187576055526733398e+00 9.414343163371086121e-03 -5.802736878395080566e-01
1.828049182891845703e+00 2.631762996315956116e-03 -4.880981743335723877e-01
1.754483342170715332e+00 3.356233704835176468e-03 -4.781666398048400879e-01
1.936849117279052734e+00 8.527231402695178986e-03 -5.241833329200744629e-01
2.031796216964721680e+00 9.476576000452041626e-03 -5.479142665863037109e-01
2.067635536193847656e+00 1.779450476169586182e-02 -5.635758042335510254e-01
2.075822353363037109e+00 2.133886329829692841e-02 -5.814031958580017090e-01
2.104826927185058594e+00 1.394348498433828354e-02 -6.193115115165710449e-01
2.091629743576049805e+00 1.242310740053653717e-02 -6.384819149971008301e-01
2.035485267639160156e+00 9.941324591636657715e-03 -6.379773616790771484e-01
2.130036830902099609e+00 9.681936353445053101e-03 -6.810117959976196289e-01
2.041853904724121094e+00 9.066525846719741821e-03 -6.618020534515380859e-01
2.001297235488891602e+00 7.004615385085344315e-03 -6.610253453254699707e-01
1.958384037017822266e+00 5.294590722769498825e-03 -6.450670957565307617e-01
1.998533964157104492e+00 4.023151472210884094e-03 -6.660591959953308105e-01
2.045392990112304688e+00 4.786004777997732162e-03 -6.948367953300476074e-01
1.972660064697265625e+00 6.628785282373428345e-03 -6.811942458152770996e-01
1.938724875450134277e+00 5.231996532529592514e-03 -6.790017485618591309e-01
2.040659427642822266e+00 8.419351652264595032e-03 -7.181828618049621582e-01
2.071396589279174805e+00 1.054549869149923325e-02 -7.334401011466979980e-01
2.237680912017822266e+00 1.391434110701084137e-02 -7.947233319282531738e-01
2.228726625442504883e+00 1.563746854662895203e-02 -8.038114309310913086e-01
2.292259693145751953e+00 1.536864694207906723e-02 -8.327249884605407715e-01
2.286320924758911133e+00 1.719074323773384094e-02 -8.299427032470703125e-01
2.219068050384521484e+00 1.604205369949340820e-02 -8.070415258407592773e-01
2.264562129974365234e+00 1.242265198379755020e-02 -8.317387104034423828e-01
2.311406850814819336e+00 9.277142584323883057e-03 -8.595903515815734863e-01
2.243652343750000000e+00 8.785472251474857330e-03 -8.462281227111816406e-01
2.202900171279907227e+00 7.049372419714927673e-03 -8.530692458152770996e-01
2.237376689910888672e+00 8.284754119813442230e-03 -8.884394764900207520e-01
2.230557680130004883e+00 1.338277757167816162e-02 -8.995689749717712402e-01
2.248629093170166016e+00 1.241232082247734070e-02 -9.239783287048339844e-01
2.138510942459106445e+00 8.768666535615921021e-03 -8.906167745590209961e-01
2.053878545761108398e+00 4.619603510946035385e-03 -8.624464869499206543e-01
2.099410295486450195e+00 5.058113951236009598e-03 -8.854446411132812500e-01
2.117905855178833008e+00 5.102754104882478714e-03 -9.010071158409118652e-01
2.162776470184326172e+00 7.008742541074752808e-03 -9.267605543136596680e-01
2.141767501831054688e+00 4.375616554170846939e-03 -9.259728193283081055e-01
2.131658554077148438e+00 1.220316509716212749e-03 -9.315052628517150879e-01
2.095686197280883789e+00 6.203186349011957645e-04 -9.164931178092956543e-01
2.150291919708251953e+00 -3.446353599429130554e-03 -9.366922974586486816e-01
2.078752279281616211e+00 -1.017375104129314423e-02 -9.139667749404907227e-01
1.968029022216796875e+00 -1.502497401088476181e-02 -8.819789886474609375e-01
2.051311731338500977e+00 -9.637042880058288574e-03 -9.290675520896911621e-01
2.072820425033569336e+00 -4.523126874119043350e-03 -9.430233836174011230e-01
2.057409286499023438e+00 -2.144480356946587563e-03 -9.454087615013122559e-01
2.090728998184204102e+00 -2.933916170150041580e-03 -9.682092070579528809e-01
2.115467071533203125e+00 -4.514396190643310547e-03 -9.921762347221374512e-01
2.049650907516479492e+00 -4.535192274488508701e-04 -9.753636121749877930e-01
1.986262083053588867e+00 -3.721319080796092749e-04 -9.556142091751098633e-01
2.003145694732666016e+00 1.344741904176771641e-03 -9.715690016746520996e-01
1.987833023071289062e+00 -2.322143991477787495e-04 -9.700747728347778320e-01
1.975381255149841309e+00 1.242075231857597828e-04 -9.719097018241882324e-01
2.094034433364868164e+00 7.141182664781808853e-03 -1.036924600601196289e+00
2.207082986831665039e+00 1.021864265203475952e-02 -1.098721623420715332e+00
2.143029212951660156e+00 8.365791290998458862e-03 -1.078442454338073730e+00
1.985090851783752441e+00 2.651238348335027695e-03 -1.013123393058776855e+00
1.862471461296081543e+00 2.505526179447770119e-03 -9.576335549354553223e-01
1.917572498321533203e+00 6.624913658015429974e-04 -9.875929355621337891e-01
1.896840691566467285e+00 2.446827944368124008e-03 -9.942489862442016602e-01
1.854450225830078125e+00 4.364246502518653870e-03 -9.800294637680053711e-01
1.926462411880493164e+00 6.380208767950534821e-03 -1.020637750625610352e+00
2.009437799453735352e+00 6.580748129636049271e-03 -1.077386736869812012e+00
2.006570577621459961e+00 6.503558252006769180e-03 -1.092017292976379395e+00
2.065249919891357422e+00 2.419045893475413322e-03 -1.134142518043518066e+00
2.016912937164306641e+00 -3.222643863409757614e-03 -1.116076707839965820e+00
2.044445991516113281e+00 -5.196483805775642395e-03 -1.142198085784912109e+00
2.025804519653320312e+00 -5.137215368449687958e-03 -1.139435887336730957e+00
1.968936085700988770e+00 -4.483402706682682037e-03 -1.108211994171142578e+00
1.970625877380371094e+00 -6.350466050207614899e-03 -1.115607380867004395e+00
1.953046441078186035e+00 -4.328289069235324860e-03 -1.111867189407348633e+00
1.960897684097290039e+00 -3.854506881907582283e-03 -1.118979334831237793e+00
2.014859199523925781e+00 3.220899961888790131e-03 -1.157466411590576172e+00
2.058394670486450195e+00 6.844353396445512772e-03 -1.191712379455566406e+00
2.114807844161987305e+00 7.655680645257234573e-03 -1.229848027229309082e+00
2.103936910629272461e+00 8.243136107921600342e-03 -1.234945654869079590e+00
2.125143289566040039e+00 9.590422734618186951e-03 -1.263266682624816895e+00
2.282067537307739258e+00 1.179097220301628113e-02 -1.361095428466796875e+00
2.221711874008178711e+00 6.875288672745227814e-03 -1.332592844963073730e+00
2.098623037338256836e+00 4.245749209076166153e-03 -1.272654891014099121e+00
2.152234077453613281e+00 4.080913495272397995e-03 -1.319322109222412109e+00
2.135366916656494141e+00 7.150677032768726349e-03 -1.327106833457946777e+00
2.003116369247436523e+00 6.934439297765493393e-03 -1.277733564376831055e+00
1.971579313278198242e+00 1.141437236219644547e-02 -1.275305986404418945e+00
2.084634304046630859e+00 1.386715751141309738e-02 -1.359051227569580078e+00
2.159586429595947266e+00 1.260472554713487625e-02 -1.413894891738891602e+00
2.173580884933471680e+00 1.599138975143432617e-02 -1.424482941627502441e+00
2.204241514205932617e+00 2.192384749650955200e-02 -1.458646535873413086e+00
2.178538084030151367e+00 2.987474016845226288e-02 -1.449850797653198242e+00
2.074477195739746094e+00 3.165392205119132996e-02 -1.392978549003601074e+00
2.210824728012084961e+00 3.579657152295112610e-02 -1.496679186820983887e+00
2.214275836944580078e+00 3.551520034670829773e-02 -1.520988702774047852e+00
2.156877279281616211e+00 3.742709383368492126e-02 -1.495465040206909180e+00
2.235455989837646484e+00 4.122165963053703308e-02 -1.560324907302856445e+00
2.238327503204345703e+00 4.257882013916969299e-02 -1.581493854522705078e+00
2.284352064132690430e+00 4.755424708127975464e-02 -1.622483372688293457e+00
2.290096521377563477e+00 5.185089260339736938e-02 -1.641293644905090332e+00
2.163667917251586914e+00 4.478338733315467834e-02 -1.580971956253051758e+00
2.022633552551269531e+00 3.814097493886947632e-02 -1.487439513206481934e+00
1.972006440162658691e+00 4.230273887515068054e-02 -1.450393676757812500e+00
2.018737316131591797e+00 4.743969812989234924e-02 -1.502542138099670410e+00
2.007284641265869141e+00 4.091516509652137756e-02 -1.510423660278320312e+00
1.966503381729125977e+00 3.270072862505912781e-02 -1.496516227722167969e+00
2.018320798873901367e+00 4.055844247341156006e-02 -1.531659364700317383e+00
2.068670511245727539e+00 4.700202867388725281e-02 -1.586556315422058105e+00
2.034446477890014648e+00 4.859515652060508728e-02 -1.583054423332214355e+00
2.010005235671997070e+00 4.992841556668281555e-02 -1.572610735893249512e+00
1.929881095886230469e+00 4.947453364729881287e-02 -1.518676877021789551e+00
1.906604766845703125e+00 5.090514197945594788e-02 -1.510454058647155762e+00
1.935431957244873047e+00 5.339311435818672180e-02 -1.538277506828308105e+00
1.943213105201721191e+00 4.796317964792251587e-02 -1.550974011421203613e+00
1.883706569671630859e+00 2.983773499727249146e-02 -1.526218295097351074e+00
1.741772532463073730e+00 1.044918596744537354e-02 -1.428919792175292969e+00
1.771300673484802246e+00 7.470022421330213547e-03 -1.459162235260009766e+00
1.830466985702514648e+00 2.760607190430164337e-02 -1.506678104400634766e+00
1.845561861991882324e+00 5.628525838255882263e-02 -1.529782533645629883e+00
1.928271532058715820e+00 7.548346370458602905e-02 -1.600853562355041504e+00
1.931002616882324219e+00 7.688820362091064453e-02 -1.617226243019104004e+00
1.896922349929809570e+00 7.069983333349227905e-02 -1.602710604667663574e+00
1.929823994636535645e+00 6.630924344062805176e-02 -1.640282392501831055e+00
1.913146615028381348e+00 5.701559782028198242e-02 -1.633231163024902344e+00
1.864349603652954102e+00 5.227647721767425537e-02 -1.602981209754943848e+00
1.870145082473754883e+00 5.695554241538047791e-02 -1.620981216430664062e+00
1.852273702621459961e+00 6.114867702126502991e-02 -1.610954642295837402e+00
1.830892920494079590e+00 6.384620070457458496e-02 -1.594764709472656250e+00
1.811129450798034668e+00 6.522910296916961670e-02 -1.582915306091308594e+00
1.794834494590759277e+00 6.582856178283691406e-02 -1.576914072036743164e+00
1.809048175811767578e+00 6.859084218740463257e-02 -1.588343739509582520e+00
1.837627172470092773e+00 7.617787271738052368e-02 -1.611447215080261230e+00
1.877913355827331543e+00 8.402859419584274292e-02 -1.646903038024902344e+00
1.908884048461914062e+00 8.580321073532104492e-02 -1.678423166275024414e+00
1.826762437820434570e+00 7.429856061935424805e-02 -1.623222351074218750e+00
1.695854902267456055e+00 5.932415649294853210e-02 -1.526844024658203125e+00
1.635968685150146484e+00 5.732337757945060730e-02 -1.482512831687927246e+00
1.699948906898498535e+00 6.134854629635810852e-02 -1.544893622398376465e+00
1.739719152450561523e+00 5.938681215047836304e-02 -1.589682102203369141e+00
1.640183925628662109e+00 5.587149038910865784e-02 -1.502410531044006348e+00
1.583182811737060547e+00 5.873303487896919250e-02 -1.448207378387451172e+00
1.674179196357727051e+00 6.820645928382873535e-02 -1.531525731086730957e+00
1.817186236381530762e+00 8.615285903215408325e-02 -1.648746490478515625e+00
1.779614567756652832e+00 9.566015750169754028e-02 -1.605236291885375977e+00
1.806994676589965820e+00 1.014253199100494385e-01 -1.634421825408935547e+00
1.724211215972900391e+00 8.719425648450851440e-02 -1.557799577713012695e+00
1.683509349822998047e+00 7.358901947736740112e-02 -1.515264034271240234e+00
1.814074873924255371e+00 7.540912926197052002e-02 -1.612890720367431641e+00
1.808749079704284668e+00 7.595779001712799072e-02 -1.591511249542236328e+00
1.774680137634277344e+00 7.306856662034988403e-02 -1.552888631820678711e+00
1.813208580017089844e+00 6.906095892190933228e-02 -1.581064581871032715e+00
1.796975970268249512e+00 6.384144723415374756e-02 -1.558187365531921387e+00
1.757388114929199219e+00 6.272421777248382568e-02 -1.518111109733581543e+00
1.767302274703979492e+00 5.919630080461502075e-02 -1.528773427009582520e+00
1.800323486328125000e+00 6.023733317852020264e-02 -1.553415298461914062e+00
1.849021911621093750e+00 6.844541430473327637e-02 -1.586946368217468262e+00
1.914349794387817383e+00 7.587017118930816650e-02 -1.641295790672302246e+00
1.858824014663696289e+00 7.583224773406982422e-02 -1.591549873352050781e+00
1.803881406784057617e+00 7.375904917716979980e-02 -1.541513085365295410e+00
1.824341058731079102e+00 7.195948809385299683e-02 -1.559188008308410645e+00
1.818331003189086914e+00 6.721504032611846924e-02 -1.552019834518432617e+00
1.752102971076965332e+00 6.356166303157806396e-02 -1.487672686576843262e+00
1.756614685058593750e+00 6.588647514581680298e-02 -1.490223050117492676e+00
1.756531238555908203e+00 6.570859253406524658e-02 -1.491952300071716309e+00
1.776037573814392090e+00 6.736689060926437378e-02 -1.504020452499389648e+00
1.797552227973937988e+00 7.018947601318359375e-02 -1.517619490623474121e+00
1.814561367034912109e+00 7.211115211248397827e-02 -1.530071616172790527e+00
1.813825845718383789e+00 7.234080135822296143e-02 -1.523182749748229980e+00
1.791635990142822266e+00 6.633383035659790039e-02 -1.502478599548339844e+00
1.799085617065429688e+00 6.701035797595977783e-02 -1.508749365806579590e+00
1.773087263107299805e+00 6.737118214368820190e-02 -1.486080050468444824e+00
1.755643248558044434e+00 6.799603998661041260e-02 -1.469897389411926270e+00
1.748148322105407715e+00 6.926206499338150024e-02 -1.465176224708557129e+00
1.769703388214111328e+00 7.124252617359161377e-02 -1.482818484306335449e+00
1.794854164123535156e+00 6.994789838790893555e-02 -1.506615757942199707e+00
1.808300733566284180e+00 7.220201939344406128e-02 -1.520307540893554688e+00
1.844552874565124512e+00 8.080179989337921143e-02 -1.546726703643798828e+00
1.879373669624328613e+00 8.709645271301269531e-02 -1.572579503059387207e+00
1.863692641258239746e+00 8.542144298553466797e-02 -1.560642123222351074e+00
1.836524963378906250e+00 7.908158004283905029e-02 -1.541355133056640625e+00
1.828034281730651855e+00 7.886468619108200073e-02 -1.536410927772521973e+00
1.831542253494262695e+00 8.157337456941604614e-02 -1.536938905715942383e+00
1.857444405555725098e+00 8.293485641479492188e-02 -1.556578755378723145e+00
1.885444045066833496e+00 8.169226348400115967e-02 -1.582494497299194336e+00
1.879281044006347656e+00 8.239901810884475708e-02 -1.578028440475463867e+00
1.861747622489929199e+00 8.719255030155181885e-02 -1.558600425720214844e+00
1.862973213195800781e+00 9.061516076326370239e-02 -1.555741548538208008e+00
1.865227818489074707e+00 8.859521895647048950e-02 -1.557966709136962891e+00
1.841914892196655273e+00 8.713641762733459473e-02 -1.537863850593566895e+00
1.862445592880249023e+00 8.750213682651519775e-02 -1.555162072181701660e+00
1.857748150825500488e+00 8.934290707111358643e-02 -1.552425146102905273e+00
1.848578572273254395e+00 8.880028128623962402e-02 -1.542106032371520996e+00
1.847561717033386230e+00 8.578979969024658203e-02 -1.543995738029479980e+00
1.799051642417907715e+00 8.473455160856246948e-02 -1.505820274353027344e+00
1.794500112533569336e+00 9.009865671396255493e-02 -1.497223615646362305e+00
1.824983716011047363e+00 9.763125330209732056e-02 -1.522818446159362793e+00
1.857893586158752441e+00 9.793824702501296997e-02 -1.555141925811767578e+00
1.823875308036804199e+00 8.763856440782546997e-02 -1.527857422828674316e+00
1.762031197547912598e+00 8.204288035631179810e-02 -1.476555705070495605e+00
1.775783061981201172e+00 8.763099461793899536e-02 -1.486983060836791992e+00
1.827456951141357422e+00 9.824085980653762817e-02 -1.528169393539428711e+00
1.873023390769958496e+00 1.020977124571800232e-01 -1.570445299148559570e+00
1.897689938545227051e+00 1.006108447909355164e-01 -1.593814373016357422e+00
1.877949714660644531e+00 1.000332161784172058e-01 -1.577153801918029785e+00
1.865708827972412109e+00 9.953618049621582031e-02 -1.565984964370727539e+00
1.883410334587097168e+00 9.921189397573471069e-02 -1.579187750816345215e+00
1.860202074050903320e+00 1.008423939347267151e-01 -1.555688381195068359e+00
1.855409741401672363e+00 1.024776250123977661e-01 -1.547698736190795898e+00
1.823919296264648438e+00 1.004660427570343018e-01 -1.517590403556823730e+00
1.821327328681945801e+00 1.031227633357048035e-01 -1.509113669395446777e+00
1.844195246696472168e+00 1.055011972784996033e-01 -1.531367897987365723e+00
1.845069289207458496e+00 1.049060449004173279e-01 -1.531742930412292480e+00
1.794440627098083496e+00 1.007334291934967041e-01 -1.485210299491882324e+00
1.795158505439758301e+00 9.931989014148712158e-02 -1.484713554382324219e+00
1.806796073913574219e+00 9.675990045070648193e-02 -1.491906404495239258e+00
1.849093556404113770e+00 9.857225418090820312e-02 -1.523900032043457031e+00
1.846160769462585449e+00 1.014702469110488892e-01 -1.517377734184265137e+00
1.837662220001220703e+00 1.008413732051849365e-01 -1.502686142921447754e+00
1.848729610443115234e+00 9.995391964912414551e-02 -1.508325457572937012e+00
1.846987009048461914e+00 9.930533170700073242e-02 -1.509054183959960938e+00
1.833578824996948242e+00 9.761229902505874634e-02 -1.494144320487976074e+00
1.812473416328430176e+00 9.822669625282287598e-02 -1.464175224304199219e+00
1.818433403968811035e+00 9.958489239215850830e-02 -1.466111660003662109e+00
1.841340661048889160e+00 9.977041184902191162e-02 -1.479443550109863281e+00
1.841890811920166016e+00 9.795389324426651001e-02 -1.483063697814941406e+00
1.823798775672912598e+00 9.624797105789184570e-02 -1.479274511337280273e+00
1.824834704399108887e+00 9.928680956363677979e-02 -1.487745165824890137e+00
1.833261370658874512e+00 1.027165502309799194e-01 -1.497586250305175781e+00
1.831449866294860840e+00 1.026174873113632202e-01 -1.499997854232788086e+00
1.873909950256347656e+00 1.017234772443771362e-01 -1.536802530288696289e+00
1.837628126144409180e+00 9.712667763233184814e-02 -1.504083275794982910e+00
1.812278270721435547e+00 9.582462161779403687e-02 -1.480974674224853516e+00
1.832018375396728516e+00 9.743819385766983032e-02 -1.498030424118041992e+00
1.820135593414306641e+00 9.915725886821746826e-02 -1.487743735313415527e+00
1.840476393699645996e+00 1.021442413330078125e-01 -1.501299738883972168e+00
1.874295115470886230e+00 1.043946295976638794e-01 -1.524802565574645996e+00
1.892721176147460938e+00 1.032354757189750671e-01 -1.542979717254638672e+00
1.882269740104675293e+00 1.012015715241432190e-01 -1.536656022071838379e+00
1.848247766494750977e+00 9.784777462482452393e-02 -1.510033488273620605e+00
1.795164704322814941e+00 9.678105264902114868e-02 -1.462789416313171387e+00
1.773017048835754395e+00 9.743282198905944824e-02 -1.442636251449584961e+00
1.782068371772766113e+00 9.416745603084564209e-02 -1.450325131416320801e+00
1.786303400993347168e+00 9.215608984231948853e-02 -1.451755285263061523e+00
1.785593986511230469e+00 9.458550810813903809e-02 -1.449979782104492188e+00
1.737093567848205566e+00 9.285398572683334351e-02 -1.408866524696350098e+00
1.758737325668334961e+00 9.253761172294616699e-02 -1.426925182342529297e+00
1.793152332305908203e+00 9.212836623191833496e-02 -1.457562685012817383e+00
1.784697890281677246e+00 9.040449559688568115e-02 -1.448016285896301270e+00
1.748737215995788574e+00 9.233488887548446655e-02 -1.410119414329528809e+00
1.747802734375000000e+00 9.755162149667739868e-02 -1.407366394996643066e+00
1.795772671699523926e+00 9.943713247776031494e-02 -1.450856566429138184e+00
1.824487924575805664e+00 9.997296333312988281e-02 -1.474736094474792480e+00
1.825533032417297363e+00 1.013575270771980286e-01 -1.475026488304138184e+00
1.808886885643005371e+00 9.837666153907775879e-02 -1.460873007774353027e+00
1.836578965187072754e+00 9.522802382707595825e-02 -1.483327746391296387e+00
1.861282467842102051e+00 9.489799290895462036e-02 -1.496858119964599609e+00
1.909818649291992188e+00 9.940152615308761597e-02 -1.533362984657287598e+00
1.897086262702941895e+00 9.835899621248245239e-02 -1.522564053535461426e+00
1.852514624595642090e+00 9.701995551586151123e-02 -1.482730984687805176e+00
1.803642392158508301e+00 9.233713150024414062e-02 -1.449759483337402344e+00
1.847262978553771973e+00 9.339360147714614868e-02 -1.488543510437011719e+00
1.820868611335754395e+00 9.362770617008209229e-02 -1.463766694068908691e+00
1.791620373725891113e+00 9.246652573347091675e-02 -1.441563367843627930e+00
1.887735366821289062e+00 1.001289412379264832e-01 -1.522615075111389160e+00
1.928965330123901367e+00 1.062865704298019409e-01 -1.554903268814086914e+00
1.823862671852111816e+00 1.024475619196891785e-01 -1.463438749313354492e+00
1.774138927459716797e+00 9.950461983680725098e-02 -1.422001838684082031e+00
1.715067505836486816e+00 9.317232668399810791e-02 -1.380110144615173340e+00
1.760329484939575195e+00 9.322960674762725830e-02 -1.420414566993713379e+00
1.905285120010375977e+00 9.813149273395538330e-02 -1.540005087852478027e+00
1.878696680068969727e+00 9.667290747165679932e-02 -1.514122128486633301e+00
1.783703446388244629e+00 9.277350455522537231e-02 -1.430892586708068848e+00
1.805608630180358887e+00 9.057235717773437500e-02 -1.450682163238525391e+00
1.793294668197631836e+00 8.701241761445999146e-02 -1.437667369842529297e+00
1.780142426490783691e+00 8.772993087768554688e-02 -1.424631714820861816e+00
1.817785382270812988e+00 9.364509582519531250e-02 -1.453690409660339355e+00
1.829809665679931641e+00 9.792871773242950439e-02 -1.456186890602111816e+00
1.839378595352172852e+00 1.004048883914947510e-01 -1.462417364120483398e+00
1.850011110305786133e+00 9.999380260705947876e-02 -1.471855282783508301e+00
1.818931221961975098e+00 9.752274304628372192e-02 -1.441246151924133301e+00
1.825484037399291992e+00 9.479868412017822266e-02 -1.443109750747680664e+00
1.832661628723144531e+00 9.211622178554534912e-02 -1.448367118835449219e+00
1.828811287879943848e+00 9.079992026090621948e-02 -1.443010807037353516e+00
1.833020567893981934e+00 8.997916430234909058e-02 -1.441273331642150879e+00
1.840345382690429688e+00 9.089972078800201416e-02 -1.444666147232055664e+00
1.808104872703552246e+00 8.958838880062103271e-02 -1.413408994674682617e+00
1.791219830513000488e+00 8.658690750598907471e-02 -1.399127602577209473e+00
1.817176461219787598e+00 8.539616316556930542e-02 -1.419603228569030762e+00
1.799965023994445801e+00 8.330643922090530396e-02 -1.401973128318786621e+00
1.791834473609924316e+00 8.138520270586013794e-02 -1.393676519393920898e+00
1.818638443946838379e+00 8.279213309288024902e-02 -1.416876196861267090e+00
1.819438457489013672e+00 8.440802991390228271e-02 -1.419433593750000000e+00
1.803334832191467285e+00 8.554328978061676025e-02 -1.405180454254150391e+00
1.809217333793640137e+00 8.353367447853088379e-02 -1.411008715629577637e+00
1.790189385414123535e+00 8.092319965362548828e-02 -1.396083593368530273e+00
1.823626875877380371e+00 8.672352135181427002e-02 -1.419496893882751465e+00
1.885380983352661133e+00 9.219964593648910522e-02 -1.466660261154174805e+00
1.918697237968444824e+00 9.322205930948257446e-02 -1.490720987319946289e+00
1.900810241699218750e+00 8.775880932807922363e-02 -1.473936796188354492e+00
1.827756881713867188e+00 7.629227638244628906e-02 -1.415137767791748047e+00
1.803592324256896973e+00 7.241975516080856323e-02 -1.390390038490295410e+00
1.838007211685180664e+00 7.631913572549819946e-02 -1.410805940628051758e+00
1.888254046440124512e+00 7.944414764642715454e-02 -1.445258378982543945e+00
1.882684230804443359e+00 8.087687939405441284e-02 -1.436318993568420410e+00
1.889954686164855957e+00 8.060128241777420044e-02 -1.442245960235595703e+00
1.913094401359558105e+00 8.176247030496597290e-02 -1.463346481323242188e+00
1.927787423133850098e+00 8.068044483661651611e-02 -1.473735570907592773e+00
1.935516238212585449e+00 7.923800498247146606e-02 -1.471278190612792969e+00
1.951769232749938965e+00 7.761657983064651489e-02 -1.481869459152221680e+00
1.961709499359130859e+00 7.728044688701629639e-02 -1.487491846084594727e+00
1.958508968353271484e+00 8.097828924655914307e-02 -1.479425907135009766e+00
1.924677252769470215e+00 8.119404315948486328e-02 -1.458555579185485840e+00
1.886974692344665527e+00 7.923493534326553345e-02 -1.431249380111694336e+00
1.874406814575195312e+00 7.688123732805252075e-02 -1.421086788177490234e+00
1.889919042587280273e+00 7.529999315738677979e-02 -1.435975551605224609e+00
1.881286740303039551e+00 7.492873817682266235e-02 -1.431209921836853027e+00
1.858773589134216309e+00 7.527171820402145386e-02 -1.412652254104614258e+00
1.864488124847412109e+00 7.538713514804840088e-02 -1.418005108833312988e+00
1.880329251289367676e+00 7.800057530403137207e-02 -1.430074930191040039e+00
1.878294944763183594e+00 8.169367164373397827e-02 -1.425352096557617188e+00
1.869338989257812500e+00 7.778755575418472290e-02 -1.422995805740356445e+00
1.816665649414062500e+00 6.691551953554153442e-02 -1.387836694717407227e+00
1.794244527816772461e+00 6.055099889636039734e-02 -1.374720573425292969e+00
1.776924252510070801e+00 5.714237317442893982e-02 -1.365554451942443848e+00
1.779037714004516602e+00 5.928858742117881775e-02 -1.363616108894348145e+00
1.793562173843383789e+00 6.377627700567245483e-02 -1.370404243469238281e+00
1.830354690551757812e+00 6.651194393634796143e-02 -1.397816419601440430e+00
1.920847654342651367e+00 7.110147923231124878e-02 -1.463803410530090332e+00
2.002183437347412109e+00 7.544481009244918823e-02 -1.519587755203247070e+00
1.932202219963073730e+00 7.340370118618011475e-02 -1.463936805725097656e+00
1.824567437171936035e+00 6.976545602083206177e-02 -1.377936601638793945e+00
1.800170660018920898e+00 6.872300058603286743e-02 -1.354592561721801758e+00
1.831960916519165039e+00 7.103912532329559326e-02 -1.371969342231750488e+00
1.850739359855651855e+00 7.685396820306777954e-02 -1.380381822586059570e+00
1.829971313476562500e+00 7.651697099208831787e-02 -1.358333945274353027e+00
1.869611978530883789e+00 7.560438662767410278e-02 -1.383469820022583008e+00
1.922805309295654297e+00 7.685449719429016113e-02 -1.426625967025756836e+00
1.941129446029663086e+00 7.874196022748947144e-02 -1.434655427932739258e+00
2.014227390289306641e+00 8.393774181604385376e-02 -1.484105467796325684e+00
2.170303583145141602e+00 9.680662304162979126e-02 -1.598206281661987305e+00
2.146359920501708984e+00 9.756200760602951050e-02 -1.588593363761901855e+00
2.135728120803833008e+00 9.925200790166854858e-02 -1.584102392196655273e+00
2.154039859771728516e+00 9.846165776252746582e-02 -1.599621772766113281e+00
2.101358413696289062e+00 9.180857241153717041e-02 -1.559241771697998047e+00
2.085349321365356445e+00 9.206445515155792236e-02 -1.543385028839111328e+00
2.044913291931152344e+00 8.769273012876510620e-02 -1.510032653808593750e+00
2.035518646240234375e+00 8.297231048345565796e-02 -1.497522234916687012e+00
1.979061007499694824e+00 8.051101118326187134e-02 -1.447303175926208496e+00
2.025893688201904297e+00 8.912735432386398315e-02 -1.476690411567687988e+00
2.057028532028198242e+00 9.643804281949996948e-02 -1.501711845397949219e+00
2.020841360092163086e+00 9.794677793979644775e-02 -1.475535273551940918e+00
2.011778593063354492e+00 1.017032936215400696e-01 -1.470061063766479492e+00
2.014034748077392578e+00 1.018376201391220093e-01 -1.468769907951354980e+00
1.990118145942687988e+00 9.670707583427429199e-02 -1.444654941558837891e+00
1.991782784461975098e+00 9.682705998420715332e-02 -1.435639500617980957e+00
2.039039134979248047e+00 1.027500852942466736e-01 -1.456045150756835938e+00
1.991040706634521484e+00 1.037060394883155823e-01 -1.412473678588867188e+00
1.980315685272216797e+00 1.060903891921043396e-01 -1.407607793807983398e+00
2.009824275970458984e+00 1.101575791835784912e-01 -1.426699757575988770e+00
2.009124040603637695e+00 1.131456196308135986e-01 -1.420148968696594238e+00
2.064588785171508789e+00 1.173123121261596680e-01 -1.453404664993286133e+00
2.088834762573242188e+00 1.168778613209724426e-01 -1.467759013175964355e+00
2.115146160125732422e+00 1.159007102251052856e-01 -1.490544199943542480e+00
2.090563297271728516e+00 1.126895844936370850e-01 -1.472520947456359863e+00
2.030309200286865234e+00 1.051785200834274292e-01 -1.429344534873962402e+00
1.979990720748901367e+00 1.015128493309020996e-01 -1.395731687545776367e+00
1.988926887512207031e+00 1.056407019495964050e-01 -1.398805022239685059e+00
1.988668918609619141e+00 1.095902994275093079e-01 -1.396557211875915527e+00
1.982111096382141113e+00 1.102919429540634155e-01 -1.390579223632812500e+00
2.014525890350341797e+00 1.117298826575279236e-01 -1.409865856170654297e+00
2.055791616439819336e+00 1.134782284498214722e-01 -1.434798955917358398e+00
2.001368284225463867e+00 1.095633804798126221e-01 -1.395652770996093750e+00
1.959886431694030762e+00 1.045558154582977295e-01 -1.362726092338562012e+00
2.027081251144409180e+00 1.062573790550231934e-01 -1.407272219657897949e+00
2.001640081405639648e+00 1.026115715503692627e-01 -1.396869778633117676e+00
2.000849723815917969e+00 1.041355133056640625e-01 -1.390941977500915527e+00
1.995665311813354492e+00 1.090012341737747192e-01 -1.388597369194030762e+00
2.050690889358520508e+00 1.093392297625541687e-01 -1.421195030212402344e+00
2.023658752441406250e+00 9.605754166841506958e-02 -1.394763112068176270e+00
1.994759798049926758e+00 9.317208826541900635e-02 -1.374044418334960938e+00
1.999153494834899902e+00 1.050942540168762207e-01 -1.381534337997436523e+00
1.999695301055908203e+00 1.150377839803695679e-01 -1.387217164039611816e+00
2.041395187377929688e+00 1.203226894140243530e-01 -1.414017915725708008e+00
1.958148956298828125e+00 1.124498397111892700e-01 -1.354309082031250000e+00
1.925772666931152344e+00 1.106245592236518860e-01 -1.334462642669677734e+00
1.960402131080627441e+00 1.126999109983444214e-01 -1.356368303298950195e+00
1.968734264373779297e+00 1.127927154302597046e-01 -1.359837412834167480e+00
1.952740311622619629e+00 1.098003387451171875e-01 -1.347685694694519043e+00
1.913203716278076172e+00 1.045524775981903076e-01 -1.319550871849060059e+00
1.901731371879577637e+00 1.036791950464248657e-01 -1.306515932083129883e+00
1.936818122863769531e+00 1.068577170372009277e-01 -1.324282765388488770e+00
2.003405809402465820e+00 1.113759055733680725e-01 -1.366045951843261719e+00
2.036332130432128906e+00 1.120414137840270996e-01 -1.386979937553405762e+00
2.031218767166137695e+00 1.145690828561782837e-01 -1.374644875526428223e+00
2.001614570617675781e+00 1.135225594043731689e-01 -1.350276231765747070e+00
2.051700353622436523e+00 1.193787604570388794e-01 -1.379292011260986328e+00
2.089630603790283203e+00 1.287717521190643311e-01 -1.398123025894165039e+00
2.103121519088745117e+00 1.383984684944152832e-01 -1.406501293182373047e+00
2.069334268569946289e+00 1.390440016984939575e-01 -1.382162094116210938e+00
2.029105186462402344e+00 1.310921162366867065e-01 -1.350023388862609863e+00
2.006733417510986328e+00 1.252605468034744263e-01 -1.332999587059020996e+00
1.936080455780029297e+00 1.186606660485267639e-01 -1.283847212791442871e+00
1.903214931488037109e+00 1.175942271947860718e-01 -1.261265158653259277e+00
1.916518211364746094e+00 1.194985285401344299e-01 -1.266629815101623535e+00
1.929638147354125977e+00 1.185784339904785156e-01 -1.280083298683166504e+00
1.943192243576049805e+00 1.159029230475425720e-01 -1.293556690216064453e+00
1.947805047035217285e+00 1.165474951267242432e-01 -1.295651674270629883e+00
1.935600399971008301e+00 1.178772598505020142e-01 -1.287487030029296875e+00
1.960289478302001953e+00 1.165537312626838684e-01 -1.308171153068542480e+00
2.014139413833618164e+00 1.192596629261970520e-01 -1.340534806251525879e+00
1.980896472930908203e+00 1.176592260599136353e-01 -1.317308306694030762e+00
2.006687879562377930e+00 1.201137155294418335e-01 -1.334441065788269043e+00
1.982749462127685547e+00 1.144012138247489929e-01 -1.317745089530944824e+00
2.007469177246093750e+00 1.129719838500022888e-01 -1.329888582229614258e+00
2.038680076599121094e+00 1.144160628318786621e-01 -1.346222043037414551e+00
2.007370948791503906e+00 1.128562167286872864e-01 -1.320943236351013184e+00
2.012552499771118164e+00 1.222951039671897888e-01 -1.321893930435180664e+00
2.046678781509399414e+00 1.290715038776397705e-01 -1.352935075759887695e+00
2.056780099868774414e+00 1.251855790615081787e-01 -1.365004062652587891e+00
2.006994247436523438e+00 1.150895953178405762e-01 -1.334705471992492676e+00
1.982296705245971680e+00 1.111748293042182922e-01 -1.311129093170166016e+00
1.963249921798706055e+00 1.160372123122215271e-01 -1.292694926261901855e+00
1.895746707916259766e+00 1.093651130795478821e-01 -1.246912598609924316e+00
1.886244654655456543e+00 1.051439270377159119e-01 -1.239639043807983398e+00
1.887121438980102539e+00 1.035373732447624207e-01 -1.242927789688110352e+00
1.958094000816345215e+00 1.087140589952468872e-01 -1.292426705360412598e+00
1.955399751663208008e+00 1.098618581891059875e-01 -1.285639882087707520e+00
1.955751657485961914e+00 1.110644787549972534e-01 -1.285024762153625488e+00
1.957940697669982910e+00 1.093031466007232666e-01 -1.287512421607971191e+00
1.928716897964477539e+00 1.077134236693382263e-01 -1.267334222793579102e+00
1.926911354064941406e+00 1.094113364815711975e-01 -1.261314630508422852e+00
1.898328781127929688e+00 1.024845242500305176e-01 -1.237790346145629883e+00
1.898788571357727051e+00 9.807140380144119263e-02 -1.238204717636108398e+00
1.958246469497680664e+00 1.032300889492034912e-01 -1.273540019989013672e+00
2.060497522354125977e+00 1.139738708734512329e-01 -1.334783792495727539e+00
2.060364246368408203e+00 1.171024292707443237e-01 -1.324759006500244141e+00
2.126593351364135742e+00 1.204851195216178894e-01 -1.359478116035461426e+00
2.201665163040161133e+00 1.216307058930397034e-01 -1.399230480194091797e+00
2.202059745788574219e+00 1.175076588988304138e-01 -1.396897196769714355e+00
2.128677129745483398e+00 1.136847361922264099e-01 -1.349860668182373047e+00
2.092098951339721680e+00 1.197356730699539185e-01 -1.324305057525634766e+00
2.159485578536987305e+00 1.324850916862487793e-01 -1.364523410797119141e+00
2.077095508575439453e+00 1.299674659967422485e-01 -1.311844468116760254e+00
2.028897523880004883e+00 1.268953680992126465e-01 -1.277920842170715332e+00
2.140277862548828125e+00 1.329261660575866699e-01 -1.342883706092834473e+00
2.130306243896484375e+00 1.283431053161621094e-01 -1.338157892227172852e+00
2.026428699493408203e+00 1.177370771765708923e-01 -1.274745941162109375e+00
2.113670825958251953e+00 1.224998906254768372e-01 -1.328069925308227539e+00
2.127305269241333008e+00 1.238747164607048035e-01 -1.329636931419372559e+00
2.038939714431762695e+00 1.189721673727035522e-01 -1.272580027580261230e+00
1.957456469535827637e+00 1.159526929259300232e-01 -1.229280591011047363e+00
1.886747837066650391e+00 1.118122637271881104e-01 -1.189718961715698242e+00
1.963683247566223145e+00 1.114099174737930298e-01 -1.231885433197021484e+00
2.040406703948974609e+00 1.081320270895957947e-01 -1.268950581550598145e+00
1.993848562240600586e+00 9.800430387258529663e-02 -1.236600399017333984e+00
2.064851522445678711e+00 1.037059575319290161e-01 -1.278089046478271484e+00
2.110275506973266602e+00 1.081776097416877747e-01 -1.303668737411499023e+00
2.147822380065917969e+00 1.176574677228927612e-01 -1.324775934219360352e+00
2.156869411468505859e+00 1.316823065280914307e-01 -1.336073517799377441e+00
2.061986923217773438e+00 1.335375458002090454e-01 -1.277097105979919434e+00
2.149419546127319336e+00 1.342217177152633667e-01 -1.327922344207763672e+00
2.146460771560668945e+00 1.270891278982162476e-01 -1.309948325157165527e+00
1.960284233093261719e+00 1.098115295171737671e-01 -1.189428091049194336e+00
1.950578689575195312e+00 1.075209155678749084e-01 -1.186507225036621094e+00
2.030275106430053711e+00 1.135390475392341614e-01 -1.229573607444763184e+00
1.993890166282653809e+00 1.129010617733001709e-01 -1.201748609542846680e+00
1.883831739425659180e+00 1.089299246668815613e-01 -1.137373447418212891e+00
1.857023954391479492e+00 1.100038364529609680e-01 -1.124351382255554199e+00
1.934150815010070801e+00 1.133119314908981323e-01 -1.171627044677734375e+00
1.977573871612548828e+00 1.118947491049766541e-01 -1.197851061820983887e+00
1.976218938827514648e+00 1.103594973683357239e-01 -1.200340986251831055e+00
1.941784262657165527e+00 1.093854680657386780e-01 -1.174923300743103027e+00
1.920221447944641113e+00 1.086310893297195435e-01 -1.152758359909057617e+00
1.971771836280822754e+00 1.093851700425148010e-01 -1.175583600997924805e+00
2.018156766891479492e+00 1.115367338061332703e-01 -1.194502592086791992e+00
2.042971611022949219e+00 1.110720038414001465e-01 -1.203509092330932617e+00
2.022973060607910156e+00 1.047534793615341187e-01 -1.189191341400146484e+00
1.991976141929626465e+00 1.019935458898544312e-01 -1.169565081596374512e+00
2.041260480880737305e+00 1.068294793367385864e-01 -1.196765422821044922e+00
2.017991304397583008e+00 1.058475971221923828e-01 -1.183161973953247070e+00
1.966789603233337402e+00 1.049468368291854858e-01 -1.151782274246215820e+00
1.859099626541137695e+00 9.778080135583877563e-02 -1.102165102958679199e+00
1.848292827606201172e+00 9.675833582878112793e-02 -1.103482723236083984e+00
1.974076390266418457e+00 1.089461073279380798e-01 -1.171133875846862793e+00
2.026927232742309570e+00 1.156722232699394226e-01 -1.197100281715393066e+00
1.963117837905883789e+00 1.091013625264167786e-01 -1.163997292518615723e+00
1.976409554481506348e+00 1.083541214466094971e-01 -1.178725123405456543e+00
1.972887158393859863e+00 1.073563098907470703e-01 -1.173287868499755859e+00
1.964661002159118652e+00 1.042170599102973938e-01 -1.164856076240539551e+00
2.126110792160034180e+00 1.134045347571372986e-01 -1.258676528930664062e+00
2.196363925933837891e+00 1.225402280688285828e-01 -1.302827239036560059e+00
2.075250387191772461e+00 1.133966222405433655e-01 -1.234706282615661621e+00
2.077388048171997070e+00 1.132363528013229370e-01 -1.218929648399353027e+00
2.125824928283691406e+00 1.159228906035423279e-01 -1.242687821388244629e+00
2.062639713287353516e+00 1.088181212544441223e-01 -1.200138092041015625e+00
2.081109523773193359e+00 1.083146408200263977e-01 -1.224896311759948730e+00
2.173195123672485352e+00 1.231231465935707092e-01 -1.280254244804382324e+00
2.084259748458862305e+00 1.242654323577880859e-01 -1.224588394165039062e+00
1.927405238151550293e+00 1.122632771730422974e-01 -1.133298277854919434e+00
1.941861867904663086e+00 1.120650768280029297e-01 -1.145444989204406738e+00
1.950352787971496582e+00 1.124182790517807007e-01 -1.149062514305114746e+00
1.958451747894287109e+00 1.102251708507537842e-01 -1.151368141174316406e+00
1.953315258026123047e+00 1.057479605078697205e-01 -1.143990397453308105e+00
1.949779152870178223e+00 1.020324677228927612e-01 -1.146869659423828125e+00
1.937258124351501465e+00 1.004045382142066956e-01 -1.133632421493530273e+00
1.941757798194885254e+00 1.019298285245895386e-01 -1.125694632530212402e+00
1.995626568794250488e+00 1.048948988318443298e-01 -1.158004641532897949e+00
2.021103382110595703e+00 1.075353473424911499e-01 -1.165976881980895996e+00
2.011147499084472656e+00 1.082368269562721252e-01 -1.153411388397216797e+00
1.995014905929565430e+00 1.079378649592399597e-01 -1.152644157409667969e+00
2.045748949050903320e+00 1.085860207676887512e-01 -1.192823052406311035e+00
2.068487167358398438e+00 1.067277863621711731e-01 -1.205969333648681641e+00
2.127364873886108398e+00 1.113580688834190369e-01 -1.237397432327270508e+00
2.166840791702270508e+00 1.130110844969749451e-01 -1.247107625007629395e+00
2.187223434448242188e+00 1.114072129130363464e-01 -1.245283126831054688e+00
2.195072174072265625e+00 1.059642210602760315e-01 -1.244364261627197266e+00
2.098162174224853516e+00 9.797298163175582886e-02 -1.177918553352355957e+00
2.054480552673339844e+00 9.418818354606628418e-02 -1.149384379386901855e+00
2.070799112319946289e+00 9.483708441257476807e-02 -1.159886956214904785e+00
2.159872055053710938e+00 1.033914908766746521e-01 -1.207182765007019043e+00
2.178867816925048828e+00 1.040355935692787170e-01 -1.205902576446533203e+00
2.257710456848144531e+00 1.031721904873847961e-01 -1.249765157699584961e+00
2.213721990585327148e+00 9.752741456031799316e-02 -1.227497100830078125e+00
2.129028558731079102e+00 9.312927722930908203e-02 -1.174489617347717285e+00
2.015248537063598633e+00 8.710172027349472046e-02 -1.108010888099670410e+00
1.981315135955810547e+00 8.410825580358505249e-02 -1.091782093048095703e+00
2.056729793548583984e+00 8.843076229095458984e-02 -1.135879278182983398e+00
2.129973888397216797e+00 9.673023223876953125e-02 -1.173855543136596680e+00
2.087598562240600586e+00 9.511350095272064209e-02 -1.147940754890441895e+00
1.995001316070556641e+00 9.017007052898406982e-02 -1.100707530975341797e+00
2.007421255111694336e+00 9.502236545085906982e-02 -1.108912229537963867e+00
2.045962095260620117e+00 9.335021674633026123e-02 -1.129219293594360352e+00
2.178378343582153320e+00 8.966152369976043701e-02 -1.198997974395751953e+00
2.305529356002807617e+00 7.854376733303070068e-02 -1.269587993621826172e+00
2.226426124572753906e+00 6.516531109809875488e-02 -1.224643230438232422e+00
2.195667982101440430e+00 6.724797189235687256e-02 -1.204542517662048340e+00
2.187808990478515625e+00 7.126189023256301880e-02 -1.190412998199462891e+00
2.157042741775512695e+00 7.457245886325836182e-02 -1.169027566909790039e+00
2.119074583053588867e+00 7.963477075099945068e-02 -1.145207762718200684e+00
2.166614532470703125e+00 8.495062589645385742e-02 -1.160432696342468262e+00
2.144694566726684570e+00 8.474804461002349854e-02 -1.153702855110168457e+00
2.172061681747436523e+00 8.355218172073364258e-02 -1.171757102012634277e+00
2.203027248382568359e+00 8.273275941610336304e-02 -1.183875322341918945e+00
2.298506021499633789e+00 8.414643257856369019e-02 -1.237155318260192871e+00
2.351165771484375000e+00 8.082877844572067261e-02 -1.273315668106079102e+00
2.222263813018798828e+00 7.726093381643295288e-02 -1.196652889251708984e+00
2.087677478790283203e+00 7.339321076869964600e-02 -1.121760964393615723e+00
2.065854549407958984e+00 7.087393105030059814e-02 -1.110349655151367188e+00
2.094325542449951172e+00 7.240615785121917725e-02 -1.123425245285034180e+00
2.120335578918457031e+00 7.403249293565750122e-02 -1.141088485717773438e+00
2.096709489822387695e+00 6.903538107872009277e-02 -1.124081969261169434e+00
2.112023115158081055e+00 6.256589293479919434e-02 -1.129718065261840820e+00
2.142112731933593750e+00 6.071265041828155518e-02 -1.144706606864929199e+00
2.156989336013793945e+00 6.254231929779052734e-02 -1.149790167808532715e+00
2.171927690505981445e+00 6.533511728048324585e-02 -1.156043529510498047e+00
2.163513183593750000e+00 6.898657232522964478e-02 -1.150156021118164062e+00
2.158993959426879883e+00 6.939226388931274414e-02 -1.146143794059753418e+00
2.136580944061279297e+00 6.783299893140792847e-02 -1.131820917129516602e+00
2.171629190444946289e+00 6.810817122459411621e-02 -1.142165660858154297e+00
2.169228315353393555e+00 6.655267626047134399e-02 -1.137291908264160156e+00
2.097280502319335938e+00 5.769279599189758301e-02 -1.098213672637939453e+00
2.066390514373779297e+00 5.172037333250045776e-02 -1.079752922058105469e+00
2.099096536636352539e+00 5.393701046705245972e-02 -1.093517541885375977e+00
2.215908765792846680e+00 6.353587657213211060e-02 -1.145812392234802246e+00
2.222625255584716797e+00 6.548529863357543945e-02 -1.151645898818969727e+00
2.261707067489624023e+00 6.619435548782348633e-02 -1.171128153800964355e+00
2.245114326477050781e+00 6.341623514890670776e-02 -1.160288572311401367e+00
2.150843143463134766e+00 5.441863834857940674e-02 -1.116544246673583984e+00
2.225197315216064453e+00 5.412337183952331543e-02 -1.155797123908996582e+00
2.229908943176269531e+00 5.218815803527832031e-02 -1.157325744628906250e+00
2.226879119873046875e+00 5.447905138134956360e-02 -1.159242033958435059e+00
2.270569801330566406e+00 6.162857264280319214e-02 -1.178022623062133789e+00
2.236849069595336914e+00 5.732446163892745972e-02 -1.153901219367980957e+00
2.147647857666015625e+00 5.058707669377326965e-02 -1.112336277961730957e+00
2.137061119079589844e+00 4.950476065278053284e-02 -1.107365131378173828e+00
2.133669137954711914e+00 4.798157140612602234e-02 -1.102432012557983398e+00
2.198131799697875977e+00 4.888985678553581238e-02 -1.138692498207092285e+00
2.243207454681396484e+00 4.656033962965011597e-02 -1.159993886947631836e+00
2.233169794082641602e+00 4.390285164117813110e-02 -1.147060632705688477e+00
2.264109373092651367e+00 4.572249203920364380e-02 -1.157648921012878418e+00
2.236272573471069336e+00 4.380266368389129639e-02 -1.140601396560668945e+00
2.204614639282226562e+00 3.899646177887916565e-02 -1.123412847518920898e+00
2.193405628204345703e+00 3.393198549747467041e-02 -1.118868708610534668e+00
2.167699337005615234e+00 2.838566526770591736e-02 -1.106913089752197266e+00
2.115577220916748047e+00 2.857656963169574738e-02 -1.073562026023864746e+00
2.079191923141479492e+00 2.679327875375747681e-02 -1.053596019744873047e+00
2.051517724990844727e+00 2.339106611907482147e-02 -1.046574473381042480e+00
2.085748910903930664e+00 2.192975208163261414e-02 -1.064680337905883789e+00
2.084654808044433594e+00 2.129895426332950592e-02 -1.062682747840881348e+00
2.107742786407470703e+00 2.159029990434646606e-02 -1.072914600372314453e+00
2.094235897064208984e+00 1.871534250676631927e-02 -1.060231566429138184e+00
2.078538894653320312e+00 1.720213890075683594e-02 -1.046293258666992188e+00
2.141743898391723633e+00 1.875325851142406464e-02 -1.073692440986633301e+00
2.176973819732666016e+00 2.014420554041862488e-02 -1.092817544937133789e+00
2.226658105850219727e+00 2.010324224829673767e-02 -1.110382795333862305e+00
2.209399700164794922e+00 1.728241890668869019e-02 -1.094975709915161133e+00
2.179814100265502930e+00 1.384652126580476761e-02 -1.075835347175598145e+00
2.036245107650756836e+00 1.096003130078315735e-02 -9.986130595207214355e-01
2.003821134567260742e+00 1.301819644868373871e-02 -9.822061657905578613e-01
1.997191071510314941e+00 1.125598605722188950e-02 -9.787986874580383301e-01
2.048885345458984375e+00 1.055316347628831863e-02 -1.001588582992553711e+00
1.978729009628295898e+00 9.231261909008026123e-03 -9.662598967552185059e-01
1.954776287078857422e+00 7.907057181000709534e-03 -9.525663256645202637e-01
2.041257858276367188e+00 5.796552170068025589e-03 -9.941182732582092285e-01
2.129229545593261719e+00 3.860060591250658035e-03 -1.039922118186950684e+00
2.143830537796020508e+00 6.015260238200426102e-03 -1.047805905342102051e+00
2.234823942184448242e+00 6.207956001162528992e-03 -1.095466017723083496e+00
2.129467010498046875e+00 1.784109510481357574e-03 -1.040928840637207031e+00
2.029529571533203125e+00 1.039006863720715046e-03 -9.855204820632934570e-01
2.115268230438232422e+00 -3.036622947547584772e-04 -1.023295283317565918e+00
2.146437406539916992e+00 2.483592135831713676e-03 -1.033685803413391113e+00
2.089434862136840820e+00 4.258053377270698547e-03 -1.000215053558349609e+00
2.136436223983764648e+00 2.264145296066999435e-03 -1.030031085014343262e+00
2.127907514572143555e+00 1.991817494854331017e-03 -1.027913451194763184e+00
2.139928340911865234e+00 4.399813245981931686e-03 -1.032398700714111328e+00
2.198364019393920898e+00 6.718237418681383133e-03 -1.051332950592041016e+00
2.152875185012817383e+00 9.477761574089527130e-03 -1.024971485137939453e+00
2.104795694351196289e+00 1.004564389586448669e-02 -1.002879738807678223e+00
2.113418579101562500e+00 7.412910461425781250e-03 -1.003082036972045898e+00
2.053375482559204102e+00 6.089399568736553192e-03 -9.713775515556335449e-01
2.092955112457275391e+00 8.485932834446430206e-03 -9.811204075813293457e-01
2.127366542816162109e+00 1.040466595441102982e-02 -9.943593144416809082e-01
2.104637384414672852e+00 9.544213302433490753e-03 -9.886173605918884277e-01
2.203075885772705078e+00 1.297196280211210251e-02 -1.031460642814636230e+00
2.225549221038818359e+00 1.722732745110988617e-02 -1.041322231292724609e+00
2.183693885803222656e+00 2.007160894572734833e-02 -1.023512840270996094e+00
2.136982917785644531e+00 2.205549925565719604e-02 -1.001965045928955078e+00
2.170162200927734375e+00 2.312500588595867157e-02 -1.011291980743408203e+00
2.149588346481323242e+00 2.159865945577621460e-02 -9.982689619064331055e-01
2.112238407135009766e+00 1.887839846312999725e-02 -9.809773564338684082e-01
2.100857496261596680e+00 2.181953378021717072e-02 -9.741016030311584473e-01
2.101457595825195312e+00 2.215454168617725372e-02 -9.653301835060119629e-01
2.082664489746093750e+00 1.597961597144603729e-02 -9.594581127166748047e-01
2.021345853805541992e+00 1.160110160708427429e-02 -9.428362846374511719e-01
1.985088109970092773e+00 1.458279602229595184e-02 -9.296103715896606445e-01
2.065021991729736328e+00 2.464079111814498901e-02 -9.548917412757873535e-01
2.152397155761718750e+00 2.835089340806007385e-02 -9.985151886940002441e-01
2.125042676925659180e+00 2.121533825993537903e-02 -9.929710626602172852e-01
2.122539997100830078e+00 2.074831724166870117e-02 -9.933699369430541992e-01
2.034347772598266602e+00 1.861868426203727722e-02 -9.485410451889038086e-01
2.069992303848266602e+00 2.222332358360290527e-02 -9.556550383567810059e-01
2.086123228073120117e+00 2.338729240000247955e-02 -9.644075036048889160e-01
2.102816820144653320e+00 2.387326024472713470e-02 -9.722135663032531738e-01
2.026537895202636719e+00 1.971669681370258331e-02 -9.368984103202819824e-01
1.989477872848510742e+00 1.524000335484743118e-02 -9.190692901611328125e-01
1.992991209030151367e+00 1.191022247076034546e-02 -9.186711907386779785e-01
2.035031557083129883e+00 1.253907196223735809e-02 -9.371207952499389648e-01
2.046145915985107422e+00 1.622302457690238953e-02 -9.404932856559753418e-01
2.042321443557739258e+00 1.885119453072547913e-02 -9.369443058967590332e-01
2.025334119796752930e+00 2.323567681014537811e-02 -9.265924692153930664e-01
1.993178248405456543e+00 2.333242818713188171e-02 -9.116641283035278320e-01
1.993932366371154785e+00 1.959063671529293060e-02 -9.093709588050842285e-01
1.979468345642089844e+00 1.460808701813220978e-02 -8.979439139366149902e-01
1.990052461624145508e+00 1.558009907603263855e-02 -9.020213484764099121e-01
1.990811586380004883e+00 1.688825525343418121e-02 -9.055035114288330078e-01
1.983057379722595215e+00 1.752075180411338806e-02 -8.990278840065002441e-01
2.010055065155029297e+00 1.901650615036487579e-02 -9.112409949302673340e-01
1.964683055877685547e+00 2.079629153013229370e-02 -8.932158946990966797e-01
1.944578170776367188e+00 2.553373575210571289e-02 -8.832216858863830566e-01
1.978992462158203125e+00 2.823976241052150726e-02 -8.996526598930358887e-01
1.963372588157653809e+00 2.666241489350795746e-02 -8.897272944450378418e-01
1.966622591018676758e+00 2.650184743106365204e-02 -8.899109959602355957e-01
1.951744914054870605e+00 2.682942897081375122e-02 -8.829826712608337402e-01
1.901617884635925293e+00 2.653511613607406616e-02 -8.664556741714477539e-01
1.866169214248657227e+00 2.636859193444252014e-02 -8.541025519371032715e-01
1.891954302787780762e+00 2.497619576752185822e-02 -8.655411601066589355e-01
1.898506999015808105e+00 2.379391342401504517e-02 -8.710613846778869629e-01
1.886817216873168945e+00 2.432359568774700165e-02 -8.648285865783691406e-01
1.871548056602478027e+00 2.609906159341335297e-02 -8.552855253219604492e-01
1.877091407775878906e+00 2.807532437145709991e-02 -8.644377589225769043e-01
1.852162003517150879e+00 2.877970784902572632e-02 -8.589632511138916016e-01
1.854501366615295410e+00 2.968874573707580566e-02 -8.655306696891784668e-01
1.907299637794494629e+00 3.392541781067848206e-02 -8.928250074386596680e-01
1.936710834503173828e+00 3.833531215786933899e-02 -9.105202555656433105e-01
1.879223704338073730e+00 3.681921958923339844e-02 -8.886994719505310059e-01
1.810482621192932129e+00 3.343050181865692139e-02 -8.678717017173767090e-01
1.796006441116333008e+00 3.231978416442871094e-02 -8.772383928298950195e-01
1.745133399963378906e+00 3.194433823227882385e-02 -8.656269907951354980e-01
1.763202428817749023e+00 3.310017660260200500e-02 -8.833505511283874512e-01
1.912400960922241211e+00 4.327381402254104614e-02 -9.617764949798583984e-01
1.943563342094421387e+00 4.633029922842979431e-02 -9.805294871330261230e-01
1.871579527854919434e+00 4.166185483336448669e-02 -9.517538547515869141e-01
1.846866011619567871e+00 3.897909447550773621e-02 -9.389441609382629395e-01
1.847692966461181641e+00 4.011649638414382935e-02 -9.389233589172363281e-01
1.837341070175170898e+00 4.290159419178962708e-02 -9.379755854606628418e-01
1.816632866859436035e+00 4.046434164047241211e-02 -9.334042072296142578e-01
1.812166213989257812e+00 3.863070532679557800e-02 -9.302760362625122070e-01
1.804607987403869629e+00 3.805683180689811707e-02 -9.284148812294006348e-01
1.784264206886291504e+00 3.519748523831367493e-02 -9.232129454612731934e-01
1.801823377609252930e+00 3.169451653957366943e-02 -9.345608353614807129e-01
1.825504422187805176e+00 3.093126229941844940e-02 -9.461421966552734375e-01
1.863506078720092773e+00 3.187591955065727234e-02 -9.645385742187500000e-01
1.883545994758605957e+00 2.875156700611114502e-02 -9.826883673667907715e-01
1.944816470146179199e+00 2.629878744482994080e-02 -1.025285482406616211e+00
1.986436486244201660e+00 3.126427903771400452e-02 -1.043655991554260254e+00
1.958803296089172363e+00 3.279113024473190308e-02 -1.025127291679382324e+00
1.937455058097839355e+00 3.384367749094963074e-02 -1.010695576667785645e+00
1.921837449073791504e+00 3.697394207119941711e-02 -9.938994050025939941e-01
1.901615023612976074e+00 3.933951258659362793e-02 -9.770509600639343262e-01
1.861377716064453125e+00 4.221626743674278259e-02 -9.514726996421813965e-01
1.849806666374206543e+00 4.815208166837692261e-02 -9.402133822441101074e-01
1.805710792541503906e+00 4.992567002773284912e-02 -9.114666581153869629e-01
1.839715480804443359e+00 4.789242520928382874e-02 -9.253596663475036621e-01
1.829812407493591309e+00 3.616938367486000061e-02 -9.143692255020141602e-01
1.814577817916870117e+00 2.401701547205448151e-02 -9.021759629249572754e-01
1.841805934906005859e+00 2.653888985514640808e-02 -9.059861302375793457e-01
1.835634589195251465e+00 3.190909698605537415e-02 -8.938546180725097656e-01
1.806991934776306152e+00 3.300498425960540771e-02 -8.724133372306823730e-01
1.793679952621459961e+00 3.721333295106887817e-02 -8.580145835876464844e-01
1.754028558731079102e+00 3.644618019461631775e-02 -8.292848467826843262e-01
1.767637491226196289e+00 3.584124892950057983e-02 -8.319799304008483887e-01
1.807655572891235352e+00 3.947379440069198608e-02 -8.462396264076232910e-01
1.860141873359680176e+00 4.300546646118164062e-02 -8.668987751007080078e-01
1.812821865081787109e+00 4.153115302324295044e-02 -8.466208577156066895e-01
1.787485599517822266e+00 3.816731646656990051e-02 -8.368205428123474121e-01
1.809113621711730957e+00 3.699227795004844666e-02 -8.493239879608154297e-01
1.796085953712463379e+00 3.711231052875518799e-02 -8.435170650482177734e-01
1.834997773170471191e+00 3.908335044980049133e-02 -8.600696325302124023e-01
1.840119957923889160e+00 4.086746647953987122e-02 -8.603263497352600098e-01
1.781760692596435547e+00 3.888625279068946838e-02 -8.348192572593688965e-01
1.782905578613281250e+00 3.803260624408721924e-02 -8.366478681564331055e-01
1.763561487197875977e+00 3.670792281627655029e-02 -8.257031440734863281e-01
1.747704386711120605e+00 3.632159903645515442e-02 -8.163694739341735840e-01
1.760054707527160645e+00 3.681209310889244080e-02 -8.210088014602661133e-01
1.766786813735961914e+00 4.001400247216224670e-02 -8.258244991302490234e-01
1.761447072029113770e+00 4.169455915689468384e-02 -8.234147429466247559e-01
1.735692620277404785e+00 4.135140776634216309e-02 -8.092347979545593262e-01
1.681093811988830566e+00 4.174030199646949768e-02 -7.806731462478637695e-01
1.635828256607055664e+00 4.160521924495697021e-02 -7.549299597740173340e-01
1.646489500999450684e+00 4.288039356470108032e-02 -7.550551891326904297e-01
1.702292680740356445e+00 4.261669144034385681e-02 -7.826696038246154785e-01
1.756782889366149902e+00 4.069218039512634277e-02 -8.075030446052551270e-01
1.776643157005310059e+00 4.187249019742012024e-02 -8.073270916938781738e-01
1.798050165176391602e+00 4.533890634775161743e-02 -8.171446919441223145e-01
1.809295892715454102e+00 4.798483103513717651e-02 -8.254867196083068848e-01
1.784623384475708008e+00 4.836669936776161194e-02 -8.162075281143188477e-01
1.789589643478393555e+00 5.091658234596252441e-02 -8.180545568466186523e-01
1.772142291069030762e+00 5.244429409503936768e-02 -8.054558038711547852e-01
1.687707901000976562e+00 4.701703414320945740e-02 -7.609912157058715820e-01
1.660237431526184082e+00 4.292760416865348816e-02 -7.481024861335754395e-01
1.710834503173828125e+00 4.803567752242088318e-02 -7.702924609184265137e-01
1.710330843925476074e+00 4.797720164060592651e-02 -7.641863226890563965e-01
1.711615443229675293e+00 4.306891560554504395e-02 -7.649094462394714355e-01
1.743047714233398438e+00 4.148016497492790222e-02 -7.783297896385192871e-01
1.745014309883117676e+00 4.363155737519264221e-02 -7.744268178939819336e-01
1.785424351692199707e+00 4.649306461215019226e-02 -7.937882542610168457e-01
1.769257783889770508e+00 4.677563160657882690e-02 -7.914366126060485840e-01
1.717867255210876465e+00 4.821103066205978394e-02 -7.725563645362854004e-01
1.643678069114685059e+00 4.801296442747116089e-02 -7.387703061103820801e-01
1.634099602699279785e+00 4.593471437692642212e-02 -7.312299609184265137e-01
1.697006940841674805e+00 4.862645268440246582e-02 -7.552712559700012207e-01
1.695582389831542969e+00 4.804800823330879211e-02 -7.552272677421569824e-01
1.659826517105102539e+00 4.527119547128677368e-02 -7.451976537704467773e-01
1.687760233879089355e+00 4.749902710318565369e-02 -7.640323638916015625e-01
1.731085538864135742e+00 5.228652805089950562e-02 -7.884371876716613770e-01
1.691214323043823242e+00 5.703872814774513245e-02 -7.687611579895019531e-01
1.515509843826293945e+00 5.552700534462928772e-02 -6.843480467796325684e-01
1.490574598312377930e+00 5.325381085276603699e-02 -6.744591593742370605e-01
1.624789595603942871e+00 6.070298701524734497e-02 -7.409184575080871582e-01
1.650606751441955566e+00 6.598770618438720703e-02 -7.588908076286315918e-01
1.610790133476257324e+00 6.836637854576110840e-02 -7.487157583236694336e-01
1.597250938415527344e+00 6.858717650175094604e-02 -7.386561632156372070e-01
1.556543231010437012e+00 6.536036729812622070e-02 -7.234300374984741211e-01
1.552117228507995605e+00 6.484796106815338135e-02 -7.238876223564147949e-01
1.564631104469299316e+00 6.463038921356201172e-02 -7.312716245651245117e-01
1.588247895240783691e+00 6.418432295322418213e-02 -7.446971535682678223e-01
1.570817589759826660e+00 6.481154263019561768e-02 -7.364992499351501465e-01
1.573369860649108887e+00 6.556086987257003784e-02 -7.415749430656433105e-01
1.488095164299011230e+00 6.154330074787139893e-02 -7.057854533195495605e-01
1.423634290695190430e+00 5.614834651350975037e-02 -6.806097626686096191e-01
1.363491535186767578e+00 5.472920462489128113e-02 -6.555110216140747070e-01
1.361461877822875977e+00 5.569804832339286804e-02 -6.580119729042053223e-01
1.373115897178649902e+00 5.571209266781806946e-02 -6.766437888145446777e-01
1.376131296157836914e+00 5.599902570247650146e-02 -6.958888769149780273e-01
1.311124801635742188e+00 5.590401589870452881e-02 -6.732208132743835449e-01
1.253486990928649902e+00 5.516271665692329407e-02 -6.553975939750671387e-01
1.299947261810302734e+00 5.756585672497749329e-02 -6.931210756301879883e-01
1.306328892707824707e+00 5.629068985581398010e-02 -7.142291665077209473e-01
1.237015843391418457e+00 5.375686660408973694e-02 -6.970766186714172363e-01
1.218864440917968750e+00 5.087830871343612671e-02 -7.128266692161560059e-01
1.283454418182373047e+00 5.453207716345787048e-02 -7.808293700218200684e-01
1.332099676132202148e+00 6.489820778369903564e-02 -8.406097888946533203e-01
1.346412897109985352e+00 6.848715990781784058e-02 -8.816342353820800781e-01
1.353839039802551270e+00 7.626620680093765259e-02 -9.151755571365356445e-01
1.328677296638488770e+00 8.246874064207077026e-02 -9.313941001892089844e-01
1.283998727798461914e+00 8.211663365364074707e-02 -9.402987360954284668e-01
1.183585166931152344e+00 7.510514557361602783e-02 -9.002937674522399902e-01
1.072362899780273438e+00 6.765094399452209473e-02 -8.463861942291259766e-01
9.819552302360534668e-01 6.533128023147583008e-02 -8.104071021080017090e-01
8.570178747177124023e-01 6.368676573038101196e-02 -7.253710627555847168e-01
8.974072337150573730e-01 7.036934792995452881e-02 -8.054289817810058594e-01
8.999474048614501953e-01 7.473914325237274170e-02 -8.431845903396606445e-01
9.437747597694396973e-01 8.177594840526580811e-02 -9.306475520133972168e-01
9.190536737442016602e-01 8.348952233791351318e-02 -9.761100411415100098e-01
8.310290575027465820e-01 8.515501022338867188e-02 -9.337367415428161621e-01
9.881689548492431641e-01 1.016893014311790466e-01 -1.170699119567871094e+00
9.490105509757995605e-01 1.092620044946670532e-01 -1.183746457099914551e+00
9.619458913803100586e-01 1.171904206275939941e-01 -1.250098466873168945e+00
9.150883555412292480e-01 1.152784377336502075e-01 -1.242375016212463379e+00
8.913441300392150879e-01 1.141216605901718140e-01 -1.291372179985046387e+00
8.923057913780212402e-01 1.190984696149826050e-01 -1.383333325386047363e+00
8.211364150047302246e-01 1.201186254620552063e-01 -1.361737847328186035e+00
7.095534801483154297e-01 1.087370961904525757e-01 -1.249684810638427734e+00
6.952323317527770996e-01 1.161419600248336792e-01 -1.311389803886413574e+00
7.173450589179992676e-01 1.304062008857727051e-01 -1.454224109649658203e+00
6.485062241554260254e-01 1.223738864064216614e-01 -1.407056927680969238e+00
5.820025205612182617e-01 1.172033101320266724e-01 -1.364813089370727539e+00
5.406444668769836426e-01 1.219336763024330139e-01 -1.388060450553894043e+00
5.250091552734375000e-01 1.291983127593994141e-01 -1.474616885185241699e+00
4.626958072185516357e-01 1.230726838111877441e-01 -1.418403506278991699e+00
4.178168475627899170e-01 1.195566579699516296e-01 -1.407860279083251953e+00
3.896571695804595947e-01 1.236893683671951294e-01 -1.477093100547790527e+00
3.412551879882812500e-01 1.236866563558578491e-01 -1.454334139823913574e+00
3.092559576034545898e-01 1.271471977233886719e-01 -1.495774745941162109e+00
2.735143303871154785e-01 1.301998049020767212e-01 -1.503144741058349609e+00
2.224846184253692627e-01 1.271336525678634644e-01 -1.421192169189453125e+00
1.802774220705032349e-01 1.269779205322265625e-01 -1.395871520042419434e+00
1.416609287261962891e-01 1.259347051382064819e-01 -1.413255929946899414e+00
1.087856739759445190e-01 1.286951005458831787e-01 -1.471625924110412598e+00
6.481520086526870728e-02 1.345232427120208740e-01 -1.544998884201049805e+00
2.552382461726665497e-02 1.282751858234405518e-01 -1.506943106651306152e+00
-2.888094866648316383e-03 1.334969103336334229e-01 -1.552278399467468262e+00
-3.841914981603622437e-02 1.309523880481719971e-01 -1.480343341827392578e+00
-8.403565734624862671e-02 1.336767971515655518e-01 -1.512982368469238281e+00
-1.324877440929412842e-01 1.362772881984710693e-01 -1.569500207901000977e+00
-1.776214241981506348e-01 1.347415596246719360e-01 -1.569749474525451660e+00
-2.107998430728912354e-01 1.262684166431427002e-01 -1.507651925086975098e+00
-2.413375079631805420e-01 1.236230581998825073e-01 -1.466689109802246094e+00
-2.791393399238586426e-01 1.220380291342735291e-01 -1.445161581039428711e+00
-3.147467076778411865e-01 1.244457587599754333e-01 -1.421953916549682617e+00
-3.512894511222839355e-01 1.292071789503097534e-01 -1.420612454414367676e+00
-3.849337399005889893e-01 1.266101300716400146e-01 -1.392407655715942383e+00
-4.325646758079528809e-01 1.256515830755233765e-01 -1.396521091461181641e+00
-4.775135815143585205e-01 1.243418902158737183e-01 -1.390793204307556152e+00
-5.236908197402954102e-01 1.250042617321014404e-01 -1.392474412918090820e+00
-5.714802742004394531e-01 1.276695430278778076e-01 -1.402735471725463867e+00
-5.808539986610412598e-01 1.237890496850013733e-01 -1.336450934410095215e+00
-5.977787971496582031e-01 1.190835833549499512e-01 -1.277502894401550293e+00
-6.425948143005371094e-01 1.173181384801864624e-01 -1.266132235527038574e+00
-6.771613359451293945e-01 1.128500625491142273e-01 -1.234173059463500977e+00
-6.903399825096130371e-01 1.086016297340393066e-01 -1.183112859725952148e+00
-7.492243647575378418e-01 1.150527969002723694e-01 -1.202775239944458008e+00
-8.146124482154846191e-01 1.175732389092445374e-01 -1.218833327293395996e+00
-8.589578270912170410e-01 1.168807893991470337e-01 -1.200646519660949707e+00
-8.859026432037353516e-01 1.145293042063713074e-01 -1.165931701660156250e+00
-8.845546841621398926e-01 1.108569726347923279e-01 -1.092602849006652832e+00
-8.753302693367004395e-01 1.017429605126380920e-01 -1.003648996353149414e+00
-9.200475811958312988e-01 1.025360971689224243e-01 -9.902499318122863770e-01
-1.021937370300292969e+00 1.108248308300971985e-01 -1.039982438087463379e+00
-1.044594168663024902e+00 1.067518442869186401e-01 -1.003870487213134766e+00
-1.003775358200073242e+00 9.713461250066757202e-02 -9.093892574310302734e-01
-1.018068432807922363e+00 9.360898286104202271e-02 -8.720031976699829102e-01
-1.092072129249572754e+00 9.158654510974884033e-02 -8.817976117134094238e-01
-1.164613485336303711e+00 9.385842084884643555e-02 -8.812079429626464844e-01
-1.187277555465698242e+00 9.322410076856613159e-02 -8.438644409179687500e-01
-1.116192579269409180e+00 8.639250695705413818e-02 -7.466224431991577148e-01
-1.136040687561035156e+00 8.821193873882293701e-02 -7.113299369812011719e-01
-1.172026872634887695e+00 8.715124428272247314e-02 -6.965743303298950195e-01
-1.292774558067321777e+00 8.957618474960327148e-02 -7.159579396247863770e-01
-1.372122645378112793e+00 9.435903280973434448e-02 -7.092327475547790527e-01
-1.341800570487976074e+00 9.447872638702392578e-02 -6.555882096290588379e-01
-1.249346375465393066e+00 8.682387322187423706e-02 -5.745664834976196289e-01
-1.162400364875793457e+00 8.096762001514434814e-02 -5.075014233589172363e-01
-1.148741245269775391e+00 7.924915850162506104e-02 -4.669966995716094971e-01
-1.089611172676086426e+00 7.260925322771072388e-02 -4.063028097152709961e-01
-1.170085549354553223e+00 7.289600372314453125e-02 -4.081576168537139893e-01
-1.376260399818420410e+00 8.021618425846099854e-02 -4.423387050628662109e-01
-1.521102070808410645e+00 8.684147149324417114e-02 -4.535361528396606445e-01
-1.538981199264526367e+00 8.426176011562347412e-02 -4.226326048374176025e-01
-1.494938373565673828e+00 7.955039292573928833e-02 -3.846686780452728271e-01
-1.577493786811828613e+00 8.137634396553039551e-02 -3.769394755363464355e-01
-1.627240538597106934e+00 7.995462417602539062e-02 -3.619349896907806396e-01
-1.594213843345642090e+00 7.607971876859664917e-02 -3.304653167724609375e-01
-1.552946329116821289e+00 7.047433406114578247e-02 -2.993532121181488037e-01
-1.613398671150207520e+00 7.247705012559890747e-02 -2.888376712799072266e-01
-1.636930227279663086e+00 7.198960334062576294e-02 -2.716656625270843506e-01
-1.616476058959960938e+00 7.095706462860107422e-02 -2.488962113857269287e-01
-1.639603018760681152e+00 7.219848781824111938e-02 -2.350441813468933105e-01
-1.622313976287841797e+00 7.073895633220672607e-02 -2.168890535831451416e-01
-1.578249931335449219e+00 7.215157896280288696e-02 -2.026302516460418701e-01
-1.677329421043395996e+00 7.845731079578399658e-02 -2.057856023311614990e-01
-1.740972995758056641e+00 8.061492443084716797e-02 -2.041957825422286987e-01
-1.701463580131530762e+00 7.792639732360839844e-02 -1.888303458690643311e-01
-1.735819578170776367e+00 7.865358889102935791e-02 -1.788202971220016479e-01
-1.724692106246948242e+00 7.887523621320724487e-02 -1.705565750598907471e-01
-1.699756741523742676e+00 7.900261133909225464e-02 -1.623197197914123535e-01
-1.641249656677246094e+00 7.448838651180267334e-02 -1.489954888820648193e-01
-1.631432056427001953e+00 7.319171726703643799e-02 -1.408476680517196655e-01
-1.651818990707397461e+00 7.346220314502716064e-02 -1.401563733816146851e-01
-1.731748461723327637e+00 7.653944939374923706e-02 -1.417172104120254517e-01
-1.801437497138977051e+00 8.207745850086212158e-02 -1.430171281099319458e-01
-1.686207652091979980e+00 7.966900616884231567e-02 -1.323828250169754028e-01
-1.649326324462890625e+00 7.635338604450225830e-02 -1.278635859489440918e-01
-1.685882568359375000e+00 7.589279115200042725e-02 -1.300642341375350952e-01
-1.661912083625793457e+00 7.654439657926559448e-02 -1.248380541801452637e-01
-1.733139991760253906e+00 8.088114857673645020e-02 -1.275034844875335693e-01
-1.769406795501708984e+00 8.266670256853103638e-02 -1.268356293439865112e-01
-1.753855466842651367e+00 7.863424718379974365e-02 -1.243836879730224609e-01
-1.814786195755004883e+00 7.899243384599685669e-02 -1.287090182304382324e-01
-1.832198262214660645e+00 8.213978260755538940e-02 -1.301557719707489014e-01
-1.772132754325866699e+00 8.387942612171173096e-02 -1.244413852691650391e-01
-1.688492655754089355e+00 8.350145816802978516e-02 -1.166994422674179077e-01
-1.673451542854309082e+00 7.747450470924377441e-02 -1.116180941462516785e-01
-1.657472014427185059e+00 7.178766280412673950e-02 -1.069661453366279602e-01
-1.662923812866210938e+00 6.954602152109146118e-02 -1.021907478570938110e-01
-1.610807776451110840e+00 6.449357420206069946e-02 -9.596105664968490601e-02
-1.576841354370117188e+00 6.319487839937210083e-02 -9.450618922710418701e-02
-1.595413923263549805e+00 6.426753103733062744e-02 -9.192095696926116943e-02
-1.585549712181091309e+00 6.434943526983261108e-02 -8.079093694686889648e-02
-1.539852023124694824e+00 6.235954165458679199e-02 -6.862882524728775024e-02
-1.468408226966857910e+00 5.859912186861038208e-02 -5.690603330731391907e-02
-1.444060683250427246e+00 5.932704731822013855e-02 -4.702314361929893494e-02
-1.490111470222473145e+00 6.116666644811630249e-02 -3.601375594735145569e-02
-1.529774427413940430e+00 6.077513471245765686e-02 -1.720855943858623505e-02
-1.531382560729980469e+00 5.946242064237594604e-02 5.512442905455827713e-03
-1.501232385635375977e+00 5.384196713566780090e-02 2.981292828917503357e-02
-1.386436939239501953e+00 4.698228091001510620e-02 5.058351159095764160e-02
-1.292445302009582520e+00 4.210299998521804810e-02 6.592413038015365601e-02
-1.412031292915344238e+00 4.013922810554504395e-02 9.938121587038040161e-02
-1.445124626159667969e+00 3.420066833496093750e-02 1.313236802816390991e-01
-1.441070437431335449e+00 3.054641932249069214e-02 1.642378866672515869e-01
-1.408622145652770996e+00 2.950237691402435303e-02 1.928673386573791504e-01
-1.388786196708679199e+00 3.084366954863071442e-02 2.205994129180908203e-01
-1.272192478179931641e+00 2.952905558049678802e-02 2.312844842672348022e-01
-1.288454294204711914e+00 2.290365658700466156e-02 2.643091678619384766e-01
-1.325839877128601074e+00 2.394522912800312042e-02 3.062795102596282959e-01
-1.351197004318237305e+00 2.576731145381927490e-02 3.564364910125732422e-01
-1.350560307502746582e+00 1.251252088695764542e-02 4.056199789047241211e-01
-1.290199160575866699e+00 8.840691298246383667e-03 4.309016466140747070e-01
-1.288289904594421387e+00 1.185987889766693115e-02 4.661058187484741211e-01
-1.268654346466064453e+00 1.028932444751262665e-02 5.089055299758911133e-01
-1.280511975288391113e+00 9.730322286486625671e-03 5.634297728538513184e-01
-1.316611409187316895e+00 7.894653826951980591e-03 6.275043487548828125e-01
-1.191970229148864746e+00 2.242760267108678818e-03 6.215119957923889160e-01
-1.151372790336608887e+00 -3.554529277607798576e-03 6.524799466133117676e-01
-1.218602895736694336e+00 -9.833832271397113800e-03 7.487303614616394043e-01
-1.173488259315490723e+00 -1.108671911060810089e-02 7.790712118148803711e-01
-1.110270500183105469e+00 -1.013567112386226654e-02 7.969511151313781738e-01
-1.204166173934936523e+00 -2.141807600855827332e-02 9.425766468048095703e-01
-1.150113344192504883e+00 -2.440144307911396027e-02 9.764105081558227539e-01
-1.076285004615783691e+00 -2.628194354474544525e-02 9.887592196464538574e-01
-9.882462024688720703e-01 -2.984341792762279510e-02 9.694153666496276855e-01
-9.107334613800048828e-01 -3.124787472188472748e-02 9.597104191780090332e-01
-9.246208667755126953e-01 -3.931720182299613953e-02 1.053727149963378906e+00
-8.726722598075866699e-01 -4.239027947187423706e-02 1.064903616905212402e+00
-8.434663414955139160e-01 -4.184234887361526489e-02 1.086866855621337891e+00
-7.856101989746093750e-01 -4.409848898649215698e-02 1.078289628028869629e+00
-6.947168707847595215e-01 -4.292773455381393433e-02 1.024653553962707520e+00
-6.426928043365478516e-01 -4.618170484900474548e-02 1.034817218780517578e+00
-6.255791783332824707e-01 -5.980550125241279602e-02 1.116341471672058105e+00
-5.795058012008666992e-01 -5.564103275537490845e-02 1.122073173522949219e+00
-5.700474977493286133e-01 -5.257278308272361755e-02 1.178491830825805664e+00
-5.069375634193420410e-01 -5.056732147932052612e-02 1.130191564559936523e+00
-4.718840420246124268e-01 -5.440944805741310120e-02 1.155601501464843750e+00
-4.722853004932403564e-01 -6.798208504915237427e-02 1.269161343574523926e+00
-4.513052105903625488e-01 -7.681371271610260010e-02 1.316221237182617188e+00
-3.537191152572631836e-01 -6.288346648216247559e-02 1.145969271659851074e+00
-2.824587523937225342e-01 -5.388876795768737793e-02 1.038164973258972168e+00
-2.408413738012313843e-01 -5.647059157490730286e-02 1.001259326934814453e+00
-2.058371603488922119e-01 -6.721577793359756470e-02 1.010931491851806641e+00
-2.048826515674591064e-01 -9.387730807065963745e-02 1.237260341644287109e+00
-1.609157323837280273e-01 -9.844594448804855347e-02 1.297610521316528320e+00
-9.640694409608840942e-02 -7.579959928989410400e-02 1.057042121887207031e+00
-6.643423438072204590e-02 -6.133050471544265747e-02 9.449349641799926758e-01
-3.658812865614891052e-02 -7.301635295152664185e-02 1.097586035728454590e+00
2.074075018754228950e-04 -8.338996767997741699e-02 1.176507234573364258e+00
4.890558496117591858e-02 -9.358019381761550903e-02 1.308081150054931641e+00
1.069019213318824768e-01 -1.076293438673019409e-01 1.421223521232604980e+00
1.544844508171081543e-01 -1.115734353661537170e-01 1.433816671371459961e+00
2.053294777870178223e-01 -1.123637855052947998e-01 1.473209381103515625e+00
2.437762022018432617e-01 -1.013133749365806580e-01 1.413090705871582031e+00
2.700041532516479492e-01 -9.537136554718017578e-02 1.285930156707763672e+00
3.132725954055786133e-01 -9.609063714742660522e-02 1.272557377815246582e+00
3.498088717460632324e-01 -9.695746749639511108e-02 1.247434735298156738e+00
3.983511924743652344e-01 -1.018389686942100525e-01 1.289426326751708984e+00
4.332935512065887451e-01 -9.891158342361450195e-02 1.286497473716735840e+00
4.849407076835632324e-01 -9.967654943466186523e-02 1.321673393249511719e+00
5.519521236419677734e-01 -1.066687330603599548e-01 1.388344287872314453e+00
5.683120489120483398e-01 -1.059980764985084534e-01 1.342965483665466309e+00
5.829035043716430664e-01 -1.059857457876205444e-01 1.303539514541625977e+00
6.139797568321228027e-01 -1.085853278636932373e-01 1.315202116966247559e+00
6.474183797836303711e-01 -1.071995347738265991e-01 1.324924468994140625e+00
6.837579011917114258e-01 -1.047747805714607239e-01 1.351775050163269043e+00
7.007734775543212891e-01 -1.068627983331680298e-01 1.342490315437316895e+00
7.525447010993957520e-01 -1.121198385953903198e-01 1.385177016258239746e+00
7.758685350418090820e-01 -1.119988113641738892e-01 1.376944184303283691e+00
7.357149124145507812e-01 -1.059282869100570679e-01 1.286940693855285645e+00
7.186696529388427734e-01 -9.942225366830825806e-02 1.240543246269226074e+00
7.001097202301025391e-01 -9.299192577600479126e-02 1.189545989036560059e+00
6.809775829315185547e-01 -8.972499519586563110e-02 1.142215251922607422e+00
6.264991164207458496e-01 -7.817342132329940796e-02 1.061072111129760742e+00
6.965144276618957520e-01 -8.401794731616973877e-02 1.178110837936401367e+00
7.856047153472900391e-01 -9.338334947824478149e-02 1.307885646820068359e+00
8.071122765541076660e-01 -9.652675688266754150e-02 1.323385596275329590e+00
8.412247896194458008e-01 -1.027314290404319763e-01 1.365742683410644531e+00
8.803214430809020996e-01 -1.078320369124412537e-01 1.426447629928588867e+00
8.452211022377014160e-01 -1.036316603422164917e-01 1.366123676300048828e+00
8.393816947937011719e-01 -1.052727252244949341e-01 1.349695324897766113e+00
8.806251883506774902e-01 -1.090366616845130920e-01 1.406738758087158203e+00
