1.917650103569030762e-01 -1.385555267333984375e-01 -1.197686940431594849e-01 -4.365162178874015808e-02 1.077444478869438171e-02 1.074565947055816650e-01
1.924266517162322998e-01 -1.379058361053466797e-01 -1.132550090551376343e-01 -4.431797191500663757e-02 1.110007241368293762e-02 1.073599159717559814e-01
1.866241097450256348e-01 -1.323271542787551880e-01 -1.135246455669403076e-01 -4.981439933180809021e-02 1.281404867768287659e-02 1.046944856643676758e-01
1.876631081104278564e-01 -1.309979408979415894e-01 -1.113910079002380371e-01 -5.421584472060203552e-02 1.369963958859443665e-02 1.028150618076324463e-01
1.926504075527191162e-01 -1.216669753193855286e-01 -1.202558577060699463e-01 -6.800095736980438232e-02 1.044018939137458801e-02 1.133550703525543213e-01
1.950118541717529297e-01 -1.187785938382148743e-01 -1.154660135507583618e-01 -5.713447555899620056e-02 1.609377562999725342e-02 9.652581810951232910e-02
1.984334886074066162e-01 -1.201440766453742981e-01 -1.287733912467956543e-01 -6.086343154311180115e-02 1.049719378352165222e-02 1.169895529747009277e-01
2.077986299991607666e-01 -1.310456544160842896e-01 -1.337973326444625854e-01 -5.683400854468345642e-02 3.247346729040145874e-03 1.463132351636886597e-01
1.867283880710601807e-01 -1.226378530263900757e-01 -1.277901530265808105e-01 -5.884196981787681580e-02 1.067433133721351624e-02 1.053934991359710693e-01
1.997217833995819092e-01 -1.295045763254165649e-01 -1.233368217945098877e-01 -6.372094154357910156e-02 3.734122961759567261e-03 1.137160658836364746e-01
1.967467069625854492e-01 -1.262085586786270142e-01 -1.170375198125839233e-01 -6.292241811752319336e-02 1.473869383335113525e-02 1.095764189958572388e-01
1.918231993913650513e-01 -1.214163824915885925e-01 -1.262080073356628418e-01 -6.622932851314544678e-02 2.100042626261711121e-02 1.109040379524230957e-01
1.975901722908020020e-01 -1.159244105219841003e-01 -1.432432234287261963e-01 -6.280285120010375977e-02 2.260601148009300232e-02 1.184648275375366211e-01
2.158083021640777588e-01 -1.260982453823089600e-01 -1.177248358726501465e-01 -6.782725453376770020e-02 1.170910894870758057e-03 1.257144510746002197e-01
1.924545615911483765e-01 -1.198848485946655273e-01 -1.129330694675445557e-01 -5.637067183852195740e-02 1.573027670383453369e-02 1.195830255746841431e-01
1.887806057929992676e-01 -1.311104744672775269e-01 -1.346098929643630981e-01 -5.493257567286491394e-02 1.867331191897392273e-02 1.131410002708435059e-01
2.000159919261932373e-01 -1.270759254693984985e-01 -1.270744651556015015e-01 -6.247652694582939148e-02 2.076644450426101685e-03 1.102547943592071533e-01
1.967095732688903809e-01 -1.281466335058212280e-01 -1.195562630891799927e-01 -6.105167791247367859e-02 6.229367107152938843e-03 1.063220053911209106e-01
2.336559295654296875e-01 -1.296925395727157593e-01 -1.722660064697265625e-01 -6.408335268497467041e-02 -5.441881716251373291e-03 1.362539231777191162e-01
2.079671621322631836e-01 -1.139473021030426025e-01 -1.263885945081710815e-01 -7.267324626445770264e-02 -1.068595796823501587e-03 1.337452083826065063e-01
2.065894007682800293e-01 -1.216606125235557556e-01 -1.119673401117324829e-01 -5.508482083678245544e-02 9.074810892343521118e-03 1.338214874267578125e-01
2.004617452621459961e-01 -1.302376836538314819e-01 -1.340057253837585449e-01 -4.989784583449363708e-02 1.165254414081573486e-02 1.351578682661056519e-01
1.933973431587219238e-01 -1.345461905002593994e-01 -1.120768636465072632e-01 -6.194939836859703064e-02 1.925552263855934143e-02 1.191239655017852783e-01
2.041979134082794189e-01 -1.294405013322830200e-01 -1.131909191608428955e-01 -5.834185704588890076e-02 2.561438828706741333e-03 1.125984489917755127e-01
1.966990828514099121e-01 -1.309876739978790283e-01 -1.206699907779693604e-01 -5.635761842131614685e-02 1.589061319828033447e-02 9.961865842342376709e-02
2.328570187091827393e-01 -1.152266263961791992e-01 -1.726912111043930054e-01 -7.449243962764739990e-02 -2.351910993456840515e-02 1.612957417964935303e-01
2.023874819278717041e-01 -1.123833879828453064e-01 -1.218284070491790771e-01 -6.159011647105216980e-02 4.222955554723739624e-03 1.444999426603317261e-01
2.035801410675048828e-01 -1.204412877559661865e-01 -1.154618412256240845e-01 -5.626506730914115906e-02 -2.319328486919403076e-04 1.339586526155471802e-01
2.121369540691375732e-01 -1.392415463924407959e-01 -1.529822349548339844e-01 -6.005550548434257507e-02 -1.275337114930152893e-02 1.268293708562850952e-01
1.999329924583435059e-01 -1.249760016798973083e-01 -1.143761724233627319e-01 -6.277292966842651367e-02 5.033429712057113647e-03 1.056786775588989258e-01
1.981248855590820312e-01 -1.294616460800170898e-01 -1.102598309516906738e-01 -5.449874326586723328e-02 9.948227554559707642e-03 1.049306988716125488e-01
1.965547204017639160e-01 -1.298052072525024414e-01 -1.077335625886917114e-01 -4.981502518057823181e-02 7.428850978612899780e-03 1.117319464683532715e-01
2.199485898017883301e-01 -1.246355846524238586e-01 -1.482250094413757324e-01 -5.480773374438285828e-02 -1.057054847478866577e-02 1.310270428657531738e-01
1.993559002876281738e-01 -1.332833468914031982e-01 -1.092785000801086426e-01 -4.849668964743614197e-02 7.682055234909057617e-03 1.128906905651092529e-01
1.883760690689086914e-01 -1.376710385084152222e-01 -1.117813289165496826e-01 -4.965319857001304626e-02 1.981158182024955750e-02 1.143694221973419189e-01
1.908257305622100830e-01 -1.363274157047271729e-01 -1.129661351442337036e-01 -5.138523504137992859e-02 2.030280604958534241e-02 1.105519533157348633e-01
1.887102574110031128e-01 -1.366859376430511475e-01 -1.117851883172988892e-01 -4.946703836321830750e-02 2.073422446846961975e-02 1.119218766689300537e-01
1.882352828979492188e-01 -1.368399858474731445e-01 -1.120169162750244141e-01 -5.003907904028892517e-02 2.132622525095939636e-02 1.119059175252914429e-01
1.884573251008987427e-01 -1.366790235042572021e-01 -1.119619160890579224e-01 -4.972235485911369324e-02 2.096332237124443054e-02 1.117759048938751221e-01
1.899945735931396484e-01 -1.362801492214202881e-01 -1.134829074144363403e-01 -5.127083882689476013e-02 2.049074694514274597e-02 1.106454730033874512e-01
1.885955780744552612e-01 -1.366533488035202026e-01 -1.118495613336563110e-01 -4.977142438292503357e-02 2.089297398924827576e-02 1.116806119680404663e-01
1.887533366680145264e-01 -1.365951001644134521e-01 -1.118460446596145630e-01 -4.986120387911796570e-02 2.075904235243797302e-02 1.114352643489837646e-01
1.894344687461853027e-01 -1.364434957504272461e-01 -1.124689280986785889e-01 -5.077221617102622986e-02 2.073753997683525085e-02 1.108288764953613281e-01
1.886548846960067749e-01 -1.365519613027572632e-01 -1.117567867040634155e-01 -4.991101846098899841e-02 2.091436460614204407e-02 1.115961372852325439e-01
1.886163353919982910e-01 -1.365498304367065430e-01 -1.117580682039260864e-01 -4.987227544188499451e-02 2.094096690416336060e-02 1.116327941417694092e-01
1.886967718601226807e-01 -1.364750713109970093e-01 -1.117500364780426025e-01 -4.993293806910514832e-02 2.095893397927284241e-02 1.116073131561279297e-01
1.904325336217880249e-01 -1.359043568372726440e-01 -1.138133257627487183e-01 -5.216826125979423523e-02 2.049748227000236511e-02 1.106865704059600830e-01
1.886849403381347656e-01 -1.365031898021697998e-01 -1.117959320545196533e-01 -4.990008845925331116e-02 2.092361822724342346e-02 1.115130931138992310e-01
1.886062771081924438e-01 -1.364938318729400635e-01 -1.118447780609130859e-01 -4.995457082986831665e-02 2.104240842163562775e-02 1.115613579750061035e-01
1.896816194057464600e-01 -1.361387819051742554e-01 -1.125291287899017334e-01 -5.104649811983108521e-02 2.100822329521179199e-02 1.109693795442581177e-01
1.886965334415435791e-01 -1.365003436803817749e-01 -1.118520051240921021e-01 -4.989705607295036316e-02 2.098321914672851562e-02 1.115680336952209473e-01
1.884240210056304932e-01 -1.366056352853775024e-01 -1.115243583917617798e-01 -4.983695223927497864e-02 2.130668424069881439e-02 1.115919798612594604e-01
1.879116594791412354e-01 -1.368271261453628540e-01 -1.112935841083526611e-01 -5.027458816766738892e-02 2.204428613185882568e-02 1.118673533201217651e-01
1.927605569362640381e-01 -1.353583931922912598e-01 -1.140169203281402588e-01 -5.206383392214775085e-02 1.988739520311355591e-02 1.101205348968505859e-01
1.888059079647064209e-01 -1.362543851137161255e-01 -1.112585216760635376e-01 -5.036007985472679138e-02 2.182678878307342529e-02 1.116175502538681030e-01
1.895269155502319336e-01 -1.361060142517089844e-01 -1.113005131483078003e-01 -4.985003545880317688e-02 2.141875587403774261e-02 1.119085699319839478e-01
1.891409456729888916e-01 -1.359561383724212646e-01 -1.129207313060760498e-01 -5.313959345221519470e-02 2.207921631634235382e-02 1.121903508901596069e-01
1.875469982624053955e-01 -1.363293677568435669e-01 -1.108941435813903809e-01 -5.058369785547256470e-02 2.281612716615200043e-02 1.121535599231719971e-01
1.884174793958663940e-01 -1.362266838550567627e-01 -1.110130846500396729e-01 -4.975886642932891846e-02 2.167740836739540100e-02 1.114002019166946411e-01
1.894071400165557861e-01 -1.359394639730453491e-01 -1.110382676124572754e-01 -4.970271140336990356e-02 2.113317698240280151e-02 1.108350604772567749e-01
1.897612363100051880e-01 -1.358228921890258789e-01 -1.120281666517257690e-01 -5.215902999043464661e-02 2.219804935157299042e-02 1.110969334840774536e-01
1.885960698127746582e-01 -1.362267881631851196e-01 -1.108763217926025391e-01 -4.984905570745468140e-02 2.169517800211906433e-02 1.112312674522399902e-01
1.889907121658325195e-01 -1.360330432653427124e-01 -1.109581887722015381e-01 -4.932979866862297058e-02 2.129311859607696533e-02 1.113665550947189331e-01
1.897170692682266235e-01 -1.361294090747833252e-01 -1.123257875442504883e-01 -5.110645294189453125e-02 2.107108011841773987e-02 1.103488355875015259e-01
1.888773888349533081e-01 -1.359844356775283813e-01 -1.108669787645339966e-01 -4.990367591381072998e-02 2.157196402549743652e-02 1.111910939216613770e-01
1.891864538192749023e-01 -1.361432522535324097e-01 -1.111404746770858765e-01 -4.991924017667770386e-02 2.099405415356159210e-02 1.104663163423538208e-01
1.890182793140411377e-01 -1.360672265291213989e-01 -1.109198182821273804e-01 -5.049187317490577698e-02 2.179426141083240509e-02 1.110416501760482788e-01
1.914759278297424316e-01 -1.351512521505355835e-01 -1.119694709777832031e-01 -5.208021402359008789e-02 2.154805511236190796e-02 1.109757870435714722e-01
1.890971362590789795e-01 -1.363127827644348145e-01 -1.109467297792434692e-01 -4.978457838296890259e-02 2.108963578939437866e-02 1.106884330511093140e-01
1.886609196662902832e-01 -1.364790648221969604e-01 -1.109239906072616577e-01 -4.964327067136764526e-02 2.111911587417125702e-02 1.108583360910415649e-01
1.887549459934234619e-01 -1.363086402416229248e-01 -1.109970957040786743e-01 -5.023154616355895996e-02 2.145013958215713501e-02 1.109431833028793335e-01
1.890931129455566406e-01 -1.359454095363616943e-01 -1.109070330858230591e-01 -4.983994364738464355e-02 2.167363092303276062e-02 1.117016226053237915e-01
1.883113682270050049e-01 -1.365344822406768799e-01 -1.109187155961990356e-01 -4.936562478542327881e-02 2.121732197701931000e-02 1.112923622131347656e-01
1.884213238954544067e-01 -1.362561285495758057e-01 -1.108023375272750854e-01 -4.880837351083755493e-02 2.106357179582118988e-02 1.120253354310989380e-01
1.913644373416900635e-01 -1.351840198040008545e-01 -1.129891276359558105e-01 -5.124875903129577637e-02 1.993176341056823730e-02 1.104482859373092651e-01
1.899983882904052734e-01 -1.361683905124664307e-01 -1.115671098232269287e-01 -4.815641045570373535e-02 1.840614527463912964e-02 1.103465855121612549e-01
1.887523382902145386e-01 -1.360765397548675537e-01 -1.108837574720382690e-01 -4.845022410154342651e-02 1.958997175097465515e-02 1.117724776268005371e-01
1.913381069898605347e-01 -1.375308036804199219e-01 -1.094703227281570435e-01 -4.909092187881469727e-02 1.602141372859477997e-02 1.122392565011978149e-01
2.023561894893646240e-01 -1.334309428930282593e-01 -1.094556152820587158e-01 -4.788557067513465881e-02 -1.632887870073318481e-03 1.133469045162200928e-01
2.073654234409332275e-01 -1.261211335659027100e-01 -1.068775951862335205e-01 -5.269383639097213745e-02 -2.010911703109741211e-03 1.106338053941726685e-01
1.937243938446044922e-01 -1.265778988599777222e-01 -1.122524142265319824e-01 -5.771544575691223145e-02 1.570940762758255005e-02 1.096917241811752319e-01
2.266144752502441406e-01 -1.228251084685325623e-01 -1.540798395872116089e-01 -7.237486541271209717e-02 2.731680870056152344e-03 1.314010918140411377e-01
1.878406703472137451e-01 -1.211681962013244629e-01 -1.291783452033996582e-01 -6.248788535594940186e-02 2.413988299667835236e-02 1.018728911876678467e-01
1.839829534292221069e-01 -1.132559999823570251e-01 -1.342723518610000610e-01 -6.427757441997528076e-02 1.910555362701416016e-02 1.115532368421554565e-01
1.982236206531524658e-01 -1.138866767287254333e-01 -1.217101365327835083e-01 -6.292156875133514404e-02 3.580234944820404053e-03 1.321619153022766113e-01
1.998378932476043701e-01 -1.176107600331306458e-01 -1.222616732120513916e-01 -5.764883011579513550e-02 -1.131217926740646362e-03 1.328278332948684692e-01
2.042482793331146240e-01 -1.335544586181640625e-01 -1.477162241935729980e-01 -5.180791765451431274e-02 -2.376528829336166382e-02 1.576791256666183472e-01
1.937378644943237305e-01 -1.309566050767898560e-01 -1.159489601850509644e-01 -4.871064051985740662e-02 -6.817929446697235107e-03 1.283951699733734131e-01
2.013747096061706543e-01 -1.314010471105575562e-01 -1.242883056402206421e-01 -4.940255731344223022e-02 -1.828574389219284058e-02 1.118928045034408569e-01
1.998877823352813721e-01 -1.368643641471862793e-01 -1.165276914834976196e-01 -4.985940456390380859e-02 -1.501100510358810425e-02 1.038246303796768188e-01
2.022911310195922852e-01 -1.374921351671218872e-01 -1.153558939695358276e-01 -5.192670598626136780e-02 -1.139563322067260742e-02 1.018187403678894043e-01
2.040514051914215088e-01 -1.360445171594619751e-01 -1.378317773342132568e-01 -5.592459440231323242e-02 -2.370678260922431946e-02 1.080696433782577515e-01
1.966181099414825439e-01 -1.268666684627532959e-01 -1.339430958032608032e-01 -6.191629171371459961e-02 -2.002562582492828369e-02 1.109837591648101807e-01
1.980185210704803467e-01 -1.316417008638381958e-01 -1.253997534513473511e-01 -6.182866543531417847e-02 -1.260404661297798157e-02 1.099371612071990967e-01
1.976010501384735107e-01 -1.341267526149749756e-01 -1.080715805292129517e-01 -6.182542070746421814e-02 -3.419928252696990967e-03 1.025199443101882935e-01
2.046441137790679932e-01 -1.337374448776245117e-01 -1.116122007369995117e-01 -6.039742752909660339e-02 -4.441224038600921631e-03 1.032271087169647217e-01
2.010896503925323486e-01 -1.362958252429962158e-01 -1.109417378902435303e-01 -5.843542143702507019e-02 2.701040357351303101e-03 1.006868928670883179e-01
2.141301929950714111e-01 -1.337101459503173828e-01 -1.115056276321411133e-01 -5.168363079428672791e-02 -5.748908966779708862e-03 1.017045974731445312e-01
2.119742929935455322e-01 -1.380257606506347656e-01 -1.213931888341903687e-01 -4.410545155405998230e-02 -7.985141128301620483e-03 1.047496795654296875e-01
2.177766859531402588e-01 -1.407125294208526611e-01 -1.454546004533767700e-01 -4.079533740878105164e-02 -1.660714298486709595e-02 1.125718653202056885e-01
2.093099653720855713e-01 -1.351136267185211182e-01 -1.078945398330688477e-01 -4.692746326327323914e-02 1.382414251565933228e-03 1.032461225986480713e-01
2.057611644268035889e-01 -1.317799389362335205e-01 -1.147494614124298096e-01 -4.732611402869224548e-02 3.690864890813827515e-03 1.106581091880798340e-01
2.264989614486694336e-01 -1.339609771966934204e-01 -1.398175656795501709e-01 -4.157071933150291443e-02 -2.915020659565925598e-02 1.419516801834106445e-01
2.118053138256072998e-01 -1.256349831819534302e-01 -1.020291149616241455e-01 -4.515915736556053162e-02 -1.059265062212944031e-02 1.335988938808441162e-01
2.122818231582641602e-01 -1.259072124958038330e-01 -1.034129410982131958e-01 -4.221090301871299744e-02 -9.160924702882766724e-03 1.437935829162597656e-01
2.204987704753875732e-01 -1.303827613592147827e-01 -1.160059869289398193e-01 -3.907715901732444763e-02 -8.796211332082748413e-03 1.523550748825073242e-01
2.161976099014282227e-01 -1.376207172870635986e-01 -1.170562952756881714e-01 -4.576572403311729431e-02 -6.662532687187194824e-04 1.389426141977310181e-01
2.152757048606872559e-01 -1.363328844308853149e-01 -9.692689776420593262e-02 -4.146103188395500183e-02 2.850126475095748901e-03 1.501630097627639771e-01
2.066684663295745850e-01 -1.385231614112854004e-01 -1.067313104867935181e-01 -5.018949136137962341e-02 3.298516198992729187e-02 1.536216735839843750e-01
2.093502879142761230e-01 -1.461367160081863403e-01 -1.676855236291885376e-01 -4.299880191683769226e-02 2.530801668763160706e-02 2.015404999256134033e-01
1.964562535285949707e-01 -1.368601024150848389e-01 -1.400045305490493774e-01 -4.961716756224632263e-02 3.917405381798744202e-02 1.734302043914794922e-01
1.971763968467712402e-01 -1.362125873565673828e-01 -1.334293037652969360e-01 -6.351152062416076660e-02 2.405427768826484680e-02 1.531799435615539551e-01
1.947212219238281250e-01 -1.299429982900619507e-01 -1.441538780927658081e-01 -5.312825366854667664e-02 2.846133336424827576e-02 1.627659201622009277e-01
1.963757276535034180e-01 -1.302160173654556274e-01 -1.406327486038208008e-01 -5.190208181738853455e-02 4.007789865136146545e-02 1.590809971094131470e-01
1.972233057022094727e-01 -1.321288347244262695e-01 -1.394727975130081177e-01 -5.663866922259330750e-02 4.288712516427040100e-02 1.626283526420593262e-01
1.951991915702819824e-01 -1.316276937723159790e-01 -1.417178213596343994e-01 -5.873320624232292175e-02 3.919697180390357971e-02 1.488465368747711182e-01
2.010648250579833984e-01 -1.386891901493072510e-01 -1.737451404333114624e-01 -4.104728624224662781e-02 6.227986514568328857e-02 1.748948693275451660e-01
1.925279498100280762e-01 -1.389090120792388916e-01 -1.524418741464614868e-01 -4.219826683402061462e-02 6.436424702405929565e-02 1.569674313068389893e-01
1.980857849121093750e-01 -1.413690298795700073e-01 -1.305609494447708130e-01 -4.857991263270378113e-02 5.913185700774192810e-02 1.421181857585906982e-01
2.069906890392303467e-01 -1.431373208761215210e-01 -1.756580770015716553e-01 -3.952842578291893005e-02 3.770368918776512146e-02 1.792805194854736328e-01
1.960531771183013916e-01 -1.482145935297012329e-01 -2.097847908735275269e-01 -3.666033968329429626e-02 3.321090713143348694e-02 1.897125542163848877e-01
1.831989884376525879e-01 -1.410298496484756470e-01 -2.386495620012283325e-01 -4.181433841586112976e-02 3.540242835879325867e-02 2.096626758575439453e-01
1.874209344387054443e-01 -1.424200385808944702e-01 -2.213644236326217651e-01 -5.312868580222129822e-02 3.418384119868278503e-02 2.066842615604400635e-01
1.968789696693420410e-01 -1.508113592863082886e-01 -2.192875742912292480e-01 -6.231027469038963318e-02 2.628986164927482605e-02 2.244846522808074951e-01
1.817711591720581055e-01 -1.426129639148712158e-01 -1.927631050348281860e-01 -5.758198723196983337e-02 4.622415080666542053e-02 1.931858360767364502e-01
1.829558908939361572e-01 -1.348326206207275391e-01 -1.870433837175369263e-01 -6.047159060835838318e-02 2.332542464137077332e-02 1.859352886676788330e-01
1.859676241874694824e-01 -1.232854649424552917e-01 -2.156514376401901245e-01 -6.395809352397918701e-02 -1.061343401670455933e-02 2.024808824062347412e-01
1.777209341526031494e-01 -1.212145611643791199e-01 -2.079618573188781738e-01 -7.006691396236419678e-02 2.938169986009597778e-03 1.830341219902038574e-01
1.723767817020416260e-01 -1.119053885340690613e-01 -2.534777522087097168e-01 -5.540105327963829041e-02 -1.058776304125785828e-02 1.953334510326385498e-01
1.684248000383377075e-01 -1.104278787970542908e-01 -2.540039122104644775e-01 -4.889443144202232361e-02 7.043201476335525513e-03 1.821448504924774170e-01
1.828214228153228760e-01 -1.151366531848907471e-01 -2.310887724161148071e-01 -5.604304000735282898e-02 7.710371166467666626e-03 1.641077101230621338e-01
1.967183053493499756e-01 -1.278361082077026367e-01 -1.908684819936752319e-01 -6.168765947222709656e-02 2.944807335734367371e-02 1.441381126642227173e-01
2.011905014514923096e-01 -1.328476816415786743e-01 -2.061923295259475708e-01 -6.305892765522003174e-02 1.533180847764015198e-02 1.640668809413909912e-01
1.721435785293579102e-01 -1.143600270152091980e-01 -1.727696955204010010e-01 -7.155171036720275879e-02 1.594927161931991577e-02 1.455082595348358154e-01
1.756184548139572144e-01 -1.179391592741012573e-01 -1.772104352712631226e-01 -6.808105111122131348e-02 1.248209178447723389e-02 1.418841630220413208e-01
1.881500184535980225e-01 -1.270623803138732910e-01 -2.005133032798767090e-01 -6.158516928553581238e-02 6.506104022264480591e-03 1.589016318321228027e-01
1.820639967918395996e-01 -1.322747170925140381e-01 -1.656792908906936646e-01 -5.993574485182762146e-02 2.825817838311195374e-02 1.303965151309967041e-01
2.007077634334564209e-01 -1.361279934644699097e-01 -2.023151069879531860e-01 -5.913877114653587341e-02 -5.510803312063217163e-03 1.661507189273834229e-01
1.860342919826507568e-01 -1.296704411506652832e-01 -1.579691916704177856e-01 -5.700823292136192322e-02 9.822029620409011841e-03 1.378881484270095825e-01
1.875406205654144287e-01 -1.394368112087249756e-01 -1.680210083723068237e-01 -5.944126471877098083e-02 3.616828843951225281e-02 1.276408433914184570e-01
1.755059957504272461e-01 -1.318036615848541260e-01 -1.658248454332351685e-01 -6.516858935356140137e-02 4.031624272465705872e-02 1.598145365715026855e-01
1.749434769153594971e-01 -1.250452399253845215e-01 -1.541255712509155273e-01 -7.686853408813476562e-02 1.222952082753181458e-02 1.399438977241516113e-01
1.761865615844726562e-01 -8.070656657218933105e-02 -2.113587260246276855e-01 -5.988312140107154846e-02 -4.133433476090431213e-02 1.623057723045349121e-01
1.868152767419815063e-01 -7.212400436401367188e-02 -1.946028023958206177e-01 -6.481810659170150757e-02 -4.033497348427772522e-02 1.686240732669830322e-01
2.092988193035125732e-01 -8.357557654380798340e-02 -2.734675407409667969e-01 -6.078424677252769470e-02 -4.886287078261375427e-02 1.930435895919799805e-01
1.739545762538909912e-01 -9.014996886253356934e-02 -1.733697950839996338e-01 -7.629737257957458496e-02 3.050297498703002930e-03 1.261445730924606323e-01
1.658318638801574707e-01 -9.266309440135955811e-02 -1.468945443630218506e-01 -8.006757497787475586e-02 1.069337129592895508e-02 1.304931193590164185e-01
1.826516985893249512e-01 -9.826359152793884277e-02 -2.357289344072341919e-01 -6.985945999622344971e-02 -2.427636086940765381e-02 1.757453680038452148e-01
1.622456312179565430e-01 -1.007133349776268005e-01 -1.713914424180984497e-01 -7.997039705514907837e-02 8.806645870208740234e-03 1.280804425477981567e-01
1.527039408683776855e-01 -1.018131449818611145e-01 -1.778339445590972900e-01 -7.303714752197265625e-02 2.182279713451862335e-02 1.242591291666030884e-01
1.588932573795318604e-01 -9.102506935596466064e-02 -1.719291955232620239e-01 -8.309799432754516602e-02 9.187638759613037109e-03 1.274184286594390869e-01
1.792241930961608887e-01 -9.588639438152313232e-02 -3.077909648418426514e-01 -5.137599259614944458e-02 -1.165345683693885803e-02 2.291153669357299805e-01
1.586494594812393188e-01 -7.493571937084197998e-02 -1.939137130975723267e-01 -5.741168931126594543e-02 1.767821609973907471e-03 1.587464660406112671e-01
1.566769629716873169e-01 -7.579405605792999268e-02 -1.893276274204254150e-01 -4.864431172609329224e-02 1.226567476987838745e-02 1.720788776874542236e-01
1.639111638069152832e-01 -8.111266046762466431e-02 -1.885123103857040405e-01 -4.399481043219566345e-02 3.168138116598129272e-02 1.934916973114013672e-01
1.617523580789566040e-01 -8.969460427761077881e-02 -1.592018604278564453e-01 -5.076583102345466614e-02 3.645179420709609985e-02 1.699536740779876709e-01
1.618019491434097290e-01 -8.908675611019134521e-02 -1.963956654071807861e-01 -6.369559466838836670e-02 9.475367143750190735e-03 1.785098314285278320e-01
1.583443284034729004e-01 -9.347265213727951050e-02 -2.012257128953933716e-01 -5.449460446834564209e-02 2.960303053259849548e-02 1.762132942676544189e-01
1.550699174404144287e-01 -8.446136116981506348e-02 -2.083011865615844727e-01 -4.341807588934898376e-02 4.434822499752044678e-02 2.072931826114654541e-01
1.550346761941909790e-01 -7.994455099105834961e-02 -1.684316396713256836e-01 -5.689083784818649292e-02 3.371832892298698425e-02 1.860530078411102295e-01
1.534688174724578857e-01 -8.261367678642272949e-02 -1.718246936798095703e-01 -5.835306644439697266e-02 3.356278315186500549e-02 1.811822056770324707e-01
1.699801832437515259e-01 -8.698805421590805054e-02 -2.515960633754730225e-01 -6.181529536843299866e-02 -7.794857025146484375e-03 2.194081246852874756e-01
1.681474596261978149e-01 -8.299989998340606689e-02 -2.259920537471771240e-01 -7.071252912282943726e-02 -1.072284206748008728e-02 1.898203790187835693e-01
1.575278043746948242e-01 -6.863690912723541260e-02 -1.872283518314361572e-01 -7.665333151817321777e-02 -8.968424052000045776e-03 1.682441532611846924e-01
1.626875698566436768e-01 -7.605271786451339722e-02 -1.770895719528198242e-01 -8.061063289642333984e-02 -1.893233507871627808e-03 1.539657115936279297e-01
1.838171929121017456e-01 -9.120887517929077148e-02 -2.488743960857391357e-01 -6.530669331550598145e-02 -6.134130060672760010e-03 2.008808553218841553e-01
1.686866879463195801e-01 -8.415161073207855225e-02 -1.925361603498458862e-01 -8.581142127513885498e-02 -6.841644644737243652e-04 1.441705971956253052e-01
1.641822755336761475e-01 -8.302621543407440186e-02 -1.845205128192901611e-01 -8.059649169445037842e-02 4.288043826818466187e-03 1.327058821916580200e-01
1.587077975273132324e-01 -8.446414023637771606e-02 -1.692616343498229980e-01 -7.840631902217864990e-02 4.221457988023757935e-03 1.308839172124862671e-01
1.713667213916778564e-01 -1.110630109906196594e-01 -1.806715428829193115e-01 -7.564267516136169434e-02 -5.234424024820327759e-03 1.554413884878158569e-01
1.797497570514678955e-01 -1.421180218458175659e-01 -1.835599690675735474e-01 -6.560413539409637451e-02 1.666865311563014984e-02 1.409367918968200684e-01
1.773221790790557861e-01 -1.467832028865814209e-01 -1.695452332496643066e-01 -6.236445158720016479e-02 3.889370337128639221e-02 1.267061829566955566e-01
2.017859816551208496e-01 -1.681322753429412842e-01 -2.215142697095870972e-01 -5.909570306539535522e-02 7.113060355186462402e-02 1.596542447805404663e-01
1.936373114585876465e-01 -1.572258919477462769e-01 -1.918173283338546753e-01 -6.631121039390563965e-02 6.612477451562881470e-02 1.302113384008407593e-01
1.991063356399536133e-01 -1.597357988357543945e-01 -1.908700019121170044e-01 -6.285992264747619629e-02 7.943311333656311035e-02 1.169336140155792236e-01
2.257996201515197754e-01 -1.741635203361511230e-01 -2.420764565467834473e-01 -5.260736495256423950e-02 5.675745755434036255e-02 1.296967417001724243e-01
2.394675016403198242e-01 -1.786372661590576172e-01 -2.114986032247543335e-01 -4.470140486955642700e-02 6.415250897407531738e-02 1.567265242338180542e-01
2.330370843410491943e-01 -1.891068518161773682e-01 -2.651904523372650146e-01 -1.927130296826362610e-02 7.001919299364089966e-02 1.591452956199645996e-01
2.198746502399444580e-01 -1.786610931158065796e-01 -2.097615152597427368e-01 -3.955794125795364380e-02 5.513367429375648499e-02 1.444169580936431885e-01
2.067637741565704346e-01 -1.424013972282409668e-01 -2.379476130008697510e-01 -3.916719555854797363e-02 3.087591193616390228e-02 1.841407120227813721e-01
1.800723075866699219e-01 -1.140675842761993408e-01 -2.322344183921813965e-01 -4.867353290319442749e-02 2.504523098468780518e-02 1.594448685646057129e-01
1.820362210273742676e-01 -1.192729920148849487e-01 -2.162538170814514160e-01 -4.707676917314529419e-02 1.728234253823757172e-02 1.675830185413360596e-01
1.816902458667755127e-01 -1.204734668135643005e-01 -2.130891382694244385e-01 -5.101362615823745728e-02 1.062117889523506165e-02 1.755649149417877197e-01
2.092540264129638672e-01 -1.578611135482788086e-01 -2.366947680711746216e-01 -4.982613772153854370e-02 -2.169471234083175659e-02 1.978932321071624756e-01
1.982346773147583008e-01 -1.361025273799896240e-01 -2.675086259841918945e-01 -6.373128294944763184e-02 -3.606176003813743591e-02 2.132310569286346436e-01
1.825509220361709595e-01 -1.264795064926147461e-01 -2.150800824165344238e-01 -6.813345849514007568e-02 1.257587783038616180e-02 1.700305044651031494e-01
1.840825378894805908e-01 -1.075358316302299500e-01 -2.503414452075958252e-01 -6.497776508331298828e-02 -1.753998920321464539e-02 2.037918269634246826e-01
1.834475398063659668e-01 -1.031418666243553162e-01 -1.927959024906158447e-01 -5.456992983818054199e-02 1.378337293863296509e-02 1.595548987388610840e-01
1.774726510047912598e-01 -9.703585505485534668e-02 -1.722054034471511841e-01 -6.456252932548522949e-02 2.528849616646766663e-02 1.382601112127304077e-01
1.744861900806427002e-01 -9.449753910303115845e-02 -1.839859038591384888e-01 -6.822194159030914307e-02 3.382748737931251526e-02 1.422563940286636353e-01
1.815687417984008789e-01 -1.012062504887580872e-01 -1.718273311853408813e-01 -6.037124618887901306e-02 3.759783878922462463e-02 1.472649425268173218e-01
1.828689575195312500e-01 -1.160884723067283630e-01 -1.663692295551300049e-01 -5.816807970404624939e-02 3.521830961108207703e-02 1.448264569044113159e-01
1.862146556377410889e-01 -1.320766806602478027e-01 -1.712654083967208862e-01 -5.791988596320152283e-02 4.054543748497962952e-02 1.226292401552200317e-01
1.941755712032318115e-01 -1.450184136629104614e-01 -2.240413576364517212e-01 -6.258630752563476562e-02 2.426001802086830139e-02 1.479940712451934814e-01
1.676304936408996582e-01 -1.240069791674613953e-01 -2.317486852407455444e-01 -5.271973833441734314e-02 2.230278775095939636e-02 1.559396982192993164e-01
1.594468057155609131e-01 -1.170933768153190613e-01 -2.302568256855010986e-01 -5.304951593279838562e-02 5.204092338681221008e-02 1.458557546138763428e-01
1.603065580129623413e-01 -1.083247438073158264e-01 -2.449023276567459106e-01 -6.364610791206359863e-02 2.561946585774421692e-02 1.610102355480194092e-01
1.804870069026947021e-01 -1.201406866312026978e-01 -1.946666985750198364e-01 -6.240221485495567322e-02 2.047908678650856018e-02 1.306348741054534912e-01
1.814819872379302979e-01 -1.227272897958755493e-01 -2.058494836091995239e-01 -5.433603748679161072e-02 1.922536268830299377e-02 1.223752945661544800e-01
1.731821745634078979e-01 -1.209786459803581238e-01 -2.208174020051956177e-01 -5.294458195567131042e-02 2.633286640048027039e-02 1.220087707042694092e-01
1.721583157777786255e-01 -1.220435202121734619e-01 -2.695476710796356201e-01 -4.393931850790977478e-02 5.750192329287528992e-02 1.481867730617523193e-01
1.720115244388580322e-01 -1.312836259603500366e-01 -2.155476361513137817e-01 -4.363184794783592224e-02 6.745326519012451172e-02 1.318696439266204834e-01
1.818950176239013672e-01 -1.452594548463821411e-01 -2.021139711141586304e-01 -4.603415355086326599e-02 6.382168829441070557e-02 1.252254545688629150e-01
1.700257360935211182e-01 -1.424450129270553589e-01 -1.950507611036300659e-01 -5.227444693446159363e-02 5.329479649662971497e-02 1.196091324090957642e-01
1.677326858043670654e-01 -1.448356062173843384e-01 -2.250239104032516479e-01 -4.729258641600608826e-02 5.371219292283058167e-02 1.289250701665878296e-01
1.654198765754699707e-01 -1.494746953248977661e-01 -2.843038141727447510e-01 -3.165280446410179138e-02 4.553946480154991150e-02 1.647525727748870850e-01
1.781390160322189331e-01 -1.393936723470687866e-01 -2.635057568550109863e-01 -4.144230112433433533e-02 3.038604930043220520e-02 1.801603734493255615e-01
1.743476986885070801e-01 -1.309915333986282349e-01 -1.819663643836975098e-01 -5.131581053137779236e-02 3.217054530978202820e-02 1.398987621068954468e-01
1.684639751911163330e-01 -1.238501295447349548e-01 -1.758635640144348145e-01 -5.901714786887168884e-02 2.339125797152519226e-02 1.342340260744094849e-01
1.699631810188293457e-01 -1.017754971981048584e-01 -1.487218439579010010e-01 -5.956138297915458679e-02 3.134961798787117004e-02 1.676891744136810303e-01
1.520304381847381592e-01 -9.901215881109237671e-02 -1.688892990350723267e-01 -6.438454985618591309e-02 3.895068541169166565e-02 1.532685458660125732e-01
1.526904404163360596e-01 -8.566488325595855713e-02 -1.919722259044647217e-01 -6.285691261291503906e-02 2.249846234917640686e-02 1.719835400581359863e-01
1.469053626060485840e-01 -7.051607221364974976e-02 -1.821192353963851929e-01 -7.629963755607604980e-02 2.452454343438148499e-02 1.664871573448181152e-01
1.494474112987518311e-01 -7.140181958675384521e-02 -1.643727421760559082e-01 -8.414538204669952393e-02 6.012994796037673950e-03 1.652866303920745850e-01
1.706077158451080322e-01 -9.283965826034545898e-02 -2.850542962551116943e-01 -8.010736107826232910e-02 -2.398329600691795349e-02 2.336606979370117188e-01
1.549371182918548584e-01 -8.384696394205093384e-02 -1.607796698808670044e-01 -7.694885134696960449e-02 1.611437648534774780e-02 1.494791805744171143e-01
1.562186777591705322e-01 -9.066317230463027954e-02 -1.608361154794692993e-01 -6.861308217048645020e-02 2.783179655671119690e-02 1.472578346729278564e-01
1.605666279792785645e-01 -9.907197207212448120e-02 -1.676671952009201050e-01 -7.406318187713623047e-02 3.356702253222465515e-02 1.460590958595275879e-01
1.552981734275817871e-01 -9.971942752599716187e-02 -1.570643335580825806e-01 -7.688945531845092773e-02 4.017022624611854553e-02 1.370612084865570068e-01
1.476253569126129150e-01 -9.433975815773010254e-02 -1.807649582624435425e-01 -7.372382283210754395e-02 4.814076051115989685e-02 1.448112428188323975e-01
1.530088186264038086e-01 -9.177073836326599121e-02 -2.059916406869888306e-01 -8.288644254207611084e-02 3.126918151974678040e-02 1.615913510322570801e-01
1.632912307977676392e-01 -1.032354161143302917e-01 -2.426719814538955688e-01 -7.569669187068939209e-02 2.261492982506752014e-02 1.838030517101287842e-01
1.714112162590026855e-01 -1.165086850523948669e-01 -1.690785735845565796e-01 -7.010775804519653320e-02 3.351389244198799133e-02 1.403748989105224609e-01
1.728607714176177979e-01 -1.197197809815406799e-01 -1.557725816965103149e-01 -7.960921525955200195e-02 3.341307863593101501e-02 1.299986243247985840e-01
1.659430116415023804e-01 -1.157712414860725403e-01 -2.118893414735794067e-01 -6.864359974861145020e-02 3.976206853985786438e-02 1.497920900583267212e-01
1.817643046379089355e-01 -1.399635374546051025e-01 -2.333708852529525757e-01 -6.875737011432647705e-02 -1.987256109714508057e-04 1.524394601583480835e-01
1.708272397518157959e-01 -1.465241760015487671e-01 -2.060695290565490723e-01 -6.361699104309082031e-02 1.306271925568580627e-02 1.293756067752838135e-01
1.654646694660186768e-01 -1.319237798452377319e-01 -1.941706091165542603e-01 -6.943942606449127197e-02 1.591666415333747864e-02 1.264496594667434692e-01
1.794259846210479736e-01 -1.188138425350189209e-01 -1.765422523021697998e-01 -7.388336956501007080e-02 -4.355199635028839111e-03 1.245787739753723145e-01
1.652536690235137939e-01 -1.231336370110511780e-01 -1.753802448511123657e-01 -6.972539424896240234e-02 2.150037512183189392e-02 1.108487248420715332e-01
1.685431599617004395e-01 -1.084531992673873901e-01 -2.096227705478668213e-01 -7.897272706031799316e-02 1.200150698423385620e-03 1.264838278293609619e-01
1.622996032238006592e-01 -1.044290140271186829e-01 -2.159726619720458984e-01 -7.393482327461242676e-02 -6.720956414937973022e-03 1.606505215167999268e-01
1.680462062358856201e-01 -9.743701666593551636e-02 -1.930797100067138672e-01 -6.975385546684265137e-02 -1.379950717091560364e-02 1.466597169637680054e-01
1.722269058227539062e-01 -8.976734429597854614e-02 -2.014282643795013428e-01 -7.223612070083618164e-02 -3.203123435378074646e-02 1.619343161582946777e-01
1.723971366882324219e-01 -8.506047725677490234e-02 -1.879274398088455200e-01 -7.457938790321350098e-02 -2.441831678152084351e-02 1.594256758689880371e-01
1.919573545455932617e-01 -1.018081605434417725e-01 -2.541345357894897461e-01 -6.239911541342735291e-02 -2.642526850104331970e-02 2.019850313663482666e-01
1.696982085704803467e-01 -1.017357259988784790e-01 -1.479391604661941528e-01 -6.911698728799819946e-02 -5.467720329761505127e-04 1.431445330381393433e-01
1.644580364227294922e-01 -9.382921457290649414e-02 -1.725833117961883545e-01 -6.960219144821166992e-02 -7.167425006628036499e-03 1.711497604846954346e-01
1.767907887697219849e-01 -1.060674563050270081e-01 -2.378446608781814575e-01 -6.068119406700134277e-02 -9.878225624561309814e-03 2.338041663169860840e-01
1.536850035190582275e-01 -9.933709353208541870e-02 -1.706195175647735596e-01 -5.609801411628723145e-02 2.560703083872795105e-02 2.015836238861083984e-01
1.757698059082031250e-01 -1.191069334745407104e-01 -1.772063076496124268e-01 -2.886287495493888855e-02 3.634794428944587708e-02 2.079954445362091064e-01
1.690076142549514771e-01 -1.210560277104377747e-01 -1.847936809062957764e-01 -4.389096051454544067e-02 2.646212652325630188e-02 1.498495936393737793e-01
1.654810011386871338e-01 -1.083502620458602905e-01 -2.129002362489700317e-01 -5.575372278690338135e-02 2.236827462911605835e-02 1.521581411361694336e-01
1.642846912145614624e-01 -1.022536754608154297e-01 -1.689389199018478394e-01 -6.487742066383361816e-02 3.291653096675872803e-02 1.201274842023849487e-01
1.594747006893157959e-01 -1.051954329013824463e-01 -1.540724784135818481e-01 -6.936364620923995972e-02 4.277582466602325439e-02 1.180748343467712402e-01
1.576395928859710693e-01 -1.064123064279556274e-01 -1.652856916189193726e-01 -6.249072775244712830e-02 4.882042855024337769e-02 1.257287561893463135e-01
1.749356091022491455e-01 -1.067833378911018372e-01 -1.917879134416580200e-01 -6.530735641717910767e-02 3.475140407681465149e-02 1.282945722341537476e-01
1.637648940086364746e-01 -9.014925360679626465e-02 -2.003196477890014648e-01 -5.934571102261543274e-02 2.890780568122863770e-02 1.274285316467285156e-01
1.618349701166152954e-01 -8.971423655748367310e-02 -1.910807639360427856e-01 -6.129636242985725403e-02 2.375069074332714081e-02 1.260734200477600098e-01
1.795409470796585083e-01 -1.065618023276329041e-01 -2.279141694307327271e-01 -6.721265614032745361e-02 1.256086863577365875e-02 1.487635076045989990e-01
1.672069132328033447e-01 -1.017748713493347168e-01 -2.068256735801696777e-01 -6.846947222948074341e-02 2.105122432112693787e-02 1.352955698966979980e-01
1.639589369297027588e-01 -1.031907573342323303e-01 -1.847463250160217285e-01 -7.027676701545715332e-02 2.444416470825672150e-02 1.245329082012176514e-01
1.835566759109497070e-01 -1.146272942423820496e-01 -2.286708205938339233e-01 -7.356734573841094971e-02 2.115700393915176392e-03 1.533918678760528564e-01
1.552000343799591064e-01 -9.641483426094055176e-02 -1.816716939210891724e-01 -6.995911896228790283e-02 2.630752883851528168e-02 1.246511936187744141e-01
1.567237824201583862e-01 -8.707904815673828125e-02 -2.050114125013351440e-01 -5.694207921624183655e-02 2.765885740518569946e-02 1.285150200128555298e-01
1.630254685878753662e-01 -9.181812405586242676e-02 -1.937301605939865112e-01 -6.255760788917541504e-02 3.105053305625915527e-02 1.168524920940399170e-01
1.744786202907562256e-01 -1.053829342126846313e-01 -2.086935788393020630e-01 -6.663124263286590576e-02 2.276557870209217072e-02 1.301734447479248047e-01
1.587994843721389771e-01 -9.394911676645278931e-02 -1.548843979835510254e-01 -7.534644752740859985e-02 2.995904535055160522e-02 1.275397986173629761e-01
1.527578532695770264e-01 -8.302671462297439575e-02 -1.623222231864929199e-01 -8.250451087951660156e-02 2.779845148324966431e-02 1.380820274353027344e-01
1.499273329973220825e-01 -6.354080140590667725e-02 -1.831978410482406616e-01 -9.233944863080978394e-02 -2.467140555381774902e-03 1.641948521137237549e-01
1.656429618597030640e-01 -6.671169400215148926e-02 -1.723278909921646118e-01 -8.498138189315795898e-02 -2.184699475765228271e-02 1.583611518144607544e-01
1.681032478809356689e-01 -7.939217984676361084e-02 -1.576265394687652588e-01 -7.271952927112579346e-02 -2.400901541113853455e-02 1.449349969625473022e-01
1.699647307395935059e-01 -8.436008542776107788e-02 -1.463092714548110962e-01 -6.324363499879837036e-02 -1.874937489628791809e-02 1.430666595697402954e-01
1.894567161798477173e-01 -8.475600928068161011e-02 -1.898126006126403809e-01 -8.023929595947265625e-02 -4.185391589999198914e-02 1.743697524070739746e-01
1.653442978858947754e-01 -6.563176959753036499e-02 -1.715271621942520142e-01 -7.439181208610534668e-02 -1.656676456332206726e-02 1.507430076599121094e-01
1.678132116794586182e-01 -6.847725808620452881e-02 -1.828422248363494873e-01 -6.208111345767974854e-02 -1.194371655583381653e-02 1.493394523859024048e-01
1.683924943208694458e-01 -7.832228392362594604e-02 -1.904138773679733276e-01 -6.177208572626113892e-02 -1.261038705706596375e-02 1.435897201299667358e-01
1.666615903377532959e-01 -7.603415101766586304e-02 -1.868513226509094238e-01 -5.568511784076690674e-02 -9.227804839611053467e-03 1.440169960260391235e-01
1.637139916419982910e-01 -7.043635845184326172e-02 -1.928724348545074463e-01 -5.732996016740798950e-02 -1.401261985301971436e-02 1.517569124698638916e-01
1.625850945711135864e-01 -8.205131441354751587e-02 -1.708946228027343750e-01 -5.276329070329666138e-02 1.495376229286193848e-02 1.456075161695480347e-01
1.695097833871841431e-01 -8.834405988454818726e-02 -2.250017970800399780e-01 -6.680238991975784302e-02 -4.321567714214324951e-03 1.613429784774780273e-01
1.602292060852050781e-01 -8.576881885528564453e-02 -1.701094359159469604e-01 -6.503300368785858154e-02 8.737200871109962463e-03 1.466781646013259888e-01
1.599337756633758545e-01 -8.728086948394775391e-02 -1.663272678852081299e-01 -6.243743002414703369e-02 1.371326856315135956e-02 1.464929431676864624e-01
1.620368659496307373e-01 -7.669385522603988647e-02 -1.580675542354583740e-01 -6.080861389636993408e-02 9.400190785527229309e-03 1.506997644901275635e-01
1.660569608211517334e-01 -8.132297545671463013e-02 -1.415474712848663330e-01 -5.708533525466918945e-02 1.433527842164039612e-02 1.538112461566925049e-01
1.603227853775024414e-01 -7.385789602994918823e-02 -1.573465168476104736e-01 -5.821004137396812439e-02 1.692716404795646667e-02 1.574782282114028931e-01
1.660480350255966187e-01 -7.909471541643142700e-02 -1.631775796413421631e-01 -5.658786743879318237e-02 6.792411208152770996e-03 1.598060727119445801e-01
1.541995704174041748e-01 -6.419505923986434937e-02 -1.764581501483917236e-01 -5.487934499979019165e-02 9.488470852375030518e-03 1.722126603126525879e-01
1.612898707389831543e-01 -7.720617949962615967e-02 -1.682951450347900391e-01 -5.612151324748992920e-02 -4.292365163564682007e-03 1.694742441177368164e-01
1.625514030456542969e-01 -7.714127004146575928e-02 -1.427131295204162598e-01 -5.452138930559158325e-02 7.704012095928192139e-04 1.555936485528945923e-01
1.616423428058624268e-01 -7.871735841035842896e-02 -1.357247829437255859e-01 -5.163698643445968628e-02 8.902804926037788391e-03 1.526524573564529419e-01
1.669898331165313721e-01 -8.446124196052551270e-02 -1.802462339401245117e-01 -4.519090801477432251e-02 -3.263249993324279785e-03 1.815167665481567383e-01
1.581063270568847656e-01 -7.545410841703414917e-02 -1.633745878934860229e-01 -3.952127322554588318e-02 1.867689564824104309e-02 1.755888164043426514e-01
1.592378914356231689e-01 -7.010547071695327759e-02 -1.510176509618759155e-01 -4.189884290099143982e-02 1.895746961236000061e-02 1.712644696235656738e-01
1.598190069198608398e-01 -7.357648015022277832e-02 -1.774778962135314941e-01 -3.943669423460960388e-02 1.850596070289611816e-02 1.910576820373535156e-01
1.553601622581481934e-01 -6.974269449710845947e-02 -1.760009080171585083e-01 -4.337206110358238220e-02 1.538136228919029236e-02 1.916802823543548584e-01
1.577318608760833740e-01 -7.415941357612609863e-02 -1.769882291555404663e-01 -4.124076291918754578e-02 1.638682931661605835e-02 1.907428801059722900e-01
1.557316482067108154e-01 -7.098816335201263428e-02 -1.777723282575607300e-01 -4.489847645163536072e-02 1.441510766744613647e-02 1.922378540039062500e-01
1.582283973693847656e-01 -7.648178935050964355e-02 -1.684360951185226440e-01 -4.269763454794883728e-02 2.382694929838180542e-02 1.856595575809478760e-01
1.595009267330169678e-01 -7.923327386379241943e-02 -1.615147739648818970e-01 -4.505887255072593689e-02 2.103219181299209595e-02 1.814641058444976807e-01
1.572085320949554443e-01 -7.997871190309524536e-02 -1.561758369207382202e-01 -4.634534940123558044e-02 2.783459052443504333e-02 1.798593103885650635e-01
1.560621559619903564e-01 -8.312004804611206055e-02 -1.616798788309097290e-01 -4.280934855341911316e-02 3.354855999350547791e-02 1.811226010322570801e-01
1.604628115892410278e-01 -9.125140309333801270e-02 -1.654261499643325806e-01 -5.333202704787254333e-02 2.637495100498199463e-02 1.685782670974731445e-01
1.580601036548614502e-01 -8.961166441440582275e-02 -1.752157956361770630e-01 -5.939396843314170837e-02 2.140554413199424744e-02 1.670678555965423584e-01
1.507023870944976807e-01 -8.615708351135253906e-02 -2.142528146505355835e-01 -5.678009614348411560e-02 2.997460588812828064e-02 1.838445961475372314e-01
1.517580002546310425e-01 -8.269455283880233765e-02 -2.207015603780746460e-01 -7.057102024555206299e-02 1.618392392992973328e-02 1.722631752490997314e-01
1.497764587402343750e-01 -8.208839595317840576e-02 -2.207995951175689697e-01 -7.945971190929412842e-02 8.794639259576797485e-03 1.537635028362274170e-01
1.512934863567352295e-01 -8.991925418376922607e-02 -2.130793631076812744e-01 -8.030185103416442871e-02 3.234393894672393799e-03 1.447537839412689209e-01
1.549897789955139160e-01 -9.172093123197555542e-02 -2.132412940263748169e-01 -7.063718140125274658e-02 1.085904613137245178e-02 1.506889909505844116e-01
1.604778170585632324e-01 -9.988669306039810181e-02 -1.865972727537155151e-01 -7.715994119644165039e-02 1.024997234344482422e-02 1.331665068864822388e-01
1.650460064411163330e-01 -1.093518063426017761e-01 -2.120596319437026978e-01 -7.537087798118591309e-02 1.744027808308601379e-02 1.420168280601501465e-01
1.953514814376831055e-01 -1.373325586318969727e-01 -2.639517784118652344e-01 -5.230863019824028015e-02 -6.053682416677474976e-03 1.908341348171234131e-01
1.947692334651947021e-01 -1.599964350461959839e-01 -1.944242417812347412e-01 -5.608360096812248230e-02 4.413847252726554871e-02 1.398799419403076172e-01
2.094689905643463135e-01 -1.739494353532791138e-01 -2.340000718832015991e-01 -4.620679840445518494e-02 4.340727999806404114e-02 1.735437810420989990e-01
1.924633681774139404e-01 -1.553479284048080444e-01 -2.009258866310119629e-01 -5.449832603335380554e-02 5.480197444558143616e-02 1.387123465538024902e-01
2.030504047870635986e-01 -1.668469607830047607e-01 -2.224767953157424927e-01 -4.630253836512565613e-02 6.863899528980255127e-02 1.496175974607467651e-01
1.867316961288452148e-01 -1.469333916902542114e-01 -1.843611598014831543e-01 -5.519535765051841736e-02 5.476889386773109436e-02 1.308967322111129761e-01
1.853967308998107910e-01 -1.325913667678833008e-01 -1.694373041391372681e-01 -5.583652481436729431e-02 3.669545426964759827e-02 1.368785500526428223e-01
1.995671391487121582e-01 -1.407658755779266357e-01 -2.240541428327560425e-01 -5.207573994994163513e-02 6.298112869262695312e-02 1.723507940769195557e-01
2.002758383750915527e-01 -1.369442939758300781e-01 -1.309475302696228027e-01 -7.023574411869049072e-02 4.328704997897148132e-02 1.358875036239624023e-01
2.056118845939636230e-01 -1.366221308708190918e-01 -1.699065119028091431e-01 -6.465029716491699219e-02 2.868663147091865540e-02 1.424039006233215332e-01
2.041561901569366455e-01 -1.326231658458709717e-01 -2.008208334445953369e-01 -5.950240418314933777e-02 1.005297526717185974e-02 1.489783823490142822e-01
2.299453020095825195e-01 -1.545569151639938354e-01 -3.461200296878814697e-01 -2.775348350405693054e-02 3.780279308557510376e-03 1.945552527904510498e-01
2.189980447292327881e-01 -1.475994735956192017e-01 -2.608063519001007080e-01 -3.720774874091148376e-02 8.684609085321426392e-03 1.775828599929809570e-01
2.075445950031280518e-01 -1.568735092878341675e-01 -2.250476926565170288e-01 -3.290994092822074890e-02 5.044001713395118713e-02 1.808722317218780518e-01
1.947364062070846558e-01 -1.553946137428283691e-01 -2.428026497364044189e-01 -2.519373223185539246e-02 5.992378666996955872e-02 2.006311416625976562e-01
1.909708082675933838e-01 -1.427903026342391968e-01 -1.948399543762207031e-01 -4.105925187468528748e-02 3.718781098723411560e-02 1.727354526519775391e-01
1.841564178466796875e-01 -1.388266384601593018e-01 -1.797916442155838013e-01 -4.397983476519584656e-02 3.326022252440452576e-02 1.648581922054290771e-01
1.918315291404724121e-01 -1.415817886590957642e-01 -1.680568307638168335e-01 -4.631626233458518982e-02 1.699748262763023376e-02 1.691306531429290771e-01
2.071530520915985107e-01 -1.532907485961914062e-01 -2.878103554248809814e-01 -3.407790884375572205e-02 -1.276204362511634827e-02 2.658214867115020752e-01
2.009027600288391113e-01 -1.518582850694656372e-01 -1.680738180875778198e-01 -4.958204552531242371e-02 1.601891964673995972e-02 2.047784924507141113e-01
1.901800632476806641e-01 -1.510102748870849609e-01 -1.427447795867919922e-01 -5.151871964335441589e-02 5.034177377820014954e-02 1.619145572185516357e-01
2.049566507339477539e-01 -1.524485945701599121e-01 -1.445479393005371094e-01 -5.867464467883110046e-02 2.999618276953697205e-02 1.890130639076232910e-01
1.905019879341125488e-01 -1.404610723257064819e-01 -1.238914281129837036e-01 -6.101853772997856140e-02 5.200437083840370178e-02 1.533252596855163574e-01
1.818251907825469971e-01 -1.339796334505081177e-01 -1.389520913362503052e-01 -5.304132029414176941e-02 6.622044742107391357e-02 1.490906774997711182e-01
1.896515488624572754e-01 -1.388493776321411133e-01 -1.456060856580734253e-01 -5.168065056204795837e-02 6.279738247394561768e-02 1.494100093841552734e-01
1.912404894828796387e-01 -1.400711834430694580e-01 -1.501915752887725830e-01 -5.340110883116722107e-02 5.529662594199180603e-02 1.493567377328872681e-01
1.934597790241241455e-01 -1.396598070859909058e-01 -1.183582097291946411e-01 -5.641524121165275574e-02 4.077596589922904968e-02 1.322990059852600098e-01
1.938730776309967041e-01 -1.387335807085037231e-01 -1.175888031721115112e-01 -5.288360640406608582e-02 5.034705251455307007e-02 1.410471200942993164e-01
1.951781511306762695e-01 -1.395378708839416504e-01 -1.228970736265182495e-01 -5.216213688254356384e-02 5.220091342926025391e-02 1.485493034124374390e-01
1.904217302799224854e-01 -1.389672905206680298e-01 -1.240479797124862671e-01 -5.096975341439247131e-02 5.837410688400268555e-02 1.425963938236236572e-01
1.898396909236907959e-01 -1.399332284927368164e-01 -1.285498738288879395e-01 -5.065759643912315369e-02 5.987362563610076904e-02 1.421296894550323486e-01
1.892362833023071289e-01 -1.394378542900085449e-01 -1.356678903102874756e-01 -4.769061133265495300e-02 5.884184315800666809e-02 1.434059739112854004e-01
2.041481733322143555e-01 -1.445086598396301270e-01 -1.543357968330383301e-01 -4.487715288996696472e-02 5.739076435565948486e-02 1.683616936206817627e-01
1.964129209518432617e-01 -1.405253559350967407e-01 -1.422353386878967285e-01 -4.081951454281806946e-02 5.642896145582199097e-02 1.530563831329345703e-01
1.911848485469818115e-01 -1.402566581964492798e-01 -1.558981686830520630e-01 -3.922994434833526611e-02 5.595528334379196167e-02 1.565138846635818481e-01
1.902389824390411377e-01 -1.412499397993087769e-01 -1.733473539352416992e-01 -4.053485020995140076e-02 5.676028877496719360e-02 1.641986370086669922e-01
1.887229084968566895e-01 -1.388329863548278809e-01 -1.625616252422332764e-01 -4.573189839720726013e-02 6.296496838331222534e-02 1.523832976818084717e-01
1.920729279518127441e-01 -1.403157413005828857e-01 -1.470680832862854004e-01 -4.959832131862640381e-02 6.126734614372253418e-02 1.444727629423141479e-01
1.916948258876800537e-01 -1.382291764020919800e-01 -1.399008631706237793e-01 -5.035972595214843750e-02 5.836006999015808105e-02 1.425073742866516113e-01
1.955182999372482300e-01 -1.419354230165481567e-01 -1.434018164873123169e-01 -5.055615678429603577e-02 5.709795281291007996e-02 1.417410820722579956e-01
1.941538751125335693e-01 -1.424839496612548828e-01 -1.416429430246353149e-01 -4.860491305589675903e-02 5.618207156658172607e-02 1.379251182079315186e-01
2.011785209178924561e-01 -1.416881680488586426e-01 -1.485889106988906860e-01 -4.787185415625572205e-02 5.085492134094238281e-02 1.477575600147247314e-01
1.980008482933044434e-01 -1.376349031925201416e-01 -1.418232917785644531e-01 -5.043092370033264160e-02 5.157646909356117249e-02 1.432327181100845337e-01
1.946976184844970703e-01 -1.378746777772903442e-01 -1.390793472528457642e-01 -4.824882745742797852e-02 5.096933990716934204e-02 1.402027755975723267e-01
1.960631012916564941e-01 -1.376779824495315552e-01 -1.329331547021865845e-01 -5.034446343779563904e-02 5.229362100362777710e-02 1.386868506669998169e-01
1.955551803112030029e-01 -1.379282921552658081e-01 -1.314290016889572144e-01 -5.127893760800361633e-02 5.073434486985206604e-02 1.363023668527603149e-01
1.998940706253051758e-01 -1.420650184154510498e-01 -1.406226903200149536e-01 -4.830068349838256836e-02 4.954977333545684814e-02 1.422610580921173096e-01
1.955025196075439453e-01 -1.389042884111404419e-01 -1.361326724290847778e-01 -4.723059386014938354e-02 4.557666927576065063e-02 1.350528001785278320e-01
1.926096528768539429e-01 -1.356433331966400146e-01 -1.479537487030029297e-01 -4.897477850317955017e-02 4.768898710608482361e-02 1.384268254041671753e-01
1.931513547897338867e-01 -1.375246196985244751e-01 -1.389289647340774536e-01 -4.800304025411605835e-02 5.263831466436386108e-02 1.357910633087158203e-01
1.970559060573577881e-01 -1.398452967405319214e-01 -1.394277065992355347e-01 -4.376601427793502808e-02 4.978150129318237305e-02 1.411381661891937256e-01
1.990179121494293213e-01 -1.393572688102722168e-01 -1.338237375020980835e-01 -4.425640404224395752e-02 5.297493562102317810e-02 1.421413123607635498e-01
1.975618600845336914e-01 -1.399293690919876099e-01 -1.351259052753448486e-01 -4.450597241520881653e-02 5.266461148858070374e-02 1.407804042100906372e-01
1.944032311439514160e-01 -1.409241408109664917e-01 -1.384025514125823975e-01 -4.426518082618713379e-02 4.938080534338951111e-02 1.421600729227066040e-01
1.892315149307250977e-01 -1.399685591459274292e-01 -1.458677053451538086e-01 -4.636059701442718506e-02 5.489881336688995361e-02 1.457209140062332153e-01
2.015907466411590576e-01 -1.411404907703399658e-01 -1.485024690628051758e-01 -5.127401649951934814e-02 4.505047947168350220e-02 1.427814960479736328e-01
1.874335408210754395e-01 -1.314367055892944336e-01 -1.898285895586013794e-01 -4.135030508041381836e-02 5.319800227880477905e-02 1.717145442962646484e-01
1.868040561676025391e-01 -1.272330433130264282e-01 -1.606708616018295288e-01 -5.382741242647171021e-02 5.223291367292404175e-02 1.561914235353469849e-01
1.886861324310302734e-01 -1.273622959852218628e-01 -1.478847414255142212e-01 -5.718461051583290100e-02 4.253505542874336243e-02 1.560552865266799927e-01
1.869340240955352783e-01 -1.257389038801193237e-01 -1.541820019483566284e-01 -5.669906362891197205e-02 3.731361776590347290e-02 1.540531814098358154e-01
1.931168138980865479e-01 -1.278094202280044556e-01 -1.421651095151901245e-01 -5.707907676696777344e-02 4.757301509380340576e-02 1.761288046836853027e-01
1.941152811050415039e-01 -1.291715651750564575e-01 -1.369156539440155029e-01 -5.586660653352737427e-02 5.750656127929687500e-02 1.654585599899291992e-01
2.010854482650756836e-01 -1.347728967666625977e-01 -1.210352331399917603e-01 -4.760755598545074463e-02 6.335950642824172974e-02 1.792897880077362061e-01
2.143523693084716797e-01 -1.483985781669616699e-01 -1.723237186670303345e-01 -3.817914798855781555e-02 5.466447770595550537e-02 2.248172760009765625e-01
1.904627382755279541e-01 -1.345898956060409546e-01 -1.291795223951339722e-01 -4.592233896255493164e-02 7.249984145164489746e-02 1.942638754844665527e-01
2.011300623416900635e-01 -1.357223540544509888e-01 -1.195617467164993286e-01 -3.777668625116348267e-02 4.613256454467773438e-02 2.067443132400512695e-01
2.066472768783569336e-01 -1.369736790657043457e-01 -1.209330260753631592e-01 -4.076312109827995300e-02 2.795025706291198730e-02 2.048535346984863281e-01
2.294201850891113281e-01 -1.490339189767837524e-01 -1.927835643291473389e-01 -2.706866525113582611e-02 1.252507232129573822e-02 2.792393565177917480e-01
2.144497334957122803e-01 -1.421842128038406372e-01 -1.267110407352447510e-01 -2.906646765768527985e-02 4.633942991495132446e-02 2.109058201313018799e-01
2.133499085903167725e-01 -1.425151377916336060e-01 -1.162372827529907227e-01 -3.507535904645919800e-02 3.394045680761337280e-02 1.943258047103881836e-01
2.183426618576049805e-01 -1.431659162044525146e-01 -1.293634921312332153e-01 -3.026030026376247406e-02 1.029827073216438293e-02 2.260190546512603760e-01
2.121116816997528076e-01 -1.398281902074813843e-01 -1.246320456266403198e-01 -2.572141587734222412e-02 2.062501944601535797e-02 2.172464728355407715e-01
2.171467542648315430e-01 -1.430674940347671509e-01 -1.289459019899368286e-01 -1.571838930249214172e-02 2.526633441448211670e-02 2.306891381740570068e-01
2.170194685459136963e-01 -1.429517865180969238e-01 -1.173856109380722046e-01 -2.240438759326934814e-02 2.630458399653434753e-02 2.184348106384277344e-01
2.153500914573669434e-01 -1.434328407049179077e-01 -1.106627285480499268e-01 -3.261087834835052490e-02 2.538408525288105011e-02 1.935223340988159180e-01
2.036564946174621582e-01 -1.406869441270828247e-01 -1.094280481338500977e-01 -3.786041960120201111e-02 4.304910078644752502e-02 1.773716211318969727e-01
1.991621851921081543e-01 -1.402942985296249390e-01 -1.050134897232055664e-01 -4.577907547354698181e-02 4.081496968865394592e-02 1.609936356544494629e-01
2.209140360355377197e-01 -1.446990221738815308e-01 -1.231605857610702515e-01 -3.119833394885063171e-02 3.886580839753150940e-02 1.991027295589447021e-01
2.134982347488403320e-01 -1.392703503370285034e-01 -1.222577244043350220e-01 -2.655598148703575134e-02 3.031748905777931213e-02 2.028803825378417969e-01
2.146474719047546387e-01 -1.418500989675521851e-01 -1.536592990159988403e-01 -1.531174406409263611e-02 5.443893745541572571e-02 2.247835397720336914e-01
2.092008590698242188e-01 -1.457412391901016235e-01 -1.732154935598373413e-01 -1.600077375769615173e-02 5.533325299620628357e-02 2.234138548374176025e-01
2.199409008026123047e-01 -1.533019542694091797e-01 -1.554841101169586182e-01 -2.960750088095664978e-02 4.206127300858497620e-02 1.893690526485443115e-01
2.030404210090637207e-01 -1.359339952468872070e-01 -1.193032115697860718e-01 -4.006906971335411072e-02 3.367790207266807556e-02 1.605833172798156738e-01
2.008512318134307861e-01 -1.345087587833404541e-01 -1.216735988855361938e-01 -4.434199258685112000e-02 1.631567999720573425e-02 1.604554355144500732e-01
2.279945909976959229e-01 -1.414911001920700073e-01 -1.687502562999725342e-01 -2.626230940222740173e-02 -1.437490060925483704e-02 1.859615445137023926e-01
2.024621069431304932e-01 -1.380307823419570923e-01 -1.802014857530593872e-01 -5.179330334067344666e-02 -1.326535642147064209e-02 1.518971025943756104e-01
1.891360580921173096e-01 -1.305587142705917358e-01 -2.374059259891510010e-01 -3.794599696993827820e-02 -1.469383016228675842e-02 1.859591007232666016e-01
1.816813647747039795e-01 -1.146410033106803894e-01 -2.036951929330825806e-01 -4.805560037493705750e-02 -1.868926733732223511e-02 1.586803495883941650e-01
1.914800405502319336e-01 -1.254416257143020630e-01 -1.730795502662658691e-01 -4.421214386820793152e-02 -3.489535301923751831e-03 1.670084297657012939e-01
1.921431869268417358e-01 -1.298929154872894287e-01 -1.465389877557754517e-01 -4.971210286021232605e-02 -7.954780012369155884e-03 1.522577255964279175e-01
1.939572691917419434e-01 -1.228901967406272888e-01 -1.307953894138336182e-01 -5.382673069834709167e-02 -1.361000910401344299e-02 1.375396102666854858e-01
1.997860074043273926e-01 -1.121269166469573975e-01 -1.697623282670974731e-01 -5.477757379412651062e-02 -4.361144825816154480e-02 1.708387732505798340e-01
2.038954794406890869e-01 -1.185018718242645264e-01 -1.577192395925521851e-01 -5.352535471320152283e-02 -2.717810496687889099e-02 1.799263656139373779e-01
1.985498964786529541e-01 -1.142936050891876221e-01 -1.410541832447052002e-01 -5.133996531367301941e-02 -2.255076542496681213e-02 1.818163990974426270e-01
2.012815773487091064e-01 -1.217262744903564453e-01 -1.164309233427047729e-01 -4.687918350100517273e-02 -1.250233873724937439e-02 1.556677669286727905e-01
2.208341062068939209e-01 -1.290911436080932617e-01 -2.137574702501296997e-01 -3.008904680609703064e-02 -3.457338735461235046e-02 2.467598021030426025e-01
2.321259975433349609e-01 -1.222794428467750549e-01 -1.907007396221160889e-01 -3.078928217291831970e-02 -8.351181447505950928e-02 2.171319425106048584e-01
2.284100949764251709e-01 -1.233586147427558899e-01 -2.066469043493270874e-01 -2.022909745573997498e-02 -8.460752665996551514e-02 2.088223993778228760e-01
2.276434898376464844e-01 -1.080372557044029236e-01 -1.948203295469284058e-01 -2.727701887488365173e-02 -8.545938134193420410e-02 2.057428658008575439e-01
2.187264561653137207e-01 -1.143708005547523499e-01 -1.405681669712066650e-01 -3.466795012354850769e-02 -7.251605391502380371e-02 1.830537617206573486e-01
2.256675660610198975e-01 -1.185881868004798889e-01 -1.652441173791885376e-01 -2.415701374411582947e-02 -8.547934889793395996e-02 2.073542773723602295e-01
2.158823013305664062e-01 -1.306514441967010498e-01 -1.493622660636901855e-01 -3.895347937941551208e-02 -5.415526404976844788e-02 1.483859866857528687e-01
2.411354184150695801e-01 -1.409520655870437622e-01 -1.848562210798263550e-01 -3.084180876612663269e-02 -8.660461008548736572e-02 1.846881210803985596e-01
2.253785431385040283e-01 -1.420442163944244385e-01 -2.229669541120529175e-01 -1.807762309908866882e-02 -6.878831982612609863e-02 2.114108502864837646e-01
2.097282707691192627e-01 -1.300528645515441895e-01 -1.611159741878509521e-01 -3.658766672015190125e-02 -4.145444557070732117e-02 1.453595757484436035e-01
2.020466923713684082e-01 -1.276578605175018311e-01 -1.666587144136428833e-01 -4.251944646239280701e-02 -2.313001081347465515e-02 1.471658349037170410e-01
2.085109651088714600e-01 -1.239856556057929993e-01 -1.624648720026016235e-01 -4.730599746108055115e-02 -4.279803857207298279e-02 1.520137786865234375e-01
2.255068123340606689e-01 -1.247489228844642639e-01 -2.149164229631423950e-01 -3.916798159480094910e-02 -8.156384527683258057e-02 1.898836493492126465e-01
2.162085473537445068e-01 -1.293072253465652466e-01 -1.535008102655410767e-01 -4.125171527266502380e-02 -4.922297224402427673e-02 1.470648795366287231e-01
2.316964864730834961e-01 -1.329951286315917969e-01 -1.802876591682434082e-01 -3.620570525527000427e-02 -5.988586321473121643e-02 1.591010987758636475e-01
2.211107313632965088e-01 -1.369113773107528687e-01 -1.740510016679763794e-01 -4.450133070349693298e-02 -4.524498805403709412e-02 1.449934244155883789e-01
2.078169286251068115e-01 -1.294650286436080933e-01 -1.332737654447555542e-01 -5.316766723990440369e-02 -3.288802132010459900e-02 1.281782388687133789e-01
2.196537554264068604e-01 -1.347908228635787964e-01 -1.316562145948410034e-01 -5.190787836909294128e-02 -3.469558432698249817e-02 1.259424388408660889e-01
2.164072692394256592e-01 -1.367092132568359375e-01 -1.249180138111114502e-01 -5.398022755980491638e-02 -3.258819505572319031e-02 1.150892376899719238e-01
2.177705466747283936e-01 -1.387112736701965332e-01 -1.165039241313934326e-01 -4.820869490504264832e-02 -2.171827107667922974e-02 1.165699660778045654e-01
2.167824506759643555e-01 -1.356062889099121094e-01 -1.077997684478759766e-01 -4.753207787871360779e-02 -8.877549320459365845e-03 1.162223070859909058e-01
2.370118498802185059e-01 -1.370380669832229614e-01 -1.255838274955749512e-01 -4.724709317088127136e-02 -2.663073316216468811e-02 1.593975722789764404e-01
2.075112462043762207e-01 -1.351039856672286987e-01 -1.031107008457183838e-01 -5.448191985487937927e-02 8.367788046598434448e-03 1.205833554267883301e-01
2.131068408489227295e-01 -1.365721672773361206e-01 -1.094974428415298462e-01 -5.182724818587303162e-02 -2.221200615167617798e-03 1.212042272090911865e-01
2.056623399257659912e-01 -1.350452303886413574e-01 -1.160807609558105469e-01 -5.406421050429344177e-02 -6.649423390626907349e-03 1.115443110466003418e-01
2.053690552711486816e-01 -1.356941610574722290e-01 -1.069198846817016602e-01 -5.383152887225151062e-02 3.809977322816848755e-03 1.087101995944976807e-01
2.073360979557037354e-01 -1.326422840356826782e-01 -1.106088459491729736e-01 -5.418011173605918884e-02 8.495669811964035034e-03 1.207215785980224609e-01
2.041571140289306641e-01 -1.324638575315475464e-01 -1.017175316810607910e-01 -5.698446929454803467e-02 8.912630379199981689e-03 1.089498549699783325e-01
2.074380815029144287e-01 -1.296239495277404785e-01 -1.010910272598266602e-01 -5.611632019281387329e-02 9.391896426677703857e-03 1.137385368347167969e-01
2.028046548366546631e-01 -1.277326643466949463e-01 -1.004448235034942627e-01 -5.753671750426292419e-02 1.064268685877323151e-02 1.132255494594573975e-01
2.036156952381134033e-01 -1.272601187229156494e-01 -1.008003801107406616e-01 -5.716599524021148682e-02 8.739819750189781189e-03 1.126031130552291870e-01
2.024364173412322998e-01 -1.285243779420852661e-01 -1.018075644969940186e-01 -5.837571248412132263e-02 7.958417758345603943e-03 1.089493930339813232e-01
2.062834203243255615e-01 -1.330284476280212402e-01 -9.972064197063446045e-02 -5.902634188532829285e-02 8.655214682221412659e-03 1.073020547628402710e-01
2.008166015148162842e-01 -1.308625340461730957e-01 -1.010790914297103882e-01 -5.638242140412330627e-02 1.084711402654647827e-02 1.052886694669723511e-01
2.019159197807312012e-01 -1.311815977096557617e-01 -1.054204255342483521e-01 -5.471563711762428284e-02 1.184285618364810944e-02 1.079282611608505249e-01
2.104264497756958008e-01 -1.318223774433135986e-01 -1.066732853651046753e-01 -5.320156738162040710e-02 4.580471664667129517e-03 1.146624833345413208e-01
2.019458413124084473e-01 -1.330496817827224731e-01 -1.040187329053878784e-01 -5.516879260540008545e-02 1.018005795776844025e-02 1.040816456079483032e-01
2.044711410999298096e-01 -1.372832804918289185e-01 -1.024007797241210938e-01 -5.641611665487289429e-02 9.085573256015777588e-03 1.013894230127334595e-01
2.279533743858337402e-01 -1.415744870901107788e-01 -1.245301812887191772e-01 -5.040318518877029419e-02 -4.606697708368301392e-03 1.256844103336334229e-01
2.100752890110015869e-01 -1.369494646787643433e-01 -1.046680659055709839e-01 -5.585511773824691772e-02 1.060457527637481689e-02 1.175376623868942261e-01
2.018923163414001465e-01 -1.346063911914825439e-01 -1.043322682380676270e-01 -5.601914599537849426e-02 5.792180076241493225e-03 1.146059483289718628e-01
2.022448182106018066e-01 -1.351500600576400757e-01 -1.006487756967544556e-01 -6.043233722448348999e-02 9.702058508992195129e-03 1.065926849842071533e-01
2.197745144367218018e-01 -1.404264867305755615e-01 -1.027464419603347778e-01 -5.852908268570899963e-02 -2.090353518724441528e-03 1.265585124492645264e-01
2.238176465034484863e-01 -1.448617428541183472e-01 -1.200785487890243530e-01 -5.817663669586181641e-02 -2.261184900999069214e-02 1.373648047447204590e-01
2.065348923206329346e-01 -1.358639448881149292e-01 -1.017552316188812256e-01 -5.911997705698013306e-02 -6.585042923688888550e-03 1.105396449565887451e-01
1.991212069988250732e-01 -1.332638561725616455e-01 -1.004997044801712036e-01 -6.067620962858200073e-02 6.987940520048141479e-03 1.115146577358245850e-01
2.077271044254302979e-01 -1.360339522361755371e-01 -9.674850106239318848e-02 -6.232572346925735474e-02 -6.500277668237686157e-03 1.146824061870574951e-01
2.157619297504425049e-01 -1.412949562072753906e-01 -1.100325435400009155e-01 -5.813957378268241882e-02 -1.220695674419403076e-03 1.289941519498825073e-01
2.156760096549987793e-01 -1.410623490810394287e-01 -1.082681864500045776e-01 -5.626677721738815308e-02 -7.930856198072433472e-03 1.250018924474716187e-01
2.088047266006469727e-01 -1.406971514225006104e-01 -1.051374971866607666e-01 -5.917060002684593201e-02 2.069279551506042480e-03 1.172431260347366333e-01
2.081781923770904541e-01 -1.413093656301498413e-01 -1.018688678741455078e-01 -5.886794626712799072e-02 5.055367946624755859e-03 1.197202801704406738e-01
2.070691585540771484e-01 -1.392398029565811157e-01 -1.149210184812545776e-01 -6.107690930366516113e-02 -9.772986173629760742e-03 1.148724704980850220e-01
2.113849520683288574e-01 -1.385862380266189575e-01 -1.199005842208862305e-01 -5.827573686838150024e-02 -4.634045064449310303e-03 1.289885789155960083e-01
2.125501036643981934e-01 -1.382729262113571167e-01 -1.098281443119049072e-01 -5.758676305413246155e-02 -4.176866263151168823e-03 1.283232569694519043e-01
2.218812704086303711e-01 -1.382661908864974976e-01 -1.380400508642196655e-01 -5.507957935333251953e-02 -2.787193283438682556e-02 1.452397853136062622e-01
2.316841781139373779e-01 -1.451030373573303223e-01 -1.359757930040359497e-01 -5.489406734704971313e-02 -3.728709742426872253e-02 1.508645564317703247e-01
2.080765068531036377e-01 -1.169850006699562073e-01 -1.202546954154968262e-01 -4.851580411195755005e-02 1.803938299417495728e-02 1.755835115909576416e-01
1.930320560932159424e-01 -1.259909719228744507e-01 -1.215611547231674194e-01 -5.485519021749496460e-02 2.183070033788681030e-02 1.347873806953430176e-01
1.906462013721466064e-01 -1.269354969263076782e-01 -1.216147392988204956e-01 -4.682683944702148438e-02 1.347167603671550751e-02 1.379300057888031006e-01
2.153646349906921387e-01 -1.293616443872451782e-01 -1.519421786069869995e-01 -3.348167985677719116e-02 -7.644873112440109253e-03 1.649509072303771973e-01
2.031452059745788574e-01 -1.404253840446472168e-01 -1.451393961906433105e-01 -4.467361047863960266e-02 -1.073100790381431580e-02 1.391175687313079834e-01
1.913905143737792969e-01 -1.369009166955947876e-01 -1.691866815090179443e-01 -5.104462802410125732e-02 1.028471253812313080e-02 1.558170765638351440e-01
1.796933412551879883e-01 -1.420936435461044312e-01 -1.502269655466079712e-01 -6.285506486892700195e-02 4.893558099865913391e-02 1.209452897310256958e-01
1.891148686408996582e-01 -1.381399184465408325e-01 -1.751009523868560791e-01 -5.408474802970886230e-02 3.035101480782032013e-02 1.627666652202606201e-01
1.894462406635284424e-01 -1.228247508406639099e-01 -1.457317918539047241e-01 -5.077128857374191284e-02 5.495272576808929443e-03 1.569813042879104614e-01
1.766068637371063232e-01 -1.362643092870712280e-01 -1.486380547285079956e-01 -5.916224420070648193e-02 4.651096835732460022e-02 1.374446302652359009e-01
1.793374717235565186e-01 -1.418327838182449341e-01 -1.834694743156433105e-01 -5.645759403705596924e-02 3.332759812474250793e-02 1.451631188392639160e-01
1.741961985826492310e-01 -1.280486583709716797e-01 -1.849531531333923340e-01 -5.818125605583190918e-02 2.768475376069545746e-02 1.398397982120513916e-01
1.541345417499542236e-01 -8.798729628324508667e-02 -1.902591586112976074e-01 -6.342311203479766846e-02 1.846914924681186676e-02 1.639355421066284180e-01
1.638324409723281860e-01 -8.078625053167343140e-02 -2.142821252346038818e-01 -6.870818138122558594e-02 -1.244283095002174377e-02 1.914429962635040283e-01
1.801363229751586914e-01 -8.815776556730270386e-02 -2.274031788110733032e-01 -6.807456165552139282e-02 -3.812259063124656677e-02 1.969076395034790039e-01
1.743580400943756104e-01 -9.414324909448623657e-02 -1.543020308017730713e-01 -6.532674282789230347e-02 -1.664374396204948425e-02 1.544305533170700073e-01
1.690657138824462891e-01 -9.873523563146591187e-02 -1.439289152622222900e-01 -6.809341162443161011e-02 -8.464749902486801147e-03 1.530184298753738403e-01
1.709624528884887695e-01 -8.724900335073471069e-02 -2.207521796226501465e-01 -5.498517304658889771e-02 -6.317183375358581543e-03 2.083254158496856689e-01
1.628324091434478760e-01 -8.779411017894744873e-02 -2.203326970338821411e-01 -5.630127713084220886e-02 2.381438389420509338e-02 1.875676214694976807e-01
1.454161703586578369e-01 -6.755438446998596191e-02 -1.754666715860366821e-01 -6.986169517040252686e-02 3.040668740868568420e-02 1.751962602138519287e-01
1.466141045093536377e-01 -7.418762892484664917e-02 -1.850666850805282593e-01 -6.553748250007629395e-02 4.077450558543205261e-02 1.788810193538665771e-01
1.735149919986724854e-01 -9.977556020021438599e-02 -2.807145118713378906e-01 -7.121458649635314941e-02 1.688510924577713013e-02 2.478792965412139893e-01
1.675304770469665527e-01 -1.038667708635330200e-01 -2.099894285202026367e-01 -7.079738378524780273e-02 3.679525479674339294e-02 1.856701672077178955e-01
1.668589413166046143e-01 -1.109379604458808899e-01 -2.260468155145645142e-01 -7.449370622634887695e-02 2.323735132813453674e-02 1.691788136959075928e-01
1.662684381008148193e-01 -1.247658506035804749e-01 -2.515435814857482910e-01 -6.574919819831848145e-02 3.441404178738594055e-02 1.647121012210845947e-01
1.737604439258575439e-01 -1.500829160213470459e-01 -1.774107068777084351e-01 -6.404969096183776855e-02 5.506668612360954285e-02 1.195270717144012451e-01
1.734177172183990479e-01 -1.519996970891952515e-01 -1.701352298259735107e-01 -6.364072859287261963e-02 6.934903562068939209e-02 1.334717273712158203e-01
1.802567541599273682e-01 -1.487485915422439575e-01 -1.507304310798645020e-01 -6.082643195986747742e-02 7.607817649841308594e-02 1.327447891235351562e-01
1.992813050746917725e-01 -1.705000102519989014e-01 -2.162889391183853149e-01 -3.765868768095970154e-02 9.097164869308471680e-02 1.755577623844146729e-01
2.038850188255310059e-01 -1.532094180583953857e-01 -1.683107018470764160e-01 -4.285856708884239197e-02 6.942711025476455688e-02 1.606261432170867920e-01
2.055932879447937012e-01 -1.465893983840942383e-01 -1.430619060993194580e-01 -4.413163289427757263e-02 7.224326580762863159e-02 1.514190137386322021e-01
2.146172821521759033e-01 -1.514398604631423950e-01 -1.935177296400070190e-01 -3.296044096350669861e-02 4.378778114914894104e-02 1.735976934432983398e-01
1.946494877338409424e-01 -1.475833356380462646e-01 -1.892274618148803711e-01 -4.740176722407341003e-02 7.110774517059326172e-02 1.301545351743698120e-01
2.228166759014129639e-01 -1.774138957262039185e-01 -2.233699262142181396e-01 -5.974383279681205750e-02 7.804481685161590576e-02 1.392702162265777588e-01
2.267175316810607910e-01 -1.696095317602157593e-01 -1.856099516153335571e-01 -6.248302385210990906e-02 5.535483732819557190e-02 1.404263973236083984e-01
2.410827875137329102e-01 -1.726712882518768311e-01 -2.286287844181060791e-01 -4.903156682848930359e-02 2.489061281085014343e-02 1.721639633178710938e-01
2.060078382492065430e-01 -1.454419493675231934e-01 -1.817253381013870239e-01 -7.087156176567077637e-02 2.355713397264480591e-03 1.297544240951538086e-01
1.951857805252075195e-01 -1.356702148914337158e-01 -1.793117821216583252e-01 -7.282051444053649902e-02 -6.188631057739257812e-03 1.393064856529235840e-01
2.124488949775695801e-01 -1.486995816230773926e-01 -2.113713771104812622e-01 -6.248029693961143494e-02 -3.001676127314567566e-02 1.966601908206939697e-01
2.024745047092437744e-01 -1.320358216762542725e-01 -2.095782607793807983e-01 -5.657559260725975037e-02 -1.938487961888313293e-02 2.340663671493530273e-01
1.875313818454742432e-01 -1.373983472585678101e-01 -2.167414724826812744e-01 -6.007837876677513123e-02 3.177743032574653625e-02 2.455743253231048584e-01
1.759786903858184814e-01 -1.412275433540344238e-01 -2.033872306346893311e-01 -6.741099059581756592e-02 4.266417399048805237e-02 2.040012180805206299e-01
1.937465369701385498e-01 -1.462268680334091187e-01 -3.169273436069488525e-01 -5.028818175196647644e-02 -8.938804268836975098e-03 2.516035139560699463e-01
1.653959453105926514e-01 -1.083508506417274475e-01 -2.660535573959350586e-01 -4.854246601462364197e-02 2.297721430659294128e-02 1.883258521556854248e-01
1.681622564792633057e-01 -1.043255850672721863e-01 -2.448731809854507446e-01 -5.084994062781333923e-02 2.615313604474067688e-02 1.701032519340515137e-01
1.694113463163375854e-01 -1.037988960742950439e-01 -2.253995686769485474e-01 -5.954190716147422791e-02 7.806986570358276367e-03 1.549764722585678101e-01
1.738048195838928223e-01 -1.150602847337722778e-01 -1.869189888238906860e-01 -6.293919682502746582e-02 1.550329849123954773e-02 1.411906629800796509e-01
1.681689620018005371e-01 -9.372671693563461304e-02 -2.073003500699996948e-01 -8.038184046745300293e-02 -1.046896725893020630e-02 1.876550018787384033e-01
1.445932090282440186e-01 -6.824848055839538574e-02 -1.639203280210494995e-01 -8.163139224052429199e-02 4.165746271610260010e-03 1.647000610828399658e-01
1.710648238658905029e-01 -6.944146752357482910e-02 -2.513139843940734863e-01 -7.303595542907714844e-02 -4.015870019793510437e-02 2.155988216400146484e-01
1.597520112991333008e-01 -6.294332444667816162e-02 -1.803888529539108276e-01 -7.632093131542205811e-02 -2.661674842238426208e-02 1.765431463718414307e-01
1.569116860628128052e-01 -5.978944152593612671e-02 -1.830803900957107544e-01 -7.137069106101989746e-02 -9.533565491437911987e-03 1.674077510833740234e-01
1.658878922462463379e-01 -6.809560209512710571e-02 -1.772053092718124390e-01 -7.980749011039733887e-02 -9.996138513088226318e-03 1.619644761085510254e-01
1.683492958545684814e-01 -8.351085335016250610e-02 -1.592163294553756714e-01 -7.524806261062622070e-02 -4.300910979509353638e-03 1.488457322120666504e-01
1.646943539381027222e-01 -7.130828499794006348e-02 -1.797829121351242065e-01 -7.004657387733459473e-02 -5.532700568437576294e-03 1.714354157447814941e-01
1.549795866012573242e-01 -6.507293134927749634e-02 -1.970343738794326782e-01 -6.987200677394866943e-02 3.671307116746902466e-03 1.776566207408905029e-01
1.735928654670715332e-01 -7.645799964666366577e-02 -2.608808279037475586e-01 -7.231983542442321777e-02 -3.100551292300224304e-02 2.165495455265045166e-01
1.499503552913665771e-01 -7.198629528284072876e-02 -2.029296308755874634e-01 -7.617893815040588379e-02 6.381418555974960327e-03 1.589102298021316528e-01
1.517701745033264160e-01 -8.746435493230819702e-02 -1.959382444620132446e-01 -6.490635871887207031e-02 2.286045625805854797e-02 1.518478095531463623e-01
1.541785299777984619e-01 -8.770746737718582153e-02 -1.829297244548797607e-01 -7.348789274692535400e-02 1.112360879778862000e-02 1.504168510437011719e-01
1.520287394523620605e-01 -9.255736321210861206e-02 -1.902619451284408569e-01 -7.767747342586517334e-02 2.120884880423545837e-02 1.362638324499130249e-01
1.565360724925994873e-01 -8.700520545244216919e-02 -1.967536807060241699e-01 -8.383460342884063721e-02 8.958484977483749390e-03 1.418127119541168213e-01
1.549169719219207764e-01 -8.857643604278564453e-02 -1.707998067140579224e-01 -8.119702339172363281e-02 2.280048653483390808e-02 1.362562030553817749e-01
1.732792854309082031e-01 -9.574071317911148071e-02 -2.349971383810043335e-01 -7.941761612892150879e-02 -2.421360462903976440e-03 1.766042411327362061e-01
1.669644415378570557e-01 -9.016985446214675903e-02 -2.129092812538146973e-01 -7.925286889076232910e-02 5.157776176929473877e-03 1.634471118450164795e-01
1.755355298519134521e-01 -9.550224989652633667e-02 -2.073349058628082275e-01 -8.017952740192413330e-02 -6.077207624912261963e-03 1.437685936689376831e-01
1.660069227218627930e-01 -8.511178195476531982e-02 -1.828569620847702026e-01 -8.198998868465423584e-02 -3.155376762151718140e-03 1.322894245386123657e-01
1.668962091207504272e-01 -8.872582018375396729e-02 -1.604788005352020264e-01 -9.090240299701690674e-02 -2.129465341567993164e-03 1.251432150602340698e-01
1.646035015583038330e-01 -9.798412770032882690e-02 -1.522967219352722168e-01 -9.422846138477325439e-02 4.911493510007858276e-03 1.262920796871185303e-01
1.582448482513427734e-01 -1.014208197593688965e-01 -1.588638722896575928e-01 -9.262613207101821899e-02 1.385425589978694916e-02 1.340386718511581421e-01
1.631294488906860352e-01 -1.228616312146186829e-01 -1.739649623632431030e-01 -8.788475394248962402e-02 2.477684244513511658e-02 1.237504780292510986e-01
1.589370220899581909e-01 -1.213182210922241211e-01 -2.075821012258529663e-01 -7.781641930341720581e-02 2.404628321528434753e-02 1.273281872272491455e-01
1.549806296825408936e-01 -1.157521903514862061e-01 -1.811413317918777466e-01 -7.467824965715408325e-02 2.375542372465133667e-02 1.196321994066238403e-01
1.582734882831573486e-01 -1.197663471102714539e-01 -1.762280166149139404e-01 -7.134670764207839966e-02 2.830707095563411713e-02 1.245677769184112549e-01
1.743117570877075195e-01 -1.460562795400619507e-01 -1.706587821245193481e-01 -5.325639247894287109e-02 4.198372364044189453e-02 1.351613700389862061e-01
1.910933405160903931e-01 -1.545814424753189087e-01 -1.711109429597854614e-01 -6.870611011981964111e-02 5.336584895849227905e-02 1.592774093151092529e-01
1.996431648731231689e-01 -1.546268761157989502e-01 -1.692846119403839111e-01 -7.067100703716278076e-02 4.573931545019149780e-02 1.400382667779922485e-01
2.211444079875946045e-01 -1.639224290847778320e-01 -2.031156569719314575e-01 -5.182981491088867188e-02 5.497214570641517639e-02 1.706395447254180908e-01
2.126677632331848145e-01 -1.568215191364288330e-01 -1.806828528642654419e-01 -4.735814034938812256e-02 5.384630709886550903e-02 1.528250873088836670e-01
2.222540676593780518e-01 -1.476091742515563965e-01 -1.544869542121887207e-01 -5.736317485570907593e-02 3.721695765852928162e-02 1.576140522956848145e-01
2.279405593872070312e-01 -1.650032401084899902e-01 -1.859502345323562622e-01 -5.241683125495910645e-02 4.283204302191734314e-02 1.661728918552398682e-01
2.173728346824645996e-01 -1.561012417078018188e-01 -1.615374237298965454e-01 -5.874360352754592896e-02 4.594868049025535583e-02 1.273145079612731934e-01
2.160988748073577881e-01 -1.537040174007415771e-01 -1.762967407703399658e-01 -5.918365716934204102e-02 3.141662478446960449e-02 1.429973244667053223e-01
1.997232735157012939e-01 -1.409063190221786499e-01 -1.318046301603317261e-01 -7.306828349828720093e-02 2.925092168152332306e-02 1.149548739194869995e-01
2.205446660518646240e-01 -1.531601250171661377e-01 -1.794083416461944580e-01 -6.340032815933227539e-02 3.026578202843666077e-02 1.447852402925491333e-01
2.140148580074310303e-01 -1.580570936203002930e-01 -1.807115972042083740e-01 -6.114012002944946289e-02 2.715857326984405518e-02 1.418822407722473145e-01
2.073527574539184570e-01 -1.513901501893997192e-01 -1.643487513065338135e-01 -5.699269101023674011e-02 3.256157413125038147e-02 1.376805007457733154e-01
1.862447559833526611e-01 -1.395879089832305908e-01 -2.138473093509674072e-01 -5.411232635378837585e-02 3.547006100416183472e-02 1.588776260614395142e-01
1.713965684175491333e-01 -1.306621432304382324e-01 -2.245656996965408325e-01 -5.391459912061691284e-02 3.287789598107337952e-02 1.530586034059524536e-01
1.839154809713363647e-01 -1.372740864753723145e-01 -2.418716996908187866e-01 -5.230180546641349792e-02 1.194629631936550140e-02 1.819861531257629395e-01
1.801320463418960571e-01 -1.296803206205368042e-01 -2.136951535940170288e-01 -5.774568766355514526e-02 1.292183995246887207e-02 1.697699129581451416e-01
1.736085414886474609e-01 -1.231588274240493774e-01 -1.812850683927536011e-01 -6.688600778579711914e-02 2.633731253445148468e-02 1.563819348812103271e-01
1.794089972972869873e-01 -1.279029846191406250e-01 -1.542325168848037720e-01 -6.431637704372406006e-02 3.475634381175041199e-02 1.492829173803329468e-01
1.875876188278198242e-01 -1.315254718065261841e-01 -1.496609747409820557e-01 -6.106804683804512024e-02 4.043425619602203369e-02 1.502463072538375854e-01
1.990605592727661133e-01 -1.496411114931106567e-01 -1.941797733306884766e-01 -5.324068665504455566e-02 4.346617311239242554e-02 1.852679252624511719e-01
1.970046758651733398e-01 -1.501356959342956543e-01 -1.945287287235260010e-01 -4.109060764312744141e-02 6.157144531607627869e-02 1.692405641078948975e-01
1.986612081527709961e-01 -1.438596993684768677e-01 -1.816702187061309814e-01 -4.177843779325485229e-02 5.490539968013763428e-02 1.652321219444274902e-01
1.945283412933349609e-01 -1.420128345489501953e-01 -1.661054491996765137e-01 -4.586791992187500000e-02 5.461560189723968506e-02 1.487191766500473022e-01
2.030872404575347900e-01 -1.494639664888381958e-01 -1.364680230617523193e-01 -5.184624344110488892e-02 6.566663831472396851e-02 1.592884212732315063e-01
1.967694163322448730e-01 -1.414069533348083496e-01 -1.214852780103683472e-01 -5.294230580329895020e-02 6.791882216930389404e-02 1.633248627185821533e-01
2.042630612850189209e-01 -1.407595276832580566e-01 -1.189354807138442993e-01 -5.031398683786392212e-02 5.590040236711502075e-02 1.837503910064697266e-01
2.121660113334655762e-01 -1.467200815677642822e-01 -1.281457543373107910e-01 -4.835392534732818604e-02 5.970973521471023560e-02 1.863510608673095703e-01
2.038045823574066162e-01 -1.436542719602584839e-01 -1.168975085020065308e-01 -4.924730211496353149e-02 4.726552963256835938e-02 1.473580002784729004e-01
1.956844329833984375e-01 -1.398421078920364380e-01 -1.124163717031478882e-01 -4.906066507101058960e-02 5.167648196220397949e-02 1.382783800363540649e-01
2.051083147525787354e-01 -1.413660794496536255e-01 -1.237904429435729980e-01 -3.774244710803031921e-02 3.535800427198410034e-02 1.534224301576614380e-01
2.113585472106933594e-01 -1.475789248943328857e-01 -1.331475824117660522e-01 -3.961148485541343689e-02 2.713263034820556641e-02 1.643470227718353271e-01
2.018837332725524902e-01 -1.417957991361618042e-01 -1.001771539449691772e-01 -4.813141375780105591e-02 2.818449214100837708e-02 1.298060864210128784e-01
2.092386484146118164e-01 -1.423860788345336914e-01 -1.086946427822113037e-01 -4.880142211914062500e-02 2.837805822491645813e-02 1.445879042148590088e-01
2.045154273509979248e-01 -1.436135321855545044e-01 -1.332159787416458130e-01 -4.142256826162338257e-02 5.071711912751197815e-02 1.539777070283889771e-01
2.003382146358489990e-01 -1.398761719465255737e-01 -9.773878753185272217e-02 -4.961872100830078125e-02 3.578437864780426025e-02 1.285869926214218140e-01
2.006843090057373047e-01 -1.391542404890060425e-01 -9.582096338272094727e-02 -5.023632198572158813e-02 3.133760020136833191e-02 1.263600438833236694e-01
2.009420096874237061e-01 -1.386256217956542969e-01 -9.667280316352844238e-02 -5.103901773691177368e-02 3.045548312366008759e-02 1.264302730560302734e-01
2.131595909595489502e-01 -1.424414962530136108e-01 -1.249536722898483276e-01 -4.216356202960014343e-02 2.595495805144309998e-02 1.561223268508911133e-01
2.039808928966522217e-01 -1.379219442605972290e-01 -1.007183492183685303e-01 -5.053227767348289490e-02 2.436440438032150269e-02 1.293976157903671265e-01
2.070794105529785156e-01 -1.440615504980087280e-01 -1.000273078680038452e-01 -5.525922402739524841e-02 1.538412272930145264e-02 1.128568798303604126e-01
2.043958306312561035e-01 -1.432714164257049561e-01 -1.265725195407867432e-01 -5.567700788378715515e-02 1.728390529751777649e-02 1.229669004678726196e-01
2.051686644554138184e-01 -1.374404132366180420e-01 -1.081995069980621338e-01 -5.013641342520713806e-02 3.481861203908920288e-03 1.240629851818084717e-01
2.075408995151519775e-01 -1.353951394557952881e-01 -1.023287624120712280e-01 -4.455926641821861267e-02 -3.119781613349914551e-03 1.316577792167663574e-01
2.065196931362152100e-01 -1.390964239835739136e-01 -1.009518951177597046e-01 -4.521806165575981140e-02 -4.433974623680114746e-03 1.311007142066955566e-01
2.196920514106750488e-01 -1.462235301733016968e-01 -1.352800726890563965e-01 -4.163917526602745056e-02 -3.048240020871162415e-02 1.447851657867431641e-01
2.112659513950347900e-01 -1.344684511423110962e-01 -1.011808961629867554e-01 -4.557126387953758240e-02 -1.969709619879722595e-02 1.259478330612182617e-01
2.075749337673187256e-01 -1.362580806016921997e-01 -1.183493435382843018e-01 -4.561377689242362976e-02 -2.725971117615699768e-02 1.381462663412094116e-01
2.061160802841186523e-01 -1.277527362108230591e-01 -1.336426436901092529e-01 -5.285396799445152283e-02 -2.682150527834892273e-02 1.401609480381011963e-01
2.097688913345336914e-01 -1.262042969465255737e-01 -1.142931133508682251e-01 -4.953094944357872009e-02 -2.822762355208396912e-02 1.339869797229766846e-01
2.129203677177429199e-01 -1.233742162585258484e-01 -1.179947406053543091e-01 -4.319052025675773621e-02 -3.062834218144416809e-02 1.410549730062484741e-01
2.140906155109405518e-01 -1.298388093709945679e-01 -1.203998923301696777e-01 -3.855980560183525085e-02 -2.718504890799522400e-02 1.377344429492950439e-01
2.301020920276641846e-01 -1.438406556844711304e-01 -1.682418733835220337e-01 -3.204382583498954773e-02 -3.284416720271110535e-02 1.520237624645233154e-01
2.153945863246917725e-01 -1.365100741386413574e-01 -1.385912299156188965e-01 -4.961432144045829773e-02 -1.526925340294837952e-02 1.238165199756622314e-01
2.034220099449157715e-01 -1.307648569345474243e-01 -1.360799819231033325e-01 -5.080464109778404236e-02 -1.316498592495918274e-02 1.108697503805160522e-01
1.996424794197082520e-01 -1.385353952646255493e-01 -1.326335817575454712e-01 -4.920741543173789978e-02 -2.957116812467575073e-03 1.001508235931396484e-01
2.054928541183471680e-01 -1.377279162406921387e-01 -1.363060474395751953e-01 -4.874956235289573669e-02 -1.955744624137878418e-02 1.102124154567718506e-01
2.159144878387451172e-01 -1.367199569940567017e-01 -1.447017639875411987e-01 -4.897558316588401794e-02 -2.728904411196708679e-02 1.184017062187194824e-01
2.206412255764007568e-01 -1.467476189136505127e-01 -1.621471196413040161e-01 -5.007752403616905212e-02 -5.329255014657974243e-03 1.241873204708099365e-01
2.210932374000549316e-01 -1.500692367553710938e-01 -1.678742617368698120e-01 -3.770221397280693054e-02 1.624613627791404724e-02 1.282376050949096680e-01
1.867477595806121826e-01 -1.272862404584884644e-01 -1.538303643465042114e-01 -4.607769474387168884e-02 2.453221753239631653e-02 9.700617194175720215e-02
1.989328861236572266e-01 -1.284276694059371948e-01 -1.497661471366882324e-01 -4.732513055205345154e-02 1.013022661209106445e-02 1.061647832393646240e-01
1.963346004486083984e-01 -1.306753009557723999e-01 -1.499785929918289185e-01 -5.266430601477622986e-02 3.011830151081085205e-03 1.074041426181793213e-01
2.008458673954010010e-01 -1.318130642175674438e-01 -1.434154063463211060e-01 -5.202618241310119629e-02 -3.406383097171783447e-03 1.034104079008102417e-01
1.978923678398132324e-01 -1.313675493001937866e-01 -1.418768614530563354e-01 -5.293439328670501709e-02 -7.276050746440887451e-03 1.084197312593460083e-01
1.935188025236129761e-01 -1.292623281478881836e-01 -1.424110829830169678e-01 -5.398333817720413208e-02 -2.872534096240997314e-03 1.093191057443618774e-01
1.934336125850677490e-01 -1.302374452352523804e-01 -1.455698460340499878e-01 -5.571565032005310059e-02 -3.592707216739654541e-03 1.103939116001129150e-01
1.931645870208740234e-01 -1.326974183320999146e-01 -1.400493681430816650e-01 -5.387790873646736145e-02 7.692480459809303284e-03 1.055716276168823242e-01
1.948602348566055298e-01 -1.328942626714706421e-01 -1.336248368024826050e-01 -5.148191004991531372e-02 9.556271135807037354e-03 1.049007624387741089e-01
2.104177772998809814e-01 -1.498312652111053467e-01 -1.426804661750793457e-01 -4.225528985261917114e-02 1.501515507698059082e-04 1.173932403326034546e-01
2.006415426731109619e-01 -1.408756077289581299e-01 -1.199899613857269287e-01 -4.979759454727172852e-02 1.214413344860076904e-02 1.043272316455841064e-01
2.030048072338104248e-01 -1.385262459516525269e-01 -1.228521913290023804e-01 -4.888624697923660278e-02 1.221912726759910583e-02 1.044735014438629150e-01
1.978686451911926270e-01 -1.423480808734893799e-01 -1.196634918451309204e-01 -4.131619259715080261e-02 7.386993616819381714e-03 9.801886975765228271e-02
2.168276906013488770e-01 -1.368965208530426025e-01 -1.532735973596572876e-01 -4.385633766651153564e-02 1.324489712715148926e-03 1.102528125047683716e-01
1.929561346769332886e-01 -1.325500309467315674e-01 -1.294147968292236328e-01 -4.484087601304054260e-02 1.369093731045722961e-02 1.047627478837966919e-01
1.948859244585037231e-01 -1.330021470785140991e-01 -1.138563454151153564e-01 -4.788701981306076050e-02 1.453769393265247345e-02 1.020533889532089233e-01
2.065432369709014893e-01 -1.297692060470581055e-01 -1.168230324983596802e-01 -5.023465678095817566e-02 6.089817732572555542e-03 1.000006645917892456e-01
1.984476745128631592e-01 -1.343276500701904297e-01 -1.117977499961853027e-01 -4.568108916282653809e-02 1.256706565618515015e-02 9.789925813674926758e-02
1.883944571018218994e-01 -1.309789568185806274e-01 -1.207713484764099121e-01 -4.194605723023414612e-02 1.635245420038700104e-02 1.218087971210479736e-01
1.935665011405944824e-01 -1.285992860794067383e-01 -1.475702822208404541e-01 -4.983828216791152954e-02 7.034085690975189209e-03 1.024105995893478394e-01
1.902770251035690308e-01 -1.363823264837265015e-01 -1.476999968290328979e-01 -4.623272269964218140e-02 9.241051971912384033e-03 1.087551414966583252e-01
1.810527145862579346e-01 -1.290078461170196533e-01 -1.268872618675231934e-01 -4.841999709606170654e-02 1.811208575963973999e-02 9.865444898605346680e-02
1.817882210016250610e-01 -1.295790225267410278e-01 -1.278981268405914307e-01 -4.825136438012123108e-02 1.677503809332847595e-02 9.657174348831176758e-02
1.825585067272186279e-01 -1.293835043907165527e-01 -1.291810870170593262e-01 -4.861524701118469238e-02 1.602209545671939850e-02 9.621633589267730713e-02
1.820517480373382568e-01 -1.294240504503250122e-01 -1.289647966623306274e-01 -4.853419959545135498e-02 1.638083346188068390e-02 9.675465524196624756e-02
1.817621588706970215e-01 -1.293564438819885254e-01 -1.283225715160369873e-01 -4.872848838567733765e-02 1.678029075264930725e-02 9.688672423362731934e-02
1.815813183784484863e-01 -1.295518726110458374e-01 -1.282914578914642334e-01 -4.839341714978218079e-02 1.700472831726074219e-02 9.654842317104339600e-02
