1.584124984219670296e-03 -1.481255749240517616e-03 -9.068116545677185059e-03
5.653339903801679611e-03 -5.043743643909692764e-03 -8.205106481909751892e-03
8.096828125417232513e-03 7.699651177972555161e-03 -1.476197224110364914e-02
4.975580610334873199e-03 1.042830757796764374e-02 -1.588217541575431824e-02
-1.908342703245580196e-03 4.111310467123985291e-02 -6.645586341619491577e-03
1.361299655400216579e-03 1.828257553279399872e-02 -5.721260793507099152e-03
4.362537059932947159e-03 3.053149022161960602e-02 1.736625470221042633e-02
4.588119918480515480e-04 -2.006843499839305878e-02 1.891679130494594574e-02
-3.097896464169025421e-02 5.545971915125846863e-03 6.549357203766703606e-05
-5.759377963840961456e-04 1.041895803064107895e-02 -4.595300182700157166e-03
1.802343130111694336e-02 -3.170063486322760582e-03 -2.189364843070507050e-02
2.595985494554042816e-02 1.188719645142555237e-02 -1.046394556760787964e-02
8.931880816817283630e-03 2.713912725448608398e-02 -1.665075868368148804e-02
3.020172705873847008e-03 -1.552371867001056671e-02 1.393731217831373215e-02
-3.221054375171661377e-02 -1.422985270619392395e-02 5.223853979259729385e-03
-2.559439465403556824e-02 1.161388587206602097e-02 -4.266468342393636703e-03
1.941129739861935377e-04 1.400071755051612854e-02 -1.574185118079185486e-02
9.755137376487255096e-03 4.402987193316221237e-03 -2.222778834402561188e-02
3.522901237010955811e-02 1.591417565941810608e-02 -1.897847093641757965e-02
5.100957117974758148e-03 9.783784858882427216e-03 8.331602439284324646e-03
-8.492547087371349335e-03 -1.908972486853599548e-02 2.529406046960502863e-04
-4.311906546354293823e-02 1.032461039721965790e-02 3.615599125623703003e-03
-9.559039026498794556e-03 3.854573145508766174e-02 -9.154471568763256073e-03
1.584502309560775757e-02 -7.010727655142545700e-03 -1.898838207125663757e-02
8.837554603815078735e-03 7.074998226016759872e-03 -3.988541197031736374e-03
1.253524795174598694e-02 5.562847107648849487e-02 -1.352317910641431808e-02
-3.086683806031942368e-03 8.631684817373752594e-03 1.119197253137826920e-02
-2.236962318420410156e-02 -1.864689961075782776e-02 1.295684278011322021e-02
-3.704996034502983093e-02 -1.801892928779125214e-02 -2.526810392737388611e-03
3.078095905948430300e-04 2.949804533272981644e-03 -8.036461658775806427e-03
-4.933071322739124298e-03 -1.070901751518249512e-02 -7.047181949019432068e-03
2.427309053018689156e-03 -7.849311805330216885e-04 -1.246367208659648895e-02
1.503128465265035629e-02 -5.851940717548131943e-03 -9.832315146923065186e-03
7.176542188972234726e-03 9.493253193795681000e-03 -1.574178785085678101e-02
-4.483108874410390854e-03 1.848087087273597717e-02 -1.964193582534790039e-02
1.967617426998913288e-04 9.481647983193397522e-03 -1.672133430838584900e-02
-2.154103247448801994e-03 1.257624290883541107e-02 -1.808034628629684448e-02
-1.895124791190028191e-03 1.275114342570304871e-02 -1.808439381420612335e-02
-1.970453187823295593e-03 1.255684252828359604e-02 -1.800980046391487122e-02
-5.133235827088356018e-04 9.909431450068950653e-03 -1.675369404256343842e-02
-2.268716460093855858e-03 1.293780002743005753e-02 -1.802065968513488770e-02
-2.401517704129219055e-03 1.287094410508871078e-02 -1.793016865849494934e-02
-1.570248743519186974e-03 1.159980986267328262e-02 -1.728931069374084473e-02
-2.510464750230312347e-03 1.321933045983314514e-02 -1.810906268656253815e-02
-2.559388987720012665e-03 1.327304169535636902e-02 -1.811723783612251282e-02
-2.410478889942169189e-03 1.318253390491008759e-02 -1.807488314807415009e-02
-6.876035477034747601e-04 1.020752731710672379e-02 -1.681671664118766785e-02
-2.519634086638689041e-03 1.307380665093660355e-02 -1.796823181211948395e-02
-2.389851724728941917e-03 1.308999583125114441e-02 -1.796785183250904083e-02
-1.024584053084254265e-03 1.155063975602388382e-02 -1.726276800036430359e-02
-2.368081361055374146e-03 1.297145523130893707e-02 -1.795037277042865753e-02
-2.502056770026683807e-03 1.396949030458927155e-02 -1.826338283717632294e-02
-2.966643311083316803e-03 1.553357765078544617e-02 -1.855010353028774261e-02
1.283266174141317606e-04 1.011666934937238693e-02 -1.700915023684501648e-02
-2.031670184805989265e-03 1.472086273133754730e-02 -1.852548494935035706e-02
-2.206266857683658600e-03 1.457165181636810303e-02 -1.876407861709594727e-02
-1.655758940614759922e-03 1.548438519239425659e-02 -1.794721931219100952e-02
-2.810931531712412834e-03 1.758609712123870850e-02 -1.883736252784729004e-02
-2.772395499050617218e-03 1.611875556409358978e-02 -1.853811927139759064e-02
-1.999069703742861748e-03 1.517160702496767044e-02 -1.815387234091758728e-02
-6.966544315218925476e-04 1.444745715707540512e-02 -1.783247850835323334e-02
-2.433096058666706085e-03 1.601937785744667053e-02 -1.838185265660285950e-02
-2.523082774132490158e-03 1.549363881349563599e-02 -1.841175742447376251e-02
-1.950022880919277668e-03 1.373451016843318939e-02 -1.716016605496406555e-02
-2.315932651981711388e-03 1.597155444324016571e-02 -1.837917603552341461e-02
-2.482260344550013542e-03 1.513670291751623154e-02 -1.776823773980140686e-02
-1.674253959208726883e-03 1.563668437302112579e-02 -1.830248907208442688e-02
4.035785095766186714e-04 1.426002290099859238e-02 -1.814534515142440796e-02
-2.535757143050432205e-03 1.534236129373311996e-02 -1.798456162214279175e-02
-2.973253373056650162e-03 1.550501119345426559e-02 -1.803213544189929962e-02
-2.486438956111669540e-03 1.572121679782867432e-02 -1.815239712595939636e-02
-2.004964742809534073e-03 1.631084084510803223e-02 -1.868719980120658875e-02
-3.330458421260118484e-03 1.624453626573085785e-02 -1.826528087258338928e-02
-3.260745666921138763e-03 1.634571328759193420e-02 -1.828362978994846344e-02
-9.510881500318646431e-05 1.379085518419742584e-02 -1.742016710340976715e-02
-2.665812149643898010e-03 1.466924417763948441e-02 -1.696463674306869507e-02
-2.035650424659252167e-03 1.750996150076389313e-02 -1.780247315764427185e-02
-1.512867631390690804e-03 1.760491356253623962e-02 -1.694349572062492371e-02
7.175948936492204666e-03 -1.578211551532149315e-03 -1.383373234421014786e-02
1.641332171857357025e-02 -9.668340906500816345e-03 -1.293241884559392929e-02
1.155497878789901733e-02 5.634269211441278458e-03 -6.274763960391283035e-03
3.518756479024887085e-02 2.279716916382312775e-02 -1.300433184951543808e-02
1.083486061543226242e-02 2.286681905388832092e-02 5.224675871431827545e-03
-6.972344126552343369e-03 1.142724417150020599e-02 -7.237776182591915131e-03
5.275223404169082642e-03 1.426869165152311325e-02 -1.758899912238121033e-02
4.308885429054498672e-03 5.145425442606210709e-03 -1.437857426935806870e-04
2.452286717016249895e-04 1.111896708607673645e-02 1.916484907269477844e-02
1.493934635072946548e-02 1.090495754033327103e-02 1.696225628256797791e-02
1.445163972675800323e-02 1.148653961718082428e-02 9.921693243086338043e-03
5.121483467519283295e-03 9.505475871264934540e-03 3.247686428949236870e-03
2.190549625083804131e-03 7.157842628657817841e-03 7.637597154825925827e-03
5.766622256487607956e-03 -9.779799729585647583e-03 8.865625597536563873e-03
1.969939563423395157e-03 -5.798105150461196899e-03 7.464244961738586426e-03
3.255882766097784042e-03 -9.866003878414630890e-03 1.536439266055822372e-02
5.389802623540163040e-03 1.278782845474779606e-03 1.123436540365219116e-02
8.723034523427486420e-03 1.119852298870682716e-03 4.818945191800594330e-03
-4.870203323662281036e-03 6.101761478930711746e-03 8.821344934403896332e-03
3.317840164527297020e-03 9.983189404010772705e-03 1.319689210504293442e-02
1.137103233486413956e-02 -3.076380584388971329e-03 -1.961503177881240845e-03
1.591479778289794922e-02 -4.621092695742845535e-03 -1.661447063088417053e-02
8.227464742958545685e-03 2.345338836312294006e-02 3.291116096079349518e-03
1.527834963053464890e-02 5.067305639386177063e-03 -2.377770841121673584e-03
1.789020001888275146e-02 2.912672003731131554e-03 1.152092497795820236e-02
1.230493932962417603e-02 1.521912403404712677e-02 4.270770773291587830e-02
1.385503448545932770e-02 6.179433315992355347e-03 2.673168107867240906e-02
6.625742651522159576e-03 1.286921184509992599e-02 4.466439038515090942e-02
8.573087863624095917e-03 1.076510362327098846e-02 3.959774598479270935e-02
1.340120378881692886e-02 3.354718536138534546e-02 5.615228414535522461e-02
5.567218177020549774e-03 2.939430437982082367e-02 3.124578669667243958e-02
-9.468670003116130829e-03 4.484464228153228760e-02 1.893504522740840912e-02
4.970477428287267685e-03 4.613240063190460205e-02 2.700747735798358917e-02
8.854553103446960449e-03 5.954362824559211731e-02 1.767477951943874359e-02
1.611470989882946014e-02 6.830128282308578491e-02 2.722499147057533264e-02
2.484033070504665375e-02 4.496750235557556152e-02 3.618420287966728210e-02
2.409088611602783203e-02 2.680438943207263947e-02 3.676870837807655334e-02
2.853995002806186676e-02 3.021098487079143524e-02 3.422934189438819885e-02
3.988153859972953796e-02 4.969674348831176758e-02 3.640983626246452332e-02
2.971133962273597717e-02 3.545212373137474060e-02 3.178183361887931824e-02
5.408734548836946487e-03 -5.525488872081041336e-03 1.901650242507457733e-02
1.504209544509649277e-02 3.327983990311622620e-02 3.221784159541130066e-02
1.703729666769504547e-02 5.384271219372749329e-02 9.869890287518501282e-03
1.084996480494737625e-02 4.959668964147567749e-02 7.717598695307970047e-03
2.271456457674503326e-02 2.358062006533145905e-02 2.360403537750244141e-02
2.208354324102401733e-02 -1.405701227486133575e-02 -3.019194351509213448e-03
1.040529645979404449e-02 1.689150184392929077e-02 -1.034155767410993576e-02
7.935278117656707764e-03 -1.090113352984189987e-02 -7.616404443979263306e-03
1.065355353057384491e-02 -4.268996883183717728e-03 2.332815714180469513e-02
8.403218351304531097e-03 -2.013001777231693268e-02 2.431718446314334869e-02
2.891613170504570007e-03 3.150934725999832153e-02 5.707984790205955505e-02
4.532303195446729660e-03 5.042428523302078247e-02 6.335829198360443115e-02
3.770316764712333679e-02 7.003752887248992920e-02 7.375515252351760864e-02
5.544709786772727966e-02 3.175226971507072449e-02 8.946242183446884155e-02
3.915492817759513855e-02 -1.618320681154727936e-02 6.302212923765182495e-02
2.703404612839221954e-02 1.182578597217798233e-02 4.633258283138275146e-02
2.941879630088806152e-02 2.964116819202899933e-02 5.329594761133193970e-02
2.098450995981693268e-02 2.822817862033843994e-02 5.648496001958847046e-02
1.307218801230192184e-02 2.984177134931087494e-02 3.111114725470542908e-02
6.131462287157773972e-03 1.539446134120225906e-02 3.525301069021224976e-02
6.447372026741504669e-03 2.752853929996490479e-02 3.316453099250793457e-02
-9.291808120906352997e-03 -1.457773265428841114e-03 1.657034084200859070e-02
8.517069742083549500e-03 6.647860258817672729e-02 -9.637251496315002441e-03
1.769566792063415051e-03 6.211160123348236084e-02 -2.656657434999942780e-02
1.192708592861890793e-02 9.144387394189834595e-02 6.878985557705163956e-03
1.936317421495914459e-02 9.380097687244415283e-02 -3.763390472158789635e-03
1.633274182677268982e-02 6.803464144468307495e-02 -3.327039629220962524e-02
6.663751322776079178e-03 7.909294962882995605e-02 -4.294390790164470673e-03
1.040380354970693588e-02 6.603546440601348877e-02 -1.823597820475697517e-03
6.864035502076148987e-03 3.725574538111686707e-02 -2.132486552000045776e-02
2.962187398225069046e-03 4.049183055758476257e-02 8.258648449555039406e-04
1.752630993723869324e-02 3.922716155648231506e-02 2.236079890280961990e-03
1.513466332107782364e-02 4.588892310857772827e-02 -5.475946818478405476e-04
4.032703861594200134e-02 6.324365735054016113e-02 5.004884302616119385e-02
2.480335719883441925e-02 4.117966070771217346e-02 4.480481892824172974e-02
7.658760994672775269e-03 1.499462313950061798e-02 3.235363960266113281e-02
-2.259735250845551491e-03 -1.431185193359851837e-02 3.197467699646949768e-02
-4.048297647386789322e-03 -1.390145719051361084e-02 1.591202057898044586e-02
6.653740536421537399e-03 -3.056428208947181702e-02 3.707516565918922424e-02
-8.414711803197860718e-03 -1.679340377449989319e-02 -3.413234138861298561e-03
-1.219868753105401993e-02 -1.940793730318546295e-02 3.784179314970970154e-02
-8.770189248025417328e-03 -3.000658750534057617e-02 3.392251953482627869e-02
-1.235612854361534119e-02 -4.209598153829574585e-02 2.576500922441482544e-02
7.118735462427139282e-03 -9.751027822494506836e-02 -1.557033974677324295e-03
-1.173408236354589462e-03 -6.876292824745178223e-02 2.883653901517391205e-02
-1.106388308107852936e-02 -6.593360751867294312e-02 5.626006983220577240e-03
-1.162079442292451859e-02 -7.166485488414764404e-02 8.458785712718963623e-03
2.060470171272754669e-02 -1.044614911079406738e-01 2.910101041197776794e-02
2.447958395350724459e-04 -1.164262816309928894e-01 -1.319534517824649811e-02
-1.076424305210821331e-04 -6.882565468549728394e-02 -3.452803939580917358e-02
4.612298682332038879e-03 -2.785033546388149261e-02 -2.104776911437511444e-02
2.664682827889919281e-02 -7.379376143217086792e-02 -1.325385877862572670e-03
5.214551929384469986e-03 -1.481769979000091553e-01 -5.889731459319591522e-03
1.229455601423978806e-02 -1.168765649199485779e-01 1.175104361027479172e-02
2.094946987926959991e-02 -1.341459006071090698e-01 3.336926549673080444e-02
2.244302630424499512e-02 -1.045335531234741211e-01 2.371772564947605133e-02
3.527859598398208618e-02 -1.283550709486007690e-01 2.744145132601261139e-02
4.398332536220550537e-02 -1.574952006340026855e-01 5.352509766817092896e-02
4.849726706743240356e-02 -1.138306856155395508e-01 5.693338066339492798e-02
-1.194348279386758804e-02 -1.314031332731246948e-01 1.876096427440643311e-02
-4.450549837201833725e-03 -1.046574711799621582e-01 -9.325314895249903202e-04
8.154891431331634521e-03 -9.420063346624374390e-02 -1.434430666267871857e-02
-8.963505970314145088e-04 -4.866572096943855286e-02 -2.141198702156543732e-02
-5.027707200497388840e-03 -2.185004018247127533e-02 -6.791177671402692795e-03
4.472100117709487677e-04 -7.489579264074563980e-03 -4.998038522899150848e-03
-4.342458769679069519e-02 -3.024890553206205368e-03 -8.621877990663051605e-03
-6.527261435985565186e-02 -1.527736149728298187e-02 -3.114211745560169220e-02
-5.253758281469345093e-02 1.481469906866550446e-02 -2.699153870344161987e-02
-3.664062917232513428e-02 -1.448518689721822739e-02 -4.585696011781692505e-02
-2.713967114686965942e-02 -4.233174026012420654e-02 -5.918970704078674316e-02
-2.373308502137660980e-02 2.632841467857360840e-03 -5.152062326669692993e-02
-1.353613939136266708e-02 4.312307387590408325e-02 -4.868724569678306580e-02
-2.175313187763094902e-03 6.715767830610275269e-02 -3.017365932464599609e-02
7.482247427105903625e-03 9.250178933143615723e-02 -2.591119706630706787e-02
2.278883242979645729e-03 4.235268384218215942e-02 5.242975894361734390e-03
2.313784882426261902e-02 1.965431682765483856e-02 6.111493334174156189e-03
4.816712345927953720e-03 6.669265031814575195e-02 -8.731846697628498077e-03
1.059927977621555328e-02 9.312538802623748779e-02 -3.492043912410736084e-02
5.612907465547323227e-03 8.455332368612289429e-02 -1.810216717422008514e-02
1.825306937098503113e-02 7.782571762800216675e-02 -1.134077180176973343e-02
1.935975439846515656e-02 7.575738430023193359e-02 6.902030203491449356e-03
3.414291655644774437e-03 7.091085612773895264e-02 -1.114887651056051254e-02
2.240127325057983398e-02 8.185755461454391479e-02 -8.115921169519424438e-03
1.480743754655122757e-02 7.313846796751022339e-02 -1.708700507879257202e-02
8.330089971423149109e-03 3.890418633818626404e-02 -8.373484015464782715e-03
-7.681585848331451416e-03 7.986639440059661865e-02 2.555410377681255341e-03
1.308641303330659866e-02 4.227138310670852661e-02 -3.133513731881976128e-03
1.455872226506471634e-02 6.096782162785530090e-02 2.112084254622459412e-02
1.072571426630020142e-02 1.836617477238178253e-02 1.430387515574693680e-02
1.643091067671775818e-02 2.517939731478691101e-02 2.448789030313491821e-02
1.832101494073867798e-02 4.371172934770584106e-02 2.881801873445510864e-02
2.030539885163307190e-02 4.533832147717475891e-02 3.720071539282798767e-02
2.227945253252983093e-02 6.746309250593185425e-02 6.524129211902618408e-02
3.019747696816921234e-02 5.027586966753005981e-02 7.404068112373352051e-02
2.841955982148647308e-02 1.327640283852815628e-02 8.325055986642837524e-02
1.761312223970890045e-02 -2.501906827092170715e-02 5.831176787614822388e-02
3.170495480298995972e-02 -6.642718613147735596e-02 9.869790822267532349e-02
2.877153456211090088e-02 -6.394212692975997925e-02 6.755976378917694092e-02
5.990457721054553986e-03 -4.855003207921981812e-02 4.146234318614006042e-02
3.168584080412983894e-03 -7.869296520948410034e-02 2.917737141251564026e-02
6.823536474257707596e-03 -8.423114567995071411e-02 3.011208772659301758e-02
1.023509888909757137e-03 -7.878191769123077393e-02 2.754871547222137451e-02
1.807937514968216419e-03 -9.271300584077835083e-02 3.301034495234489441e-02
-2.715638838708400726e-03 -1.220732852816581726e-01 1.084341853857040405e-02
-9.922336786985397339e-03 -5.361646786332130432e-02 2.225145138800144196e-02
1.182736922055482864e-02 -4.924370348453521729e-02 1.983286440372467041e-02
7.220391125883907080e-05 -2.707226015627384186e-02 2.753894217312335968e-02
1.130913477391004562e-02 -4.561175778508186340e-02 5.960136186331510544e-03
1.621792651712894440e-02 -9.682615101337432861e-02 2.761102281510829926e-03
1.414403878152370453e-02 -8.005923777818679810e-02 -2.014528727158904076e-04
1.885871030390262604e-02 -6.624550372362136841e-02 -1.871230266988277435e-02
4.248234909027814865e-03 -6.929101049900054932e-02 -2.786644734442234039e-02
8.723842911422252655e-03 -7.430574297904968262e-02 -2.528007514774799347e-02
-1.885598292574286461e-03 -5.130814388394355774e-02 -2.132283896207809448e-02
-1.941694691777229309e-02 -3.867482021450996399e-02 -4.201931506395339966e-02
-3.730149567127227783e-02 -4.941060394048690796e-02 -7.042102515697479248e-02
-3.444781154394149780e-02 -3.970620408654212952e-02 -6.932839006185531616e-02
-4.104624316096305847e-02 -4.407498985528945923e-02 -6.638039648532867432e-02
-2.612547203898429871e-02 -1.970235258340835571e-02 -7.497501373291015625e-02
-3.188987821340560913e-02 -1.947336131706833839e-03 -7.839777320623397827e-02
-3.776757046580314636e-02 -9.164934046566486359e-03 -6.475992500782012939e-02
-2.564084529876708984e-02 3.224515914916992188e-02 -5.401005223393440247e-02
-5.638961493968963623e-02 6.886053085327148438e-02 -7.939370721578598022e-02
-4.395153373479843140e-02 4.591615870594978333e-02 -5.456548929214477539e-02
-3.755977004766464233e-02 2.569998800754547119e-02 -2.780913561582565308e-02
-2.715338021516799927e-02 1.894737221300601959e-02 -2.309219539165496826e-02
-9.277642704546451569e-03 3.439531847834587097e-02 -3.860005363821983337e-02
1.329851453192532063e-03 2.823597937822341919e-02 -2.093073725700378418e-02
4.046902060508728027e-02 3.784982487559318542e-02 -1.272413041442632675e-02
6.450942717492580414e-03 2.701660059392452240e-02 -2.448627911508083344e-02
8.471247740089893341e-03 9.383189491927623749e-03 -2.373341098427772522e-02
3.258598223328590393e-02 1.021785382181406021e-02 -2.991008572280406952e-03
3.222733270376920700e-03 -2.397125354036688805e-03 -1.861869241110980511e-03
3.983197268098592758e-03 -8.580286987125873566e-03 3.374054795131087303e-04
1.318173110485076904e-02 -1.072953455150127411e-03 1.566303521394729614e-02
1.202216371893882751e-02 2.146839164197444916e-02 1.111144572496414185e-02
6.791027728468179703e-03 6.367772817611694336e-02 4.254525899887084961e-02
1.483282167464494705e-02 4.550990089774131775e-02 4.103888571262359619e-02
2.767658792436122894e-02 3.947620466351509094e-02 2.886945381760597229e-02
2.541967295110225677e-02 4.722884297370910645e-02 4.209953919053077698e-02
1.542306132614612579e-02 3.058213181793689728e-02 2.979437820613384247e-02
1.782733201980590820e-02 3.369533270597457886e-02 3.695591911673545837e-02
2.519604749977588654e-02 6.500727683305740356e-02 5.359734967350959778e-02
2.874533087015151978e-02 7.192568480968475342e-02 6.437385082244873047e-02
1.224813424050807953e-02 6.598978489637374878e-02 4.421079903841018677e-02
3.682420030236244202e-02 6.718488037586212158e-02 6.407918035984039307e-02
3.567131608724594116e-02 6.113804876804351807e-02 5.077367275953292847e-02
1.560761407017707825e-02 5.415169522166252136e-02 3.133960440754890442e-02
2.076052501797676086e-02 4.465212672948837280e-02 3.535329550504684448e-02
2.154832333326339722e-02 3.836316242814064026e-02 3.075596876442432404e-02
2.260058373212814331e-02 4.341410845518112183e-02 3.607534989714622498e-02
1.203436497598886490e-02 5.517379567027091980e-02 1.004519034177064896e-02
9.984398260712623596e-03 -5.216502118855714798e-03 2.217102050781250000e-02
2.266909461468458176e-03 1.974017173051834106e-02 -6.234052125364542007e-03
-4.459468473214656115e-04 2.382896468043327332e-02 -1.072399690747261047e-02
3.789775073528289795e-03 2.215414121747016907e-02 4.574637860059738159e-03
7.082402240484952927e-03 1.200981624424457550e-02 1.325320103205740452e-03
2.858523279428482056e-02 2.079988643527030945e-02 1.073645800352096558e-02
9.021236561238765717e-03 -6.624715868383646011e-03 -1.009186729788780212e-03
2.114571444690227509e-02 -1.053747837431728840e-03 2.703417465090751648e-02
5.972341168671846390e-03 -3.595888242125511169e-02 7.748126983642578125e-03
1.117831002920866013e-02 -2.316233515739440918e-02 3.459354396909475327e-03
1.795880869030952454e-02 -1.187803316861391068e-02 1.890154927968978882e-02
9.097270667552947998e-03 -4.197130352258682251e-02 -3.505776403471827507e-04
2.777128107845783234e-02 8.828552439808845520e-03 4.821490123867988586e-02
1.892076618969440460e-02 8.570620479986246210e-07 4.616677388548851013e-02
5.001251120120286942e-03 -1.566417515277862549e-02 4.240276291966438293e-02
1.545831002295017242e-02 -1.669010706245899200e-02 7.332295179367065430e-02
1.739201880991458893e-02 -2.655887231230735779e-02 5.347969383001327515e-02
2.101478911936283112e-02 -3.186030685901641846e-02 6.522985547780990601e-02
1.600581593811511993e-02 -2.510971575975418091e-02 5.522481724619865417e-02
1.270919106900691986e-02 -3.165969252586364746e-02 5.921028181910514832e-02
1.346693374216556549e-02 -1.847405731678009033e-02 6.425112485885620117e-02
8.682988584041595459e-03 -1.469391491264104843e-02 4.879033192992210388e-02
2.635625656694173813e-03 -1.854178681969642639e-02 3.592914342880249023e-02
-4.018608946353197098e-03 -1.932543329894542694e-02 2.234566211700439453e-02
-1.371187809854745865e-02 -2.969077602028846741e-02 1.511505804955959320e-02
-4.608686082065105438e-03 -6.289724260568618774e-02 3.228597342967987061e-02
-8.425158448517322540e-03 -8.848462998867034912e-02 1.864752732217311859e-02
2.073425101116299629e-03 -7.585598528385162354e-02 -1.506861951202154160e-02
-3.128994489088654518e-03 -6.810679286718368530e-02 -8.387885987758636475e-03
-1.527986954897642136e-02 -1.007174178957939148e-01 -3.336680307984352112e-02
-1.145663112401962280e-02 -8.712490648031234741e-02 -3.237800672650337219e-02
1.126986276358366013e-02 -1.631349772214889526e-01 -1.173651125282049179e-02
1.988018117845058441e-02 -1.179166808724403381e-01 3.490852937102317810e-02
5.852209031581878662e-02 -1.505013406276702881e-01 3.373574838042259216e-02
4.579196870326995850e-02 -1.344577968120574951e-01 3.880141675472259521e-02
4.189178347587585449e-02 -1.618935614824295044e-01 5.293778702616691589e-02
-8.436471223831176758e-03 -1.118269711732864380e-01 1.146357133984565735e-02
6.452533125411719084e-05 -7.673634588718414307e-02 2.122906036674976349e-03
1.185189350508153439e-03 -1.296432018280029297e-01 -1.195664238184690475e-02
2.504053059965372086e-03 -1.076764762401580811e-01 -1.545315328985452652e-02
-2.019436843693256378e-02 -1.587337255477905273e-01 3.980754408985376358e-03
-2.130950056016445160e-02 -1.200901120901107788e-01 1.404251810163259506e-02
4.616055521182715893e-04 -2.204521149396896362e-01 7.767603266984224319e-03
4.679674748331308365e-03 -1.695182472467422485e-01 1.364540960639715195e-02
1.458968967199325562e-02 -1.069103777408599854e-01 2.543298155069351196e-02
-7.761990651488304138e-03 -5.431779474020004272e-02 -1.298787165433168411e-02
7.125697564333677292e-03 -5.282715708017349243e-02 -9.863070212304592133e-03
-5.293773952871561050e-03 -3.198998048901557922e-02 -3.006063587963581085e-02
-2.175722038373351097e-03 -2.846726402640342712e-02 -1.985116675496101379e-02
-1.503076963126659393e-02 -2.889578975737094879e-02 -2.682102099061012268e-02
-1.318704523146152496e-02 1.699886284768581390e-02 -2.916654385626316071e-02
-2.145761623978614807e-03 1.191813312470912933e-02 -1.901241578161716461e-02
-1.113287452608346939e-02 1.478129718452692032e-02 -2.632456459105014801e-02
-1.150162331759929657e-02 3.555276989936828613e-02 -1.410909648984670639e-02
7.175938226282596588e-04 3.602152317762374878e-02 -1.022734772413969040e-02
2.392210438847541809e-02 1.223101187497377396e-02 -1.351466285996139050e-03
1.011276850476861000e-03 5.407839640974998474e-02 -4.917062353342771530e-03
-9.026354178786277771e-03 3.893933072686195374e-02 -1.440752018243074417e-02
-1.293767243623733521e-02 3.268780931830406189e-02 -1.315697282552719116e-02
-1.301323063671588898e-02 3.143649175763130188e-02 -1.048624701797962189e-02
-7.459469605237245560e-03 1.645392179489135742e-02 -3.817297983914613724e-03
-1.477448618970811367e-03 -1.390066556632518768e-02 -5.595038644969463348e-03
-1.582750352099537849e-03 -1.691021025180816650e-02 -1.054852642118930817e-02
1.047916058450937271e-02 -1.926587708294391632e-02 8.264959324151277542e-04
6.373020354658365250e-03 -2.121789753437042236e-02 -3.137982683256268501e-03
6.376242730766534805e-03 -1.630840636789798737e-02 -2.343434281647205353e-02
2.765945158898830414e-03 -3.317820606753230095e-03 -4.370481893420219421e-02
7.507468690164387226e-04 -5.778790917247533798e-03 -3.467028588056564331e-02
9.296928765252232552e-04 -3.262303769588470459e-02 -1.835278235375881195e-02
5.098706111311912537e-03 -2.998757921159267426e-02 -1.183520164340734482e-02
5.100908223539590836e-03 -4.331744462251663208e-02 -1.218327041715383530e-02
2.326803281903266907e-03 -3.146349266171455383e-02 -1.791322045028209686e-02
1.164338435046374798e-03 -4.054163396358489990e-02 -1.198031473904848099e-02
2.843900118023157120e-03 -2.866082824766635895e-02 -7.574174553155899048e-03
-6.448776461184024811e-03 -1.397143583744764328e-02 -1.232406590133905411e-02
-3.725813236087560654e-03 -2.088265679776668549e-02 -1.051783468574285507e-02
-4.356158431619405746e-03 -1.794502697885036469e-02 -8.481526747345924377e-03
-1.343817915767431259e-02 -1.133999414741992950e-02 -1.324519421905279160e-02
-1.020121620967984200e-03 6.769298575818538666e-03 -1.362136472016572952e-02
-3.626744728535413742e-03 5.002472316846251488e-04 -1.663396880030632019e-02
1.042590383440256119e-02 -9.953463450074195862e-03 -1.332836784422397614e-02
-4.633034113794565201e-03 -9.478335268795490265e-03 -1.552247721701860428e-02
-4.787742509506642818e-04 -1.654008962213993073e-02 -9.344516322016716003e-03
-1.214184449054300785e-03 -1.938172243535518646e-02 -9.324799291789531708e-03
2.556127263233065605e-03 -6.557865533977746964e-03 -1.345088146626949310e-02
8.695370517671108246e-03 -1.139819808304309845e-02 7.499816827476024628e-03
1.331606507301330566e-02 -4.773015901446342468e-02 1.249110698699951172e-02
2.862496767193078995e-03 -3.899146243929862976e-02 1.938272453844547272e-02
1.916006294777616858e-04 -2.120176889002323151e-02 3.869334980845451355e-02
1.230481080710887909e-02 -2.335382997989654541e-02 7.618358731269836426e-02
4.360184073448181152e-03 -2.032056264579296112e-02 7.570994645357131958e-02
-5.914864595979452133e-04 -2.958812192082405090e-02 6.874737143516540527e-02
3.528801724314689636e-02 -6.578878965228796005e-03 8.274200558662414551e-02
1.634291186928749084e-02 -8.383120410144329071e-03 4.303421452641487122e-02
2.517391182482242584e-02 1.009919866919517517e-02 5.757950246334075928e-02
1.513898931443691254e-02 1.138655282557010651e-02 3.448311239480972290e-02
2.537994831800460815e-02 -8.622812107205390930e-03 6.234848126769065857e-02
3.572532907128334045e-02 -1.303981244564056396e-02 6.658184528350830078e-02
2.914066426455974579e-02 -2.997006103396415710e-02 7.199867069721221924e-02
2.742141671478748322e-02 1.743786223232746124e-02 5.983608216047286987e-02
1.826623640954494476e-02 -5.118670873343944550e-03 4.309179633855819702e-02
2.812615409493446350e-02 7.024123333394527435e-03 4.260480403900146484e-02
3.570437058806419373e-02 6.483222823590040207e-03 6.048183143138885498e-02
5.826214328408241272e-02 -2.160195028409361839e-03 1.084414795041084290e-01
5.010130628943443298e-02 -7.935840636491775513e-03 9.138663858175277710e-02
4.244710505008697510e-02 -1.622769981622695923e-02 7.953366637229919434e-02
3.017892502248287201e-02 -2.162382705137133598e-03 6.645362824201583862e-02
1.749071478843688965e-02 -2.052620751783251762e-03 2.451620809733867645e-02
3.012720495462417603e-02 -1.298873219639062881e-02 5.271782353520393372e-02
3.601329028606414795e-02 -1.708438433706760406e-02 5.500061810016632080e-02
4.493118822574615479e-02 -1.738084666430950165e-02 7.447046786546707153e-02
3.030275739729404449e-02 -1.699951849877834320e-02 3.253335505723953247e-02
3.002163209021091461e-02 -5.540592595934867859e-02 4.481445625424385071e-02
2.287935232743620872e-03 -2.479969337582588196e-02 1.283282134681940079e-02
-1.146317925304174423e-03 -1.005492173135280609e-02 7.734648883342742920e-03
2.578410506248474121e-02 -7.234479486942291260e-02 4.485351219773292542e-02
1.362828351557254791e-02 -5.962021276354789734e-02 1.101889088749885559e-02
4.145934712141752243e-03 -4.936666414141654968e-02 -1.001799944788217545e-02
3.805512096732854843e-04 -4.053857177495956421e-02 9.920681826770305634e-03
9.855953045189380646e-03 -5.464191362261772156e-02 4.804170166607946157e-04
-2.069270797073841095e-02 -3.279910981655120850e-02 -3.057701699435710907e-02
-1.762275025248527527e-02 -2.470494806766510010e-02 -2.928825654089450836e-02
-1.568005420267581940e-02 -1.790124177932739258e-02 -4.489570856094360352e-02
-1.095340959727764130e-02 -7.026699371635913849e-03 -3.919288888573646545e-02
-9.588005952537059784e-03 -1.594927720725536346e-02 -3.697473555803298950e-02
-2.155410870909690857e-02 -2.876962907612323761e-02 -3.134033083915710449e-02
-2.842485345900058746e-02 -6.548266112804412842e-02 -5.551076680421829224e-02
-4.243012890219688416e-02 -4.621430486440658569e-02 -6.486205011606216431e-02
-4.523013532161712646e-02 -3.848014026880264282e-02 -5.472915619611740112e-02
-3.088350407779216766e-02 -3.600873053073883057e-02 -2.383819408714771271e-02
-4.104016721248626709e-02 -5.471822619438171387e-02 -5.600931867957115173e-02
-3.633433952927589417e-02 -6.320493668317794800e-02 -7.336085289716720581e-02
-2.507000975310802460e-02 -5.626208707690238953e-02 -5.662555247545242310e-02
-1.568025350570678711e-02 -5.182248353958129883e-02 -5.028911307454109192e-02
-2.042987570166587830e-02 -7.216107845306396484e-02 -8.251761645078659058e-02
-2.054978348314762115e-02 -4.382371157407760620e-02 -7.062881439924240112e-02
-1.136138755828142166e-02 -4.938453435897827148e-02 -5.384649708867073059e-02
-2.495269477367401123e-02 -4.524059221148490906e-02 -5.306635797023773193e-02
-1.355386432260274887e-02 -9.540814161300659180e-02 -7.211568206548690796e-02
-6.885516922920942307e-03 -5.659649521112442017e-02 -4.221817478537559509e-02
-1.451277523301541805e-03 -5.572429299354553223e-02 -3.862709552049636841e-02
-1.888223178684711456e-02 -5.710119009017944336e-02 -5.119352787733078003e-02
-2.980984002351760864e-02 -1.466425135731697083e-02 -3.230475634336471558e-02
-2.180175669491291046e-02 -2.526991628110408783e-02 -2.321095019578933716e-02
-1.486073713749647141e-02 -3.796389326453208923e-02 -1.050730329006910324e-02
-2.066352777183055878e-02 -2.869899198412895203e-02 -3.277868404984474182e-02
-1.108288299292325974e-02 5.848243366926908493e-03 -1.644486188888549805e-02
-7.887099869549274445e-03 2.963047660887241364e-02 3.425439586862921715e-03
5.427322350442409515e-03 3.436561906710267067e-03 6.569241173565387726e-03
1.096935709938406944e-03 9.162960574030876160e-03 4.773766733705997467e-03
4.734787624329328537e-03 -1.024739583954215050e-03 -3.643453121185302734e-03
1.461054896935820580e-03 4.995085182599723339e-04 5.939212627708911896e-03
6.249707657843828201e-03 6.445952225476503372e-03 2.374324016273021698e-02
4.851364647038280964e-04 -6.479106843471527100e-03 1.340893795713782310e-03
9.670879808254539967e-04 -5.695235915482044220e-03 5.106464959681034088e-03
-3.612212138250470161e-03 -1.640710793435573578e-02 7.836592383682727814e-03
-2.756397007033228874e-03 -1.577638648450374603e-02 8.325727656483650208e-03
-1.654226565733551979e-03 -1.837689615786075592e-02 5.929925013333559036e-03
-1.936014014063403010e-04 -2.711097709834575653e-02 5.439150845631957054e-04
-6.350068142637610435e-04 -8.753402158617973328e-03 -2.332917647436261177e-03
2.528211800381541252e-03 -1.219811476767063141e-02 -2.515626256354153156e-04
1.772484625689685345e-03 -1.601742580533027649e-02 2.957129152491688728e-03
7.040608325041830540e-04 -8.032174780964851379e-03 -1.522611244581639767e-03
-2.038909151451662183e-04 -3.478097729384899139e-03 -6.420265417546033859e-03
3.970032092183828354e-03 -2.083425223827362061e-02 1.248503569513559341e-03
3.608386730775237083e-03 -3.353689238429069519e-02 -8.597591891884803772e-03
-4.101593978703022003e-03 -5.824893247336149216e-03 -3.016140777617692947e-03
2.390465699136257172e-03 -3.603965044021606445e-03 2.982200589030981064e-03
4.096572287380695343e-03 -2.220971323549747467e-02 9.365535341203212738e-03
6.013499107211828232e-03 -2.711424417793750763e-02 1.651050150394439697e-02
3.174651646986603737e-03 -5.766910180682316422e-05 2.611074410378932953e-02
5.506073124706745148e-03 2.319975988939404488e-03 1.862381584942340851e-02
3.118674503639340401e-03 -2.278516534715890884e-03 2.073963358998298645e-02
1.002548541873693466e-02 -2.587805129587650299e-02 1.546899601817131042e-02
1.044340431690216064e-02 -3.387646377086639404e-02 7.537387311458587646e-03
1.107102446258068085e-02 -3.419133275747299194e-02 9.105064906179904938e-03
1.322999224066734314e-02 -3.276491537690162659e-02 -1.316767884418368340e-03
1.074541069101542234e-04 -4.995991475880146027e-03 -9.901868179440498352e-04
1.106213778257369995e-02 -2.150722034275531769e-02 2.966040978208184242e-03
1.063440181314945221e-02 -2.298879809677600861e-02 3.374880412593483925e-03
-3.739784471690654755e-03 -1.369349844753742218e-02 -1.168579887598752975e-02
-6.810205988585948944e-03 -1.803496107459068298e-02 -3.858226584270596504e-03
-2.152275666594505310e-02 1.892240531742572784e-02 2.321883291006088257e-02
6.873070262372493744e-03 1.436305465176701546e-03 1.746244356036186218e-02
3.710034303367137909e-03 1.265271566808223724e-02 3.196825459599494934e-02
4.088837187737226486e-03 1.027056761085987091e-02 3.013719059526920319e-02
-2.261755755171179771e-03 -2.796053886413574219e-03 1.027004420757293701e-02
-9.451778605580329895e-03 2.337654307484626770e-02 2.926442958414554596e-02
-1.482236385345458984e-02 3.097614645957946777e-02 -5.252624396234750748e-03
-2.006356790661811829e-02 3.446445241570472717e-02 1.453736890107393265e-02
-2.498100278899073601e-03 6.561768706887960434e-03 2.858066186308860779e-02
-1.775573194026947021e-02 3.077384456992149353e-02 2.355321496725082397e-02
-9.009529836475849152e-03 5.033165961503982544e-02 1.459322683513164520e-02
1.863517425954341888e-02 7.802514731884002686e-02 1.355458609759807587e-02
2.688777633011341095e-02 9.433816373348236084e-02 2.788281440734863281e-02
2.457374148070812225e-02 9.768909960985183716e-02 4.732580855488777161e-02
2.922358922660350800e-02 8.682601153850555420e-02 9.994068741798400879e-02
4.632290825247764587e-02 5.569840967655181885e-02 7.893835008144378662e-02
4.045444726943969727e-02 5.039638653397560120e-02 6.214414909482002258e-02
3.813639283180236816e-02 1.574076153337955475e-02 7.539653033018112183e-02
3.199221566319465637e-02 1.528015825897455215e-02 8.747932314872741699e-02
2.535782381892204285e-02 -4.564898554235696793e-03 1.133502498269081116e-01
1.322494447231292725e-02 -2.348454855382442474e-02 9.836217761039733887e-02
1.308360323309898376e-02 -1.114620491862297058e-01 9.418886154890060425e-02
1.283649168908596039e-02 -9.528327733278274536e-02 5.722077190876007080e-02
7.837846875190734863e-03 -9.318546950817108154e-02 4.654310643672943115e-02
1.566847227513790131e-02 -1.191524937748908997e-01 2.501319348812103271e-02
2.610713057219982147e-02 -7.764149457216262817e-02 3.561766073107719421e-02
2.071093022823333740e-02 -3.682153299450874329e-02 3.264123201370239258e-02
1.371988002210855484e-02 -2.720023319125175476e-02 2.241917513310909271e-02
3.544662520289421082e-02 -1.013699695467948914e-01 5.559336394071578979e-02
3.612037003040313721e-02 -6.499549746513366699e-02 3.670777752995491028e-02
3.866184875369071960e-02 -9.637683629989624023e-02 2.193658798933029175e-02
4.720761626958847046e-02 -1.373685896396636963e-01 3.785862773656845093e-02
4.087163880467414856e-02 -9.176246076822280884e-02 2.104805223643779755e-02
3.022362105548381805e-02 -1.215025410056114197e-01 1.747395470738410950e-02
3.484528884291648865e-02 -1.147607862949371338e-01 2.357988059520721436e-02
8.330456912517547607e-03 -2.196118533611297607e-01 2.385897794738411903e-03
-4.229889716953039169e-03 -1.140705496072769165e-01 -6.200219690799713135e-02
-9.274162352085113525e-03 -7.777402549982070923e-02 -4.084514454007148743e-02
-1.092800963670015335e-02 -1.941332593560218811e-02 -5.340709164738655090e-02
-1.395143009722232819e-02 3.698517102748155594e-03 -7.025817036628723145e-02
-5.034177750349044800e-02 4.415816441178321838e-02 -6.464936584234237671e-02
-2.095433324575424194e-02 5.688669905066490173e-02 -6.546099483966827393e-02
-4.287992417812347412e-02 5.112572014331817627e-02 -8.023151755332946777e-02
-3.752036951482295990e-03 8.401522785425186157e-02 -3.366404771804809570e-02
2.829374745488166809e-02 7.646565139293670654e-02 -7.666466757655143738e-03
2.045507170259952545e-02 7.693357765674591064e-02 3.082130290567874908e-02
1.488595455884933472e-02 6.619344651699066162e-02 5.939723923802375793e-02
3.413892537355422974e-02 8.191570639610290527e-02 7.551189512014389038e-02
2.402892336249351501e-02 1.211166307330131531e-01 6.107798218727111816e-02
3.829978778958320618e-02 1.088663339614868164e-01 1.026769131422042847e-01
3.837456554174423218e-02 7.872956246137619019e-02 8.562039583921432495e-02
3.535768017172813416e-02 5.062030255794525146e-02 9.963195025920867920e-02
2.923412062227725983e-02 4.468146339058876038e-02 9.154814481735229492e-02
1.421795971691608429e-02 1.747666858136653900e-02 6.745250523090362549e-02
3.358560800552368164e-02 1.300926320254802704e-02 7.700005918741226196e-02
2.305354364216327667e-02 -4.304928239434957504e-03 6.869903951883316040e-02
3.424398228526115417e-02 -1.410737261176109314e-02 9.472084045410156250e-02
1.368520408868789673e-02 -2.735992148518562317e-02 3.481391817331314087e-02
5.957246292382478714e-03 -1.458442863076925278e-02 1.364704780280590057e-02
2.490173559635877609e-03 -4.048141464591026306e-02 2.417720109224319458e-02
8.354396559298038483e-03 -8.330611139535903931e-02 -1.998570514842867851e-03
-6.450618617236614227e-03 -1.123117059469223022e-01 -8.205467835068702698e-03
-4.748510662466287613e-03 -5.313154682517051697e-02 -3.251401707530021667e-02
-5.512824282050132751e-03 -6.751550734043121338e-02 -3.341520577669143677e-02
-6.225127261132001877e-03 -9.540583193302154541e-02 -4.135542735457420349e-02
-6.070269271731376648e-03 -6.447140127420425415e-02 -3.348570317029953003e-02
1.245153322815895081e-02 -1.959452405571937561e-02 -1.003001630306243896e-02
1.228812761837616563e-04 -3.250247985124588013e-02 -3.620907291769981384e-02
-5.844078958034515381e-03 -3.937736898660659790e-02 -5.045218393206596375e-02
-2.983872545883059502e-03 -4.163926094770431519e-02 -2.844144031405448914e-02
8.942040614783763885e-03 -1.179304346442222595e-01 -6.124361418187618256e-03
7.118089124560356140e-03 -7.237916439771652222e-02 -7.759340223856270313e-04
8.277275599539279938e-03 -4.808145761489868164e-02 8.044315502047538757e-03
1.688281446695327759e-02 -4.975829645991325378e-02 3.188411891460418701e-02
6.841828580945730209e-03 -4.992709308862686157e-02 3.485678881406784058e-02
4.426117241382598877e-02 -1.056959480047225952e-01 3.596546128392219543e-02
2.009482868015766144e-02 -8.866596221923828125e-02 3.457275778055191040e-02
3.159529343247413635e-02 -1.257630139589309692e-01 2.315584756433963776e-02
1.514537632465362549e-02 -6.658991426229476929e-02 2.267757616937160492e-02
2.683561295270919800e-02 -1.153809726238250732e-01 3.500048071146011353e-02
1.859003491699695587e-02 -1.471468061208724976e-01 2.948952093720436096e-02
1.704785600304603577e-02 -6.925072520971298218e-02 2.323694527149200439e-02
2.389417029917240143e-02 -7.524783909320831299e-02 3.082877397537231445e-02
1.076844800263643265e-02 -5.916663259267807007e-02 1.883656345307826996e-02
-3.506618319079279900e-03 -1.373757123947143555e-01 8.754746988415718079e-03
-5.542550235986709595e-03 -9.857635200023651123e-02 -4.938563797622919083e-04
-2.966581098735332489e-02 -7.598909735679626465e-02 -1.493246760219335556e-02
-2.973194001242518425e-03 -9.341919422149658203e-02 -1.692571531748399138e-04
-1.649761572480201721e-02 -8.212155103683471680e-02 -6.260648369789123535e-03
-1.917753927409648895e-02 -8.956860005855560303e-02 -1.316783763468265533e-02
-1.772042736411094666e-02 -7.135138660669326782e-02 -1.162009220570325851e-02
-1.823649182915687561e-02 -4.595825448632240295e-02 -1.877002790570259094e-02
-2.874919585883617401e-02 -5.505220219492912292e-02 -2.656381949782371521e-02
-6.191923283040523529e-03 -6.045552715659141541e-02 -7.163668051362037659e-03
-3.352973144501447678e-03 -6.583442538976669312e-02 8.742330595850944519e-03
-1.000498235225677490e-02 -6.402493268251419067e-02 -5.580618046224117279e-03
-5.027189850807189941e-03 -9.498268365859985352e-02 -3.482111962512135506e-03
1.200710190460085869e-03 -4.716764390468597412e-02 -1.932686194777488708e-02
4.820311907678842545e-03 -3.977917879819869995e-02 -1.585031114518642426e-02
8.720875717699527740e-03 -2.240753173828125000e-02 1.639079418964684010e-03
1.328829210251569748e-02 -1.844282075762748718e-02 1.236905157566070557e-02
2.057390101253986359e-02 -4.587534070014953613e-02 1.574446633458137512e-02
1.001546811312437057e-02 -2.324522659182548523e-02 3.394242608919739723e-03
2.223118208348751068e-03 -1.143055502325296402e-02 -6.465985439717769623e-03
-6.037603132426738739e-03 -4.253369756042957306e-03 -3.399529727175831795e-03
-2.645936561748385429e-03 -1.777065359055995941e-02 3.360186936333775520e-03
-5.054269917309284210e-03 -8.791258558630943298e-03 -1.850592158734798431e-02
-3.401987487450242043e-03 -1.762735890224575996e-03 -8.900132961571216583e-03
-1.077556516975164413e-02 3.376771055627614260e-04 -5.203674081712961197e-03
-1.343447063118219376e-02 4.675734322518110275e-03 -1.805266179144382477e-02
-1.296205725520849228e-02 5.102260503917932510e-03 -1.834734529256820679e-02
-1.087313704192638397e-02 2.969036344438791275e-03 -1.639740355312824249e-02
-3.513862611725926399e-03 -4.506186116486787796e-03 -1.530434470623731613e-02
-1.054890546947717667e-02 -4.350846866145730019e-04 -2.138124220073223114e-02
-7.525732740759849548e-03 -6.663610227406024933e-03 -2.123177051544189453e-02
-1.534181460738182068e-02 -8.600710891187191010e-03 -2.958491258323192596e-02
-6.011905148625373840e-03 -1.739680580794811249e-02 -2.510157600045204163e-02
-1.606555096805095673e-02 -1.877235248684883118e-02 -3.201028704643249512e-02
-1.655707135796546936e-02 -1.975208334624767303e-02 -2.188228443264961243e-02
-7.371929474174976349e-03 -3.806372731924057007e-02 -4.057419486343860626e-03
-3.807177068665623665e-03 -2.442022040486335754e-02 -2.012617187574505806e-03
-8.528465405106544495e-03 -3.571586683392524719e-02 -1.047610398381948471e-02
-1.395246200263500214e-02 -5.789189413189888000e-02 -8.154490031301975250e-03
2.793258056044578552e-03 -3.162702172994613647e-02 -8.454436436295509338e-03
1.810282934457063675e-03 -5.516256019473075867e-02 -2.037511393427848816e-02
-6.154560483992099762e-03 -4.779530316591262817e-02 -3.246900811791419983e-02
-3.174129640683531761e-03 -3.420247510075569153e-02 -1.302226074039936066e-02
-3.918105736374855042e-03 -3.851976618170738220e-02 -8.883595466613769531e-03
-1.201790757477283478e-02 -3.845459222793579102e-02 -1.543954201042652130e-02
-4.100696649402379990e-03 -3.607321158051490784e-02 -1.863607577979564667e-02
-1.005122251808643341e-02 -2.908170223236083984e-02 -1.603341661393642426e-02
-2.770505147054791451e-03 -3.279047831892967224e-02 -6.878343410789966583e-03
-9.514108300209045410e-03 -2.689188346266746521e-02 1.037188526242971420e-02
-1.040576025843620300e-02 -8.962908387184143066e-02 1.058694534003734589e-02
-1.824537850916385651e-02 -4.801292344927787781e-02 -1.270039100199937820e-02
-1.035343110561370850e-02 -2.558766119182109833e-02 -3.762332955375313759e-03
-1.110308431088924408e-02 -5.711170844733715057e-03 -2.468150341883301735e-03
-1.387287769466638565e-02 -2.159048616886138916e-02 -1.063441392034292221e-02
-1.524529699236154556e-02 -2.750835940241813660e-02 -5.387774668633937836e-03
-9.314802475273609161e-03 -2.007868140935897827e-02 -2.926912857219576836e-03
-5.797582212835550308e-03 -6.565933581441640854e-04 -1.537520904093980789e-02
-1.033975183963775635e-02 2.622205996885895729e-03 -1.745969802141189575e-02
-2.812487445771694183e-02 3.127466142177581787e-02 -1.157887745648622513e-02
-4.440724477171897888e-02 6.675479467958211899e-03 -2.297435700893402100e-02
-1.641849242150783539e-02 -1.221496961079537868e-03 -1.166484551504254341e-03
-3.235839307308197021e-03 2.696929965168237686e-03 -1.257453765720129013e-02
-1.478535775095224380e-02 1.114150974899530411e-02 -8.458301424980163574e-03
5.304978112690150738e-04 -5.604853853583335876e-03 -1.281242165714502335e-02
-7.078554946929216385e-03 9.046683087944984436e-03 -4.257842432707548141e-03
-1.451677409932017326e-03 4.561491310596466064e-03 -1.867230422794818878e-02
-2.060184488072991371e-03 1.998776337131857872e-03 -1.739316619932651520e-02
-7.120100315660238266e-03 1.374144665896892548e-02 -1.629034802317619324e-02
-6.633605342358350754e-03 3.293358534574508667e-02 -2.425592765212059021e-02
3.362917574122548103e-03 6.830687168985605240e-03 -1.587340049445629120e-02
-1.016059052199125290e-02 2.134714089334011078e-02 -2.474285848438739777e-02
-4.189324565231800079e-03 1.489484496414661407e-02 -1.683848910033702850e-02
-4.385204520076513290e-03 1.443569641560316086e-02 -1.607718504965305328e-02
-3.283682512119412422e-03 1.307000592350959778e-02 -1.579190231859683990e-02
-3.176752943545579910e-03 1.207254268229007721e-02 -1.592168956995010376e-02
-3.178584156557917595e-03 1.270901970565319061e-02 -1.595233939588069916e-02
-3.496407531201839447e-03 1.255645137280225754e-02 -1.584746874868869781e-02
