-7.133231312036514282e-02 -4.151665046811103821e-02 -2.036387622356414795e-01
-1.971612125635147095e-02 -1.574201742187142372e-03 3.655476272106170654e-01
-2.668231911957263947e-02 -1.124672889709472656e-01 -2.060298472642898560e-01
-6.405208259820938110e-02 -3.812647424638271332e-03 1.226797252893447876e-01
-9.011689573526382446e-02 1.022387202829122543e-02 1.154689416289329529e-01
1.268341485410928726e-02 -8.284991979598999023e-02 -3.036169707775115967e-01
-4.122402518987655640e-02 2.372266538441181183e-02 3.587159514427185059e-01
-1.821966096758842468e-02 -8.923970907926559448e-02 -2.111078202724456787e-01
-5.964259803295135498e-02 5.090620741248130798e-02 5.558698251843452454e-02
-1.348644644021987915e-01 3.110034018754959106e-02 2.161511033773422241e-01
1.726354658603668213e-02 -5.962923169136047363e-02 -1.807859539985656738e-01
-6.889387220144271851e-02 5.713149532675743103e-02 2.628024853765964508e-02
-1.312110275030136108e-01 -8.308777213096618652e-02 1.070116460323333740e-01
1.258962880820035934e-02 -1.497814804315567017e-02 -1.511990558356046677e-03
-6.891691684722900391e-02 3.008322790265083313e-02 -1.654409803450107574e-02
-2.794113010168075562e-02 1.869861781597137451e-01 2.559592248871922493e-03
-7.853483408689498901e-02 2.386184632778167725e-01 -2.092768438160419464e-02
-1.679074168205261230e-01 2.280272096395492554e-01 -4.557285085320472717e-02
-1.906175166368484497e-01 -2.114231288433074951e-01 -4.632098600268363953e-02
-1.703124940395355225e-01 -2.620004117488861084e-01 -3.214196488261222839e-02
1.555776130408048630e-02 2.280692905187606812e-01 -4.554223734885454178e-03
-1.416968852281570435e-01 9.165646880865097046e-02 -2.884411998093128204e-02
-3.979581594467163086e-02 -7.165738195180892944e-02 -2.921330451499670744e-04
-1.760123223066329956e-01 -2.698958516120910645e-01 -2.708262018859386444e-02
-4.912852868437767029e-02 4.872181639075279236e-02 2.477549761533737183e-02
-1.741476058959960938e-01 5.106994509696960449e-02 3.403573296964168549e-03
-9.022551029920578003e-02 8.551312237977981567e-02 1.017371937632560730e-01
-2.865010499954223633e-01 -7.525951415300369263e-02 -4.094192758202552795e-02
6.236092001199722290e-02 -6.926257908344268799e-02 -3.897063434123992920e-02
6.211247295141220093e-02 2.538985610008239746e-01 3.094045445322990417e-02
-2.614488601684570312e-01 1.073100566864013672e-01 7.017622143030166626e-02
-1.262235790491104126e-01 -2.978179790079593658e-02 -6.890036631375551224e-03
7.659620791673660278e-02 -3.579469025135040283e-02 1.772599853575229645e-02
-9.942007809877395630e-02 -1.013311073184013367e-01 -3.735360223799943924e-03
-1.473568677902221680e-01 2.795650362968444824e-01 7.825079228496178985e-05
4.683816060423851013e-02 8.909957483410835266e-03 -2.728591114282608032e-02
-1.046046465635299683e-01 -8.081715553998947144e-02 -3.322786092758178711e-02
-2.227574400603771210e-02 -8.411459624767303467e-02 -4.277973249554634094e-02
1.594821922481060028e-02 -3.918695822358131409e-02 9.483616799116134644e-03
-5.669541656970977783e-02 1.518523134291172028e-02 3.394120931625366211e-02
-2.987030893564224243e-02 -2.337227016687393188e-02 3.328535333275794983e-02
-3.271754086017608643e-02 -2.340686134994029999e-02 3.434728085994720459e-02
-3.184675797820091248e-02 -2.236868999898433685e-02 3.388307243585586548e-02
-3.178475424647331238e-02 -2.181445807218551636e-02 3.360006213188171387e-02
-3.112370148301124573e-02 -2.278904058039188385e-02 3.328635171055793762e-02
-3.105617687106132507e-02 -2.322230115532875061e-02 3.317444026470184326e-02
-2.961943112313747406e-02 -2.471699565649032593e-02 3.383501619100570679e-02
-2.761180698871612549e-02 -2.980048023164272308e-02 3.747965022921562195e-02
-2.363445237278938293e-02 -2.971307188272476196e-02 3.870391100645065308e-02
-2.141072414815425873e-02 -2.913567796349525452e-02 3.723757341504096985e-02
-2.230260893702507019e-02 -2.956831455230712891e-02 3.670375421643257141e-02
-1.926417648792266846e-02 -3.199570626020431519e-02 3.807580098509788513e-02
-1.922130212187767029e-02 -3.200190886855125427e-02 3.796987980604171753e-02
-1.858869381248950958e-02 -3.300065547227859497e-02 3.810621425509452820e-02
-1.773332431912422180e-02 -3.271354362368583679e-02 3.799182549118995667e-02
-1.873343810439109802e-02 -3.323990851640701294e-02 3.812772408127784729e-02
-1.872869580984115601e-02 -3.246002271771430969e-02 3.802482783794403076e-02
-1.832015812397003174e-02 -3.296529501676559448e-02 3.797937184572219849e-02
-1.933780685067176819e-02 -3.295936807990074158e-02 3.899102285504341125e-02
-2.287312969565391541e-02 -3.191277757287025452e-02 3.857827186584472656e-02
-4.617873951792716980e-02 1.008713711053133011e-02 4.124495014548301697e-02
-7.382756471633911133e-02 -4.914346337318420410e-02 8.517064154148101807e-02
-2.020916044712066650e-01 -2.415862679481506348e-02 1.358977854251861572e-01
-8.998137712478637695e-02 -7.486991584300994873e-02 -1.334498375654220581e-01
-6.959781795740127563e-02 6.720513105392456055e-02 2.013411670923233032e-01
-1.983789801597595215e-01 2.540255784988403320e-01 6.547181308269500732e-02
-1.689275354146957397e-01 3.393602073192596436e-01 1.823860779404640198e-02
-1.768507361412048340e-01 3.568774163722991943e-01 -5.433646589517593384e-02
-1.825276017189025879e-01 1.281322389841079712e-01 1.485035121440887451e-01
-1.282188743352890015e-01 1.779332160949707031e-01 1.347925662994384766e-01
-3.143836259841918945e-01 2.808046638965606689e-01 4.733074456453323364e-02
-1.571837961673736572e-01 2.965278327465057373e-01 4.574324190616607666e-02
-2.456683814525604248e-01 1.734165549278259277e-01 -8.189077489078044891e-03
-2.518459260463714600e-01 1.647256016731262207e-01 -7.453074306249618530e-02
-2.490825802087783813e-01 1.606216728687286377e-01 -4.059933125972747803e-02
-2.338831275701522827e-01 1.331773549318313599e-01 6.500737275928258896e-03
-4.079550206661224365e-01 2.950681746006011963e-01 -9.938077069818973541e-03
-2.809035181999206543e-01 2.584120035171508789e-01 -2.654888201504945755e-03
-4.927693903446197510e-01 1.850874423980712891e-01 9.962665289640426636e-02
-4.414728879928588867e-01 1.823439598083496094e-01 -5.895315855741500854e-02
-3.504773080348968506e-01 1.045504510402679443e-01 -4.487346485257148743e-02
-3.190423548221588135e-01 8.210420608520507812e-02 1.832901313900947571e-02
-3.299933075904846191e-01 7.964903116226196289e-02 -1.641420461237430573e-02
-2.791554331779479980e-01 1.108972057700157166e-01 -3.816076368093490601e-02
-1.783526688814163208e-01 1.560327112674713135e-01 -1.199237853288650513e-01
-2.039867192506790161e-01 1.622914522886276245e-01 -1.951567083597183228e-02
-1.175015717744827271e-01 2.854083292186260223e-02 -2.025705575942993164e-02
1.694545149803161621e-02 -4.300403594970703125e-02 -7.106977514922618866e-03
5.629990249872207642e-02 -4.833757132291793823e-02 4.256983473896980286e-02
-2.362858802080154419e-01 2.511609792709350586e-01 5.943708494305610657e-02
-1.392603367567062378e-01 1.493457108736038208e-01 2.906968630850315094e-02
-5.076850950717926025e-02 1.651824638247489929e-02 -1.404256820678710938e-01
-3.565700724720954895e-02 -1.166026666760444641e-01 1.944820396602153778e-02
-9.933337569236755371e-02 -1.344144344329833984e-01 1.575813293457031250e-01
-2.248132377862930298e-01 7.798903435468673706e-02 3.096601665019989014e-01
-2.063991036266088486e-03 1.772807836532592773e-01 1.225668042898178101e-01
1.488178521394729614e-01 1.476441025733947754e-01 -1.431229640729725361e-03
6.110525503754615784e-02 1.090645343065261841e-01 1.066059395670890808e-01
1.765735447406768799e-01 -2.177064307034015656e-02 -7.068589329719543457e-02
1.797483116388320923e-01 -8.582235127687454224e-02 -1.971750333905220032e-02
-4.572167992591857910e-02 -2.824998460710048676e-02 -7.425574585795402527e-04
1.116792336106300354e-01 -1.194703131914138794e-01 -5.236803088337182999e-03
-1.073618084192276001e-01 1.017319113016128540e-01 -8.814208209514617920e-02
-1.352144777774810791e-01 4.029862284660339355e-01 -1.037948429584503174e-01
-6.882555037736892700e-02 4.158517718315124512e-01 -1.578604280948638916e-01
-3.456490039825439453e-01 3.584635257720947266e-01 -3.204571083188056946e-02
-1.769748628139495850e-01 -4.044399783015251160e-02 7.372272759675979614e-02
-8.701039850711822510e-02 5.385363101959228516e-01 -1.162133961915969849e-01
-3.967900946736335754e-02 4.671061336994171143e-01 -2.954353392124176025e-02
-1.396661996841430664e-01 4.870899319648742676e-01 -6.837054342031478882e-02
-1.568673998117446899e-01 5.047967433929443359e-01 1.188202798366546631e-01
-7.254568487405776978e-02 3.953801989555358887e-01 6.119723618030548096e-02
-6.416422128677368164e-02 3.305886387825012207e-01 7.697261124849319458e-02
6.353463232517242432e-02 2.756818234920501709e-01 1.185780111700296402e-02
2.439625561237335205e-01 7.737658172845840454e-02 5.868231877684593201e-02
-6.870419532060623169e-02 -8.511183410882949829e-02 1.151623483747243881e-02
1.152160614728927612e-01 -2.025977075099945068e-01 2.557962015271186829e-02
2.227517366409301758e-01 1.669311076402664185e-01 -6.554481387138366699e-02
1.654992103576660156e-01 -3.538453280925750732e-01 -5.578889511525630951e-03
1.109108924865722656e-01 -3.811385035514831543e-01 8.781445771455764771e-02
1.220575273036956787e-01 -2.220945209264755249e-01 4.785852134227752686e-02
1.262872368097305298e-01 -1.642021387815475464e-01 -6.647956371307373047e-02
1.310711354017257690e-01 -8.982469886541366577e-02 -6.989956647157669067e-02
1.035085022449493408e-01 2.839554846286773682e-02 -1.342852506786584854e-02
6.469509005546569824e-02 -5.868392530828714371e-03 -4.520405456423759460e-02
8.340761810541152954e-02 -1.505022794008255005e-01 -2.146547473967075348e-02
2.403272986412048340e-01 -4.395603537559509277e-01 -1.667296141386032104e-02
2.130094021558761597e-01 -4.198212921619415283e-01 9.117602370679378510e-03
3.904314339160919189e-01 -5.152354240417480469e-01 -7.981634140014648438e-02
3.027122318744659424e-01 -3.916603326797485352e-01 2.465351298451423645e-02
3.234181702136993408e-01 -6.165947318077087402e-01 4.550750926136970520e-02
4.164978563785552979e-01 -5.208165049552917480e-01 3.416144102811813354e-02
4.038027226924896240e-01 -4.667384624481201172e-01 2.051212452352046967e-02
3.337812125682830811e-01 -3.667102158069610596e-01 -1.013929024338722229e-02
2.665998041629791260e-01 -3.655325472354888916e-01 -4.006894677877426147e-02
5.613701418042182922e-02 -1.186805218458175659e-01 3.096591308712959290e-02
-2.027282677590847015e-02 -1.240729764103889465e-01 -3.958371933549642563e-03
-3.999552130699157715e-02 -9.434281289577484131e-02 -6.893805414438247681e-02
-2.451388910412788391e-02 -2.214178070425987244e-02 -1.620508730411529541e-01
5.259961262345314026e-02 -4.240282252430915833e-02 -7.124951481819152832e-02
1.140320114791393280e-02 1.474783569574356079e-01 -4.718919284641742706e-03
-1.683017313480377197e-01 3.299129903316497803e-01 -6.684803962707519531e-02
-2.651652097702026367e-01 3.497850596904754639e-01 -7.443313300609588623e-02
-1.950178742408752441e-01 2.737781405448913574e-01 -3.755346685647964478e-02
-1.430885791778564453e-01 3.058897852897644043e-01 -6.203076615929603577e-02
-1.721856594085693359e-01 3.230419754981994629e-01 -3.061532601714134216e-02
-2.590237557888031006e-01 4.303443729877471924e-01 -5.845574289560317993e-02
-2.357422113418579102e-01 4.540289342403411865e-01 -1.223690658807754517e-01
-2.436782717704772949e-01 4.776668548583984375e-01 -9.720746427774429321e-02
-4.114466011524200439e-01 3.513708710670471191e-01 -4.963948950171470642e-02
-2.203780710697174072e-01 4.235359430313110352e-01 3.927350416779518127e-02
-2.742364704608917236e-01 4.988820850849151611e-01 -1.058519259095191956e-01
-2.728905975818634033e-01 4.993167817592620850e-01 -9.808732569217681885e-02
-2.268851250410079956e-01 4.109041094779968262e-01 -4.898749664425849915e-02
-2.776791155338287354e-01 5.170683860778808594e-01 -4.365539550781250000e-02
-1.703196018934249878e-01 2.110732793807983398e-01 1.200980320572853088e-01
-8.846719563007354736e-02 1.776250898838043213e-01 -4.980574175715446472e-02
-1.008396968245506287e-01 3.673039674758911133e-01 -7.737977057695388794e-02
-8.451608568429946899e-02 2.178643643856048584e-01 -9.738611429929733276e-02
-2.266320884227752686e-01 5.337810516357421875e-02 -7.562702987343072891e-03
-2.285847663879394531e-01 -4.452415555715560913e-02 9.859182318905368447e-05
-2.601648569107055664e-01 -3.443882241845130920e-02 -1.151598058640956879e-02
-4.786690771579742432e-01 6.758098304271697998e-02 3.726506605744361877e-03
-2.254025936126708984e-01 -2.258526980876922607e-01 1.851753294467926025e-01
-1.538627296686172485e-01 -2.280025631189346313e-01 1.073682531714439392e-01
3.676321730017662048e-02 -3.792006075382232666e-01 5.679133534431457520e-02
8.196669071912765503e-02 -3.707158565521240234e-01 1.868338882923126221e-01
1.158998906612396240e-01 -5.846157670021057129e-01 8.893278241157531738e-02
-6.639104336500167847e-02 -5.736281871795654297e-01 2.134125232696533203e-01
-1.095274388790130615e-01 -3.860993385314941406e-01 1.620464622974395752e-01
2.244470417499542236e-01 -4.281452596187591553e-01 1.214001141488552094e-02
2.542750835418701172e-01 -3.826385438442230225e-01 -4.391836374998092651e-02
2.683636248111724854e-01 -3.462299704551696777e-01 -1.358957141637802124e-01
3.670909404754638672e-01 -3.695386946201324463e-01 -5.380581319332122803e-02
6.633371710777282715e-01 -4.243485927581787109e-01 7.866776734590530396e-02
4.819927215576171875e-01 -4.520159065723419189e-01 1.235590432770550251e-03
3.951525092124938965e-01 -3.602165579795837402e-01 -3.043961524963378906e-02
1.438612043857574463e-01 -3.331811130046844482e-01 1.904959324747323990e-03
1.218356788158416748e-01 -2.267317026853561401e-01 -1.194991320371627808e-01
2.193199545145034790e-01 -5.083220452070236206e-02 6.194077432155609131e-02
9.951842576265335083e-02 -4.634238407015800476e-02 5.676567554473876953e-02
-4.701545089483261108e-02 1.683078519999980927e-02 3.668366000056266785e-02
1.207662895321846008e-01 5.037462338805198669e-02 4.110065102577209473e-02
1.526686828583478928e-02 1.822201162576675415e-01 -1.113639120012521744e-02
-1.771209202706813812e-02 3.427816554903984070e-02 -4.695070092566311359e-04
-9.449791908264160156e-02 2.267811819911003113e-02 4.166842252016067505e-02
5.858652666211128235e-02 5.518781021237373352e-02 1.021698582917451859e-03
2.917306311428546906e-02 3.086516857147216797e-01 -8.682083338499069214e-02
1.691014170646667480e-01 2.267509102821350098e-01 -9.367256611585617065e-02
1.121929734945297241e-01 2.100465446710586548e-01 -5.232290923595428467e-02
-6.020096316933631897e-02 2.654697597026824951e-01 -9.623966366052627563e-02
-2.248598635196685791e-01 3.465060889720916748e-01 -1.197439208626747131e-01
-2.827561199665069580e-01 3.783571422100067139e-01 -1.348368227481842041e-01
-3.083725869655609131e-01 3.291014730930328369e-01 -7.949162274599075317e-02
-2.413826584815979004e-01 3.271100521087646484e-01 -2.183313295245170593e-02
-2.866204679012298584e-01 3.715811073780059814e-01 3.601768985390663147e-03
-3.228740394115447998e-01 4.761540889739990234e-01 -1.724427193403244019e-02
-3.072859346866607666e-01 5.792071819305419922e-01 -9.212419390678405762e-03
-5.049813985824584961e-01 5.871672034263610840e-01 8.852499723434448242e-02
-5.253932476043701172e-01 5.279729962348937988e-01 2.092993818223476410e-03
-4.395821094512939453e-01 3.580043315887451172e-01 -4.637037962675094604e-02
-5.466794371604919434e-01 2.789707779884338379e-01 -2.222406119108200073e-02
-6.109945774078369141e-01 6.196650490164756775e-02 2.608290500938892365e-02
-4.490249454975128174e-01 -2.943146741017699242e-03 8.112901449203491211e-02
-2.692801952362060547e-01 -6.399827450513839722e-02 9.173505753278732300e-02
-1.671965867280960083e-01 -1.625186204910278320e-02 1.441855877637863159e-01
3.500975072383880615e-01 -2.660724520683288574e-01 6.557948142290115356e-02
2.145580798387527466e-01 1.458438187837600708e-01 -2.316549792885780334e-02
2.774721384048461914e-01 -2.586281001567840576e-01 -1.218793354928493500e-02
2.966839969158172607e-01 -4.148014187812805176e-01 -3.329766914248466492e-02
3.524850010871887207e-01 -5.105386376380920410e-01 8.086133748292922974e-02
2.696366310119628906e-01 -3.195937573909759521e-01 1.559475157409906387e-02
2.100177854299545288e-01 -3.391978442668914795e-01 9.500781446695327759e-02
1.130796074867248535e-01 -3.099141418933868408e-01 1.027985140681266785e-01
1.008324921131134033e-01 -3.713610768318176270e-01 7.588199526071548462e-02
2.707979977130889893e-01 -5.110407471656799316e-01 3.968010470271110535e-02
3.734152615070343018e-01 -5.150957107543945312e-01 1.480628401041030884e-01
4.565896391868591309e-01 -5.342814922332763672e-01 2.604718506336212158e-02
3.780196011066436768e-01 -5.048776865005493164e-01 8.933377265930175781e-02
2.148157805204391479e-01 -4.395485520362854004e-01 -3.593024238944053650e-02
1.230688691139221191e-01 -2.394814491271972656e-01 1.893991976976394653e-01
1.520889103412628174e-01 -1.857942342758178711e-01 1.378602981567382812e-01
2.980417013168334961e-02 -1.562764346599578857e-01 8.611720055341720581e-02
8.902244269847869873e-03 -3.227805793285369873e-01 1.430531218647956848e-02
5.198678374290466309e-02 -4.066689908504486084e-01 5.209864675998687744e-02
1.425078362226486206e-01 -4.600226879119873047e-01 7.636449486017227173e-02
2.199837267398834229e-01 -5.103377103805541992e-01 4.318984225392341614e-02
1.950468420982360840e-01 -4.336778819561004639e-01 -1.383378170430660248e-02
1.317743808031082153e-01 -3.034406006336212158e-01 -4.985764995217323303e-02
1.290534138679504395e-01 -3.629578649997711182e-01 -1.408131606876850128e-02
7.637847959995269775e-02 -3.921768963336944580e-01 3.279266133904457092e-02
-3.046124614775180817e-02 -1.905873864889144897e-01 3.948200866580009460e-02
2.560742013156414032e-02 -1.264795213937759399e-01 -5.075209587812423706e-02
-3.467028960585594177e-02 -1.237834990024566650e-01 5.319822207093238831e-02
-1.742457970976829529e-02 -4.981620982289314270e-02 3.838989138603210449e-02
-3.469071537256240845e-02 -1.503132283687591553e-02 3.339791297912597656e-02
-7.844548672437667847e-02 1.533291582018136978e-02 8.010115474462509155e-02
-1.063117310404777527e-01 -3.653297573328018188e-02 6.787051260471343994e-02
-9.577616304159164429e-02 2.030894905328750610e-02 7.334972172975540161e-02
