2.178250849246978760e-01 2.800286514684557915e-03 2.011920660734176636e-01 2.564972732216119766e-03 2.771163359284400940e-03 1.843229979276657104e-01
2.680911421775817871e-01 2.808421850204467773e-03 2.437354475259780884e-01 2.594122430309653282e-03 2.763294149190187454e-03 2.166725099086761475e-01
2.178408652544021606e-01 3.151993267238140106e-03 2.167634516954421997e-01 2.925360342487692833e-03 3.106792690232396126e-03 1.894962936639785767e-01
2.961356937885284424e-01 4.674648866057395935e-03 2.321569770574569702e-01 4.168624989688396454e-03 4.515341017395257950e-03 2.448327988386154175e-01
1.842033267021179199e-01 4.549941513687372208e-03 1.647742539644241333e-01 4.271433688700199127e-03 4.367560613900423050e-03 1.620341986417770386e-01
2.776516675949096680e-01 2.172090113162994385e-03 2.333197444677352905e-01 2.066066022962331772e-03 2.197837689891457558e-03 2.171764522790908813e-01
1.762693971395492554e-01 3.461546264588832855e-03 1.968688517808914185e-01 3.105800133198499680e-03 3.313137451186776161e-03 1.720289885997772217e-01
3.588072061538696289e-01 4.926459398120641708e-03 2.746687829494476318e-01 4.342441912740468979e-03 4.660309758037328720e-03 2.803510725498199463e-01
1.961100995540618896e-01 5.319800227880477905e-03 1.716236174106597900e-01 5.030262749642133713e-03 5.117667838931083679e-03 1.718108803033828735e-01
2.776640653610229492e-01 1.999822445213794708e-03 2.340123206377029419e-01 1.905097276903688908e-03 2.023088047280907631e-03 2.169057577848434448e-01
2.460777610540390015e-01 4.002115689218044281e-03 2.640285193920135498e-01 3.660420188680291176e-03 3.871183376759290695e-03 2.282790541648864746e-01
3.377770483493804932e-01 4.121349193155765533e-03 2.694324254989624023e-01 3.670893609523773193e-03 4.002461675554513931e-03 2.914442718029022217e-01
1.813757121562957764e-01 3.804198000580072403e-03 1.685452461242675781e-01 3.573983442038297653e-03 3.698401153087615967e-03 1.614034324884414673e-01
2.913138866424560547e-01 2.336503937840461731e-03 2.409221380949020386e-01 2.214997075498104095e-03 2.348163630813360214e-03 2.257931828498840332e-01
2.249035686254501343e-01 4.457130562514066696e-03 2.694992423057556152e-01 4.032427910715341568e-03 4.227553028613328934e-03 2.266713529825210571e-01
3.227132856845855713e-01 4.651308991014957428e-03 2.773975729942321777e-01 4.287438467144966125e-03 4.718674346804618835e-03 3.062133789062500000e-01
2.239893674850463867e-01 4.268587101250886917e-03 2.029856145381927490e-01 3.980638459324836731e-03 4.187565762549638748e-03 1.890488415956497192e-01
2.283218353986740112e-01 3.338478738442063332e-03 2.256658524274826050e-01 3.115846542641520500e-03 3.250621492043137550e-03 2.008113414049148560e-01
1.884584128856658936e-01 3.324805293232202530e-03 2.244130373001098633e-01 2.988867461681365967e-03 3.159046173095703125e-03 1.873389929533004761e-01
1.708122789859771729e-01 3.620697883889079094e-03 1.972483843564987183e-01 3.342740004882216454e-03 3.466220572590827942e-03 1.688074320554733276e-01
1.694392859935760498e-01 3.247859887778759003e-03 1.940503865480422974e-01 3.009864129126071930e-03 3.133871825411915779e-03 1.671802550554275513e-01
1.509469896554946899e-01 2.586504910141229630e-03 1.746319234371185303e-01 2.417144132778048515e-03 2.508106641471385956e-03 1.525066643953323364e-01
1.503324657678604126e-01 2.554518170654773712e-03 1.739001572132110596e-01 2.388463355600833893e-03 2.478727838024497032e-03 1.519900411367416382e-01
1.502246558666229248e-01 2.553605940192937851e-03 1.737797260284423828e-01 2.387414919212460518e-03 2.477915259078145027e-03 1.518884152173995972e-01
1.501307338476181030e-01 2.537500811740756035e-03 1.737339943647384644e-01 2.373170573264360428e-03 2.463023411110043526e-03 1.518584042787551880e-01
1.501649320125579834e-01 2.530523808673024178e-03 1.738586723804473877e-01 2.366991946473717690e-03 2.456404501572251320e-03 1.519036442041397095e-01
1.501675993204116821e-01 2.533593680709600449e-03 1.738541126251220703e-01 2.369709312915802002e-03 2.459275070577859879e-03 1.518934518098831177e-01
1.501072794198989868e-01 2.531141508370637894e-03 1.737388521432876587e-01 2.367441309615969658e-03 2.456980757415294647e-03 1.518190205097198486e-01
1.500476896762847900e-01 2.530194120481610298e-03 1.736290901899337769e-01 2.366487402468919754e-03 2.456125570461153984e-03 1.517460346221923828e-01
1.500219106674194336e-01 2.531473757699131966e-03 1.735668331384658813e-01 2.367626875638961792e-03 2.457343041896820068e-03 1.517129838466644287e-01
1.502114832401275635e-01 2.532812999561429024e-03 1.739095449447631836e-01 2.368432236835360527e-03 2.458359114825725555e-03 1.519465893507003784e-01
1.506706178188323975e-01 2.520396606996655464e-03 1.741406917572021484e-01 2.357256365939974785e-03 2.447121543809771538e-03 1.522662937641143799e-01
1.507608294486999512e-01 2.513390034437179565e-03 1.741456687450408936e-01 2.351082162931561470e-03 2.440630225464701653e-03 1.523086130619049072e-01
1.513111442327499390e-01 2.537953667342662811e-03 1.744186729192733765e-01 2.373205265030264854e-03 2.465724246576428413e-03 1.525418162345886230e-01
1.521116942167282104e-01 2.569634700194001198e-03 1.746693104505538940e-01 2.401512581855058670e-03 2.497253939509391785e-03 1.529257446527481079e-01
1.518469452857971191e-01 2.554741920903325081e-03 1.744747906923294067e-01 2.387778600677847862e-03 2.483026590198278427e-03 1.527991592884063721e-01
1.519130468368530273e-01 2.547122538089752197e-03 1.743637472391128540e-01 2.381271682679653168e-03 2.476084511727094650e-03 1.527924984693527222e-01
1.518245041370391846e-01 2.546210540458559990e-03 1.743554472923278809e-01 2.380568534135818481e-03 2.475076355040073395e-03 1.527374088764190674e-01
1.518564671277999878e-01 2.544956048950552940e-03 1.743546128273010254e-01 2.379337791353464127e-03 2.473978325724601746e-03 1.527493894100189209e-01
1.519564539194107056e-01 2.552200108766555786e-03 1.745300740003585815e-01 2.386017236858606339e-03 2.480775350704789162e-03 1.528474539518356323e-01
1.520545035600662231e-01 2.545161871239542961e-03 1.746076643466949463e-01 2.379829064011573792e-03 2.474300563335418701e-03 1.529361009597778320e-01
1.521515399217605591e-01 2.548730699345469475e-03 1.746850162744522095e-01 2.382841426879167557e-03 2.477426314726471901e-03 1.530121266841888428e-01
1.520667225122451782e-01 2.543329959735274315e-03 1.745517253875732422e-01 2.378070494160056114e-03 2.472544321790337563e-03 1.529228538274765015e-01
1.522470563650131226e-01 2.544855698943138123e-03 1.745957881212234497e-01 2.379506593570113182e-03 2.474450273439288139e-03 1.529872864484786987e-01
1.545692682266235352e-01 2.645341213792562485e-03 1.764160394668579102e-01 2.469201572239398956e-03 2.570387674495577812e-03 1.545490920543670654e-01
1.576954871416091919e-01 2.815255429595708847e-03 1.792395412921905518e-01 2.620730316266417503e-03 2.731403335928916931e-03 1.569719314575195312e-01
1.694105267524719238e-01 3.470917930826544762e-03 1.908042132854461670e-01 3.188300644978880882e-03 3.337190719321370125e-03 1.660600751638412476e-01
1.918774247169494629e-01 3.834541421383619308e-03 2.597250640392303467e-01 3.523020073771476746e-03 3.551143920049071312e-03 2.097999602556228638e-01
2.302967756986618042e-01 4.814591724425554276e-03 2.879113852977752686e-01 4.487845581024885178e-03 4.650346469134092331e-03 2.397032827138900757e-01
2.315671443939208984e-01 3.539609722793102264e-03 2.603096365928649902e-01 3.266256768256425858e-03 3.388433251529932022e-03 2.187238186597824097e-01
2.772032022476196289e-01 6.910501047968864441e-03 2.554998695850372314e-01 6.704085040837526321e-03 7.048827130347490311e-03 2.820075154304504395e-01
1.865995973348617554e-01 5.217150319367647171e-03 2.106298357248306274e-01 4.926947876811027527e-03 4.905166104435920715e-03 2.176188826560974121e-01
1.713288724422454834e-01 4.811522085219621658e-03 1.918335705995559692e-01 4.544763360172510147e-03 4.473173990845680237e-03 1.897471100091934204e-01
1.610224843025207520e-01 3.865944454446434975e-03 1.917111426591873169e-01 3.673880826681852341e-03 3.595168702304363251e-03 1.894477009773254395e-01
1.649232655763626099e-01 4.000483546406030655e-03 1.946650743484497070e-01 3.742652945220470428e-03 3.681325353682041168e-03 1.904297620058059692e-01
1.750595271587371826e-01 4.560021217912435532e-03 2.106586396694183350e-01 4.288851283490657806e-03 4.167548380792140961e-03 2.084826976060867310e-01
1.759839355945587158e-01 4.582610912621021271e-03 2.037487626075744629e-01 4.267978947609663010e-03 4.200717434287071228e-03 1.996597051620483398e-01
1.856628507375717163e-01 4.994304850697517395e-03 2.099575698375701904e-01 4.651664756238460541e-03 4.626197274774312973e-03 2.142683565616607666e-01
1.893010884523391724e-01 4.371398594230413437e-03 2.297449558973312378e-01 4.118824843317270279e-03 4.040389321744441986e-03 2.258459329605102539e-01
1.846691668033599854e-01 5.408964585512876511e-03 2.120158225297927856e-01 5.094056483358144760e-03 5.066606216132640839e-03 2.108886688947677612e-01
1.803836375474929810e-01 4.463147837668657303e-03 2.202176451683044434e-01 4.266483709216117859e-03 4.511689767241477966e-03 2.208063900470733643e-01
1.801905483007431030e-01 5.032581277191638947e-03 2.138138413429260254e-01 4.813957028090953827e-03 5.167828872799873352e-03 2.165554016828536987e-01
1.685915887355804443e-01 4.114905372262001038e-03 1.954915672540664673e-01 3.963527735322713852e-03 4.285954404622316360e-03 2.057603150606155396e-01
1.890682280063629150e-01 5.147914867848157883e-03 2.197772562503814697e-01 4.787625279277563095e-03 5.131537560373544693e-03 2.227610647678375244e-01
2.006113827228546143e-01 3.580610500648617744e-03 2.322959899902343750e-01 3.406564937904477119e-03 3.571949433535337448e-03 2.360940873622894287e-01
2.125061750411987305e-01 4.565675742924213409e-03 2.295302748680114746e-01 4.429894033819437027e-03 4.717433359473943710e-03 2.617410719394683838e-01
2.168524414300918579e-01 4.506764467805624008e-03 2.585998475551605225e-01 4.653566051274538040e-03 4.857495427131652832e-03 2.801527380943298340e-01
2.134397178888320923e-01 4.116015508770942688e-03 2.587057948112487793e-01 4.188128747045993805e-03 4.223046824336051941e-03 2.699613273143768311e-01
2.022948265075683594e-01 4.044842906296253204e-03 2.358689159154891968e-01 4.179365467280149460e-03 4.541099537163972855e-03 2.597834765911102295e-01
1.985647678375244141e-01 2.572743222117424011e-03 2.561309337615966797e-01 2.670696238055825233e-03 2.866295631974935532e-03 2.745191752910614014e-01
2.059880048036575317e-01 2.781972521916031837e-03 2.862851321697235107e-01 2.870877273380756378e-03 3.052477957680821419e-03 2.883020341396331787e-01
2.063038349151611328e-01 2.177518559619784355e-03 3.021884560585021973e-01 2.294165315106511116e-03 2.334952587261795998e-03 2.742670476436614990e-01
2.206485867500305176e-01 2.615627599880099297e-03 3.597575724124908447e-01 2.726709004491567612e-03 2.563523594290018082e-03 2.882596254348754883e-01
2.250756174325942993e-01 3.238639095798134804e-03 3.685349225997924805e-01 3.318418050184845924e-03 3.163420129567384720e-03 3.082190155982971191e-01
2.275826185941696167e-01 3.378045512363314629e-03 3.661651611328125000e-01 3.473779186606407166e-03 3.324579214677214622e-03 3.119239509105682373e-01
2.542632818222045898e-01 3.774504177272319794e-03 3.846019208431243896e-01 3.980220295488834381e-03 3.817998105660080910e-03 3.400151133537292480e-01
2.700656950473785400e-01 3.523808438330888748e-03 4.033310413360595703e-01 3.624448087066411972e-03 3.368612844496965408e-03 3.464797437191009521e-01
3.092758655548095703e-01 5.440619308501482010e-03 4.441931545734405518e-01 5.523282103240489960e-03 5.114556755870580673e-03 3.853515386581420898e-01
3.435906767845153809e-01 5.822310689836740494e-03 4.837778210639953613e-01 6.237620022147893906e-03 5.628305952996015549e-03 4.028250575065612793e-01
2.436375916004180908e-01 4.607256036251783371e-03 3.405437171459197998e-01 4.921148996800184250e-03 4.875387530773878098e-03 3.169971406459808350e-01
2.241920381784439087e-01 3.079023910686373711e-03 3.198510706424713135e-01 3.281372832134366035e-03 3.342311363667249680e-03 2.898976206779479980e-01
2.347127646207809448e-01 3.624184522777795792e-03 3.290800154209136963e-01 3.942555747926235199e-03 3.976063802838325500e-03 3.037379980087280273e-01
2.271111905574798584e-01 2.183202654123306274e-03 3.646722137928009033e-01 2.307124203070998192e-03 2.244476927444338799e-03 2.807748913764953613e-01
2.544456422328948975e-01 5.019542295485734940e-03 3.657143115997314453e-01 5.464685615152120590e-03 5.294589325785636902e-03 3.222127258777618408e-01
2.674779593944549561e-01 3.622891614213585854e-03 4.028100669384002686e-01 3.917548805475234985e-03 3.637227462604641914e-03 3.291261196136474609e-01
3.117881715297698975e-01 5.911079701036214828e-03 3.942748606204986572e-01 6.152881309390068054e-03 6.067020818591117859e-03 3.930826187133789062e-01
2.608481049537658691e-01 4.337233025580644608e-03 3.663449883460998535e-01 4.711441695690155029e-03 4.493110813200473785e-03 3.354762792587280273e-01
2.423304021358489990e-01 3.388716839253902435e-03 3.811578452587127686e-01 3.655161475762724876e-03 3.388752462342381477e-03 3.095061480998992920e-01
2.397485524415969849e-01 2.023167908191680908e-03 4.469100832939147949e-01 2.170072635635733604e-03 1.944721676409244537e-03 3.066838085651397705e-01
2.228235006332397461e-01 1.859287614934146404e-03 3.963816165924072266e-01 1.958654029294848442e-03 1.844207057729363441e-03 2.804909646511077881e-01
2.579274773597717285e-01 3.355781082063913345e-03 3.833995759487152100e-01 3.710094839334487915e-03 3.513071918860077858e-03 3.248618543148040771e-01
2.596340477466583252e-01 3.423185320571064949e-03 3.369476795196533203e-01 3.723478643223643303e-03 3.718419698998332024e-03 3.239508867263793945e-01
2.746366858482360840e-01 3.659903770312666893e-03 3.842367231845855713e-01 3.954112995415925980e-03 3.818814177066087723e-03 3.418701291084289551e-01
2.750218510627746582e-01 3.713551210239529610e-03 4.503959417343139648e-01 4.023955203592777252e-03 3.685092786327004433e-03 3.368264734745025635e-01
2.862581908702850342e-01 4.588078241795301437e-03 4.486271440982818604e-01 5.078220274299383163e-03 4.726673010736703873e-03 3.512005507946014404e-01
2.972814142704010010e-01 3.757994156330823898e-03 4.472422599792480469e-01 4.125919193029403687e-03 3.814883530139923096e-03 3.543798029422760010e-01
3.144834637641906738e-01 3.902064403519034386e-03 4.537030458450317383e-01 4.301096778362989426e-03 3.948693163692951202e-03 3.648448288440704346e-01
3.070560991764068604e-01 4.963893909007310867e-03 4.554168879985809326e-01 5.452071782201528549e-03 5.067695397883653641e-03 3.741152286529541016e-01
2.912522852420806885e-01 4.631935618817806244e-03 4.070831537246704102e-01 5.075881257653236389e-03 4.854838829487562180e-03 3.628837764263153076e-01
2.395674884319305420e-01 3.160458058118820190e-03 3.409322500228881836e-01 3.411559388041496277e-03 3.320754738524556160e-03 3.001458644866943359e-01
2.252003401517868042e-01 2.987425774335861206e-03 3.221481442451477051e-01 3.245536470785737038e-03 3.117103129625320435e-03 2.852817475795745850e-01
2.432010620832443237e-01 3.729698015376925468e-03 3.927042782306671143e-01 4.033767152577638626e-03 3.717377549037337303e-03 3.140978515148162842e-01
2.941565215587615967e-01 7.058666553348302841e-03 4.056011140346527100e-01 7.972604595124721527e-03 7.437571883201599121e-03 3.660921454429626465e-01
2.598456740379333496e-01 4.367741290479898453e-03 3.623028397560119629e-01 4.786395933479070663e-03 4.467722494155168533e-03 3.166033327579498291e-01
2.585810422897338867e-01 3.875865833833813667e-03 4.187259674072265625e-01 3.829415654763579369e-03 3.652078798040747643e-03 3.139869272708892822e-01
2.960777580738067627e-01 4.845720250159502029e-03 4.172310233116149902e-01 4.807726014405488968e-03 4.555318038910627365e-03 3.629003763198852539e-01
2.699708044528961182e-01 4.187991376966238022e-03 4.239787459373474121e-01 4.475119523704051971e-03 4.050379153341054916e-03 3.491362333297729492e-01
2.159424573183059692e-01 2.469803206622600555e-03 3.418210744857788086e-01 2.443614415824413300e-03 2.274424536153674126e-03 2.836470007896423340e-01
2.734816670417785645e-01 3.577211406081914902e-03 4.699175953865051270e-01 3.583064535632729530e-03 3.164227819070219994e-03 3.518638610839843750e-01
2.517023384571075439e-01 3.875987371429800987e-03 4.192145764827728271e-01 3.742934204638004303e-03 3.388836048543453217e-03 3.269343376159667969e-01
2.140399813652038574e-01 4.926508292555809021e-03 2.827995717525482178e-01 4.403352271765470505e-03 4.360959399491548538e-03 2.458796203136444092e-01
2.640427350997924805e-01 4.769920371472835541e-03 3.833483457565307617e-01 4.777137190103530884e-03 4.412048496305942535e-03 3.128594160079956055e-01
2.058184742927551270e-01 2.196327084675431252e-03 3.087560236454010010e-01 2.098339609801769257e-03 1.949580269865691662e-03 2.299208790063858032e-01
1.920574903488159180e-01 3.300162730738520622e-03 2.507497072219848633e-01 3.136166837066411972e-03 3.054832573980093002e-03 2.019459009170532227e-01
2.109200805425643921e-01 2.865164773538708687e-03 2.784426212310791016e-01 2.965359715744853020e-03 3.045025514438748360e-03 2.594855427742004395e-01
2.271146774291992188e-01 3.955176565796136856e-03 2.902112007141113281e-01 3.695169696584343910e-03 3.661642782390117645e-03 2.303463071584701538e-01
1.651702076196670532e-01 1.464443164877593517e-03 2.852277755737304688e-01 1.343088224530220032e-03 1.243012840859591961e-03 2.081852853298187256e-01
1.989264041185379028e-01 1.955677988007664680e-03 3.185464441776275635e-01 1.847226405516266823e-03 1.699627377092838287e-03 2.349038720130920410e-01
3.195557594299316406e-01 3.276001662015914917e-03 4.843238890171051025e-01 3.442418295890092850e-03 3.109501907601952553e-03 3.780139982700347900e-01
3.051857352256774902e-01 4.311831202358007431e-03 4.894700944423675537e-01 4.542235750705003738e-03 4.030029289424419403e-03 3.789938390254974365e-01
2.981111407279968262e-01 5.825402680784463882e-03 4.052390158176422119e-01 6.234514527022838593e-03 5.902131553739309311e-03 3.719783127307891846e-01
2.871735095977783203e-01 5.346472840756177902e-03 4.379935264587402344e-01 5.622768308967351913e-03 5.174093879759311676e-03 3.602360486984252930e-01
3.302598595619201660e-01 5.994363687932491302e-03 5.110855698585510254e-01 6.186269689351320267e-03 5.550788249820470810e-03 3.968739509582519531e-01
2.685481309890747070e-01 4.271155688911676407e-03 3.633203506469726562e-01 4.724912811070680618e-03 4.431139212101697922e-03 3.427350521087646484e-01
2.552705109119415283e-01 4.864046350121498108e-03 3.290863931179046631e-01 5.382617004215717316e-03 5.493970122188329697e-03 3.491643667221069336e-01
2.735827267169952393e-01 4.408332053571939468e-03 3.898264765739440918e-01 4.937755875289440155e-03 4.745501559227705002e-03 3.638289570808410645e-01
2.494565397500991821e-01 3.663593437522649765e-03 3.599064648151397705e-01 4.231095314025878906e-03 3.985706251114606857e-03 3.342507481575012207e-01
2.285178005695343018e-01 4.827964585274457932e-03 3.357568979263305664e-01 5.381468217819929123e-03 5.196891259402036667e-03 3.146192431449890137e-01
2.899431586265563965e-01 5.272043403238058090e-03 4.120984971523284912e-01 6.055380217730998993e-03 5.736602470278739929e-03 3.704165816307067871e-01
2.412773072719573975e-01 4.226256161928176880e-03 3.106425106525421143e-01 4.832493606954813004e-03 4.985809791833162308e-03 3.207392394542694092e-01
2.298359870910644531e-01 3.339868970215320587e-03 3.171479701995849609e-01 3.827067557722330093e-03 3.829491790384054184e-03 2.982401847839355469e-01
2.173782587051391602e-01 2.688719192519783974e-03 3.094553649425506592e-01 3.094579325988888741e-03 2.997609321027994156e-03 2.823515534400939941e-01
2.634203732013702393e-01 3.577168798074126244e-03 4.212737381458282471e-01 4.134991206228733063e-03 3.733177669346332550e-03 3.441150486469268799e-01
2.654681205749511719e-01 3.264689352363348007e-03 4.379858374595642090e-01 3.771319054067134857e-03 3.282446181401610374e-03 3.381018340587615967e-01
2.783649861812591553e-01 3.904756624251604080e-03 4.434562027454376221e-01 4.554680082947015762e-03 4.052603617310523987e-03 3.625036776065826416e-01
2.240630835294723511e-01 2.662179758772253990e-03 3.715344369411468506e-01 2.845653798431158066e-03 2.691394183784723282e-03 2.951397597789764404e-01
2.486297935247421265e-01 4.800940863788127899e-03 3.960742056369781494e-01 5.106558091938495636e-03 4.865701775997877121e-03 3.335493206977844238e-01
2.658633589744567871e-01 6.509195547550916672e-03 3.726185560226440430e-01 7.209850009530782700e-03 7.085165008902549744e-03 3.461455106735229492e-01
2.636599540710449219e-01 5.606050137430429459e-03 3.679936528205871582e-01 6.183685269206762314e-03 6.035942584276199341e-03 3.396071493625640869e-01
2.894700467586517334e-01 4.826727323234081268e-03 4.567570984363555908e-01 5.286769941449165344e-03 4.835275933146476746e-03 3.838801383972167969e-01
3.091252446174621582e-01 6.662619765847921371e-03 4.032252728939056396e-01 7.279635872691869736e-03 6.928341463208198547e-03 4.041495919227600098e-01
2.985305786132812500e-01 7.031520362943410873e-03 3.882572352886199951e-01 7.876073010265827179e-03 7.543310057371854782e-03 4.001474082469940186e-01
3.199632167816162109e-01 5.817438475787639618e-03 4.373215734958648682e-01 6.251370068639516830e-03 5.946605466306209564e-03 4.097859263420104980e-01
3.428359329700469971e-01 6.519209127873182297e-03 3.982176780700683594e-01 6.453224457800388336e-03 6.349183619022369385e-03 3.841070830821990967e-01
3.292675912380218506e-01 7.372620049864053726e-03 3.679983019828796387e-01 6.644595880061388016e-03 6.716620642691850662e-03 3.387659192085266113e-01
2.136324346065521240e-01 3.412755904719233513e-03 2.606617510318756104e-01 3.184406785294413567e-03 3.175188554450869560e-03 2.151375263929367065e-01
2.206065207719802856e-01 1.868527033366262913e-03 4.032611250877380371e-01 1.791245886124670506e-03 1.630691578611731529e-03 2.785718142986297607e-01
2.429665923118591309e-01 1.705426140688359737e-03 4.221569895744323730e-01 1.714424462988972664e-03 1.508140587247908115e-03 2.874365150928497314e-01
2.371366918087005615e-01 3.230744507163763046e-03 3.067704737186431885e-01 3.218733938410878181e-03 3.033045679330825806e-03 2.660101354122161865e-01
2.279133498668670654e-01 3.475060220807790756e-03 3.152334094047546387e-01 3.589740721508860588e-03 3.426238428801298141e-03 2.931380271911621094e-01
2.363997697830200195e-01 3.273987211287021637e-03 3.783507049083709717e-01 3.488761372864246368e-03 3.162220818921923637e-03 3.147776424884796143e-01
2.324096560478210449e-01 3.259068122133612633e-03 3.786461949348449707e-01 3.521644510328769684e-03 3.169198054820299149e-03 3.086415827274322510e-01
2.453109472990036011e-01 4.831271246075630188e-03 3.304335176944732666e-01 5.205277353525161743e-03 4.853484220802783966e-03 3.165786266326904297e-01
2.325826883316040039e-01 3.496014745905995369e-03 3.344296216964721680e-01 3.703850321471691132e-03 3.401870140805840492e-03 3.074923455715179443e-01
2.145907878875732422e-01 2.742829732596874237e-03 3.007989823818206787e-01 3.020765259861946106e-03 2.880638465285301208e-03 2.855471074581146240e-01
2.163594067096710205e-01 3.176338970661163330e-03 2.995708584785461426e-01 3.498461097478866577e-03 3.402289003133773804e-03 2.910674214363098145e-01
2.181150764226913452e-01 3.088280791416764259e-03 2.675384879112243652e-01 3.306747181341052055e-03 3.321941476315259933e-03 2.764635086059570312e-01
2.223443090915679932e-01 2.538231201469898224e-03 2.683271169662475586e-01 2.722367644309997559e-03 2.741325180977582932e-03 2.802743613719940186e-01
2.212881743907928467e-01 2.994757611304521561e-03 2.815808653831481934e-01 3.070692066103219986e-03 3.136150306090712547e-03 2.770664095878601074e-01
2.155015021562576294e-01 3.690306562930345535e-03 2.765367031097412109e-01 3.843955229967832565e-03 3.868297440931200981e-03 2.569234073162078857e-01
2.224997282028198242e-01 4.066163673996925354e-03 2.770396471023559570e-01 4.277038853615522385e-03 4.343031439930200577e-03 2.614988684654235840e-01
2.199371308088302612e-01 2.537621650844812393e-03 2.808746397495269775e-01 2.742605516687035561e-03 2.793416148051619530e-03 2.688739895820617676e-01
2.282063961029052734e-01 2.998447278514504433e-03 2.987406253814697266e-01 3.327707527205348015e-03 3.334257984533905983e-03 2.791611254215240479e-01
2.160715013742446899e-01 3.078988753259181976e-03 2.787898182868957520e-01 3.444560104981064796e-03 3.468071110546588898e-03 2.620918154716491699e-01
2.198830842971801758e-01 4.195020999759435654e-03 2.567703127861022949e-01 4.322325810790061951e-03 4.468700382858514786e-03 2.583694458007812500e-01
2.398016154766082764e-01 3.929206635802984238e-03 2.843891382217407227e-01 4.149428568780422211e-03 4.160840995609760284e-03 2.820641696453094482e-01
2.547037005424499512e-01 3.668956924229860306e-03 3.039780259132385254e-01 3.956692758947610855e-03 3.904945682734251022e-03 3.034746348857879639e-01
2.598331868648529053e-01 3.700160421431064606e-03 3.108949661254882812e-01 4.054605960845947266e-03 4.022518172860145569e-03 3.135235905647277832e-01
2.486508041620254517e-01 4.282559733837842941e-03 2.818288803100585938e-01 4.666694905608892441e-03 4.805208183825016022e-03 2.978001832962036133e-01
2.357871830463409424e-01 4.536392632871866226e-03 2.736673951148986816e-01 4.846235271543264389e-03 4.987492226064205170e-03 2.764601111412048340e-01
2.428777515888214111e-01 3.078675596043467522e-03 3.159381151199340820e-01 3.447671420872211456e-03 3.395519685000181198e-03 2.899080514907836914e-01
2.588184773921966553e-01 3.406901843845844269e-03 3.434711396694183350e-01 3.773856908082962036e-03 3.699230728670954704e-03 3.050821721553802490e-01
2.621569335460662842e-01 3.391826758161187172e-03 3.535853326320648193e-01 3.724770387634634972e-03 3.655649488791823387e-03 3.102440536022186279e-01
2.803563773632049561e-01 3.822870785370469093e-03 3.908824622631072998e-01 4.208935890346765518e-03 4.051981959491968155e-03 3.365678489208221436e-01
2.910740375518798828e-01 4.171939566731452942e-03 4.257555902004241943e-01 4.569110460579395294e-03 4.312527365982532501e-03 3.509367108345031738e-01
2.839181423187255859e-01 3.859561402350664139e-03 4.426437914371490479e-01 4.184560384601354599e-03 3.890032414346933365e-03 3.401266634464263916e-01
2.763756811618804932e-01 3.430267330259084702e-03 4.406346976757049561e-01 3.696060040965676308e-03 3.435420570895075798e-03 3.301850855350494385e-01
2.700963020324707031e-01 3.357438370585441589e-03 4.257766008377075195e-01 3.597902832552790642e-03 3.371652681380510330e-03 3.184549212455749512e-01
2.725543379783630371e-01 4.019157495349645615e-03 4.223811924457550049e-01 4.312033765017986298e-03 4.085905849933624268e-03 3.210047781467437744e-01
2.775282263755798340e-01 4.213220905512571335e-03 4.319412410259246826e-01 4.489528946578502655e-03 4.208350554108619690e-03 3.317676782608032227e-01
3.238609135150909424e-01 4.728088621050119400e-03 4.932053387165069580e-01 5.274166818708181381e-03 4.617422353476285934e-03 3.885644674301147461e-01
3.369277119636535645e-01 1.925535732880234718e-03 5.433561801910400391e-01 2.140144119039177895e-03 1.743074273690581322e-03 3.725609779357910156e-01
2.946616709232330322e-01 3.083293791860342026e-03 5.074363946914672852e-01 3.262400161474943161e-03 2.840645145624876022e-03 3.401684463024139404e-01
2.304529696702957153e-01 2.901363885030150414e-03 4.171275198459625244e-01 2.832639962434768677e-03 2.681907499209046364e-03 2.856324613094329834e-01
2.734753191471099854e-01 2.944683888927102089e-03 4.893159866333007812e-01 3.053933614864945412e-03 2.663025632500648499e-03 3.559419810771942139e-01
3.098958432674407959e-01 2.689030021429061890e-03 5.518889427185058594e-01 2.921831095591187477e-03 2.394452923908829689e-03 3.788481354713439941e-01
2.682562768459320068e-01 3.201402723789215088e-03 4.187622368335723877e-01 3.458803286775946617e-03 3.018971066921949387e-03 3.334587216377258301e-01
2.549520134925842285e-01 2.409570850431919098e-03 4.403001368045806885e-01 2.539368811994791031e-03 2.131757559254765511e-03 3.166951537132263184e-01
2.673058509826660156e-01 2.735838526859879494e-03 4.697141945362091064e-01 2.871019067242741585e-03 2.517577493563294411e-03 3.231973052024841309e-01
2.703597843647003174e-01 3.499809652566909790e-03 3.866740763187408447e-01 3.664479590952396393e-03 3.417548257857561111e-03 3.348222374916076660e-01
2.215928435325622559e-01 2.568311290815472603e-03 2.913922071456909180e-01 2.671474590897560120e-03 2.685371087864041328e-03 2.850120067596435547e-01
2.168793827295303345e-01 2.561425091698765755e-03 2.567352950572967529e-01 2.642330015078186989e-03 2.697335556149482727e-03 2.716756165027618408e-01
2.068152725696563721e-01 4.393932409584522247e-03 2.512324452400207520e-01 4.696064628660678864e-03 5.036345683038234711e-03 2.707469761371612549e-01
1.968778371810913086e-01 4.737291019409894943e-03 2.302768826484680176e-01 5.018158350139856339e-03 5.334059707820415497e-03 2.548255324363708496e-01
1.930346488952636719e-01 2.950797090306878090e-03 2.401809841394424438e-01 3.108050907030701637e-03 3.370731603354215622e-03 2.714940607547760010e-01
1.891914755105972290e-01 3.416778985410928726e-03 2.314430028200149536e-01 3.560348181053996086e-03 3.882169257849454880e-03 2.538191974163055420e-01
1.809031665325164795e-01 3.693838836625218391e-03 2.160221338272094727e-01 3.832758404314517975e-03 4.107771441340446472e-03 2.263530492782592773e-01
1.730498820543289185e-01 2.975513460114598274e-03 2.035333663225173950e-01 3.081888193264603615e-03 3.265024395659565926e-03 2.055985033512115479e-01
1.706616580486297607e-01 2.799884183332324028e-03 2.002964913845062256e-01 2.884805202484130859e-03 3.070860169827938080e-03 1.961200386285781860e-01
1.777919828891754150e-01 2.908952534198760986e-03 2.057890146970748901e-01 3.022680524736642838e-03 3.168198047205805779e-03 2.035840749740600586e-01
1.820095479488372803e-01 3.161331173032522202e-03 2.141325473785400391e-01 3.273796057328581810e-03 3.462980501353740692e-03 2.124801129102706909e-01
1.853540390729904175e-01 3.175778780132532120e-03 2.218468040227890015e-01 3.277702257037162781e-03 3.511009505018591881e-03 2.175958454608917236e-01
1.893887221813201904e-01 3.138849744573235512e-03 2.286673784255981445e-01 3.239452140405774117e-03 3.419964574277400970e-03 2.182948589324951172e-01
1.819851249456405640e-01 3.092965809628367424e-03 2.136650532484054565e-01 3.157078288495540619e-03 3.325999947264790535e-03 2.059535831212997437e-01
1.808268576860427856e-01 3.081640694290399551e-03 2.074555158615112305e-01 3.177142236381769180e-03 3.320416901260614395e-03 2.039597481489181519e-01
1.806519180536270142e-01 3.212499665096402168e-03 2.072197347879409790e-01 3.339727874845266342e-03 3.482030937448143959e-03 2.077516913414001465e-01
1.820868849754333496e-01 3.351896535605192184e-03 2.097343206405639648e-01 3.476394806057214737e-03 3.629594109952449799e-03 2.096972912549972534e-01
1.807536631822586060e-01 3.293711924925446510e-03 2.074858844280242920e-01 3.425447270274162292e-03 3.585626138374209404e-03 2.097809463739395142e-01
1.819869726896286011e-01 3.316476941108703613e-03 2.092319130897521973e-01 3.472165204584598541e-03 3.619868773967027664e-03 2.115796804428100586e-01
1.850567907094955444e-01 3.549135057255625725e-03 2.120129168033599854e-01 3.674875712022185326e-03 3.871047170832753181e-03 2.137988805770874023e-01
1.850463896989822388e-01 3.418060252442955971e-03 2.153272330760955811e-01 3.476745216175913811e-03 3.671622835099697113e-03 2.090055644512176514e-01
1.808995008468627930e-01 3.274435643106698990e-03 2.068224549293518066e-01 3.398175351321697235e-03 3.561214311048388481e-03 2.074873596429824829e-01
1.838878393173217773e-01 3.431579796597361565e-03 2.109368592500686646e-01 3.497538855299353600e-03 3.723033005371689796e-03 2.084530144929885864e-01
1.871955543756484985e-01 3.436153754591941833e-03 2.180047482252120972e-01 3.532334696501493454e-03 3.745335154235363007e-03 2.185617089271545410e-01
2.609963119029998779e-01 4.196058958768844604e-03 3.248914480209350586e-01 4.464845173060894012e-03 4.569481126964092255e-03 3.452527523040771484e-01
2.831348776817321777e-01 5.116109270602464676e-03 3.587533533573150635e-01 5.460926331579685211e-03 5.407258402556180954e-03 3.824669718742370605e-01
3.000988364219665527e-01 4.759959410876035690e-03 3.832774460315704346e-01 5.088464822620153427e-03 4.945768043398857117e-03 4.033887684345245361e-01
2.920617163181304932e-01 4.781986586749553680e-03 3.781553804874420166e-01 5.095885600894689560e-03 5.011347122490406036e-03 4.059899151325225830e-01
2.759466171264648438e-01 4.195475019514560699e-03 3.377191722393035889e-01 4.441715776920318604e-03 4.589587915688753128e-03 3.763583004474639893e-01
2.513762414455413818e-01 4.630096256732940674e-03 2.936621606349945068e-01 4.981433041393756866e-03 5.252887960523366928e-03 3.275012373924255371e-01
2.698433399200439453e-01 4.627154674381017685e-03 3.228579759597778320e-01 5.045725498348474503e-03 5.197643768042325974e-03 3.551040589809417725e-01
2.390345633029937744e-01 3.618028946220874786e-03 2.733976542949676514e-01 3.887086175382137299e-03 4.090563394129276276e-03 3.076641857624053955e-01
2.456810921430587769e-01 3.338685259222984314e-03 2.844737172126770020e-01 3.593343077227473259e-03 3.726774128153920174e-03 3.038132488727569580e-01
2.268446236848831177e-01 4.834310151636600494e-03 2.701064646244049072e-01 5.168358795344829559e-03 5.402114707976579666e-03 2.978885173797607422e-01
2.097097337245941162e-01 3.921854775398969650e-03 2.577381134033203125e-01 4.148794338107109070e-03 4.378738813102245331e-03 2.813348770141601562e-01
2.144190818071365356e-01 3.190011950209736824e-03 2.699819803237915039e-01 3.439134685322642326e-03 3.594799665734171867e-03 2.813096344470977783e-01
2.431677430868148804e-01 4.298957064747810364e-03 3.105594515800476074e-01 4.782018717378377914e-03 4.877535160630941391e-03 3.127693533897399902e-01
2.610356509685516357e-01 4.121215548366308212e-03 3.381006419658660889e-01 4.529118072241544724e-03 4.503299947828054428e-03 3.410856127738952637e-01
2.755957543849945068e-01 3.294217400252819061e-03 3.415212631225585938e-01 3.608957631513476372e-03 3.601312870159745216e-03 3.345041275024414062e-01
3.353572487831115723e-01 3.537985496222972870e-03 4.206250607967376709e-01 3.834694391116499901e-03 3.691154997795820236e-03 3.779267370700836182e-01
2.066815495491027832e-01 6.198841612786054611e-03 2.412591576576232910e-01 6.609281990677118301e-03 6.670798640698194504e-03 2.442666441202163696e-01
2.342629581689834595e-01 2.760877599939703941e-03 3.398293256759643555e-01 2.729554194957017899e-03 2.498953137546777725e-03 2.861679494380950928e-01
1.992757022380828857e-01 2.718959702178835869e-03 2.680679559707641602e-01 2.803489333018660545e-03 2.860963810235261917e-03 2.657681107521057129e-01
2.439351826906204224e-01 3.251292044296860695e-03 3.479579091072082520e-01 3.463184693828225136e-03 3.344211261719465256e-03 3.288627862930297852e-01
2.755298912525177002e-01 7.604519370943307877e-03 3.492815494537353516e-01 8.338301442563533783e-03 8.307356387376785278e-03 3.794529736042022705e-01
2.879780828952789307e-01 6.927042268216609955e-03 3.479432165622711182e-01 7.550970651209354401e-03 7.673949934542179108e-03 3.707970976829528809e-01
2.823709845542907715e-01 6.631459109485149384e-03 3.426919877529144287e-01 7.193484809249639511e-03 7.400596980005502701e-03 3.668308854103088379e-01
3.452813625335693359e-01 9.830877184867858887e-03 4.269248843193054199e-01 1.057179085910320282e-02 9.967338293790817261e-03 4.261546134948730469e-01
3.694969713687896729e-01 1.436249632388353348e-02 4.732488095760345459e-01 1.608733460307121277e-02 1.475453004240989685e-02 4.583959877490997314e-01
3.429785072803497314e-01 2.306083403527736664e-02 4.470812082290649414e-01 2.558312192559242249e-02 2.282130718231201172e-02 4.298775494098663330e-01
2.208801656961441040e-01 3.996161278337240219e-03 3.138256371021270752e-01 4.320909734815359116e-03 3.932641819119453430e-03 2.782349586486816406e-01
1.997952908277511597e-01 5.578610580414533615e-03 2.498701959848403931e-01 5.705495830625295639e-03 5.552839022129774094e-03 2.405668944120407104e-01
2.850122749805450439e-01 9.094344452023506165e-03 3.596605658531188965e-01 1.009414065629243851e-02 1.016686018556356430e-02 3.947137296199798584e-01
2.975058555603027344e-01 1.302049681544303894e-02 3.595724999904632568e-01 1.462570670992136002e-02 1.492528617382049561e-02 3.839981555938720703e-01
2.982503473758697510e-01 7.675617001950740814e-03 3.685468137264251709e-01 8.758597075939178467e-03 8.603415451943874359e-03 3.790444433689117432e-01
2.580955624580383301e-01 9.331397712230682373e-03 3.112723231315612793e-01 1.021025422960519791e-02 1.065947394818067551e-02 3.300073742866516113e-01
2.284422814846038818e-01 5.488733295351266861e-03 2.674552798271179199e-01 5.458764731884002686e-03 5.688670556992292404e-03 2.647871077060699463e-01
2.059831917285919189e-01 3.898185677826404572e-03 2.663780748844146729e-01 3.838991979137063026e-03 3.898396622389554977e-03 2.437621951103210449e-01
1.998625397682189941e-01 4.685728345066308975e-03 2.509894967079162598e-01 4.489179234951734543e-03 4.624019376933574677e-03 2.292329668998718262e-01
1.931110024452209473e-01 4.326111171394586563e-03 2.469266504049301147e-01 4.236655775457620621e-03 4.153687041252851486e-03 2.244455665349960327e-01
1.823253929615020752e-01 4.639176651835441589e-03 1.912710070610046387e-01 4.475737921893596649e-03 4.560980480164289474e-03 2.021846473217010498e-01
1.790087372064590454e-01 5.159498192369937897e-03 1.897020041942596436e-01 5.057363305240869522e-03 5.195296835154294968e-03 1.918809711933135986e-01
1.802873909473419189e-01 5.352485924959182739e-03 2.009773105382919312e-01 5.233871284872293472e-03 5.295732058584690094e-03 1.970872133970260620e-01
1.858807653188705444e-01 3.453828860074281693e-03 2.351923137903213501e-01 3.362316172569990158e-03 3.319456009194254875e-03 2.271534353494644165e-01
1.826134175062179565e-01 4.653011914342641830e-03 1.899967640638351440e-01 4.506454337388277054e-03 4.757693968713283539e-03 2.019278556108474731e-01
1.813792884349822998e-01 4.751392174512147903e-03 1.907304078340530396e-01 4.618871025741100311e-03 4.827999044209718704e-03 1.999808698892593384e-01
1.810654550790786743e-01 4.801634233444929123e-03 1.942430287599563599e-01 4.655222874134778976e-03 4.839688073843717575e-03 2.015945613384246826e-01
1.799895614385604858e-01 4.807078279554843903e-03 1.905418634414672852e-01 4.687018226832151413e-03 4.853175953030586243e-03 1.991003304719924927e-01
1.796800941228866577e-01 4.733066074550151825e-03 1.906179487705230713e-01 4.667977802455425262e-03 4.830377176403999329e-03 1.995785981416702271e-01
1.811828464269638062e-01 4.894002340734004974e-03 1.922827512025833130e-01 4.867147654294967651e-03 4.939773119986057281e-03 1.962194442749023438e-01
1.827556192874908447e-01 4.915277473628520966e-03 2.001024186611175537e-01 4.835378844290971756e-03 4.888267256319522858e-03 2.015824764966964722e-01
1.824186742305755615e-01 4.973033443093299866e-03 1.973587274551391602e-01 4.901715554296970367e-03 5.049218889325857162e-03 2.024122625589370728e-01
1.793262362480163574e-01 4.902432207018136978e-03 1.955004781484603882e-01 4.929693415760993958e-03 5.028499756008386612e-03 1.990444213151931763e-01
1.818536669015884399e-01 4.950190894305706024e-03 2.090407460927963257e-01 4.842917900532484055e-03 5.206460598856210709e-03 2.185167074203491211e-01
1.761441975831985474e-01 4.003509413450956345e-03 1.964481472969055176e-01 4.048613831400871277e-03 4.480016883462667465e-03 2.175600230693817139e-01
1.839498579502105713e-01 4.799276590347290039e-03 2.054426074028015137e-01 4.877122584730386734e-03 5.314995069056749344e-03 2.229395210742950439e-01
1.883795410394668579e-01 6.141464691609144211e-03 2.061677724123001099e-01 6.154210772365331650e-03 6.657578516751527786e-03 2.263004481792449951e-01
1.843827515840530396e-01 5.739079788327217102e-03 2.083490788936614990e-01 5.655578803271055222e-03 6.026348564773797989e-03 2.219471335411071777e-01
1.904891878366470337e-01 5.944562144577503204e-03 2.118025571107864380e-01 5.738579202443361282e-03 6.182000041007995605e-03 2.258682399988174438e-01
1.885515898466110229e-01 6.119430530816316605e-03 2.038585096597671509e-01 6.212086882442235947e-03 6.624618545174598694e-03 2.211642116308212280e-01
1.915547400712966919e-01 5.425000097602605820e-03 2.031653672456741333e-01 5.354560911655426025e-03 5.868139211088418961e-03 2.278177291154861450e-01
1.907402575016021729e-01 2.969946712255477905e-03 2.165673226118087769e-01 2.895941957831382751e-03 3.018945222720503807e-03 2.447136044502258301e-01
2.059794664382934570e-01 2.389951143413782120e-03 2.547351717948913574e-01 2.408796921372413635e-03 2.408321714028716087e-03 2.501558661460876465e-01
2.158919125795364380e-01 2.651177579537034035e-03 2.414463758468627930e-01 2.617878839373588562e-03 2.742957556620240211e-03 2.442899495363235474e-01
3.059315383434295654e-01 4.647465422749519348e-03 4.071486890316009521e-01 4.588413517922163010e-03 4.160081967711448669e-03 3.291256725788116455e-01
2.336962670087814331e-01 4.667408298701047897e-03 3.001751005649566650e-01 4.417329560965299606e-03 4.218611400574445724e-03 2.578822374343872070e-01
2.788811922073364258e-01 4.012996796518564224e-03 3.714598417282104492e-01 3.891819622367620468e-03 3.765036351978778839e-03 3.188798725605010986e-01
2.722172141075134277e-01 4.274460487067699432e-03 3.399136066436767578e-01 4.365663975477218628e-03 4.152452573180198669e-03 3.069470524787902832e-01
2.397388666868209839e-01 4.044311586767435074e-03 2.767400741577148438e-01 4.329390358179807663e-03 4.318616818636655807e-03 2.903557121753692627e-01
2.532413005828857422e-01 5.792717449367046356e-03 3.126105070114135742e-01 6.518783979117870331e-03 6.405405234545469284e-03 3.336000442504882812e-01
2.711161971092224121e-01 4.765653051435947418e-03 3.719672262668609619e-01 5.061813630163669586e-03 4.950900096446275711e-03 3.552539944648742676e-01
2.672035098075866699e-01 4.250453785061836243e-03 3.601915240287780762e-01 4.453960340470075607e-03 4.458982497453689575e-03 3.370578587055206299e-01
2.810343503952026367e-01 5.854218732565641403e-03 4.195930361747741699e-01 6.565269082784652710e-03 6.165286060422658920e-03 3.772162199020385742e-01
3.339454531669616699e-01 5.488639231771230698e-03 4.913387000560760498e-01 6.074435077607631683e-03 5.447215400636196136e-03 4.216408133506774902e-01
3.101711273193359375e-01 4.467308986932039261e-03 4.584864675998687744e-01 4.940071143209934235e-03 4.536116495728492737e-03 3.839385211467742920e-01
2.694109082221984863e-01 3.908991347998380661e-03 4.120090603828430176e-01 4.347062204033136368e-03 4.018999170511960983e-03 3.472335636615753174e-01
3.433471024036407471e-01 4.443173296749591827e-03 5.270254611968994141e-01 4.905158653855323792e-03 4.231197759509086609e-03 4.109665453433990479e-01
3.638215065002441406e-01 3.799889003857970238e-03 5.389276742935180664e-01 4.002385772764682770e-03 3.526488319039344788e-03 4.007411599159240723e-01
3.089554011821746826e-01 2.345442073419690132e-03 4.914433062076568604e-01 2.499410649761557579e-03 2.250842517241835594e-03 3.322680592536926270e-01
2.631028592586517334e-01 2.674093004316091537e-03 4.386291205883026123e-01 2.736832480877637863e-03 2.540688263252377510e-03 3.098697960376739502e-01
3.252688646316528320e-01 4.472700413316488266e-03 4.792028069496154785e-01 4.448259249329566956e-03 4.109668079763650894e-03 3.760834038257598877e-01
2.949606180191040039e-01 4.372213967144489288e-03 4.245584607124328613e-01 4.537296481430530548e-03 4.172722343355417252e-03 3.688273727893829346e-01
2.432211786508560181e-01 3.927168902009725571e-03 3.284380733966827393e-01 4.163598176091909409e-03 4.064539913088083267e-03 3.221712112426757812e-01
2.488801777362823486e-01 4.166258033365011215e-03 3.140824735164642334e-01 4.351344890892505646e-03 4.244756419211626053e-03 3.278408348560333252e-01
2.864218354225158691e-01 5.757133942097425461e-03 3.679215312004089355e-01 5.908074323087930679e-03 5.458404310047626495e-03 3.438266813755035400e-01
2.756651043891906738e-01 3.429573029279708862e-03 3.704812228679656982e-01 3.102596383541822433e-03 3.138783853501081467e-03 3.107564449310302734e-01
2.115721255540847778e-01 3.347456688061356544e-03 3.115010261535644531e-01 3.029889659956097603e-03 2.977132331579923630e-03 2.421037405729293823e-01
3.301876485347747803e-01 2.806570380926132202e-03 5.672144889831542969e-01 3.049800405278801918e-03 2.612476004287600517e-03 3.964744806289672852e-01
3.383607864379882812e-01 5.301656201481819153e-03 4.927033782005310059e-01 5.570162553340196609e-03 4.986524581909179688e-03 4.122688472270965576e-01
3.149153888225555420e-01 8.448318578302860260e-03 3.823807835578918457e-01 8.757855743169784546e-03 8.616994135081768036e-03 4.056573212146759033e-01
2.753551304340362549e-01 4.680669400840997696e-03 3.654827475547790527e-01 5.202656146138906479e-03 5.049774888902902603e-03 3.593359887599945068e-01
2.850643396377563477e-01 4.404298961162567139e-03 3.920880258083343506e-01 5.007321015000343323e-03 4.721810109913349152e-03 3.744143247604370117e-01
2.270731031894683838e-01 2.887494629248976707e-03 3.158556818962097168e-01 3.216042416170239449e-03 3.157475730404257774e-03 2.966833114624023438e-01
2.811331450939178467e-01 4.658489488065242767e-03 4.058253467082977295e-01 5.200341809540987015e-03 4.942288622260093689e-03 3.574243485927581787e-01
2.902271449565887451e-01 4.865461494773626328e-03 4.153262972831726074e-01 5.380794871598482132e-03 5.110089201480150223e-03 3.660201728343963623e-01
2.874700129032135010e-01 4.673040471971035004e-03 4.219920635223388672e-01 5.079008173197507858e-03 4.781941883265972137e-03 3.510000705718994141e-01
2.761630713939666748e-01 4.416340496391057968e-03 4.246642887592315674e-01 4.736796021461486816e-03 4.429324530065059662e-03 3.399905562400817871e-01
2.517774403095245361e-01 4.471295513212680817e-03 3.960063159465789795e-01 4.731129854917526245e-03 4.495489411056041718e-03 3.125355541706085205e-01
2.644321620464324951e-01 4.552350379526615143e-03 4.054446816444396973e-01 4.935027100145816803e-03 4.673739429563283920e-03 3.371453583240509033e-01
2.547707855701446533e-01 3.642664523795247078e-03 3.762181997299194336e-01 3.974940162152051926e-03 3.766904352232813835e-03 3.226178586483001709e-01
2.189412117004394531e-01 2.763362601399421692e-03 3.196989297866821289e-01 2.983929356560111046e-03 2.842908492311835289e-03 2.797081172466278076e-01
2.151986807584762573e-01 2.462902572005987167e-03 3.231113851070404053e-01 2.658106153830885887e-03 2.497036475688219070e-03 2.734154462814331055e-01
2.158125787973403931e-01 2.396636176854372025e-03 3.310703337192535400e-01 2.601025858893990517e-03 2.376717980951070786e-03 2.692383825778961182e-01
2.222352921962738037e-01 2.622114261612296104e-03 3.204804062843322754e-01 2.896245103329420090e-03 2.644284628331661224e-03 2.788495123386383057e-01
2.271841168403625488e-01 2.483905293047428131e-03 3.180656731128692627e-01 2.772049047052860260e-03 2.600782085210084915e-03 2.908890545368194580e-01
2.402275055646896362e-01 2.511386992409825325e-03 3.373912274837493896e-01 2.796774730086326599e-03 2.616600599139928818e-03 3.038341999053955078e-01
3.020840883255004883e-01 5.305615719407796860e-03 4.229114651679992676e-01 5.642773117870092392e-03 5.196825135499238968e-03 3.760641515254974365e-01
2.521465420722961426e-01 4.687885753810405731e-03 4.046247005462646484e-01 4.588365554809570312e-03 4.343967419117689133e-03 3.236840963363647461e-01
2.533630728721618652e-01 3.405420808121562004e-03 4.098315834999084473e-01 3.466855036094784737e-03 3.195806406438350677e-03 3.384574055671691895e-01
2.843473255634307861e-01 3.154160920530557632e-03 4.351435303688049316e-01 3.445823909714818001e-03 3.061489434912800789e-03 3.548392951488494873e-01
2.306175380945205688e-01 2.896813675761222839e-03 3.387131094932556152e-01 3.129535354673862457e-03 2.976223826408386230e-03 3.085680305957794189e-01
2.049007713794708252e-01 1.797792036086320877e-03 2.829532027244567871e-01 1.832708367146551609e-03 1.741243060678243637e-03 2.550451159477233887e-01
2.118111103773117065e-01 1.841494929976761341e-03 3.090967535972595215e-01 1.918692141771316528e-03 1.768948626704514027e-03 2.593477070331573486e-01
2.208332270383834839e-01 2.179334405809640884e-03 3.293835222721099854e-01 2.243608701974153519e-03 2.070353832095861435e-03 2.823447287082672119e-01
2.314495444297790527e-01 3.228933084756135941e-03 4.004662036895751953e-01 3.248652443289756775e-03 2.955598756670951843e-03 3.191357254981994629e-01
2.538171708583831787e-01 3.575833048671483994e-03 4.222308099269866943e-01 3.664336632937192917e-03 3.360064001753926277e-03 3.357259333133697510e-01
2.895351946353912354e-01 4.005704075098037720e-03 4.306233823299407959e-01 4.195411223918199539e-03 3.900439245626330376e-03 3.637524247169494629e-01
2.581933736801147461e-01 3.850040258839726448e-03 3.490869402885437012e-01 4.111555404961109161e-03 4.109619185328483582e-03 3.412027060985565186e-01
2.617413997650146484e-01 3.993364982306957245e-03 3.639629185199737549e-01 4.172524437308311462e-03 4.088287241756916046e-03 3.509980738162994385e-01
2.340998351573944092e-01 3.889204701408743858e-03 2.985593974590301514e-01 4.116355441510677338e-03 4.253563005477190018e-03 3.063844740390777588e-01
2.551277577877044678e-01 4.859810695052146912e-03 3.040612041950225830e-01 5.234725773334503174e-03 5.434255115687847137e-03 3.424449861049652100e-01
2.039354592561721802e-01 6.559403147548437119e-03 2.148926556110382080e-01 6.658666301518678665e-03 7.314460352063179016e-03 2.513296902179718018e-01
1.919595450162887573e-01 5.985794588923454285e-03 1.899793297052383423e-01 5.777780432254076004e-03 6.020804401487112045e-03 2.045623511075973511e-01
1.979345083236694336e-01 5.624365527182817459e-03 1.984585523605346680e-01 5.268465727567672729e-03 5.611159373074769974e-03 2.138774842023849487e-01
1.890647411346435547e-01 5.760495085269212723e-03 2.044325023889541626e-01 5.407556425780057907e-03 5.761508364230394363e-03 2.099831849336624146e-01
1.753236502408981323e-01 4.718606825917959213e-03 1.948280781507492065e-01 4.586347378790378571e-03 4.964602645486593246e-03 2.055560201406478882e-01
1.849743276834487915e-01 5.119794979691505432e-03 1.901962310075759888e-01 5.073449574410915375e-03 5.347489845007658005e-03 1.997001022100448608e-01
1.823009401559829712e-01 4.973222035914659500e-03 1.891881525516510010e-01 4.937156103551387787e-03 5.317663308233022690e-03 2.057519257068634033e-01
1.846176236867904663e-01 5.672083236277103424e-03 1.888949424028396606e-01 5.630187690258026123e-03 6.012859288603067398e-03 2.057441771030426025e-01
1.789636760950088501e-01 4.933081101626157761e-03 1.911168396472930908e-01 4.881834611296653748e-03 5.200400482863187790e-03 2.028735280036926270e-01
1.688664257526397705e-01 3.514324314892292023e-03 1.823274195194244385e-01 3.456930164247751236e-03 3.703529480844736099e-03 1.922250241041183472e-01
1.796106547117233276e-01 5.603910889476537704e-03 2.008635699748992920e-01 5.413342732936143875e-03 5.832463037222623825e-03 2.122678756713867188e-01
1.908445507287979126e-01 3.838479751721024513e-03 2.335699498653411865e-01 3.752981312572956085e-03 3.947947174310684204e-03 2.436692714691162109e-01
1.881443709135055542e-01 3.651516512036323547e-03 2.272964417934417725e-01 3.549483837559819221e-03 3.811135655269026756e-03 2.431482225656509399e-01
1.965863406658172607e-01 5.423040129244327545e-03 2.263597995042800903e-01 5.343339871615171432e-03 5.859216675162315369e-03 2.534012794494628906e-01
1.970639377832412720e-01 6.409020628780126572e-03 2.302235662937164307e-01 6.102528888732194901e-03 6.445316597819328308e-03 2.386351227760314941e-01
1.978509873151779175e-01 6.962740328162908554e-03 2.285750210285186768e-01 6.452163681387901306e-03 6.655971053987741470e-03 2.278773486614227295e-01
1.950793564319610596e-01 5.904708988964557648e-03 2.427510470151901245e-01 5.641595460474491119e-03 5.487892311066389084e-03 2.317925393581390381e-01
1.938712447881698608e-01 3.624027827754616737e-03 2.737956941127777100e-01 3.453889163210988045e-03 3.145319642499089241e-03 2.305485904216766357e-01
2.197443097829818726e-01 2.089871792122721672e-03 3.261908888816833496e-01 2.165415789932012558e-03 1.951124751940369606e-03 2.668548524379730225e-01
2.069253027439117432e-01 2.204325282946228981e-03 2.571469545364379883e-01 2.256331965327262878e-03 2.213828964158892632e-03 2.398043125867843628e-01
2.205655723810195923e-01 5.321132019162178040e-03 2.551808655261993408e-01 4.996354691684246063e-03 4.775752779096364975e-03 2.173655927181243896e-01
2.075491696596145630e-01 5.026453174650669098e-03 1.972779184579849243e-01 4.690358415246009827e-03 4.815452732145786285e-03 1.805538237094879150e-01
1.999977678060531616e-01 5.167444236576557159e-03 1.769988834857940674e-01 4.817862063646316528e-03 4.833605606108903885e-03 1.734571605920791626e-01
2.064305394887924194e-01 5.980715621262788773e-03 1.849186718463897705e-01 5.561780184507369995e-03 5.610914435237646103e-03 1.858814656734466553e-01
1.799879223108291626e-01 5.234559532254934311e-03 1.806738227605819702e-01 5.029530730098485947e-03 4.846368450671434402e-03 1.760093569755554199e-01
1.865078210830688477e-01 4.648091737180948257e-03 1.932135820388793945e-01 4.374115727841854095e-03 4.395793192088603973e-03 1.754991710186004639e-01
1.682386845350265503e-01 3.183119231835007668e-03 1.950005441904067993e-01 2.964649116620421410e-03 3.059292444959282875e-03 1.690316051244735718e-01
1.557965129613876343e-01 2.974190982058644295e-03 1.845757663249969482e-01 2.807563403621315956e-03 2.868070965632796288e-03 1.581803709268569946e-01
1.543146371841430664e-01 2.772999228909611702e-03 1.896935403347015381e-01 2.582719083875417709e-03 2.671111375093460083e-03 1.594595760107040405e-01
1.731678396463394165e-01 2.683664439246058464e-03 2.331272810697555542e-01 2.411858411505818367e-03 2.544672694057226181e-03 1.907711029052734375e-01
1.551616787910461426e-01 2.884118119254708290e-03 1.966043561697006226e-01 2.654760843142867088e-03 2.749198116362094879e-03 1.643821597099304199e-01
1.532570421695709229e-01 3.175667021423578262e-03 1.694195419549942017e-01 2.983970334753394127e-03 3.089499659836292267e-03 1.521388292312622070e-01
1.453453153371810913e-01 2.707971958443522453e-03 1.620892733335494995e-01 2.548726974055171013e-03 2.649090485647320747e-03 1.463489383459091187e-01
1.451103687286376953e-01 2.750399755313992500e-03 1.630079150199890137e-01 2.585389651358127594e-03 2.681129612028598785e-03 1.468735337257385254e-01
1.445004791021347046e-01 2.759990282356739044e-03 1.635672450065612793e-01 2.592741977423429489e-03 2.686557825654745102e-03 1.469004750251770020e-01
1.443309336900711060e-01 2.758006565272808075e-03 1.631928980350494385e-01 2.591665601357817650e-03 2.685183426365256310e-03 1.466363221406936646e-01
1.445770710706710815e-01 2.761662937700748444e-03 1.635490804910659790e-01 2.594606019556522369e-03 2.688821405172348022e-03 1.469379514455795288e-01
