3.772e-05,-3.4197e-05,0.00077193
-0.001189,0.00014899,0.0017781
-0.0027534,-0.0001538,0.0035274
-0.0033579,-0.0015921,0.0058028
-0.0046259,-0.0034151,0.0089268
-0.0053596,-0.0048018,0.013918
-0.0061928,-0.0063062,0.020379
-0.0074537,-0.0085388,0.028068
-0.0088201,-0.0099477,0.036526
-0.010664,-0.011022,0.045505
-0.011442,-0.012667,0.056075
-0.011433,-0.014451,0.067734
-0.011441,-0.014946,0.082834
-0.011328,-0.015734,0.099278
-0.011197,-0.016546,0.11637
-0.011677,-0.017531,0.13458
-0.01247,-0.017308,0.15408
-0.01298,-0.017031,0.17392
-0.012697,-0.018141,0.19613
-0.012582,-0.018236,0.22139
-0.012268,-0.017825,0.24656
-0.012341,-0.017331,0.27199
-0.012577,-0.016496,0.29814
-0.012989,-0.016125,0.32509
-0.01363,-0.016591,0.3523
-0.014324,-0.016743,0.37923
-0.015359,-0.017506,0.40457
-0.017488,-0.018637,0.42834
-0.020363,-0.019916,0.45244
-0.023114,-0.021329,0.47676
-0.024856,-0.022144,0.4999
-0.026935,-0.022206,0.52134
-0.028094,-0.022559,0.5423
-0.029282,-0.022878,0.56245
-0.030577,-0.023042,0.58176
-0.031483,-0.024012,0.60239
-0.032003,-0.025135,0.6224
-0.032372,-0.025455,0.64148
-0.032801,-0.025712,0.65962
-0.031862,-0.026159,0.67746
-0.030829,-0.026653,0.69521
-0.029582,-0.027238,0.71079
-0.028279,-0.027628,0.728
-0.027557,-0.028634,0.74559
-0.026305,-0.029468,0.76156
-0.025351,-0.029711,0.77479
-0.023132,-0.029575,0.79047
-0.02128,-0.028648,0.80721
-0.020328,-0.029284,0.82175
-0.019546,-0.0303,0.83587
-0.019394,-0.030691,0.84784
-0.019355,-0.03116,0.8595
-0.020935,-0.031888,0.87274
-0.022587,-0.032171,0.88972
-0.023626,-0.03379,0.90656
-0.024916,-0.034717,0.92087
-0.025703,-0.035186,0.93417
-0.026468,-0.035139,0.94553
-0.028058,-0.035695,0.95862
-0.029487,-0.035376,0.97256
-0.030451,-0.035397,0.98949
-0.031744,-0.03513,1.0027
-0.033993,-0.034649,1.0117
-0.036085,-0.03551,1.0183
-0.038419,-0.035794,1.024
-0.039548,-0.035408,1.0312
-0.040534,-0.033716,1.038
-0.040277,-0.032587,1.0427
-0.040323,-0.031314,1.0478
-0.039754,-0.029878,1.0522
-0.03982,-0.028798,1.0555
-0.039561,-0.027966,1.0591
-0.039087,-0.026975,1.064
-0.039409,-0.026993,1.0696
-0.039264,-0.02701,1.0757
-0.038859,-0.026618,1.0814
-0.038731,-0.027513,1.0848
-0.038222,-0.027432,1.0885
-0.038103,-0.028226,1.0919
-0.037869,-0.030333,1.093
-0.037121,-0.031866,1.0928
-0.036636,-0.033252,1.0897
-0.036085,-0.034265,1.0875
-0.03736,-0.035929,1.0857
-0.038521,-0.036436,1.0851
-0.039263,-0.0373,1.0841
-0.039116,-0.037957,1.0839
-0.03766,-0.038938,1.0846
-0.035979,-0.040257,1.0868
-0.035011,-0.042188,1.0893
-0.034357,-0.043618,1.0911
-0.033873,-0.044324,1.0927
-0.033766,-0.044771,1.0938
-0.033539,-0.046059,1.0945
-0.033445,-0.046584,1.0917
-0.034037,-0.047102,1.0856
-0.035625,-0.047906,1.078
-0.038132,-0.047801,1.069
-0.04162,-0.048658,1.0572
-0.044241,-0.048089,1.042
-0.046877,-0.047071,1.0258
-0.050064,-0.045351,1.01
-0.053467,-0.044594,0.99518
-0.05677,-0.043883,0.97903
-0.060335,-0.042525,0.9624
-0.06371,-0.041044,0.94399
-0.06566,-0.040952,0.92415
-0.066089,-0.041188,0.90357
-0.065417,-0.041584,0.88222
-0.064137,-0.043033,0.86163
-0.062735,-0.044222,0.84264
-0.060627,-0.045483,0.82493
-0.057646,-0.046217,0.80816
-0.054707,-0.04697,0.79178
-0.050889,-0.047654,0.77607
-0.045872,-0.047862,0.76418
-0.039742,-0.047816,0.75536
-0.033017,-0.047553,0.74866
-0.025722,-0.046023,0.74019
-0.017969,-0.044979,0.73115
-0.0097933,-0.042925,0.72016
-0.00060946,-0.041337,0.70899
0.0099919,-0.039529,0.6957
0.021161,-0.038487,0.68021
0.032468,-0.036948,0.66296
0.043926,-0.036747,0.64861
0.055564,-0.035361,0.63535
0.066771,-0.034173,0.62104
0.07992,-0.032616,0.6075
0.094281,-0.031226,0.59132
0.10794,-0.029601,0.57225
0.12121,-0.028485,0.55024
0.13438,-0.027317,0.53038
0.14767,-0.025604,0.50926
0.16231,-0.024493,0.48891
0.17708,-0.023467,0.46629
0.19259,-0.02276,0.44038
0.20903,-0.021786,0.41484
0.22568,-0.019995,0.38547
0.24184,-0.019223,0.35679
0.25693,-0.018867,0.32811
0.27005,-0.01922,0.30094
0.28308,-0.018956,0.27487
0.29594,-0.017504,0.24542
0.31046,-0.016616,0.21454
0.3249,-0.015972,0.18236
0.33911,-0.015864,0.15457
0.35294,-0.01626,0.12927
0.36713,-0.017984,0.10832
0.382,-0.019129,0.087245
0.39872,-0.019815,0.066949
0.41555,-0.020444,0.045431
0.43208,-0.020429,0.024259
0.44847,-0.021047,0.0056904
0.4651,-0.021513,-0.0096677
0.48228,-0.022176,-0.022687
0.49996,-0.022923,-0.035084
0.51846,-0.023497,-0.046761
0.53632,-0.024425,-0.055861
0.55436,-0.02371,-0.064261
0.57198,-0.023603,-0.068952
0.5909,-0.023229,-0.071809
0.60954,-0.022813,-0.074789
0.62755,-0.022778,-0.077413
0.64618,-0.023639,-0.078983
0.66407,-0.024436,-0.081055
0.68071,-0.025207,-0.082636
0.69597,-0.025666,-0.083994
0.71082,-0.025611,-0.086061
0.72573,-0.024785,-0.087638
0.7403,-0.024766,-0.09022
0.75489,-0.02642,-0.090268
0.76883,-0.027487,-0.090654
0.78193,-0.028202,-0.09049
0.79474,-0.029487,-0.08942
0.80595,-0.031875,-0.087334
0.81697,-0.033465,-0.083576
0.82803,-0.034255,-0.080205
0.83802,-0.034379,-0.077268
0.84652,-0.034476,-0.074535
0.8532,-0.035768,-0.071833
0.85817,-0.035699,-0.070505
0.86203,-0.035634,-0.069192
0.86771,-0.035964,-0.067395
0.87208,-0.035236,-0.066248
0.87576,-0.034018,-0.065766
0.87713,-0.032937,-0.066414
0.87873,-0.032374,-0.066474
0.87911,-0.031643,-0.067155
0.87982,-0.03132,-0.066212
0.88042,-0.031143,-0.067006
0.88132,-0.030477,-0.067898
0.88197,-0.029724,-0.069015
0.88226,-0.029563,-0.070368
0.88176,-0.029858,-0.071336
0.88138,-0.03107,-0.071386
0.87962,-0.031931,-0.073452
0.8784,-0.03216,-0.075553
0.87672,-0.033307,-0.075905
0.875,-0.034674,-0.07532
0.87169,-0.035445,-0.074803
0.86623,-0.03516,-0.074994
0.85976,-0.033602,-0.0753
0.8527,-0.032668,-0.075724
0.84603,-0.032062,-0.074865
0.84033,-0.032221,-0.074109
0.83514,-0.032276,-0.073271
0.83182,-0.032711,-0.071265
0.82895,-0.032293,-0.069736
0.82613,-0.032524,-0.0672
0.82393,-0.031847,-0.065267
0.82063,-0.031002,-0.065448
0.81768,-0.030378,-0.066385
0.81542,-0.030186,-0.06766
0.81363,-0.030205,-0.06966
0.8124,-0.030697,-0.073056
0.81143,-0.030792,-0.077091
0.8121,-0.0297,-0.081449
0.81334,-0.028642,-0.086222
0.81505,-0.02724,-0.091518
0.81694,-0.026139,-0.095593
0.81926,-0.024977,-0.098215
0.82306,-0.024963,-0.1011
0.82784,-0.026509,-0.10116
0.83319,-0.026969,-0.10076
0.83795,-0.0275,-0.10187
0.84236,-0.027211,-0.10248
0.84747,-0.027111,-0.10311
0.85324,-0.02789,-0.10405
0.85915,-0.028946,-0.1061
0.86411,-0.029777,-0.1067
0.8682,-0.031387,-0.10828
0.86956,-0.038286,-0.10882
0.871,-0.048192,-0.10948
0.8716,-0.051579,-0.11095
0.87224,-0.055479,-0.11291
0.87352,-0.055265,-0.11492
0.87507,-0.055361,-0.11716
0.87689,-0.052461,-0.11903
0.87786,-0.051143,-0.11934
0.87821,-0.05049,-0.11896
0.87911,-0.048831,-0.11996
0.88096,-0.046288,-0.12051
0.88285,-0.043205,-0.12267
0.88517,-0.039832,-0.12408
0.88813,-0.036362,-0.12544
0.89088,-0.034663,-0.12682
0.89412,-0.032751,-0.12816
0.89721,-0.029884,-0.12971
0.89956,-0.027576,-0.1309
0.90247,-0.025951,-0.13406
0.90652,-0.023583,-0.13967
0.9104,-0.022123,-0.14453
0.91484,-0.021015,-0.14849
0.91972,-0.020516,-0.1503
0.92468,-0.019261,-0.15131
0.92929,-0.018283,-0.15231
0.93293,-0.01773,-0.1518
0.93596,-0.017621,-0.15081
0.93881,-0.018188,-0.15149
0.94223,-0.019535,-0.15032
0.94605,-0.019496,-0.14964
0.95006,-0.01882,-0.14836
0.95309,-0.019523,-0.14766
0.95552,-0.021314,-0.14488
0.9579,-0.02214,-0.14298
0.9597,-0.022688,-0.14142
0.96158,-0.02153,-0.14082
0.96277,-0.020567,-0.13874
0.96376,-0.019743,-0.13597
0.96371,-0.018938,-0.13357
0.9636,-0.019377,-0.12973
0.96271,-0.019399,-0.12597
0.96067,-0.020635,-0.12189
0.95802,-0.021358,-0.11804
0.95515,-0.020862,-0.11574
0.95324,-0.020904,-0.11412
0.95041,-0.021456,-0.11313
0.94737,-0.021753,-0.11431
0.94431,-0.022943,-0.11562
0.94112,-0.023443,-0.11673
0.93831,-0.02512,-0.1177
0.93409,-0.024379,-0.1191
0.92956,-0.024346,-0.11943
0.92508,-0.02431,-0.1202
0.9204,-0.022751,-0.12059
0.9159,-0.021458,-0.12119
0.91019,-0.01996,-0.12133
0.90465,-0.018722,-0.12165
0.8977,-0.018242,-0.12182
0.89082,-0.019137,-0.12112
0.8833,-0.01969,-0.12099
0.87521,-0.019335,-0.12218
0.86776,-0.019279,-0.12205
0.86089,-0.018501,-0.12304
0.85418,-0.018753,-0.12299
0.84699,-0.01946,-0.12369
0.84048,-0.017855,-0.1287
0.83539,-0.015817,-0.13236
0.83124,-0.014326,-0.1355
0.82667,-0.013952,-0.13895
0.82106,-0.013085,-0.1415
0.81599,-0.013704,-0.14381
0.81231,-0.014198,-0.14766
0.80707,-0.013554,-0.15231
0.80165,-0.013344,-0.15526
0.79845,-0.013608,-0.15749
0.79484,-0.012393,-0.16035
0.7912,-0.011532,-0.16363
0.78686,-0.0098962,-0.16721
0.78189,-0.0085117,-0.17409
0.77808,-0.0070355,-0.17999
0.77447,-0.0067442,-0.18655
0.77056,-0.005482,-0.19366
0.76659,-0.0061045,-0.20008
0.76301,-0.0070206,-0.20579
0.76036,-0.0083137,-0.21194
0.75656,-0.0089853,-0.21697
0.75195,-0.0089631,-0.22163
0.74665,-0.0092463,-0.22394
0.7419,-0.0081688,-0.22519
0.7363,-0.0068099,-0.22782
0.73131,-0.005179,-0.2298
0.72711,-0.0032062,-0.23142
0.72327,-0.0015564,-0.23309
0.71877,-0.0001281,-0.23371
0.71399,4.7177e-05,-0.23181
0.70949,0.0016265,-0.23069
0.70538,0.002038,-0.22891
0.70202,0.0029779,-0.22807
0.6983,0.0043182,-0.22752
0.69516,0.0054363,-0.22686
0.69176,0.0072455,-0.22546
0.68876,0.01006,-0.22455
0.68562,0.012305,-0.22239
0.68308,0.014508,-0.21967
0.6814,0.016321,-0.21671
0.67814,0.017828,-0.21272
0.67333,0.019407,-0.20799
0.6677,0.021632,-0.20172
0.66302,0.023259,-0.1947
0.65924,0.02461,-0.18823
0.65667,0.025431,-0.1835
0.65505,0.025754,-0.17911
0.65381,0.025763,-0.17493
0.65238,0.026735,-0.16896
0.65006,0.026969,-0.16179
0.6479,0.027097,-0.15374
0.64688,0.026234,-0.14419
0.64583,0.024741,-0.13299
0.64477,0.024356,-0.12298
0.64471,0.023495,-0.11169
0.64465,0.021555,-0.099985
0.64589,0.019392,-0.08825
0.64758,0.016601,-0.077166
0.64921,0.014635,-0.068966
0.6505,0.01231,-0.063026
0.65142,0.010309,-0.058498
0.65219,0.0085193,-0.054733
0.65234,0.0060035,-0.052569
0.65348,0.0045611,-0.05205
0.65464,0.0028493,-0.052635
0.65549,0.0015384,-0.057291
0.65488,0.00014983,-0.061959
0.65418,0.00014869,-0.067345
0.65365,-0.00010181,-0.073211
0.65243,-0.00010143,-0.079998
0.65131,-0.00026025,-0.087493
0.65074,-0.00011896,-0.09582
0.64995,-0.00063369,-0.10477
0.65086,-0.001153,-0.11341
0.65213,-0.0013553,-0.12187
0.65301,-0.0019481,-0.12875
0.65295,-0.0017163,-0.13529
0.65373,-0.0029281,-0.14184
0.65362,-0.0031852,-0.14781
0.65308,-0.004125,-0.152
0.65328,-0.004835,-0.15717
0.65476,-0.00526,-0.16264
0.65724,-0.0064427,-0.16798
0.65993,-0.0079534,-0.1726
0.66306,-0.0095262,-0.17831
0.66783,-0.010276,-0.1845
0.67407,-0.010618,-0.19095
0.67965,-0.010773,-0.19898
0.68472,-0.009878,-0.20745
0.68887,-0.0099747,-0.21639
0.69276,-0.010177,-0.22331
0.69659,-0.0095655,-0.2286
0.70014,-0.0096452,-0.23236
0.70344,-0.011339,-0.23431
0.70596,-0.012072,-0.23639
0.70822,-0.01422,-0.23847
0.71051,-0.015812,-0.2385
0.71185,-0.015191,-0.23824
0.71393,-0.015248,-0.23921
0.71543,-0.015554,-0.24118
0.71572,-0.016776,-0.24101
0.71591,-0.017299,-0.23943
0.71523,-0.017262,-0.23712
0.71308,-0.017431,-0.23366
0.71095,-0.018665,-0.22909
0.70896,-0.018727,-0.22375
0.70619,-0.018765,-0.21937
0.70183,-0.018142,-0.2143
0.69654,-0.018685,-0.20844
0.68866,-0.01857,-0.2022
0.6799,-0.018038,-0.19483
0.66971,-0.017111,-0.18757
0.65923,-0.016709,-0.17935
0.64933,-0.016345,-0.17031
0.63944,-0.016328,-0.16108
0.6302,-0.017055,-0.15076
0.62013,-0.018673,-0.14106
0.61249,-0.020236,-0.13249
0.60615,-0.021491,-0.124
0.60047,-0.023379,-0.11475
0.59556,-0.024527,-0.10449
0.58975,-0.025708,-0.093566
0.58508,-0.027996,-0.081357
0.58141,-0.029273,-0.070525
0.57699,-0.03005,-0.060799
0.57504,-0.029819,-0.050669
0.57143,-0.030129,-0.039277
0.56927,-0.029754,-0.02638
0.56758,-0.030003,-0.012563
0.56484,-0.029326,0.0028438
0.56396,-0.028093,0.021097
0.56061,-0.026371,0.039682
0.56034,-0.025749,0.058307
0.55746,-0.025142,0.075885
0.55684,-0.024701,0.095858
0.55604,-0.024635,0.11728
0.55221,-0.023628,0.13869
0.55171,-0.023792,0.16393
0.55017,-0.023786,0.19018
0.55227,-0.024609,0.21796
0.55418,-0.02551,0.24589
0.55338,-0.026266,0.2732
0.55369,-0.027377,0.30244
0.54982,-0.028076,0.3314
0.546,-0.0283,0.36105
0.54058,-0.028595,0.39086
0.53414,-0.028499,0.41912
0.52716,-0.028839,0.44883
0.51907,-0.028488,0.47862
0.5118,-0.028058,0.50868
0.50455,-0.026799,0.53731
0.49831,-0.026185,0.5656
0.49189,-0.025148,0.59351
0.48587,-0.024477,0.62076
0.47946,-0.023923,0.64867
0.47138,-0.023222,0.67632
0.46295,-0.021495,0.70313
0.4544,-0.019614,0.72992
0.44652,-0.018236,0.75583
0.43966,-0.017172,0.77999
0.43414,-0.015965,0.80212
0.43019,-0.01584,0.8238
0.42783,-0.015831,0.8452
0.42654,-0.015536,0.86606
0.42522,-0.015274,0.88724
0.42313,-0.01518,0.9071
0.42205,-0.014996,0.92595
0.42227,-0.014805,0.94413
0.4229,-0.014578,0.9629
0.42275,-0.014735,0.97999
0.42297,-0.0154,0.99586
0.42389,-0.015651,1.011
0.42419,-0.016017,1.0246
0.42545,-0.015715,1.0369
0.42698,-0.014584,1.0477
0.42775,-0.012792,1.0571
0.4299,-0.010737,1.0703
0.42823,-0.0089251,1.0705
0.42822,-0.0069573,1.0757
0.42759,-0.0052327,1.0808
0.42603,-0.0038596,1.085
0.42516,-0.0031337,1.088
0.42356,-0.0028979,1.0897
0.42089,-0.0023048,1.0902
0.41845,-0.0015172,1.0918
0.41653,-0.00091217,1.0944
0.41395,0.00028018,1.0959
0.41006,0.0018967,1.0949
0.40528,0.0030547,1.0933
0.40063,0.0043243,1.0904
0.3959,0.0046879,1.0881
0.39071,0.0055563,1.0855
0.3849,0.0050864,1.0805
0.37855,0.0052078,1.0764
0.37284,0.0046425,1.0721
0.36719,0.0046667,1.0683
0.36087,0.0052815,1.0604
0.35481,0.0054907,1.0524
0.34832,0.0056871,1.0459
0.34167,0.0056501,1.0407
0.33523,0.0048392,1.0343
0.32826,0.0045419,1.0273
0.32128,0.0037335,1.0193
0.31342,0.0023568,1.0099
0.30602,0.0011372,0.99978
0.29865,-0.0010802,0.9889
0.29148,-0.0025064,0.97754
0.28426,-0.0042942,0.96591
0.27781,-0.0051325,0.9545
0.27152,-0.0063821,0.94271
0.26514,-0.0071656,0.9302
0.2592,-0.0080326,0.91813
0.25373,-0.0092677,0.90669
0.2479,-0.010408,0.89615
0.24251,-0.01193,0.88783
0.2366,-0.013215,0.88044
0.23011,-0.013912,0.87417
0.22336,-0.014474,0.86844
0.21398,-0.014256,0.86092
0.20469,-0.014285,0.85466
0.19461,-0.014491,0.84908
0.18292,-0.014634,0.8417
0.17129,-0.014907,0.83242
0.15755,-0.015193,0.82091
0.14452,-0.015122,0.81157
0.12993,-0.014887,0.79855
0.1126,-0.013986,0.78551
0.096374,-0.012215,0.77392
0.076038,-0.010846,0.75599
0.058872,-0.0094073,0.73761
0.041261,-0.0089026,0.71418
0.020888,-0.0083743,0.68618
0.003343,-0.0078974,0.6598
-0.017413,-0.0069924,0.62895
-0.034718,-0.0052995,0.5978
-0.051345,-0.0032064,0.56345
-0.071227,-0.00070145,0.52739
-0.087719,0.0025376,0.50016
-0.10842,0.0055385,0.47505
-0.12402,0.0069204,0.45603
-0.13878,0.0084039,0.43769
-0.15646,0.010234,0.41603
-0.16957,0.012711,0.39318
-0.18557,0.015488,0.36851
-0.1975,0.018548,0.34651
-0.21164,0.020997,0.32141
-0.22313,0.023164,0.30014
-0.23428,0.025346,0.27832
-0.24643,0.027263,0.25416
-0.25661,0.029133,0.23368
-0.26756,0.032635,0.21367
-0.27952,0.035077,0.19737
-0.29199,0.037431,0.1808
-0.30472,0.040004,0.166
-0.31902,0.042062,0.1525
-0.33313,0.043453,0.14204
-0.34777,0.045198,0.13313
-0.36299,0.047035,0.12445
-0.37884,0.048795,0.11444
-0.39537,0.050158,0.10056
-0.41175,0.05075,0.087607
-0.4282,0.04997,0.073974
-0.44522,0.049423,0.060875
-0.46185,0.048951,0.050053
-0.47847,0.048943,0.039663
-0.49586,0.048794,0.029843
-0.51449,0.048446,0.020483
-0.53298,0.046882,0.010917
-0.55092,0.045427,0.0031739
-0.56873,0.043933,-0.0030236
-0.58705,0.04305,-0.007304
-0.60517,0.042186,-0.0095142
-0.62294,0.041186,-0.01023
-0.64082,0.040866,-0.0099459
-0.65835,0.039419,-0.0087587
-0.67534,0.037573,-0.005909
-0.69344,0.035678,-0.0026897
-0.71125,0.03498,0.0017704
-0.72765,0.033789,0.006863
-0.74376,0.032342,0.014036
-0.75913,0.032023,0.020389
-0.77319,0.032345,0.027111
-0.7857,0.032629,0.033567
-0.79795,0.033289,0.041577
-0.8086,0.033278,0.050089
-0.81866,0.033824,0.059686
-0.8282,0.034387,0.066925
-0.83567,0.034555,0.072352
-0.84182,0.0356,0.076264
-0.84812,0.036718,0.081461
-0.85425,0.037343,0.085714
-0.86048,0.037232,0.090505
-0.86513,0.036558,0.094036
-0.86991,0.036046,0.098576
-0.87451,0.03609,0.10439
-0.8788,0.036019,0.11093
-0.88263,0.035922,0.11679
-0.88615,0.035738,0.11973
-0.89072,0.03574,0.12375
-0.89456,0.035405,0.1268
-0.89815,0.035613,0.12755
-0.90128,0.035793,0.12772
-0.90393,0.035663,0.12934
-0.90641,0.035694,0.13067
-0.90707,0.035015,0.12984
-0.90998,0.035054,0.12957
-0.90736,0.034509,0.13129
-0.90712,0.034115,0.1317
-0.90629,0.033327,0.13365
-0.90494,0.031894,0.13564
-0.90473,0.031113,0.13753
-0.90446,0.030533,0.14012
-0.90473,0.02945,0.14129
-0.90453,0.028993,0.14071
-0.90414,0.02823,0.14131
-0.90533,0.026914,0.14159
-0.90463,0.02581,0.13951
-0.90437,0.022872,0.1381
-0.90477,0.020604,0.13534
-0.90643,0.019422,0.13318
-0.9082,0.018889,0.13299
-0.90965,0.018439,0.13349
-0.91153,0.017678,0.13321
-0.91288,0.016861,0.13263
-0.91547,0.015856,0.13347
-0.91736,0.015194,0.13513
-0.91888,0.013866,0.13461
-0.91949,0.012444,0.13483
-0.92058,0.010425,0.13693
-0.9254,0.0090977,0.13904
-0.9311,0.0080612,0.14069
-0.93531,0.0073271,0.14147
-0.93816,0.0062441,0.14216
-0.94158,0.0046731,0.14024
-0.94629,0.0033528,0.13955
-0.94839,0.0014204,0.13637
-0.95166,-0.00021885,0.13404
-0.95495,-0.0017961,0.12901
-0.95717,-0.0038912,0.12464
-0.96052,-0.005336,0.12131
-0.96314,-0.0070488,0.11813
-0.96596,-0.0078554,0.11481
-0.96905,-0.0084492,0.11117
-0.9725,-0.0091841,0.11019
-0.97629,-0.010182,0.10917
-0.98211,-0.01101,0.10991
-0.98309,-0.010837,0.10925
-0.9849,-0.011225,0.10756
-0.98681,-0.010913,0.10445
-0.989,-0.0093779,0.10209
-0.99004,-0.0079859,0.097852
-0.98982,-0.0067307,0.094597
-0.98899,-0.0061369,0.091711
-0.98945,-0.0059775,0.090323
-0.98927,-0.0056803,0.089034
-0.98886,-0.005023,0.087754
-0.98798,-0.0051585,0.08695
-0.98698,-0.0062041,0.08642
-0.98698,-0.0072839,0.085024
-0.98629,-0.0084623,0.083243
-0.98535,-0.009491,0.082331
-0.98554,-0.011093,0.081943
-0.98648,-0.012346,0.082103
-0.98827,-0.012973,0.082387
-0.98904,-0.012935,0.083331
-0.98964,-0.013818,0.084892
-0.99065,-0.014312,0.086077
-0.99211,-0.015463,0.089035
-0.99485,-0.016885,0.092078
-0.99596,-0.018138,0.09205
-0.99517,-0.018739,0.091293
-0.99441,-0.019487,0.091098
-0.99391,-0.020403,0.089964
-0.99314,-0.021604,0.08857
-0.99208,-0.022203,0.086372
-0.9905,-0.023169,0.084495
-0.98896,-0.024202,0.082998
-0.98873,-0.024856,0.083337
-0.98845,-0.025194,0.084092
-0.98787,-0.024612,0.085463
-0.98696,-0.0234,0.086117
-0.98618,-0.022258,0.088175
-0.98738,-0.02021,0.090016
-0.9878,-0.018807,0.092906
-0.98906,-0.017468,0.096039
-0.98624,-0.017347,0.097834
-0.98572,-0.017845,0.10016
-0.98684,-0.018158,0.1029
-0.98961,-0.017733,0.10479
-0.99229,-0.018414,0.10755
-0.99456,-0.01894,0.10853
-0.99526,-0.01938,0.1098
-0.99524,-0.019677,0.11047
-0.99587,-0.019244,0.11205
-0.99638,-0.017826,0.11269
-0.99702,-0.016706,0.11382
-0.99738,-0.016577,0.11408
-0.99577,-0.016513,0.11241
-0.99465,-0.016292,0.11037
-0.99415,-0.016635,0.10829
-0.9937,-0.016973,0.10601
-0.99337,-0.016519,0.10255
-0.99262,-0.015503,0.099892
-0.9925,-0.014339,0.09915
-0.9931,-0.012807,0.097973
-0.99301,-0.010694,0.096402
-0.9921,-0.0091203,0.094573
-0.99092,-0.0076186,0.092077
-0.99055,-0.0059222,0.089661
-0.99082,-0.0041409,0.086081
-0.99185,-0.0024216,0.083373
-0.99369,-0.0010159,0.081407
-0.99551,0.00064136,0.079963
-0.99679,0.0017948,0.07859
-0.99831,0.0039313,0.077345
-1,0.0060743,0.075999
-1.0025,0.0078967,0.076371
-1.0045,0.0085117,0.075951
-1.0062,0.0086298,0.076003
-1.0074,0.0089005,0.075593
-1.0085,0.0080641,0.076384
-1.0087,0.0072692,0.075128
-1.0086,0.0067856,0.073416
-1.0083,0.0050715,0.070629
-1.0073,0.0029571,0.068637
-1.0067,0.001725,0.067452
-1.0065,0.00028818,0.066444
-1.0059,-0.001302,0.064165
-1.0055,-0.0024644,0.062302
-1.0057,-0.002952,0.058162
-1.0059,-0.0041347,0.053696
-1.0043,-0.0055351,0.04917
-1.0035,-0.0061603,0.044406
-1.004,-0.0059199,0.042558
-1.0051,-0.0047132,0.04203
-1.006,-0.0033743,0.040071
-1.0067,-0.0024157,0.038288
-1.0075,-0.0018006,0.036313
-1.0069,-0.0012302,0.034077
-1.0045,-0.0014477,0.032056
-1.0025,-0.0013709,0.030819
-1.0008,-0.00032706,0.030989
-0.99932,0.00075757,0.031266
-0.99613,0.0023892,0.030155
-0.99321,0.003125,0.029276
-0.98895,0.003982,0.028313
-0.98358,0.0039595,0.027493
-0.97829,0.004258,0.026635
-0.97354,0.005236,0.024622
-0.96988,0.0053289,0.023752
-0.96713,0.0061402,0.024918
-0.96367,0.0074556,0.026773
-0.95849,0.007298,0.028154
-0.95157,0.0071283,0.027881
-0.94288,0.0074373,0.028125
-0.93466,0.0079407,0.028285
-0.92687,0.0075688,0.030067
-0.9186,0.0075096,0.03214
-0.91056,0.0072966,0.033903
-0.90286,0.0071008,0.036032
-0.89611,0.0073951,0.0378
-0.88925,0.007385,0.039689
-0.8834,0.0077098,0.043399
-0.87745,0.0080334,0.047714
-0.87129,0.0080132,0.052266
-0.86553,0.00804,0.056686
-0.85876,0.0086224,0.061302
-0.85261,0.0088917,0.064541
-0.84573,0.0090191,0.06736
-0.83906,0.009748,0.070082
-0.83306,0.010584,0.072846
-0.82644,0.012188,0.075141
-0.81866,0.014208,0.076944
-0.80978,0.016532,0.079814
-0.80133,0.018752,0.083004
-0.79262,0.021716,0.085833
-0.78301,0.023702,0.088764
-0.77262,0.026304,0.089608
-0.76265,0.029354,0.091452
-0.75274,0.032258,0.094087
-0.74226,0.034881,0.096389
-0.73234,0.037224,0.1001
-0.72234,0.039471,0.10396
-0.71227,0.041099,0.10913
-0.70104,0.041742,0.11392
-0.69065,0.042519,0.11961
-0.68083,0.044216,0.12623
-0.67048,0.045871,0.13343
-0.65998,0.046192,0.13995
-0.64865,0.045626,0.14485
-0.63734,0.044005,0.14961
-0.62436,0.042421,0.15325
-0.61032,0.040769,0.15677
-0.59537,0.039476,0.15975
-0.58087,0.038103,0.16423
-0.5681,0.037171,0.16908
-0.5587,0.0356,0.17594
-0.54791,0.034338,0.18219
-0.53839,0.033044,0.1893
-0.52819,0.032494,0.19697
-0.5174,0.031566,0.20667
-0.50705,0.029716,0.21734
-0.49646,0.029485,0.22719
-0.4857,0.028323,0.24002
-0.47498,0.027551,0.25145
-0.46525,0.025945,0.26583
-0.45576,0.024849,0.27901
-0.44613,0.023999,0.29552
-0.43643,0.023043,0.31275
-0.42693,0.021729,0.3295
-0.41688,0.019801,0.34677
-0.40537,0.017488,0.36299
-0.39278,0.014688,0.38253
-0.37966,0.011984,0.40206
-0.36719,0.0089263,0.42719
-0.35606,0.0061729,0.45198
-0.34555,0.0044907,0.47756
-0.33415,0.002449,0.50791
-0.3216,-0.00081917,0.54049
-0.30778,-0.0039397,0.56922
-0.29264,-0.007194,0.59626
-0.27693,-0.009859,0.62516
-0.26115,-0.011737,0.65283
-0.24497,-0.013536,0.67835
-0.22981,-0.015214,0.70325
-0.21448,-0.01688,0.72955
-0.19825,-0.019184,0.75679
-0.18282,-0.021722,0.78275
-0.16807,-0.023493,0.80692
-0.15394,-0.024979,0.82952
-0.14135,-0.026687,0.85126
-0.12963,-0.02808,0.87273
-0.11906,-0.029204,0.8918
-0.11041,-0.02972,0.91087
-0.10324,-0.029782,0.92969
-0.09654,-0.029826,0.94872
-0.0901,-0.029009,0.96759
-0.083494,-0.027777,0.98728
-0.077271,-0.02671,1.0063
-0.071641,-0.025889,1.0241
-0.066416,-0.024693,1.0416
-0.061576,-0.024556,1.0577
-0.056713,-0.023433,1.073
-0.051396,-0.022389,1.0872
-0.046594,-0.021644,1.0987
-0.041856,-0.021229,1.109
-0.038343,-0.020532,1.1183
-0.035072,-0.020056,1.1262
-0.031818,-0.019129,1.1322
-0.029941,-0.018455,1.137
-0.028427,-0.018219,1.1421
-0.02669,-0.018641,1.1466
-0.025534,-0.019598,1.1514
-0.024998,-0.020082,1.156
-0.02493,-0.020604,1.1595
-0.025086,-0.020482,1.1601
-0.02519,-0.019924,1.1594
-0.025194,-0.01994,1.1593
-0.025033,-0.019928,1.1589
-0.024772,-0.019397,1.1595
-0.025495,-0.018355,1.1601
-0.026704,-0.017204,1.1587
-0.027683,-0.016365,1.1553
-0.028403,-0.014785,1.1505
-0.029451,-0.013449,1.1451
-0.030944,-0.012609,1.1367
-0.032007,-0.012549,1.1289
-0.032921,-0.011274,1.1203
-0.032812,-0.010535,1.1092
-0.032894,-0.009908,1.097
-0.032985,-0.0092322,1.0829
-0.033613,-0.0090063,1.0681
-0.034123,-0.0084243,1.0525
-0.03441,-0.0075082,1.0358
-0.035169,-0.0064067,1.0179
-0.035896,-0.0051536,0.99805
-0.03708,-0.0039962,0.9777
-0.037727,-0.0031537,0.95789
-0.038096,-0.0029687,0.93788
-0.038449,-0.0025849,0.91939
-0.037842,-0.0022457,0.90314
-0.036915,-0.0010658,0.88849
-0.035567,-0.0012427,0.87709
-0.033186,-0.0021405,0.86753
-0.029826,-0.0030501,0.85638
-0.025516,-0.0030848,0.84249
-0.020713,-0.0029609,0.82782
-0.015101,-0.0026856,0.81293
-0.0077238,-0.002011,0.79655
0.0013199,-0.0019958,0.78139
0.011618,-0.0012815,0.76407
0.022458,-0.001176,0.75174
0.034831,-0.0020527,0.74304
0.048139,-0.0032565,0.73709
0.062112,-0.0029635,0.72746
0.075553,-0.0028317,0.71608
0.089491,-0.0027135,0.70195
0.10355,-0.003206,0.68874
0.11822,-0.0036891,0.67419
0.13275,-0.0049065,0.65555
0.14869,-0.0063065,0.63869
0.16481,-0.0076053,0.61608
0.17953,-0.0083487,0.59827
0.19393,-0.011031,0.57708
0.21075,-0.013444,0.55103
0.22933,-0.014571,0.52073
0.24911,-0.015038,0.48997
0.26941,-0.016331,0.46131
0.28686,-0.019271,0.43422
0.30378,-0.022027,0.4096
0.32228,-0.024192,0.38445
0.33813,-0.026292,0.36018
0.35614,-0.027421,0.33579
0.37407,-0.027991,0.30928
0.39228,-0.027851,0.28387
0.4109,-0.028188,0.25864
0.43017,-0.028965,0.23309
0.44935,-0.029701,0.20598
0.46794,-0.030602,0.17747
0.48746,-0.031652,0.15279
0.50749,-0.032559,0.12861
0.5274,-0.033143,0.10265
0.54774,-0.033318,0.076011
0.56851,-0.033369,0.052674
0.58919,-0.033882,0.031472
0.60906,-0.03448,0.012916
0.62813,-0.035021,-0.0023759
0.64645,-0.034407,-0.016672
0.66409,-0.032954,-0.029376
0.68171,-0.031285,-0.040306
0.69865,-0.029395,-0.050084
0.71589,-0.029362,-0.05771
0.73239,-0.028426,-0.064703
0.74817,-0.028095,-0.070344
0.76334,-0.026312,-0.075023
0.77755,-0.025283,-0.079244
0.78901,-0.023947,-0.081381
0.79914,-0.022763,-0.082868
0.80839,-0.021138,-0.084364
0.81768,-0.020898,-0.08614
0.82644,-0.020814,-0.086948
0.83611,-0.019903,-0.087537
0.84426,-0.019111,-0.087475
0.85292,-0.017758,-0.086473
0.8618,-0.015567,-0.083808
0.86774,-0.014343,-0.080676
0.87394,-0.012943,-0.077723
0.87907,-0.011603,-0.075538
0.88413,-0.010076,-0.073859
0.8888,-0.0092723,-0.072305
0.89271,-0.0091107,-0.070121
0.89639,-0.0096311,-0.068343
0.89982,-0.0089503,-0.066879
0.90291,-0.0086031,-0.065237
0.90637,-0.0075104,-0.06382
0.90872,-0.0067989,-0.06032
0.91161,-0.0071168,-0.057548
0.91461,-0.0078243,-0.055117
0.91761,-0.0072745,-0.053494
0.92045,-0.0066673,-0.053925
0.92266,-0.0057203,-0.053914
0.92462,-0.0045969,-0.051442
0.92697,-0.0036461,-0.04951
0.92872,-0.0033777,-0.047477
0.92968,-0.0019663,-0.046321
0.93055,-0.0010533,-0.044722
0.93098,0.00052785,-0.043805
0.93161,0.0022835,-0.042798
0.93161,0.003202,-0.042012
0.93136,0.0034902,-0.04164
0.93093,0.004669,-0.042034
0.93076,0.005953,-0.043948
0.9297,0.0065953,-0.044985
0.92851,0.0075285,-0.046871
0.92801,0.0081217,-0.046627
0.92707,0.0091988,-0.047451
0.9259,0.010146,-0.048257
0.92498,0.012122,-0.048418
0.92382,0.013628,-0.049557
0.92354,0.014503,-0.05055
0.92163,0.015827,-0.053438
0.92014,0.017226,-0.056708
0.91846,0.017088,-0.059716
0.91679,0.017448,-0.059536
0.91533,0.017992,-0.061045
0.91502,0.019037,-0.063703
0.91242,0.018961,-0.064022
0.90917,0.018589,-0.064025
0.90473,0.019413,-0.064249
0.90184,0.019203,-0.063511
0.90055,0.017874,-0.060541
0.89856,0.017449,-0.057264
0.89576,0.017147,-0.054348
0.89269,0.018778,-0.052642
0.89023,0.020722,-0.051452
0.88681,0.022366,-0.048407
0.88472,0.023296,-0.045402
0.88263,0.024567,-0.043374
0.88106,0.025227,-0.043136
0.8804,0.025546,-0.042039
0.87889,0.025601,-0.043287
0.87641,0.026406,-0.045877
0.87476,0.026992,-0.048804
0.87216,0.02849,-0.051175
0.86901,0.028176,-0.051871
0.86605,0.028106,-0.051786
0.86352,0.028077,-0.052308
0.86123,0.028353,-0.05204
0.85997,0.029052,-0.051676
0.85883,0.029946,-0.052566
0.85742,0.031078,-0.05152
0.85586,0.03172,-0.050417
0.85361,0.032634,-0.049897
0.85242,0.03246,-0.050207
0.85086,0.032688,-0.051826
0.85043,0.032889,-0.052536
0.84971,0.031987,-0.052882
0.84867,0.029448,-0.054047
0.84721,0.027125,-0.05468
0.84684,0.024609,-0.055161
0.8481,0.022114,-0.055927
0.84997,0.020606,-0.057867
0.85299,0.019281,-0.060038
0.85646,0.017397,-0.064671
0.85987,0.016369,-0.068382
0.86474,0.015958,-0.072397
0.87057,0.017381,-0.077533
0.87704,0.018103,-0.081558
0.88326,0.018235,-0.086298
0.88938,0.018152,-0.092431
0.89557,0.017416,-0.097251
0.90228,0.015706,-0.10293
0.90996,0.013994,-0.10924
0.91859,0.01255,-0.11325
0.92816,0.011715,-0.11629
0.93767,0.011053,-0.12055
0.94764,0.010138,-0.1235
0.95864,0.010512,-0.12677
0.96904,0.011794,-0.12893
0.98124,0.012617,-0.1316
0.99134,0.012314,-0.13394
1.0031,0.013269,-0.13639
1.0159,0.014259,-0.13942
1.0275,0.014368,-0.13979
1.0384,0.014911,-0.13958
1.0487,0.017052,-0.13961
1.0593,0.019588,-0.13961
1.0708,0.020043,-0.13943
1.0815,0.020829,-0.13858
1.0918,0.02131,-0.13505
1.1037,0.021093,-0.132
1.115,0.020745,-0.12829
1.1253,0.019426,-0.12364
1.1344,0.018676,-0.11959
1.1431,0.017506,-0.11454
1.1512,0.016197,-0.10942
1.1588,0.016361,-0.10646
1.1652,0.016439,-0.10297
1.1706,0.017468,-0.097835
1.175,0.017385,-0.091969
1.1781,0.017275,-0.087378
1.1818,0.016894,-0.083842
1.1845,0.014522,-0.07945
1.1858,0.013454,-0.074855
1.1882,0.012534,-0.070959
1.1898,0.011671,-0.068062
1.1907,0.011237,-0.066234
1.1914,0.010575,-0.064758
1.192,0.0092073,-0.060697
1.193,0.0077238,-0.056578
1.1939,0.0075246,-0.052363
1.1949,0.0080338,-0.04994
1.1941,0.0097954,-0.047913
1.1932,0.010364,-0.044759
1.192,0.012098,-0.042706
1.1908,0.012995,-0.040349
1.1879,0.014176,-0.038975
1.1853,0.013897,-0.035722
1.1821,0.013161,-0.032093
1.1782,0.012999,-0.030561
1.1755,0.012213,-0.029801
1.1737,0.011509,-0.028392
1.1709,0.011708,-0.025776
1.168,0.011586,-0.025199
1.1628,0.011926,-0.024432
1.1587,0.011428,-0.024585
1.1552,0.010884,-0.024828
1.1506,0.010077,-0.025109
1.1465,0.010336,-0.026147
1.1426,0.010375,-0.029532
1.1396,0.010037,-0.032074
1.1371,0.010075,-0.034291
1.1345,0.010131,-0.037315
1.1326,0.010763,-0.042933
1.1304,0.012641,-0.049066
1.1277,0.014868,-0.054452
1.1248,0.016675,-0.06079
1.1216,0.01905,-0.070557
1.1189,0.021098,-0.078064
1.1167,0.023197,-0.086828
1.1154,0.024715,-0.094296
1.1108,0.025991,-0.1023
1.1089,0.028294,-0.11114
1.1074,0.029682,-0.1208
1.1052,0.032291,-0.1335
1.1031,0.032439,-0.14542
1.1012,0.033035,-0.15713
1.0993,0.032515,-0.16748
1.0971,0.032366,-0.17901
1.0952,0.032,-0.18829
1.0927,0.030391,-0.19471
1.0906,0.029636,-0.20094
1.0877,0.02872,-0.20571
1.084,0.027738,-0.20916
1.0817,0.027084,-0.21375
1.0794,0.026409,-0.21692
1.0776,0.026681,-0.21933
1.0756,0.027175,-0.22006
1.0728,0.027332,-0.21783
1.0695,0.025745,-0.21354
1.0652,0.02498,-0.20713
1.0611,0.023157,-0.19838
1.0575,0.022603,-0.19063
1.0538,0.021556,-0.1842
1.0502,0.020746,-0.1768
1.0449,0.018664,-0.16955
1.0386,0.016218,-0.16118
1.0303,0.013504,-0.15476
1.0226,0.011931,-0.14963
1.0141,0.010803,-0.14388
1.0039,0.0098489,-0.13792
0.99303,0.009221,-0.1345
0.98218,0.0093965,-0.13107
0.97194,0.0090189,-0.1276
0.96336,0.0083874,-0.12538
0.95585,0.0078006,-0.12425
0.94966,0.0053902,-0.1215
0.94352,0.0026654,-0.11852
0.93889,0.00063511,-0.11627
0.93453,-0.00031333,-0.11542
0.9307,-0.00012319,-0.11683
0.92703,0.00047508,-0.12027
0.92203,0.0019787,-0.12355
0.91639,0.0046502,-0.12573
0.91073,0.0062821,-0.12718
0.90483,0.0079268,-0.12738
0.89877,0.0083438,-0.12581
0.89393,0.0090471,-0.1251
0.88988,0.0098429,-0.12497
0.88412,0.011001,-0.12386
0.87889,0.011662,-0.1229
0.87382,0.011482,-0.12315
0.86955,0.010276,-0.12133
0.86559,0.010096,-0.11842
0.86211,0.010343,-0.11622
0.8596,0.0099626,-0.11607
0.85575,0.010734,-0.11651
0.85153,0.01072,-0.1163
0.84589,0.0088742,-0.11457
0.83844,0.0067206,-0.11157
0.83003,0.0057969,-0.10846
0.82015,0.005359,-0.1062
0.80956,0.005462,-0.10462
0.79807,0.0068878,-0.10443
0.78539,0.0083317,-0.10262
0.77112,0.010828,-0.10255
0.75617,0.012078,-0.1011
0.74017,0.012806,-0.099168
0.72358,0.012126,-0.095613
0.7067,0.011489,-0.091766
0.69041,0.010224,-0.088338
0.67592,0.0087141,-0.085768
0.6618,0.0073083,-0.082973
0.64784,0.0063233,-0.081257
0.63488,0.0050566,-0.079497
0.62363,0.0035019,-0.080206
0.61066,0.0025158,-0.080314
0.59814,0.0021437,-0.080921
0.58501,0.0013694,-0.081246
0.57044,0.0013303,-0.082599
0.55427,0.0013324,-0.083384
0.53782,0.0016643,-0.083979
0.52352,0.0014439,-0.084934
0.51055,0.001255,-0.086528
0.49807,0.0015297,-0.087227
0.48693,0.001624,-0.086431
0.47711,0.0024469,-0.08727
0.46847,0.0022684,-0.088354
0.46066,0.0023629,-0.091349
0.45458,0.0019138,-0.093819
0.44898,0.0016833,-0.096408
0.44426,0.0016759,-0.099762
0.44008,0.0012511,-0.10402
0.43622,0.0012211,-0.10774
0.43287,0.0010906,-0.11165
0.43116,0.00094405,-0.11546
0.42926,0.00082427,-0.11985
0.42816,-0.00024283,-0.12551
0.4276,-0.00085081,-0.13092
0.42701,-0.00085189,-0.13796
0.42757,-0.00040256,-0.14402
0.42927,0.00064389,-0.1526
0.43263,0.0011257,-0.16197
0.43426,0.0020311,-0.17318
0.43736,0.0030934,-0.18239
0.43939,0.0041625,-0.19278
0.43834,0.0049286,-0.2035
0.43866,0.0062495,-0.21383
0.4364,0.0088396,-0.22616
0.43644,0.010226,-0.23874
0.43528,0.0105,-0.25406
0.43382,0.01111,-0.26784
0.43164,0.012116,-0.28329
0.42725,0.013838,-0.30309
0.42375,0.014964,-0.32213
0.41765,0.015738,-0.34355
0.41156,0.016262,-0.3632
0.40341,0.016597,-0.38484
0.39652,0.017752,-0.40533
0.38955,0.018711,-0.42575
0.38094,0.018333,-0.44651
0.37369,0.018277,-0.46569
0.36522,0.017568,-0.48504
0.3568,0.018345,-0.50238
0.34545,0.020041,-0.52244
0.33368,0.022307,-0.54245
0.32108,0.024702,-0.56251
0.30571,0.026572,-0.58212
0.29047,0.028802,-0.59956
0.27073,0.031349,-0.61714
0.25148,0.033286,-0.63027
0.23244,0.034875,-0.64125
0.21077,0.035923,-0.65366
0.18912,0.037777,-0.66565
0.16588,0.039416,-0.68089
0.14258,0.04015,-0.69644
0.11745,0.040983,-0.71363
0.092263,0.042381,-0.72952
0.067616,0.044465,-0.74542
0.042313,0.0462,-0.76011
0.018843,0.047277,-0.7731
-0.0041894,0.049646,-0.78534
-0.025515,0.050844,-0.79613
-0.047469,0.052053,-0.80644
-0.068406,0.053236,-0.8154
-0.089808,0.05499,-0.82391
-0.11112,0.057558,-0.83463
-0.13355,0.060608,-0.84739
-0.15469,0.063369,-0.85926
-0.1732,0.065907,-0.87049
-0.19142,0.068026,-0.88031
-0.20804,0.06844,-0.88852
-0.22333,0.069717,-0.89523
-0.23734,0.070187,-0.90128
-0.24939,0.069722,-0.90704
-0.26036,0.069323,-0.91381
-0.27011,0.06836,-0.92084
-0.27948,0.067713,-0.92916
-0.28624,0.066881,-0.93238
-0.29336,0.064703,-0.93753
-0.2992,0.063707,-0.94298
-0.30366,0.063303,-0.94876
-0.3074,0.061897,-0.95577
-0.30963,0.062211,-0.96014
-0.31073,0.062731,-0.96466
-0.31073,0.062089,-0.9678
-0.31012,0.061658,-0.97151
-0.3086,0.060776,-0.97437
-0.3053,0.060182,-0.97739
-0.30179,0.060677,-0.97921
-0.29712,0.060316,-0.97849
-0.29283,0.060362,-0.97645
-0.28799,0.059643,-0.97404
-0.28347,0.059568,-0.97183
-0.27854,0.05906,-0.96617
-0.27332,0.058643,-0.96014
-0.26799,0.057484,-0.95333
-0.26362,0.056047,-0.94688
-0.25963,0.055286,-0.93989
-0.25618,0.054916,-0.93495
-0.2531,0.054454,-0.92863
-0.24987,0.054261,-0.91969
-0.24703,0.054225,-0.91087
-0.2452,0.055266,-0.90165
-0.24467,0.056657,-0.89337
-0.24486,0.057926,-0.88497
-0.24686,0.058131,-0.87545
-0.24967,0.058299,-0.86567
-0.2536,0.057774,-0.8531
-0.25751,0.057686,-0.83997
-0.26207,0.057346,-0.82538
-0.26631,0.056775,-0.80896
-0.2727,0.055692,-0.79087
-0.27872,0.054748,-0.76737
-0.28924,0.054277,-0.74569
-0.29769,0.053374,-0.72223
-0.30976,0.052516,-0.69693
-0.31977,0.051056,-0.66701
-0.33389,0.049538,-0.64017
-0.34427,0.046803,-0.60953
-0.35414,0.044396,-0.57922
-0.36753,0.043647,-0.54864
-0.37831,0.042185,-0.51447
-0.39141,0.040375,-0.47949
-0.40342,0.038851,-0.43559
-0.41857,0.038472,-0.39585
-0.43049,0.038571,-0.35271
-0.44376,0.03862,-0.31644
-0.45394,0.038757,-0.2855
-0.4648,0.038642,-0.25699
-0.47646,0.038326,-0.2306
-0.48651,0.039089,-0.20231
-0.49844,0.04097,-0.1744
-0.50814,0.042701,-0.14631
-0.51947,0.043935,-0.12118
-0.52805,0.044389,-0.097987
-0.53848,0.0449,-0.075289
-0.54909,0.045868,-0.056269
-0.5612,0.045993,-0.038262
-0.57114,0.045711,-0.021461
-0.58313,0.045447,-0.0063712
-0.59509,0.046138,0.0083503
-0.60668,0.046872,0.02176
-0.61851,0.048148,0.034465
-0.63094,0.04936,0.045579
-0.64442,0.049981,0.053558
-0.65794,0.051181,0.060566
-0.67127,0.052679,0.067795
-0.68466,0.054365,0.073637
-0.69686,0.055346,0.078759
-0.70925,0.056239,0.083493
-0.72082,0.057175,0.087961
-0.73201,0.057732,0.090937
-0.74201,0.058433,0.09135
-0.75252,0.059557,0.091477
-0.76317,0.060876,0.093473
-0.7736,0.061966,0.093943
-0.7841,0.062344,0.094794
-0.79456,0.062032,0.095426
-0.80521,0.062351,0.097408
-0.81538,0.063045,0.098107
-0.82609,0.06395,0.10151
-0.83634,0.064481,0.10583
-0.84666,0.065197,0.11045
-0.85639,0.065485,0.115
-0.86416,0.065519,0.11632
-0.8713,0.064745,0.11837
-0.87821,0.064526,0.11975
-0.88559,0.064193,0.12093
-0.89303,0.063868,0.12412
-0.89973,0.064307,0.12598
-0.90577,0.066034,0.12624
-0.91203,0.067072,0.12792
-0.91674,0.068209,0.13033
-0.92122,0.068794,0.13204
-0.92559,0.069423,0.13163
-0.92968,0.069884,0.13259
-0.93306,0.069378,0.13311
-0.93564,0.068661,0.13165
-0.93757,0.068283,0.13121
-0.93801,0.067562,0.13186
-0.93753,0.066456,0.13272
-0.93733,0.065806,0.13174
-0.93694,0.064848,0.13189
-0.93636,0.062782,0.13291
-0.93556,0.060149,0.13352
-0.93531,0.057001,0.13439
-0.93477,0.054288,0.13561
-0.93522,0.051184,0.13683
-0.93497,0.048468,0.13828
-0.93351,0.046788,0.13793
-0.93219,0.045337,0.13811
-0.9303,0.043732,0.13795
-0.92765,0.042224,0.13709
-0.92489,0.040428,0.13547
-0.92358,0.038757,0.13332
-0.9234,0.037941,0.13232
-0.92343,0.037218,0.13128
-0.9242,0.036521,0.13056
-0.92452,0.036071,0.13103
-0.92495,0.034758,0.13225
-0.92542,0.03395,0.13422
-0.92575,0.032502,0.13504
-0.92411,0.031791,0.13583
-0.92265,0.032102,0.13785
-0.92338,0.033901,0.13855
-0.9247,0.035148,0.13957
-0.92556,0.036377,0.13927
-0.92587,0.037381,0.13815
-0.92592,0.037929,0.13339
-0.92575,0.039139,0.13011
-0.92449,0.03991,0.12694
-0.92493,0.039728,0.12236
-0.92462,0.039117,0.11822
-0.92575,0.039076,0.11361
-0.92624,0.039172,0.11134
-0.92778,0.038853,0.10819
-0.93058,0.0381,0.10616
-0.93546,0.03759,0.10415
-0.93948,0.037124,0.10285
-0.94349,0.037004,0.10191
-0.94741,0.03723,0.1016
-0.95286,0.03757,0.1007
-0.95676,0.037408,0.098561
-0.95945,0.035758,0.096723
-0.96211,0.03417,0.094648
-0.96439,0.033523,0.093205
-0.96624,0.033743,0.092992
-0.96848,0.034633,0.09302
-0.96898,0.035026,0.090617
-0.96956,0.034747,0.089139
-0.97087,0.034048,0.087507
-0.97233,0.033458,0.084987
-0.97365,0.033882,0.081777
-0.97568,0.034068,0.078295
-0.97657,0.033701,0.076292
-0.9788,0.03329,0.075809
-0.98153,0.033066,0.074519
-0.98255,0.031933,0.074007
-0.9831,0.030806,0.072985
-0.98391,0.03028,0.074003
-0.98474,0.029685,0.074275
-0.9842,0.028952,0.072537
-0.98284,0.028999,0.072213
-0.98127,0.028241,0.070221
-0.97946,0.027496,0.069716
-0.97763,0.026972,0.069397
-0.97569,0.026431,0.068328
-0.9741,0.025888,0.066554
-0.97331,0.023935,0.068019
-0.97143,0.023346,0.070139
-0.96894,0.024263,0.073613
-0.9668,0.025125,0.07823
-0.96352,0.025594,0.08207
-0.95976,0.026489,0.086623
-0.95626,0.027766,0.089569
-0.95268,0.028326,0.091928
-0.94913,0.028316,0.093883
-0.94625,0.028268,0.096264
-0.94429,0.028072,0.099006
-0.94348,0.02825,0.10355
-0.94298,0.028117,0.10739
-0.94256,0.027673,0.11046
-0.94186,0.026779,0.11181
-0.94264,0.026365,0.11268
-0.94429,0.0267,0.11375
-0.94396,0.027577,0.11307
-0.94165,0.027636,0.10946
-0.94048,0.026775,0.10532
-0.94099,0.026183,0.10193
-0.94355,0.026439,0.098286
-0.94576,0.026428,0.094786
-0.94903,0.027488,0.093034
-0.95368,0.027929,0.092164
-0.9581,0.028513,0.090258
-0.96208,0.029637,0.090953
-0.96541,0.030787,0.090374
-0.96859,0.032004,0.088457
-0.97082,0.032018,0.086785
-0.97356,0.032174,0.083833
-0.97621,0.032125,0.082272
-0.97858,0.031673,0.081432
-0.98148,0.030979,0.080643
-0.98453,0.030808,0.079466
-0.98792,0.03157,0.079535
-0.99115,0.032243,0.077834
-0.99392,0.032106,0.077224
-0.99669,0.032611,0.076747
-0.99785,0.033339,0.075855
-0.99907,0.033875,0.074326
-0.99985,0.034387,0.073642
-1.0007,0.035393,0.0727
-1.0018,0.035759,0.072655
-1.0015,0.035846,0.071884
-1.0012,0.03474,0.070803
-1.0007,0.033799,0.070674
-1.0003,0.033108,0.069048
-1.0004,0.032276,0.066297
-1.0013,0.032594,0.063405
-1.0015,0.033259,0.061116
-1.0002,0.034117,0.059982
-0.99699,0.034731,0.057975
-0.99354,0.035103,0.056101
-0.9893,0.034743,0.053412
-0.98384,0.034143,0.049759
-0.97772,0.03333,0.046737
-0.97253,0.032699,0.044202
-0.96456,0.032197,0.041317
-0.95705,0.031647,0.039378
-0.94956,0.031343,0.036072
-0.94072,0.031108,0.032753
-0.93135,0.030954,0.030851
-0.92176,0.029585,0.029165
-0.91287,0.028171,0.028075
-0.90368,0.026877,0.02907
-0.89285,0.025447,0.03085
-0.8819,0.024713,0.032398
-0.86993,0.023531,0.032401
-0.85963,0.022775,0.035004
-0.84872,0.02061,0.038372
-0.83868,0.018393,0.04343
-0.8255,0.016448,0.050194
-0.8073,0.015199,0.060868
-0.79158,0.014282,0.071014
-0.77729,0.013831,0.080387
-0.76301,0.014452,0.087517
-0.74972,0.015204,0.093152
-0.73881,0.015895,0.098017
-0.72971,0.016218,0.10349
-0.72185,0.016677,0.10889
-0.71452,0.016607,0.11274
-0.70702,0.01571,0.11628
-0.70025,0.01478,0.11751
-0.69463,0.013576,0.11787
-0.68929,0.012297,0.11841
-0.68532,0.011164,0.11836
-0.68494,0.010513,0.1188
-0.67287,0.010036,0.11961
-0.66059,0.0097726,0.12014
-0.64831,0.0093862,0.1201
-0.63657,0.0085044,0.12072
-0.62482,0.0073214,0.12171
-0.61318,0.0059563,0.12204
-0.60002,0.0051044,0.12165
-0.58558,0.0044368,0.12067
-0.57119,0.0039897,0.1201
-0.55708,0.0041161,0.11843
-0.54258,0.0034262,0.11749
-0.52807,0.0026668,0.11749
-0.51275,0.0011191,0.11732
-0.49764,0.0003638,0.11737
-0.48271,-0.00053101,0.1177
-0.46662,-0.00099011,0.11793
-0.45023,-0.00099429,0.1186
-0.43392,-0.00089947,0.11702
-0.41888,-0.0010135,0.1158
-0.40571,-0.0007117,0.11492
-0.39405,-0.00042134,0.11465
-0.38357,0.00060819,0.11395
-0.3746,0.0027307,0.11462
-0.36638,0.0068376,0.11458
-0.36031,0.010372,0.11517
-0.35406,0.014193,0.11564
-0.34832,0.017579,0.11733
-0.34364,0.020853,0.11789
-0.34012,0.02456,0.11853
-0.33673,0.028189,0.12053
-0.33403,0.030751,0.12204
-0.3327,0.033564,0.12281
-0.33264,0.035379,0.12345
-0.33397,0.037609,0.12427
-0.33746,0.039622,0.12382
-0.34212,0.041716,0.12319
-0.34834,0.042747,0.12169
-0.35588,0.043127,0.11989
-0.36408,0.043641,0.11781
-0.37322,0.04436,0.11487
-0.38295,0.043642,0.11267
-0.39567,0.043383,0.11008
-0.40905,0.042795,0.10722
-0.42403,0.042577,0.10454
-0.44084,0.042728,0.1028
-0.45855,0.042311,0.10305
-0.47675,0.042795,0.10373
-0.4962,0.043708,0.10375
-0.51629,0.042988,0.10316
-0.53691,0.043342,0.10374
-0.55744,0.044802,0.10507
-0.57683,0.04607,0.10624
-0.59471,0.047282,0.10635
-0.61266,0.048172,0.10465
-0.63098,0.048447,0.10447
-0.64982,0.049372,0.10505
-0.66931,0.050507,0.10553
-0.68816,0.050083,0.10588
-0.70731,0.04863,0.10493
-0.72634,0.047319,0.10533
-0.74638,0.045973,0.10365
-0.76623,0.044641,0.10238
-0.78565,0.043288,0.1004
-0.80482,0.042653,0.098426
-0.82234,0.042656,0.094695
-0.8403,0.042328,0.091847
-0.85658,0.041512,0.089351
-0.87363,0.041217,0.085792
-0.89067,0.040919,0.081953
-0.90728,0.040227,0.078326
-0.92246,0.040078,0.075702
-0.93811,0.03961,0.072024
-0.95262,0.039304,0.068028
-0.96696,0.039077,0.06432
-0.9814,0.039323,0.061944
-0.9958,0.039085,0.061688
-1.0093,0.038847,0.060297
-1.0241,0.038883,0.060045
-1.0379,0.039495,0.06057
-1.051,0.039692,0.060277
-1.0639,0.039882,0.059362
-1.0761,0.04084,0.058837
-1.0875,0.042485,0.05748
-1.0978,0.043927,0.05645
-1.1077,0.04461,0.05438
-1.1162,0.044876,0.051288
-1.1246,0.045402,0.047844
-1.1316,0.045826,0.044588
-1.1394,0.046505,0.041145
-1.1472,0.047597,0.038023
-1.1537,0.048278,0.035739
-1.1597,0.048728,0.032128
-1.1657,0.049681,0.029353
-1.1713,0.051694,0.028362
-1.1758,0.053325,0.028972
-1.1796,0.055078,0.027706
-1.1837,0.057169,0.027546
-1.187,0.059458,0.026771
-1.1888,0.061196,0.02765
-1.1902,0.064101,0.026379
-1.1917,0.067086,0.024532
-1.1937,0.07059,0.022818
-1.1948,0.074101,0.02199
-1.1961,0.076684,0.020992
-1.1977,0.07852,0.019356
-1.198,0.078951,0.017326
-1.1996,0.07941,0.017545
-1.2008,0.080206,0.016789
-1.2022,0.080786,0.015919
-1.2031,0.081759,0.015817
-1.2031,0.0828,0.014291
-1.2023,0.084139,0.013382
-1.2014,0.085117,0.012031
-1.2003,0.086388,0.011854
-1.1979,0.088659,0.012513
-1.1955,0.090283,0.011666
-1.1929,0.092324,0.010491
-1.1905,0.094166,0.008307
-1.1878,0.095386,0.0076171
-1.1861,0.096014,0.005641
-1.1831,0.096043,0.0036807
-1.1798,0.096142,0.0028361
-1.177,0.096385,0.0030313
-1.1733,0.096053,0.00068989
-1.1702,0.095797,-0.0022067
-1.1689,0.095364,-0.0035504
-1.1668,0.094094,-0.0060294
-1.1633,0.091912,-0.0078278
-1.1602,0.089271,-0.00954
-1.1579,0.08673,-0.011937
-1.1569,0.083242,-0.015006
-1.1552,0.079642,-0.017447
-1.1545,0.076606,-0.019455
-1.1548,0.073341,-0.021813
-1.1546,0.071802,-0.025101
-1.1542,0.071212,-0.028114
-1.1541,0.071185,-0.029292
-1.1545,0.070983,-0.028101
-1.155,0.070322,-0.028585
-1.1554,0.069103,-0.028752
-1.1545,0.068458,-0.031552
-1.1546,0.068808,-0.034954
-1.1548,0.068453,-0.036315
-1.1543,0.068276,-0.036729
-1.1547,0.06801,-0.037264
-1.1538,0.066483,-0.039586
-1.1531,0.064946,-0.043163
-1.1523,0.063683,-0.045472
-1.1507,0.06203,-0.048203
-1.1498,0.061479,-0.050815
-1.1493,0.059192,-0.053704
-1.1496,0.057928,-0.055735
-1.1497,0.056515,-0.058673
-1.1502,0.054985,-0.061186
-1.1515,0.054091,-0.064695
-1.1523,0.05484,-0.067786
-1.1533,0.054992,-0.06907
-1.1536,0.05354,-0.071817
-1.1541,0.052278,-0.074599
-1.1536,0.050764,-0.076268
-1.1531,0.04841,-0.079772
-1.1523,0.046201,-0.082879
-1.1511,0.043076,-0.084489
-1.1515,0.041254,-0.085858
-1.1531,0.040451,-0.086637
-1.1536,0.03827,-0.08878
-1.1534,0.037343,-0.089322
-1.1519,0.036741,-0.088161
-1.1499,0.035481,-0.087608
-1.1481,0.034813,-0.087955
-1.1462,0.034418,-0.085285
-1.1446,0.034614,-0.081681
-1.144,0.034775,-0.080742
-1.1423,0.034766,-0.082059
-1.1419,0.035308,-0.082712
-1.1414,0.035538,-0.084032
-1.1405,0.035725,-0.08421
-1.1397,0.036345,-0.085282
-1.1389,0.037214,-0.085968
-1.1381,0.038258,-0.086097
-1.1372,0.040339,-0.085104
-1.1354,0.041796,-0.084385
-1.1326,0.042574,-0.08471
-1.1295,0.042909,-0.086946
-1.1286,0.044358,-0.08825
-1.1276,0.04538,-0.086561
-1.125,0.046686,-0.086592
-1.122,0.047544,-0.087298
-1.118,0.048113,-0.086454
-1.1167,0.048194,-0.085071
-1.1147,0.048622,-0.082321
-1.1125,0.04926,-0.081166
-1.1095,0.048618,-0.080932
-1.1064,0.04723,-0.081424
-1.1027,0.04739,-0.080532
-1.0988,0.047579,-0.078295
-1.0942,0.046329,-0.077926
-1.091,0.043532,-0.077251
-1.0876,0.04087,-0.079011
-1.0855,0.037511,-0.079207
-1.0833,0.036193,-0.07988
-1.08,0.034994,-0.079951
-1.0761,0.034467,-0.07879
-1.0708,0.033931,-0.078823
-1.0652,0.032088,-0.078735
-1.0601,0.03089,-0.078458
-1.057,0.031199,-0.077007
-1.0532,0.033863,-0.071933
-1.0486,0.03693,-0.070351
-1.042,0.040411,-0.070839
-1.034,0.041232,-0.072005
-1.0243,0.041547,-0.07025
-1.0163,0.041513,-0.069078
-1.0091,0.040527,-0.067709
-1.0017,0.038712,-0.066433
-0.9945,0.039765,-0.065826
-0.98787,0.042339,-0.063577
-0.98205,0.043786,-0.061446
-0.97714,0.04566,-0.057973
-0.9728,0.046327,-0.054963
-0.96711,0.046724,-0.053493
-0.96139,0.04708,-0.053064
-0.95511,0.046517,-0.051361
-0.94944,0.045707,-0.049706
-0.94472,0.045918,-0.048
-0.94019,0.044698,-0.046208
-0.93645,0.042345,-0.04416
-0.93281,0.040764,-0.042171
-0.93049,0.039231,-0.038904
-0.92636,0.037619,-0.037511
-0.92189,0.035788,-0.038869
-0.91839,0.034644,-0.039527
-0.91583,0.035101,-0.039351
-0.91486,0.036359,-0.039811
-0.91375,0.038454,-0.039284
-0.9122,0.038943,-0.040227
-0.90972,0.03939,-0.043174
-0.90528,0.039106,-0.047659
-0.9017,0.039233,-0.051561
-0.89774,0.038015,-0.056732
-0.89356,0.037781,-0.062952
-0.88722,0.036567,-0.069201
-0.87954,0.035527,-0.075754
-0.87127,0.03339,-0.083188
-0.86427,0.030847,-0.089723
-0.85858,0.029992,-0.094615
-0.85371,0.029136,-0.097422
-0.84927,0.02749,-0.098896
-0.84342,0.026726,-0.099986
-0.8367,0.025725,-0.10183
-0.8299,0.024409,-0.10449
-0.82283,0.022966,-0.1079
-0.81416,0.021708,-0.10992
-0.8044,0.020471,-0.11017
-0.79618,0.019766,-0.10768
-0.78846,0.018975,-0.10352
-0.78084,0.017586,-0.098215
-0.7727,0.016773,-0.089318
-0.76454,0.015308,-0.079186
-0.75687,0.013582,-0.068927
-0.74806,0.012669,-0.058369
-0.73921,0.011598,-0.048776
-0.73092,0.010489,-0.039789
-0.72171,0.010017,-0.030577
-0.71265,0.010228,-0.021196
-0.7036,0.0099319,-0.011092
-0.69434,0.0099039,-0.00089178
-0.68561,0.0094536,0.010267
-0.67719,0.0093884,0.022583
-0.66761,0.0098727,0.034113
-0.65849,0.01007,0.045939
-0.64935,0.0095857,0.057788
-0.64004,0.0086006,0.069189
-0.62977,0.007546,0.078643
-0.61978,0.0057385,0.086879
-0.6103,0.0057296,0.094599
-0.6019,0.0056866,0.10291
-0.59379,0.0061638,0.10986
-0.58617,0.0066446,0.11491
-0.57884,0.008018,0.11969
-0.57193,0.0097887,0.12358
-0.56491,0.011475,0.12543
-0.55764,0.013421,0.1278
-0.54937,0.014405,0.13018
-0.5401,0.015211,0.13049
-0.53028,0.016095,0.13121
-0.51892,0.017363,0.1293
-0.50727,0.018667,0.1256
-0.4959,0.019518,0.11956
-0.48522,0.020494,0.11329
-0.47387,0.021462,0.10636
-0.46309,0.022646,0.10057
-0.45233,0.023375,0.093421
-0.44041,0.02373,0.083612
-0.43086,0.023364,0.074712
-0.41941,0.022478,0.063369
-0.41046,0.02148,0.053561
-0.40236,0.020811,0.044065
-0.39411,0.021487,0.03374
-0.38823,0.022293,0.023858
-0.38061,0.022814,0.011875
-0.37447,0.022266,0.00045081
-0.36836,0.021366,-0.011898
-0.36203,0.020566,-0.024558
-0.35667,0.019932,-0.036987
-0.35147,0.019502,-0.049899
-0.34885,0.019079,-0.061129
-0.34391,0.018935,-0.073697
-0.33842,0.019397,-0.087457
-0.3326,0.019498,-0.10159
-0.32655,0.020244,-0.1163
-0.32141,0.021194,-0.13023
-0.31608,0.021571,-0.1437
-0.31089,0.021205,-0.1546
-0.30539,0.020185,-0.16586
-0.30011,0.019287,-0.17571
-0.29506,0.019141,-0.18604
-0.29148,0.019681,-0.19759
-0.2891,0.020591,-0.20779
-0.28632,0.021533,-0.21882
-0.28448,0.021503,-0.22902
-0.28305,0.021451,-0.23961
-0.28045,0.021934,-0.24929
-0.27833,0.022339,-0.25868
-0.27563,0.022901,-0.26921
-0.27404,0.024174,-0.28224
-0.27069,0.02558,-0.29494
-0.26819,0.027012,-0.3088
-0.26574,0.02865,-0.32432
-0.26046,0.030206,-0.33829
-0.2557,0.031267,-0.35052
-0.24913,0.031961,-0.3653
-0.24248,0.032442,-0.38028
-0.23821,0.032219,-0.39632
-0.235,0.032857,-0.41575
-0.23191,0.032787,-0.43515
-0.22794,0.033001,-0.45612
-0.225,0.033445,-0.47861
-0.22326,0.033689,-0.50177
-0.22164,0.03356,-0.52316
-0.21965,0.032758,-0.54236
-0.21765,0.032054,-0.56196
-0.21509,0.031753,-0.58052
-0.2113,0.032592,-0.60117
-0.20774,0.033422,-0.62275
-0.20437,0.035521,-0.64712
-0.20089,0.037453,-0.67474
-0.19751,0.039652,-0.70433
-0.19388,0.041721,-0.73567
-0.19012,0.043301,-0.76631
-0.18599,0.044157,-0.79526
-0.18125,0.045001,-0.82521
-0.1767,0.045271,-0.85461
-0.17254,0.045629,-0.88479
-0.16799,0.046146,-0.91362
-0.16339,0.046734,-0.94281
-0.15957,0.047601,-0.97033
-0.15636,0.04901,-0.99666
-0.1528,0.049815,-1.0238
-0.14981,0.050643,-1.0505
-0.14672,0.051469,-1.0772
-0.14281,0.052345,-1.1026
-0.13979,0.053392,-1.1291
-0.13665,0.053858,-1.1557
-0.13327,0.052764,-1.1782
-0.12991,0.053316,-1.1998
-0.12715,0.055269,-1.2202
-0.12354,0.057428,-1.2375
-0.11968,0.059287,-1.2525
-0.11667,0.061433,-1.2655
-0.11399,0.061541,-1.2763
-0.11029,0.062594,-1.2855
-0.10619,0.06349,-1.2929
-0.10217,0.065276,-1.2998
-0.098846,0.067405,-1.3051
-0.095569,0.068857,-1.3083
-0.092213,0.071036,-1.3105
-0.088789,0.073491,-1.3124
-0.08572,0.075397,-1.3137
-0.082417,0.076691,-1.3138
-0.078731,0.078436,-1.3141
-0.074674,0.080689,-1.3144
-0.070555,0.082797,-1.3137
-0.066543,0.084141,-1.3108
-0.063095,0.085865,-1.3069
-0.060527,0.086283,-1.3011
-0.058014,0.086967,-1.2966
-0.055829,0.086874,-1.2908
-0.053067,0.086699,-1.2855
-0.05052,0.085849,-1.2797
-0.049289,0.085374,-1.2744
-0.048503,0.082963,-1.2673
-0.04731,0.080473,-1.2599
-0.046143,0.077987,-1.2547
-0.046555,0.074667,-1.2537
-0.046853,0.070545,-1.2531
-0.045947,0.065826,-1.2493
-0.044918,0.061571,-1.2457
-0.044708,0.057507,-1.2424
-0.043896,0.053473,-1.2386
-0.042421,0.050864,-1.2342
-0.040539,0.046746,-1.228
-0.039787,0.043002,-1.2213
-0.038925,0.038519,-1.2149
-0.039791,0.034951,-1.2087
-0.040793,0.032005,-1.2038
-0.042356,0.030266,-1.1982
-0.044781,0.029833,-1.1925
-0.04748,0.030533,-1.1855
-0.049959,0.032379,-1.1819
-0.051769,0.033886,-1.1805
-0.053442,0.035203,-1.1784
-0.05416,0.035703,-1.1737
-0.05531,0.035241,-1.1701
-0.056201,0.035011,-1.1673
-0.057983,0.034455,-1.1665
-0.059068,0.033677,-1.1678
-0.059651,0.033671,-1.1686
-0.058979,0.033711,-1.1682
-0.057349,0.033991,-1.1662
-0.057149,0.035302,-1.1666
-0.057154,0.036062,-1.1647
-0.057279,0.03793,-1.1622
-0.057133,0.039311,-1.158
-0.055625,0.040264,-1.1538
-0.054651,0.041119,-1.151
-0.053559,0.042506,-1.1506
-0.052332,0.044478,-1.1517
-0.052031,0.046729,-1.1494
-0.051649,0.048567,-1.1457
-0.050669,0.049511,-1.141
-0.05047,0.050293,-1.1389
-0.049943,0.050474,-1.1379
-0.048886,0.049427,-1.1361
-0.048167,0.04864,-1.1298
-0.047289,0.047669,-1.1249
-0.047066,0.046152,-1.1224
-0.046819,0.045146,-1.1205
-0.046458,0.04399,-1.1191
-0.046223,0.04303,-1.1182
-0.045945,0.041152,-1.1146
-0.04463,0.040155,-1.1063
-0.043431,0.039262,-1.0999
-0.043412,0.037939,-1.0968
-0.044397,0.037512,-1.0931
-0.045237,0.037442,-1.0877
-0.045653,0.03632,-1.0808
-0.046386,0.03472,-1.0726
-0.048185,0.034224,-1.065
-0.049398,0.033666,-1.0579
-0.050875,0.03287,-1.0519
-0.052519,0.03398,-1.0483
-0.052764,0.034567,-1.0416
-0.052834,0.035514,-1.0356
-0.052997,0.037414,-1.0315
-0.052858,0.038816,-1.0261
-0.053638,0.038901,-1.0199
-0.055361,0.039466,-1.0142
-0.05706,0.039314,-1.0081
-0.05872,0.038069,-1.0006
-0.0589,0.037218,-0.99364
-0.057232,0.0375,-0.98584
-0.05459,0.038188,-0.97849
-0.050841,0.038816,-0.97038
-0.046574,0.039978,-0.96287
-0.040328,0.04024,-0.95438
-0.034224,0.042202,-0.95001
-0.027235,0.043214,-0.94521
-0.018624,0.043883,-0.94122
-0.0092237,0.044576,-0.93748
0.0019787,0.044617,-0.93375
0.014464,0.045296,-0.93166
0.02692,0.046227,-0.93141
0.039842,0.046973,-0.93011
0.053325,0.047895,-0.92816
0.067607,0.048107,-0.92525
0.081087,0.047261,-0.92125
0.095452,0.04674,-0.91755
0.1118,0.045158,-0.91431
0.1272,0.042956,-0.91001
0.14414,0.039902,-0.90331
0.16084,0.037748,-0.89653
0.17896,0.036492,-0.89117
0.19876,0.033895,-0.88689
0.21854,0.031798,-0.88159
0.2384,0.030516,-0.87708
0.25878,0.030108,-0.87303
0.28033,0.029464,-0.86722
0.30266,0.027689,-0.86042
0.32438,0.026765,-0.85534
0.3449,0.025281,-0.84958
0.36531,0.025734,-0.84319
0.38617,0.025639,-0.83384
0.40775,0.024497,-0.82625
0.42928,0.023955,-0.82095
0.45135,0.024226,-0.8149
0.47276,0.023473,-0.80994
0.49304,0.022849,-0.80562
0.51197,0.023243,-0.80335
0.52993,0.022604,-0.80363
0.54677,0.021969,-0.80669
0.56317,0.020226,-0.80882
0.57943,0.019769,-0.81132
0.59541,0.019011,-0.81495
0.61066,0.017683,-0.81857
0.62502,0.015696,-0.82145
0.63951,0.013454,-0.82571
0.65038,0.011609,-0.82855
0.66006,0.010504,-0.83404
0.66938,0.0089048,-0.83888
0.67691,0.0069385,-0.84307
0.68231,0.0063323,-0.84675
0.68588,0.0069003,-0.85113
0.68859,0.0067886,-0.85446
0.69033,0.0059801,-0.85757
0.69086,0.005624,-0.86156
0.68963,0.0055087,-0.8661
0.68713,0.0039018,-0.87148
0.68312,0.0035248,-0.87881
0.67868,0.0024053,-0.88518
0.67405,0.0017065,-0.88964
0.6702,-0.00028671,-0.89279
0.66696,-0.0019601,-0.89618
0.66406,-0.0040784,-0.89871
0.66097,-0.0057184,-0.90228
0.6585,-0.0081538,-0.90481
0.65671,-0.0095451,-0.90933
0.6548,-0.010772,-0.91312
0.65338,-0.011452,-0.91705
0.65094,-0.010744,-0.92093
0.64859,-0.0095415,-0.925
0.64622,-0.0078134,-0.92895
0.64437,-0.0071709,-0.93191
0.64138,-0.0062583,-0.93536
0.6381,-0.004467,-0.93845
0.63536,-0.0025924,-0.93946
0.63095,-0.00053844,-0.93707
0.62546,0.00062745,-0.93128
0.61945,0.0018415,-0.92467
0.61285,0.0036379,-0.91835
0.60586,0.0033248,-0.90896
0.59802,0.0028949,-0.89798
0.59016,0.0037857,-0.8865
0.5831,0.0033123,-0.87202
0.57521,0.0020095,-0.85472
0.5671,0.00032487,-0.8356
0.55877,-0.00092116,-0.81534
0.5496,-0.0019959,-0.79487
0.53992,-0.0036099,-0.77333
0.53267,-0.0058721,-0.7525
0.52298,-0.0082909,-0.73027
0.51428,-0.0091247,-0.7108
0.5054,-0.010287,-0.69239
0.49623,-0.010904,-0.67431
0.48715,-0.010605,-0.65584
0.47914,-0.010758,-0.63781
0.47223,-0.01152,-0.62151
0.46619,-0.011944,-0.60639
0.46103,-0.012321,-0.59128
0.45666,-0.013256,-0.57678
0.45287,-0.014053,-0.56154
0.44943,-0.015545,-0.54598
0.44734,-0.016961,-0.53142
0.44645,-0.01881,-0.51562
0.44386,-0.020054,-0.49825
0.44109,-0.02145,-0.47981
0.43626,-0.023345,-0.46157
0.43028,-0.025003,-0.44118
0.42329,-0.025823,-0.41981
0.41542,-0.02749,-0.3998
0.40939,-0.029321,-0.38207
0.40387,-0.030451,-0.36623
0.3993,-0.030766,-0.35205
0.39629,-0.031281,-0.33922
0.39316,-0.031514,-0.32487
0.39102,-0.031124,-0.31077
0.3887,-0.030844,-0.2975
0.38585,-0.030948,-0.28355
0.38376,-0.031835,-0.26732
0.38213,-0.03243,-0.2506
0.38203,-0.032886,-0.2353
0.38231,-0.03282,-0.22281
0.3847,-0.033345,-0.21214
0.3878,-0.03423,-0.20234
0.39212,-0.035203,-0.19315
0.39868,-0.035393,-0.1844
0.40613,-0.035431,-0.17675
0.4155,-0.035496,-0.16978
0.42555,-0.03632,-0.16262
0.43653,-0.036767,-0.15408
0.44965,-0.037766,-0.14358
0.46232,-0.038577,-0.13019
0.47645,-0.040041,-0.1152
0.49061,-0.040646,-0.099874
0.50755,-0.040957,-0.083147
0.52279,-0.041052,-0.066762
0.53922,-0.041569,-0.049743
0.55592,-0.04214,-0.031415
0.57301,-0.04272,-0.011816
0.5893,-0.042843,0.0080546
0.60582,-0.042355,0.027976
0.62178,-0.041574,0.048639
0.63801,-0.041347,0.069816
0.65341,-0.040955,0.09236
0.67032,-0.04094,0.11568
0.68747,-0.040558,0.13901
0.70541,-0.03874,0.16236
0.72221,-0.037824,0.18828
0.73831,-0.037746,0.21466
0.75302,-0.03751,0.24158
0.76622,-0.037072,0.27008
0.77909,-0.036412,0.29779
0.79042,-0.035039,0.32679
0.80222,-0.034186,0.35551
0.81434,-0.034253,0.38316
0.82669,-0.035633,0.40862
0.83914,-0.03767,0.43277
0.85072,-0.039634,0.4555
0.8661,-0.041652,0.47882
0.87239,-0.043448,0.49481
0.88267,-0.045601,0.51464
0.89412,-0.048308,0.53396
0.90498,-0.049175,0.55141
0.91612,-0.050033,0.5667
0.92699,-0.049797,0.58149
0.93878,-0.049903,0.59392
0.95133,-0.049889,0.60559
0.96442,-0.05052,0.61795
0.97829,-0.051025,0.62917
0.99158,-0.051868,0.63854
1.0041,-0.053388,0.64673
1.0161,-0.055325,0.65364
1.0284,-0.05715,0.65788
1.0403,-0.058301,0.66051
1.0517,-0.059227,0.66277
1.0631,-0.06009,0.66443
1.0749,-0.061744,0.663
1.0854,-0.062701,0.66084
1.0948,-0.064573,0.65772
1.1031,-0.066543,0.65564
1.112,-0.068426,0.6517
1.1211,-0.068119,0.64684
1.1291,-0.066738,0.64026
1.137,-0.065234,0.6331
1.1442,-0.06354,0.62595
1.1512,-0.061015,0.61876
1.1565,-0.059088,0.61374
1.16,-0.056888,0.60779
1.1628,-0.055692,0.60199
1.1643,-0.05558,0.59817
1.1652,-0.056197,0.59531
1.1662,-0.056867,0.59199
1.1669,-0.058123,0.58844
1.1683,-0.059806,0.58545
1.1694,-0.061775,0.58192
1.1692,-0.063938,0.57892
1.1693,-0.066768,0.57644
1.1688,-0.069964,0.57365
1.1687,-0.073269,0.5736
1.1688,-0.076623,0.57322
1.1691,-0.079829,0.57277
1.1687,-0.083092,0.57244
1.1681,-0.085832,0.56983
1.1676,-0.089146,0.5681
1.1669,-0.0914,0.56604
1.1648,-0.092999,0.56486
1.1622,-0.094712,0.56422
1.1599,-0.096151,0.56378
1.1574,-0.098068,0.56372
1.1544,-0.099988,0.56255
1.1511,-0.10207,0.56003
1.1483,-0.10338,0.55787
1.1447,-0.10458,0.55521
1.1391,-0.10489,0.55396
1.1331,-0.10408,0.55411
1.1275,-0.10351,0.55357
1.1225,-0.10255,0.55185
1.1185,-0.10103,0.5495
1.1126,-0.09922,0.54511
1.1068,-0.098273,0.53941
1.1019,-0.097809,0.53238
1.0986,-0.097394,0.52445
1.0965,-0.096841,0.51587
1.0948,-0.095039,0.50647
1.0923,-0.092109,0.49769
1.0886,-0.089532,0.48699
1.087,-0.087168,0.47568
1.0854,-0.084853,0.464
1.0835,-0.082627,0.4536
1.0817,-0.080321,0.44437
1.0802,-0.078229,0.43505
1.0785,-0.076891,0.42571
1.0766,-0.075089,0.41627
1.0755,-0.073622,0.40781
1.0756,-0.072071,0.4003
1.0747,-0.070382,0.39466
1.075,-0.067712,0.39162
1.0744,-0.064724,0.38739
1.0736,-0.062068,0.38123
1.0724,-0.059892,0.37532
1.0715,-0.058289,0.36908
1.0735,-0.056963,0.36228
1.0748,-0.055578,0.35628
1.0762,-0.054025,0.34802
1.077,-0.053507,0.34061
1.0771,-0.052857,0.33381
1.0773,-0.05258,0.32675
1.0777,-0.052386,0.31878
1.0794,-0.051622,0.31084
1.0812,-0.051452,0.30224
1.0827,-0.051663,0.29352
1.0837,-0.052119,0.28377
1.0861,-0.051901,0.27298
1.0874,-0.052122,0.26176
1.0889,-0.053342,0.25057
1.091,-0.054007,0.23931
1.0939,-0.055035,0.22917
1.0961,-0.055525,0.22121
1.101,-0.055097,0.21409
1.0976,-0.053714,0.20697
1.0984,-0.052099,0.20137
1.0993,-0.051867,0.19493
1.0996,-0.05123,0.19032
1.0993,-0.051068,0.18789
1.0998,-0.05026,0.18473
1.1005,-0.049007,0.17979
1.1,-0.047531,0.17537
1.0994,-0.045618,0.16964
1.0985,-0.043531,0.16639
1.0977,-0.042093,0.16388
1.097,-0.040797,0.16197
1.0953,-0.039257,0.15692
1.0937,-0.037741,0.15194
1.0895,-0.037229,0.14894
1.0863,-0.037439,0.14636
1.0832,-0.037405,0.14544
1.0791,-0.037876,0.14365
1.0748,-0.038742,0.14141
1.0698,-0.038969,0.14052
1.0645,-0.038795,0.13892
1.059,-0.038537,0.13792
1.0525,-0.037146,0.13423
1.0465,-0.036894,0.13194
1.041,-0.036754,0.12966
1.0368,-0.035618,0.12625
1.034,-0.035105,0.12348
1.0309,-0.035356,0.12086
1.0265,-0.035663,0.11743
1.0212,-0.03653,0.11481
1.017,-0.036887,0.11248
1.0128,-0.037127,0.11112
1.009,-0.037705,0.1077
1.0056,-0.037578,0.10471
1.002,-0.036202,0.10157
0.99751,-0.034579,0.097075
0.99168,-0.032628,0.092479
0.9851,-0.031712,0.090083
0.97819,-0.030761,0.087331
0.97176,-0.029744,0.083972
0.96359,-0.028269,0.081912
0.95407,-0.026466,0.078969
0.94329,-0.024995,0.078521
0.93254,-0.023837,0.078625
0.92245,-0.022805,0.078457
0.91385,-0.022914,0.077076
0.90509,-0.02223,0.074194
0.8962,-0.021791,0.070872
0.88609,-0.020979,0.068673
0.87349,-0.020138,0.067861
0.86153,-0.019745,0.067699
0.84893,-0.019106,0.067151
0.83509,-0.018768,0.065953
0.82215,-0.018464,0.063641
0.81024,-0.017527,0.061441
0.79837,-0.016323,0.057636
0.78462,-0.015217,0.054624
0.77116,-0.014296,0.051953
0.75717,-0.013689,0.048606
0.74383,-0.012612,0.047228
0.7308,-0.012323,0.044051
0.71855,-0.012143,0.041513
0.70759,-0.011392,0.037705
0.69624,-0.010439,0.032767
0.68583,-0.0099129,0.02885
0.67486,-0.0095433,0.024208
0.66272,-0.0095161,0.01884
0.6489,-0.0092085,0.016256
0.63397,-0.0077108,0.014154
0.619,-0.0065999,0.012744
0.60389,-0.0053323,0.010005
0.58866,-0.0037563,0.0070316
0.57242,-0.0023857,0.0044514
0.55549,-0.0012807,0.00418
0.53885,0.00030327,0.0024377
0.52111,0.001615,0.00050198
0.50278,0.0022241,-0.0018536
0.48573,0.0014874,-0.0038498
0.46966,0.00024812,-0.0062951
0.45479,-0.0017646,-0.0087744
0.44062,-0.0036134,-0.011245
0.42745,-0.0057267,-0.013781
0.41613,-0.007537,-0.016832
0.40634,-0.0086755,-0.019149
0.39697,-0.0091099,-0.020214
0.38845,-0.010096,-0.019768
0.38052,-0.01069,-0.018075
0.37174,-0.010309,-0.016478
0.36047,-0.0087363,-0.014679
0.3467,-0.0074442,-0.013411
0.32974,-0.0065501,-0.012535
0.31166,-0.0056472,-0.012383
0.29229,-0.0040472,-0.013159
0.27144,-0.0026412,-0.014367
0.25067,-0.00070196,-0.016947
0.23211,0.00059211,-0.020576
0.21673,0.0017138,-0.023393
0.20317,0.003568,-0.025767
0.19159,0.0048875,-0.027661
0.18197,0.005977,-0.028665
0.17386,0.0064167,-0.029522
0.16701,0.0079196,-0.030378
0.16117,0.0094055,-0.031669
0.15604,0.010739,-0.032768
0.15155,0.012475,-0.033573
0.14715,0.0148,-0.034561
0.14388,0.016992,-0.034605
0.14163,0.019254,-0.033838
0.1396,0.02142,-0.032309
0.13768,0.023917,-0.031378
0.13656,0.025517,-0.029803
0.13623,0.026138,-0.027976
0.13514,0.027096,-0.026106
0.13454,0.027528,-0.022983
0.13403,0.028715,-0.019996
0.13436,0.029498,-0.01661
0.13614,0.030243,-0.014938
0.13861,0.030819,-0.013899
0.14115,0.031473,-0.012263
0.14409,0.031305,-0.011509
0.14765,0.030837,-0.012777
0.15025,0.030484,-0.012281
0.15281,0.029225,-0.012356
0.15388,0.02779,-0.011961
0.1555,0.02622,-0.011914
0.1571,0.024921,-0.012569
0.15804,0.023309,-0.012502
0.15801,0.022528,-0.013248
0.15925,0.021941,-0.013948
0.16089,0.022055,-0.015576
0.16356,0.022159,-0.016511
0.166,0.022225,-0.017379
0.16882,0.022189,-0.018811
0.17075,0.022715,-0.020237
0.17322,0.022565,-0.020696
0.17617,0.022485,-0.02038
0.17952,0.022608,-0.019871
0.18229,0.022781,-0.01986
0.18443,0.023048,-0.01966
0.18706,0.023651,-0.019927
0.18999,0.025418,-0.019676
0.19293,0.026844,-0.019709
0.1957,0.027327,-0.019286
0.19912,0.027071,-0.01943
0.20221,0.026912,-0.018949
0.20422,0.026655,-0.018784
0.20609,0.025119,-0.019107
0.20762,0.023273,-0.019095
0.20824,0.022318,-0.019975
0.20912,0.020619,-0.021141
0.20947,0.020015,-0.021811
0.20937,0.019382,-0.022601
0.20961,0.01785,-0.022733
0.2105,0.016923,-0.022618
0.21126,0.01661,-0.022504
0.21353,0.016276,-0.021795
0.21638,0.015923,-0.021252
0.21959,0.014804,-0.020804
0.2231,0.013283,-0.019091
0.22592,0.011462,-0.016873
0.22865,0.008925,-0.014457
0.23122,0.0071605,-0.011452
0.23351,0.00575,-0.0094722
0.23629,0.0055141,-0.0079797
0.23934,0.0050862,-0.0061948
0.24358,0.005367,-0.0043061
0.25031,0.0055047,-0.00098735
0.25921,0.0049892,0.0026605
0.26989,0.0049542,0.0070766
0.28015,0.0051747,0.012484
0.29114,0.0047569,0.020125
0.30287,0.0040444,0.02918
0.31539,0.0038909,0.038877
0.32869,0.0033054,0.050907
0.34254,0.0029156,0.063191
0.35638,0.0025877,0.076901
0.36905,0.0019642,0.091755
0.38306,0.00055691,0.10876
0.39675,-0.0007532,0.128
0.40989,-0.0026108,0.14817
0.42275,-0.0038599,0.16959
0.43319,-0.0048252,0.19148
0.44068,-0.0051729,0.21372
0.44657,-0.0055417,0.23663
0.45194,-0.0062404,0.26176
0.45601,-0.0074822,0.28738
0.45831,-0.0091078,0.31376
0.45956,-0.010341,0.34175
0.4602,-0.010394,0.37251
0.45943,-0.010765,0.40522
0.45692,-0.011055,0.43734
0.45229,-0.010227,0.46962
0.44595,-0.0090615,0.50119
0.43833,-0.0082319,0.53159
0.42858,-0.008011,0.56171
0.4177,-0.0079554,0.59242
0.40437,-0.0082664,0.62221
0.39047,-0.0093893,0.65188
0.37495,-0.010594,0.68192
0.35839,-0.012011,0.71203
0.33966,-0.013272,0.74029
0.32028,-0.014347,0.76747
0.30096,-0.015677,0.7935
0.2817,-0.01768,0.81821
0.2639,-0.019745,0.84047
0.24725,-0.02166,0.86263
0.23164,-0.023264,0.88538
0.21621,-0.025002,0.90874
0.20181,-0.026618,0.93062
0.18927,-0.027704,0.95357
0.17757,-0.02762,0.97386
0.16715,-0.027328,0.9929
0.15775,-0.027153,1.0137
0.14885,-0.027911,1.0373
0.1404,-0.028137,1.0609
0.1318,-0.028967,1.0813
0.12403,-0.029521,1.1017
0.11596,-0.029135,1.1206
0.10816,-0.029603,1.1379
0.10089,-0.03043,1.1533
0.094184,-0.03196,1.1679
0.087166,-0.033362,1.1803
0.080731,-0.033334,1.1923
0.074944,-0.033658,1.2032
0.069888,-0.034122,1.2138
0.065196,-0.033665,1.2218
0.061795,-0.032187,1.227
0.058749,-0.029971,1.2332
0.056631,-0.02768,1.2389
0.054154,-0.026301,1.2451
0.051952,-0.025156,1.2487
0.050174,-0.024844,1.25
0.048002,-0.025646,1.2514
0.044887,-0.025654,1.2527
0.042476,-0.025306,1.253
0.040532,-0.024783,1.2507
0.038738,-0.024401,1.2475
0.037452,-0.023704,1.2433
0.034918,-0.025254,1.2382
0.032938,-0.027152,1.2339
0.030951,-0.028079,1.2306
0.028824,-0.029883,1.229
0.02705,-0.031963,1.2274
0.025738,-0.032844,1.2256
0.024179,-0.033662,1.2228
0.02357,-0.03407,1.2205
0.022903,-0.033851,1.2182
0.022381,-0.033209,1.2158
0.021281,-0.033197,1.213
0.020216,-0.032665,1.208
0.019221,-0.03299,1.202
0.017932,-0.034073,1.1975
0.016799,-0.035053,1.1936
0.01568,-0.035518,1.1899
0.014002,-0.035292,1.1867
0.012935,-0.034932,1.1819
0.01321,-0.033998,1.1801
0.013219,-0.033158,1.179
0.013654,-0.031892,1.1784
0.013738,-0.029651,1.1781
0.013582,-0.026932,1.1811
0.013258,-0.025075,1.1853
0.01343,-0.022999,1.188
0.014122,-0.02146,1.1899
0.014099,-0.019685,1.1912
0.013397,-0.018582,1.1916
0.012449,-0.017682,1.1901
0.011235,-0.017224,1.188
0.0085041,-0.01662,1.1846
0.0059393,-0.016659,1.18
0.0031966,-0.016484,1.179
0.00075441,-0.016002,1.1795
-0.0015559,-0.015357,1.1801
-0.003836,-0.015176,1.1794
-0.0060055,-0.015256,1.1794
-0.0072164,-0.015464,1.1793
-0.0075161,-0.014957,1.1794
-0.0078347,-0.013954,1.1807
-0.0081299,-0.013273,1.181
-0.0081318,-0.014027,1.18
-0.0079595,-0.015919,1.1782
-0.0089855,-0.017719,1.1777
-0.0095891,-0.019515,1.1783
-0.0094375,-0.02146,1.1798
-0.0095431,-0.023224,1.1831
-0.010151,-0.023677,1.1857
-0.010357,-0.02276,1.1886
-0.010375,-0.021382,1.1923
-0.010536,-0.01897,1.1967
-0.011646,-0.015322,1.2004
-0.013109,-0.012649,1.2051
-0.014953,-0.010963,1.2118
-0.017434,-0.010878,1.2197
-0.019143,-0.012026,1.226
-0.02109,-0.014546,1.2322
-0.023088,-0.017573,1.2408
-0.024642,-0.020201,1.2507
-0.026138,-0.021389,1.2599
-0.028261,-0.022054,1.2669
-0.030089,-0.023332,1.274
-0.031975,-0.024237,1.2804
-0.033939,-0.025009,1.2876
-0.035748,-0.026287,1.2937
-0.038357,-0.027303,1.2977
-0.041584,-0.028692,1.3011
-0.043904,-0.030007,1.3047
-0.046053,-0.030911,1.3101
-0.047842,-0.031419,1.3141
-0.048994,-0.032149,1.3172
-0.049703,-0.032287,1.3199
-0.050782,-0.032814,1.3217
-0.051111,-0.034519,1.3232
-0.051645,-0.036083,1.3242
-0.052048,-0.036549,1.3245
-0.052762,-0.036333,1.3242
-0.054063,-0.034978,1.3229
-0.055995,-0.034099,1.3217
-0.057372,-0.033603,1.3228
-0.058099,-0.033742,1.3248
-0.059316,-0.033933,1.3248
-0.059703,-0.034057,1.3225
-0.060707,-0.03523,1.3198
-0.062057,-0.036852,1.3154
-0.063216,-0.038234,1.309
-0.064456,-0.038024,1.3008
-0.065454,-0.03769,1.2923
-0.066425,-0.036782,1.2831
-0.066971,-0.035558,1.276
-0.066912,-0.03429,1.2701
-0.067531,-0.034019,1.2646
-0.068267,-0.03335,1.2576
-0.067059,-0.033138,1.2488
-0.065883,-0.033657,1.2389
-0.063694,-0.032837,1.2293
-0.061768,-0.030892,1.22
-0.061586,-0.028421,1.2131
-0.061556,-0.026742,1.2105
-0.061871,-0.024999,1.2099
-0.060583,-0.024116,1.2092
-0.060021,-0.023303,1.2093
-0.059707,-0.021307,1.2104
-0.059084,-0.020022,1.2125
-0.059041,-0.018575,1.2143
-0.060254,-0.017341,1.2156
-0.060689,-0.015548,1.217
-0.062702,-0.013096,1.2168
-0.065211,-0.010048,1.2148
-0.068457,-0.0082879,1.2133
-0.071866,-0.0073503,1.2123
-0.075717,-0.0071968,1.2125
-0.079,-0.006916,1.215
-0.081803,-0.0071497,1.2184
-0.084161,-0.0075332,1.2206
-0.086396,-0.0081003,1.2231
-0.088993,-0.0088394,1.225
-0.090523,-0.0090241,1.2267
-0.092775,-0.0083476,1.2281
-0.094277,-0.006958,1.2289
-0.094942,-0.0058446,1.229
-0.094315,-0.004909,1.2308
-0.093683,-0.0045145,1.2337
-0.093182,-0.004295,1.2379
-0.092821,-0.0049357,1.2413
-0.092565,-0.0060781,1.2443
-0.092264,-0.0063855,1.2467
-0.091805,-0.005748,1.2485
-0.090683,-0.0049243,1.2491
-0.089275,-0.005341,1.2484
-0.087294,-0.006023,1.2473
-0.085641,-0.0066335,1.2471
-0.083737,-0.0068731,1.247
-0.08253,-0.0070865,1.245
-0.080585,-0.0070384,1.2408
-0.078353,-0.0078142,1.2346
-0.075568,-0.0084968,1.2266
-0.073275,-0.010194,1.2184
-0.070732,-0.010935,1.2073
-0.069007,-0.011891,1.1951
-0.067778,-0.012706,1.186
-0.066033,-0.013256,1.1767
-0.064383,-0.013488,1.1666
-0.062095,-0.013504,1.1564
-0.059851,-0.01394,1.1442
-0.057096,-0.014529,1.1323
-0.055013,-0.014542,1.1215
-0.053127,-0.014374,1.1101
-0.050756,-0.014814,1.0996
-0.048438,-0.014386,1.0907
-0.046103,-0.013915,1.0824
-0.043315,-0.013538,1.0727
-0.040554,-0.013306,1.064
-0.038059,-0.013636,1.0565
-0.033836,-0.014005,1.0549
-0.030687,-0.01544,1.0533
-0.028477,-0.01656,1.0487
-0.025921,-0.019067,1.044
-0.02467,-0.022096,1.0382
-0.02497,-0.026444,1.031
-0.025627,-0.030873,1.0295
-0.027759,-0.03417,1.0332
-0.030643,-0.03561,1.0384
-0.035451,-0.035648,1.0439
-0.039841,-0.034295,1.05
-0.04451,-0.033161,1.0541
-0.050504,-0.03244,1.061
-0.054835,-0.033006,1.0712
-0.057071,-0.034129,1.0828
-0.059003,-0.034346,1.0932
-0.06031,-0.035151,1.1023
-0.060833,-0.035787,1.1131
-0.062156,-0.03798,1.1239
-0.062968,-0.040776,1.1341
-0.063304,-0.044347,1.1455
-0.063826,-0.047264,1.1561
-0.064676,-0.049571,1.1655
-0.064991,-0.051485,1.1751
-0.065592,-0.053189,1.1832
-0.065635,-0.054904,1.1911
-0.065328,-0.057421,1.1993
-0.065464,-0.060068,1.2064
-0.066423,-0.062761,1.2101
-0.066673,-0.064702,1.2125
-0.066056,-0.064993,1.2142
-0.065323,-0.065568,1.2129
-0.065366,-0.065549,1.2095
-0.065163,-0.065516,1.2069
-0.065441,-0.065474,1.205
-0.065308,-0.065251,1.2034
-0.065678,-0.066103,1.1999
-0.066302,-0.067413,1.1922
-0.066391,-0.068699,1.1878
-0.066954,-0.070173,1.1853
-0.067978,-0.071241,1.1829
-0.069284,-0.07249,1.1815
-0.070283,-0.073845,1.1804
-0.070789,-0.075493,1.1805
-0.071191,-0.077062,1.1795
-0.069042,-0.078127,1.1762
-0.067655,-0.077328,1.1726
-0.066534,-0.075953,1.1682
-0.065875,-0.074482,1.1601
-0.064373,-0.072906,1.1511
-0.063648,-0.07192,1.1419
-0.062839,-0.071769,1.1327
-0.061623,-0.071012,1.1224
-0.060554,-0.069326,1.1114
-0.05962,-0.066805,1.0988
-0.058785,-0.063929,1.0843
-0.058898,-0.060591,1.0688
-0.058961,-0.057472,1.0539
-0.059142,-0.055204,1.042
-0.059817,-0.053005,1.0319
-0.060058,-0.051084,1.0224
-0.06035,-0.049633,1.0126
-0.059663,-0.047661,1.0044
-0.059871,-0.046645,0.99591
-0.059764,-0.045941,0.9876
-0.059101,-0.045074,0.98081
-0.057926,-0.044785,0.974
-0.056741,-0.044556,0.96783
-0.055657,-0.044509,0.9611
-0.053607,-0.044288,0.95322
-0.051056,-0.043261,0.94618
-0.048622,-0.041818,0.93945
-0.045432,-0.041669,0.93302
-0.042867,-0.041994,0.92971
-0.03984,-0.042495,0.92902
-0.03695,-0.043589,0.93173
-0.033681,-0.044138,0.93543
-0.030211,-0.044787,0.93762
-0.026664,-0.045924,0.93976
-0.022379,-0.047575,0.94364
-0.018393,-0.049431,0.94881
-0.014356,-0.051498,0.95494
-0.010652,-0.053615,0.96048
-0.0070061,-0.055227,0.96494
-0.0029599,-0.057197,0.97019
0.00080581,-0.058724,0.97461
0.0048184,-0.059465,0.97672
0.0091177,-0.05979,0.9781
0.013435,-0.060388,0.97889
0.018327,-0.061288,0.97875
0.022873,-0.062772,0.97884
0.028076,-0.06364,0.9806
0.03261,-0.064442,0.98492
0.037071,-0.064047,0.99355
0.042087,-0.062892,1.0017
0.046259,-0.061785,1.0087
0.05008,-0.059908,1.0147
0.053818,-0.059189,1.02
0.058081,-0.058356,1.0256
0.062129,-0.058883,1.0329
0.06629,-0.058609,1.0404
0.0695,-0.057768,1.0469
0.073736,-0.055769,1.0511
0.077627,-0.054528,1.0566
0.080236,-0.054036,1.0616
0.082873,-0.052724,1.0657
0.085751,-0.051563,1.0679
0.087307,-0.050387,1.07
0.087158,-0.049851,1.07
0.086276,-0.04914,1.0689
0.085836,-0.047503,1.0668
0.084663,-0.04661,1.0639
0.083081,-0.046229,1.0591
0.081371,-0.046161,1.0561
0.079528,-0.046098,1.0527
0.076791,-0.046528,1.0467
0.073773,-0.04652,1.0422
0.070729,-0.047347,1.0412
0.06803,-0.047313,1.0418
0.064184,-0.047356,1.0415
0.061989,-0.047168,1.0422
0.060186,-0.047294,1.0432
0.059198,-0.047575,1.045
0.059343,-0.047869,1.0485
0.058559,-0.046983,1.0493
0.057644,-0.045123,1.0511
0.05663,-0.042527,1.0479
0.055146,-0.040535,1.044
0.054052,-0.03976,1.0422
0.054267,-0.03926,1.0429
0.054711,-0.039702,1.0431
0.055618,-0.039355,1.0433
0.056229,-0.038837,1.0432
0.05635,-0.038118,1.0407
0.05572,-0.037525,1.038
