1.150762848556041718e-02 3.622882440686225891e-02 1.216704607009887695e+00
-4.585036076605319977e-03 3.181793168187141418e-02 1.236689209938049316e+00
-9.072258137166500092e-03 1.004113163799047470e-02 1.230091929435729980e+00
-9.186783805489540100e-03 5.903931800276041031e-03 1.211011290550231934e+00
-1.546518597751855850e-02 1.137480791658163071e-02 1.235007524490356445e+00
-1.788136735558509827e-02 2.160032745450735092e-04 1.232254981994628906e+00
-2.325219288468360901e-02 -2.364101819694042206e-02 1.222741603851318359e+00
3.747732378542423248e-03 -1.782512292265892029e-02 1.221781969070434570e+00
2.118385396897792816e-02 -1.949746720492839813e-02 1.220874190330505371e+00
1.707961969077587128e-02 -2.655093185603618622e-02 1.289754748344421387e+00
9.950088337063789368e-03 -5.041240155696868896e-02 1.294544100761413574e+00
1.296028262004256248e-03 -5.682618916034698486e-02 1.301276326179504395e+00
4.045319743454456329e-03 -4.366789758205413818e-02 1.295248270034790039e+00
1.224116235971450806e-02 -2.634145133197307587e-02 1.274686098098754883e+00
4.573822487145662308e-03 -2.414076589047908783e-02 1.297083854675292969e+00
7.635900285094976425e-03 -2.958103828132152557e-02 1.313994526863098145e+00
9.901958517730236053e-03 -3.305210173130035400e-02 1.264018535614013672e+00
-5.801959428936243057e-03 -3.414722904562950134e-02 1.319309115409851074e+00
-1.472892798483371735e-02 -3.047400899231433868e-02 1.372058033943176270e+00
-1.797934994101524353e-02 -1.107542216777801514e-02 1.333996891975402832e+00
-7.260098122060298920e-03 -2.306508831679821014e-02 1.363393068313598633e+00
1.375651336275041103e-03 -3.076410666108131409e-02 1.321004152297973633e+00
-7.301061414182186127e-03 -2.965731360018253326e-02 1.334576129913330078e+00
7.899873889982700348e-05 -4.297925159335136414e-02 1.380957484245300293e+00
6.469252519309520721e-03 -3.807809576392173767e-02 1.370051383972167969e+00
2.818311797454953194e-03 -3.705327212810516357e-02 1.366313576698303223e+00
7.460980676114559174e-03 -4.978543147444725037e-02 1.361837267875671387e+00
-7.267394568771123886e-03 -6.943584233522415161e-02 1.333595991134643555e+00
-1.469109393656253815e-02 -5.771634727716445923e-02 1.319488406181335449e+00
-1.241088472306728363e-02 -4.594708606600761414e-02 1.360859751701354980e+00
-8.239037357270717621e-03 -3.737194091081619263e-02 1.393346309661865234e+00
-7.344114594161510468e-03 -3.592676296830177307e-02 1.413814425468444824e+00
-8.047367446124553680e-03 -3.561562299728393555e-02 1.448893070220947266e+00
-1.797527261078357697e-02 -2.334592491388320923e-02 1.405989050865173340e+00
-1.984092965722084045e-02 -2.016924507915973663e-02 1.391331791877746582e+00
-1.891155354678630829e-02 -1.222658902406692505e-02 1.377637267112731934e+00
-2.728259749710559845e-02 -1.134292874485254288e-02 1.379771471023559570e+00
-2.751605398952960968e-02 -2.061690762639045715e-02 1.386843204498291016e+00
-2.188333868980407715e-02 -3.489563614130020142e-02 1.398633956909179688e+00
-2.231272123754024506e-02 -3.776986896991729736e-02 1.394803047180175781e+00
-1.810703799128532410e-02 -4.393487051129341125e-02 1.377572655677795410e+00
-5.528847686946392059e-03 -2.867053076624870300e-02 1.348933815956115723e+00
-1.026229374110698700e-02 -2.583533339202404022e-02 1.296531319618225098e+00
-1.018240209668874741e-02 -1.957368478178977966e-02 1.261642336845397949e+00
-4.591615870594978333e-03 -1.793695613741874695e-02 1.248945951461791992e+00
-2.896358724683523178e-03 -2.287773787975311279e-02 1.243871450424194336e+00
-2.155323978513479233e-03 -3.571614995598793030e-02 1.278472065925598145e+00
-1.244454830884933472e-02 -5.599755793809890747e-02 1.266383647918701172e+00
-2.829871699213981628e-02 -6.831224262714385986e-02 1.251045465469360352e+00
-2.309036441147327423e-02 -5.913854017853736877e-02 1.313224554061889648e+00
-1.877525821328163147e-02 -4.777193814516067505e-02 1.354066848754882812e+00
-1.540017779916524887e-02 -4.735241085290908813e-02 1.347972154617309570e+00
-1.201578974723815918e-02 -4.908010736107826233e-02 1.361300349235534668e+00
-1.095017511397600174e-02 -4.107507690787315369e-02 1.349254250526428223e+00
-7.839177735149860382e-03 -3.451830521225929260e-02 1.307374596595764160e+00
-3.683063667267560959e-03 -3.553862124681472778e-02 1.303349852561950684e+00
-4.364883992820978165e-03 -3.835739940404891968e-02 1.312832832336425781e+00
-1.020734198391437531e-02 -3.456623852252960205e-02 1.326124787330627441e+00
-1.041344273835420609e-02 -2.774338610470294952e-02 1.343098878860473633e+00
-5.494614131748676300e-03 -1.871555484831333160e-02 1.324528932571411133e+00
-1.718297367915511131e-03 -1.418502908200025558e-02 1.270404219627380371e+00
-4.855165258049964905e-03 -1.704277470707893372e-02 1.270924925804138184e+00
-3.907499369233846664e-03 -2.800384163856506348e-02 1.294483423233032227e+00
-1.969110453501343727e-03 -3.003673441708087921e-02 1.316657423973083496e+00
-2.194404136389493942e-03 -2.162902243435382843e-02 1.304310917854309082e+00
9.659109637141227722e-04 -1.658887974917888641e-02 1.282354354858398438e+00
-1.161502674221992493e-03 -2.228749170899391174e-02 1.295781612396240234e+00
-2.350747352465987206e-03 -4.128529131412506104e-02 1.311538219451904297e+00
-8.568092249333858490e-03 -4.970712959766387939e-02 1.294639110565185547e+00
-1.849271915853023529e-02 -5.685434117913246155e-02 1.233411669731140137e+00
-2.222260460257530212e-02 -5.231172218918800354e-02 1.245050549507141113e+00
-1.406121440231800079e-02 -3.749458491802215576e-02 1.287251591682434082e+00
-6.068906281143426895e-03 -3.768927603960037231e-02 1.337184906005859375e+00
-1.187421940267086029e-02 -3.071952983736991882e-02 1.375834465026855469e+00
-1.973862946033477783e-02 -4.368390142917633057e-02 1.387275218963623047e+00
-1.926762796938419342e-02 -4.447431117296218872e-02 1.323674798011779785e+00
-1.104394346475601196e-02 -3.687331452965736389e-02 1.253074169158935547e+00
5.987668409943580627e-04 -3.851312398910522461e-02 1.278573393821716309e+00
9.676318615674972534e-03 -3.732025623321533203e-02 1.288802504539489746e+00
6.851814687252044678e-04 -2.818254008889198303e-02 1.261427879333496094e+00
-6.058585830032825470e-03 -2.920416183769702911e-02 1.239755034446716309e+00
-1.680121012032032013e-02 -4.244121164083480835e-02 1.221910595893859863e+00
-2.585672028362751007e-02 -5.585432052612304688e-02 1.229886889457702637e+00
-2.384204789996147156e-02 -6.120892614126205444e-02 1.243053317070007324e+00
-1.953061111271381378e-02 -4.801850020885467529e-02 1.264904499053955078e+00
-1.305452547967433929e-02 -4.192395508289337158e-02 1.265176534652709961e+00
-8.310156874358654022e-03 -4.122188314795494080e-02 1.231673240661621094e+00
-2.529102843254804611e-03 -4.260575026273727417e-02 1.219527959823608398e+00
1.174572110176086426e-02 -5.158270895481109619e-02 1.236624002456665039e+00
1.867177709937095642e-02 -6.384252011775970459e-02 1.251681208610534668e+00
2.280283719301223755e-02 -7.077229022979736328e-02 1.258839964866638184e+00
2.005787193775177002e-02 -6.286030262708663940e-02 1.284884810447692871e+00
1.294038444757461548e-02 -5.135215818881988525e-02 1.290537953376770020e+00
1.776403933763504028e-02 -3.541458398103713989e-02 1.268253445625305176e+00
9.293711744248867035e-03 -2.019381895661354065e-02 1.255849957466125488e+00
1.117784529924392700e-02 -7.589334622025489807e-03 1.233238816261291504e+00
1.995694078505039215e-02 -4.074651282280683517e-03 1.227076411247253418e+00
3.875558078289031982e-02 -4.336494486778974533e-03 1.269532918930053711e+00
4.247305542230606079e-02 -1.499817054718732834e-02 1.246182918548583984e+00
3.127686306834220886e-02 -2.219625003635883331e-02 1.172481894493103027e+00
2.150854840874671936e-02 -3.470635414123535156e-02 1.220857501029968262e+00
5.082494579255580902e-03 -3.520546853542327881e-02 1.262657642364501953e+00
-6.357785314321517944e-04 -2.381851896643638611e-02 1.211441636085510254e+00
1.939223334193229675e-02 -1.590350270271301270e-02 1.125856280326843262e+00
2.509780973196029663e-02 -7.432855200022459030e-03 1.115803003311157227e+00
2.078926935791969299e-02 2.307349583134055138e-03 1.097710371017456055e+00
1.387271843850612640e-02 -2.870215801522135735e-03 1.091565966606140137e+00
1.139300316572189331e-02 -2.272911369800567627e-02 1.166014432907104492e+00
-1.715403748676180840e-03 -3.718380630016326904e-02 1.258864283561706543e+00
-8.562881499528884888e-03 -2.792237140238285065e-02 1.312742233276367188e+00
-1.110350154340267181e-02 -4.380797594785690308e-02 1.317025899887084961e+00
-7.977159693837165833e-03 -4.778423532843589783e-02 1.237308382987976074e+00
-3.728317329660058022e-03 -3.614306449890136719e-02 1.262016415596008301e+00
5.044795107096433640e-04 -3.308962285518646240e-02 1.268032431602478027e+00
5.599988624453544617e-03 -1.577871665358543396e-02 1.242340564727783203e+00
2.494586072862148285e-02 -3.435304854065179825e-03 1.251381397247314453e+00
2.506180480122566223e-02 -2.140643447637557983e-02 1.281937956809997559e+00
1.317062415182590485e-02 -2.502091042697429657e-02 1.352963447570800781e+00
7.412216626107692719e-03 -2.555465325713157654e-02 1.312965750694274902e+00
5.702550057321786880e-03 -2.474102750420570374e-02 1.290961503982543945e+00
-1.512672286480665207e-02 -1.193541102111339569e-02 1.261741161346435547e+00
-1.022843271493911743e-02 -1.916819997131824493e-02 1.333872556686401367e+00
-3.638862632215023041e-03 -2.394161932170391083e-02 1.350508809089660645e+00
9.339768439531326294e-04 -2.335109934210777283e-02 1.301979422569274902e+00
8.127301931381225586e-03 -3.035370446741580963e-02 1.297597408294677734e+00
1.046945061534643173e-02 -4.752847924828529358e-02 1.298178076744079590e+00
4.727220162749290466e-03 -4.840007424354553223e-02 1.305397510528564453e+00
-5.260818637907505035e-03 -3.345945850014686584e-02 1.310341238975524902e+00
-1.139433123171329498e-02 -3.278540819883346558e-02 1.305498838424682617e+00
-8.664549328386783600e-03 -4.659221321344375610e-02 1.285263895988464355e+00
-1.520338933914899826e-02 -5.100575089454650879e-02 1.281619071960449219e+00
-1.265058573335409164e-02 -3.037588857114315033e-02 1.273244142532348633e+00
-5.287465173751115799e-04 -5.734210461378097534e-02 1.309354662895202637e+00
2.857187297195196152e-03 -6.707164645195007324e-02 1.310700058937072754e+00
-9.799565188586711884e-03 -7.800669968128204346e-02 1.316926360130310059e+00
-1.485619321465492249e-02 -6.991155445575714111e-02 1.326940059661865234e+00
-2.027446776628494263e-02 -6.906031072139739990e-02 1.326743483543395996e+00
-1.513296365737915039e-02 -7.260770350694656372e-02 1.350932955741882324e+00
-3.642374183982610703e-03 -7.323292642831802368e-02 1.391913414001464844e+00
-2.693542279303073883e-03 -6.461517512798309326e-02 1.380563974380493164e+00
-6.049993913620710373e-03 -5.957763269543647766e-02 1.373998641967773438e+00
8.406594861298799515e-04 -5.536292120814323425e-02 1.382906198501586914e+00
1.556154340505599976e-02 -4.696006700396537781e-02 1.409923195838928223e+00
1.549894176423549652e-02 -4.059004783630371094e-02 1.448436975479125977e+00
6.344444118440151215e-03 -1.967829093337059021e-02 1.399325489997863770e+00
3.911273088306188583e-04 -4.008205607533454895e-02 1.381685614585876465e+00
-9.812220931053161621e-03 -5.907673761248588562e-02 1.360071182250976562e+00
-1.018304750323295593e-02 -6.216343492269515991e-02 1.398045897483825684e+00
-4.082079045474529266e-03 -5.232521891593933105e-02 1.432224512100219727e+00
-1.918673515319824219e-04 -3.331917524337768555e-02 1.462914228439331055e+00
4.838434513658285141e-03 -2.167789079248905182e-02 1.485524654388427734e+00
1.135569997131824493e-02 -3.082289732992649078e-02 1.483122110366821289e+00
4.808639641851186752e-03 -3.109983913600444794e-02 1.441147923469543457e+00
4.452903289347887039e-03 -3.264314308762550354e-02 1.441490888595581055e+00
5.382663570344448090e-03 -2.440886013209819794e-02 1.466867327690124512e+00
-1.815698109567165375e-03 -1.772769354283809662e-02 1.494177222251892090e+00
-1.025141915306448936e-03 -1.027270220220088959e-02 1.463602185249328613e+00
7.637809030711650848e-03 -1.016004825942218304e-03 1.431230902671813965e+00
2.573632169514894485e-03 -6.252279505133628845e-03 1.434015989303588867e+00
-6.624613422900438309e-03 -1.734463684260845184e-02 1.446541547775268555e+00
-1.734300516545772552e-02 -2.278120070695877075e-02 1.458525776863098145e+00
-1.464105211198329926e-02 -2.102737873792648315e-02 1.428756594657897949e+00
7.836737204343080521e-04 -1.068104151636362076e-02 1.413546323776245117e+00
7.530821952968835831e-03 6.244098767638206482e-05 1.413112044334411621e+00
8.777318522334098816e-03 8.723774924874305725e-03 1.412769675254821777e+00
9.241814725100994110e-03 5.722699686884880066e-03 1.407638311386108398e+00
4.374518524855375290e-03 1.635694410651922226e-03 1.420398473739624023e+00
5.592436064034700394e-03 -5.537795834243297577e-03 1.433226108551025391e+00
8.144439198076725006e-03 -2.816557418555021286e-03 1.435979843139648438e+00
8.736340329051017761e-03 -1.780558959580957890e-03 1.426572322845458984e+00
1.082643121480941772e-02 -4.601173102855682373e-03 1.433890700340270996e+00
1.316599827259778976e-02 -5.349232815206050873e-03 1.429182291030883789e+00
1.787697337567806244e-02 -2.213006839156150818e-03 1.426834702491760254e+00
1.975186914205551147e-02 -3.059353213757276535e-03 1.433230280876159668e+00
2.267133444547653198e-02 -3.289766144007444382e-03 1.452286958694458008e+00
2.049304358661174774e-02 -6.881595123559236526e-03 1.470561027526855469e+00
1.858622953295707703e-02 -1.094745565205812454e-02 1.467469215393066406e+00
2.210269868373870850e-02 -4.905416630208492279e-03 1.432530403137207031e+00
2.315277606248855591e-02 -3.791610710322856903e-03 1.409757494926452637e+00
1.928475499153137207e-02 -1.474371738731861115e-02 1.436221361160278320e+00
1.203251257538795471e-02 -1.921896450221538544e-02 1.435575604438781738e+00
1.323751360177993774e-02 -1.659018732607364655e-02 1.415165305137634277e+00
9.534945711493492126e-03 -1.264887396246194839e-02 1.364438772201538086e+00
1.005735248327255249e-02 -1.987208798527717590e-02 1.368401169776916504e+00
9.127154946327209473e-03 -2.073729224503040314e-02 1.400634646415710449e+00
5.624590441584587097e-03 -1.653613895177841187e-02 1.402572751045227051e+00
-1.920938491821289062e-03 -6.690220441669225693e-03 1.399930596351623535e+00
-6.689339410513639450e-03 4.699107725173234940e-03 1.391450405120849609e+00
-5.125786643475294113e-03 5.310785491019487381e-03 1.370648264884948730e+00
-4.682212602347135544e-03 8.733759634196758270e-03 1.369795799255371094e+00
-5.681241862475872040e-03 1.197592169046401978e-02 1.376606941223144531e+00
-3.156437072902917862e-03 7.870331406593322754e-03 1.356464028358459473e+00
2.207953482866287231e-03 -1.105495542287826538e-02 1.333592534065246582e+00
-5.573952570557594299e-03 -2.588045969605445862e-02 1.330911278724670410e+00
-8.528960868716239929e-03 -9.915257804095745087e-03 1.334730267524719238e+00
-1.852192729711532593e-02 -1.426679780706763268e-03 1.324591994285583496e+00
-1.898319460451602936e-02 -2.034335210919380188e-02 1.362640738487243652e+00
-1.891024783253669739e-02 -4.080217704176902771e-02 1.377636909484863281e+00
-6.637634709477424622e-03 -4.569299519062042236e-02 1.325349926948547363e+00
-6.721629761159420013e-03 -5.098602175712585449e-02 1.349370241165161133e+00
-5.354011431336402893e-03 -4.696563631296157837e-02 1.395007610321044922e+00
-3.159103915095329285e-03 -4.247751832008361816e-02 1.385500907897949219e+00
-1.366671174764633179e-03 -3.999656811356544495e-02 1.386615514755249023e+00
-5.001677200198173523e-03 -5.204157158732414246e-02 1.412552952766418457e+00
2.368874847888946533e-03 -5.869005620479583740e-02 1.424942970275878906e+00
1.839668489992618561e-03 -6.132679805159568787e-02 1.429621219635009766e+00
7.307745981961488724e-03 -7.198111712932586670e-02 1.393544554710388184e+00
6.588134914636611938e-03 -8.279640972614288330e-02 1.356641530990600586e+00
1.007423177361488342e-02 -6.707020103931427002e-02 1.381303429603576660e+00
7.952520623803138733e-03 -6.294805556535720825e-02 1.406757712364196777e+00
4.925680346786975861e-03 -5.566877126693725586e-02 1.433137893676757812e+00
3.378632012754678726e-03 -3.866296261548995972e-02 1.438708186149597168e+00
2.759960480034351349e-04 -2.277765050530433655e-02 1.426647901535034180e+00
-6.754597648978233337e-03 -2.983476594090461731e-02 1.399368166923522949e+00
-8.722455240786075592e-03 -3.934260457754135132e-02 1.399235963821411133e+00
-7.034678012132644653e-03 -4.381984472274780273e-02 1.383459687232971191e+00
-9.957013651728630066e-03 -3.972107917070388794e-02 1.420520067214965820e+00
-7.095537148416042328e-03 -3.695554658770561218e-02 1.462902665138244629e+00
3.180438652634620667e-03 -3.052441962063312531e-02 1.497599005699157715e+00
5.878249183297157288e-03 -2.561689168214797974e-02 1.492152214050292969e+00
3.055175533518195152e-03 -1.423014327883720398e-02 1.487058997154235840e+00
4.324829205870628357e-05 -1.266097929328680038e-02 1.507485985755920410e+00
-9.058777242898941040e-03 8.102739229798316956e-03 1.466856241226196289e+00
-8.552042767405509949e-03 1.557464711368083954e-02 1.457716584205627441e+00
-4.858834668993949890e-03 1.938468031585216522e-02 1.472988247871398926e+00
-4.162143450230360031e-03 1.485296338796615601e-02 1.493121147155761719e+00
-2.747918944805860519e-03 -5.146327428519725800e-03 1.520319104194641113e+00
-6.317110732197761536e-03 -1.613804697990417480e-02 1.560564279556274414e+00
-6.183387711644172668e-03 -1.864602603018283844e-02 1.569279789924621582e+00
-4.203848540782928467e-03 -2.193340845406055450e-02 1.569414734840393066e+00
-6.203920580446720123e-03 -1.781625673174858093e-02 1.534738183021545410e+00
-1.057457365095615387e-02 -1.495607104152441025e-02 1.513942480087280273e+00
-2.837372012436389923e-03 -1.411373913288116455e-02 1.523335933685302734e+00
-2.913339994847774506e-03 -6.999453064054250717e-03 1.476817488670349121e+00
-1.188114844262599945e-02 2.539930399507284164e-03 1.456090211868286133e+00
-1.507188752293586731e-02 1.363508403301239014e-02 1.405748844146728516e+00
-1.261504460126161575e-02 -1.483308710157871246e-02 1.475446224212646484e+00
-7.268416229635477066e-03 -3.442425653338432312e-02 1.534963488578796387e+00
-2.941911574453115463e-03 -1.264832913875579834e-02 1.508356928825378418e+00
-3.266666457056999207e-02 -2.147828787565231323e-02 1.558918476104736328e+00
-2.863725274801254272e-02 -2.720281295478343964e-02 1.561199307441711426e+00
-1.576856151223182678e-02 -2.316346205770969391e-02 1.531151294708251953e+00
-1.563086733222007751e-02 -1.875266991555690765e-02 1.519661188125610352e+00
-1.972134038805961609e-02 -3.011905960738658905e-02 1.508709907531738281e+00
-2.623543888330459595e-02 -2.205907180905342102e-02 1.522999763488769531e+00
-3.145780041813850403e-02 -1.539819967001676559e-02 1.524510979652404785e+00
-4.477046057581901550e-02 4.732998088002204895e-03 1.494242310523986816e+00
-2.008144930005073547e-02 2.055535325780510902e-03 1.456325888633728027e+00
-1.037504803389310837e-02 -4.952888702973723412e-04 1.432536125183105469e+00
-4.482171963900327682e-03 -3.995939041487872601e-04 1.388097882270812988e+00
1.655599474906921387e-02 5.856031086295843124e-03 1.426079750061035156e+00
1.494223531335592270e-02 1.586315454915165901e-03 1.407585859298706055e+00
4.331134725362062454e-03 -5.705984076485037804e-04 1.392282247543334961e+00
3.082939889281988144e-03 -3.156266408041119576e-03 1.412800192832946777e+00
5.879760254174470901e-03 -2.811716124415397644e-02 1.410201311111450195e+00
6.811872124671936035e-03 -3.501186892390251160e-02 1.427978157997131348e+00
9.709728881716728210e-03 -1.617931388318538666e-02 1.416932225227355957e+00
1.302766613662242889e-02 7.408096920698881149e-03 1.392309188842773438e+00
1.633023656904697418e-02 5.236340686678886414e-03 1.393133401870727539e+00
7.534508593380451202e-03 -2.014790475368499756e-02 1.416135668754577637e+00
-8.155452087521553040e-03 5.448848009109497070e-03 1.427949786186218262e+00
-1.960067078471183777e-03 1.747803762555122375e-02 1.438509583473205566e+00
-5.729767028242349625e-03 1.106448005884885788e-02 1.483194470405578613e+00
-6.587625015527009964e-03 -1.593191409483551979e-03 1.449273347854614258e+00
-6.756118033081293106e-03 5.814897362142801285e-03 1.384899139404296875e+00
-7.644545752555131912e-03 1.783220469951629639e-02 1.326469421386718750e+00
-9.091231971979141235e-03 1.721136039122939110e-03 1.323039531707763672e+00
-2.115745842456817627e-02 1.054813037626445293e-03 1.309817314147949219e+00
-2.149051241576671600e-02 1.972822006791830063e-03 1.293191432952880859e+00
-2.029475197196006775e-02 -2.025230601429939270e-02 1.290557622909545898e+00
