9.972960688173770905e-03 -1.612952165305614471e-02 9.679805636405944824e-01
6.948244292289018631e-03 -1.159207150340080261e-02 9.239450097084045410e-01
1.433547236956655979e-03 -6.767293438315391541e-03 8.704047799110412598e-01
5.571153480559587479e-03 -3.598321694880723953e-03 8.586223721504211426e-01
6.771979387849569321e-03 -7.768332492560148239e-03 8.159531354904174805e-01
6.911393138580024242e-04 -1.155263371765613556e-02 8.055681586265563965e-01
1.149956253357231617e-03 -7.473288569599390030e-03 8.534930944442749023e-01
5.408312659710645676e-03 -1.217945129610598087e-03 8.586732149124145508e-01
5.351574160158634186e-03 4.644770233426243067e-04 8.652494549751281738e-01
5.018359050154685974e-03 2.386583480983972549e-03 8.271239995956420898e-01
2.582979621365666389e-03 2.910142997279763222e-03 8.390550613403320312e-01
4.769043996930122375e-03 4.986952058970928192e-03 8.816709518432617188e-01
1.817716867662966251e-03 3.094480605795979500e-03 8.879102468490600586e-01
1.266865874640643597e-03 -8.763293735682964325e-04 8.681373596191406250e-01
2.126726321876049042e-03 8.183265890693292022e-05 8.310683369636535645e-01
2.032717311521992087e-04 -3.070231061428785324e-03 8.481997847557067871e-01
-7.869625696912407875e-04 -3.823487088084220886e-03 8.595700263977050781e-01
4.230035992804914713e-04 -5.922997370362281799e-03 8.799719214439392090e-01
2.672437112778425217e-03 -6.939638406038284302e-03 9.247824549674987793e-01
4.638215992599725723e-03 -5.015972070395946503e-03 9.387159347534179688e-01
3.026987251359969378e-04 -5.773786455392837524e-03 9.462771415710449219e-01
-8.283905917778611183e-04 -4.336369223892688751e-03 9.773968458175659180e-01
4.005211871117353439e-03 -3.527813591063022614e-03 1.026878118515014648e+00
8.468696847558021545e-03 -1.064744661562144756e-03 1.077718257904052734e+00
1.101184170693159103e-02 -1.286600017920136452e-03 1.093014359474182129e+00
1.265118550509214401e-02 -3.030966734513640404e-03 1.048890471458435059e+00
1.642658002674579620e-02 5.471232580021023750e-04 9.868106842041015625e-01
1.833394914865493774e-02 -2.696837531402707100e-03 1.019376397132873535e+00
1.542435958981513977e-02 -3.976464737206697464e-03 1.062913417816162109e+00
1.502354908734560013e-02 -3.608422353863716125e-03 1.040692567825317383e+00
1.584881357848644257e-02 -9.764140704646706581e-04 1.007104992866516113e+00
1.546037755906581879e-02 1.723751192912459373e-03 1.027240753173828125e+00
1.178193558007478714e-02 7.539397920481860638e-04 1.025036811828613281e+00
6.387826520949602127e-03 -1.621112227439880371e-03 1.007381319999694824e+00
6.128038745373487473e-03 2.039505634456872940e-03 1.019721746444702148e+00
6.435868795961141586e-03 1.842709025368094444e-03 1.046187639236450195e+00
3.868121188133955002e-03 -1.103132162825204432e-04 1.064381361007690430e+00
-7.075263187289237976e-03 -1.272674999199807644e-03 1.096202135086059570e+00
1.803047955036163330e-03 4.574386868625879288e-03 1.140989661216735840e+00
-1.650137855904176831e-04 6.911023054271936417e-03 1.204344987869262695e+00
4.828806035220623016e-03 -5.468071904033422470e-03 1.207775354385375977e+00
-2.070622140308842063e-04 -1.151804439723491669e-02 1.183436036109924316e+00
-2.310242503881454468e-03 -7.660963106900453568e-03 1.251325845718383789e+00
-6.405859719961881638e-03 -9.249817579984664917e-03 1.197073340415954590e+00
-1.052933395840227604e-03 -9.675727225840091705e-03 1.180004596710205078e+00
5.497592501342296600e-04 -1.512299850583076477e-02 1.199271202087402344e+00
-2.705130027607083321e-03 -1.382501702755689621e-02 1.157806515693664551e+00
-3.809686051681637764e-03 -1.034126896411180496e-02 1.093624949455261230e+00
-3.515974152833223343e-03 -7.172887213528156281e-03 1.052448153495788574e+00
-2.048189518973231316e-03 -6.021848879754543304e-03 1.024238586425781250e+00
-1.341053750365972519e-03 -6.245259661227464676e-03 1.019056558609008789e+00
8.532264473615214229e-05 -6.935611367225646973e-03 1.052468299865722656e+00
1.141161657869815826e-03 -1.842432073317468166e-03 1.024706244468688965e+00
1.339670503512024879e-03 -3.734203288331627846e-03 9.656381011009216309e-01
1.617750676814466715e-04 -9.908474050462245941e-03 9.793834090232849121e-01
6.855824030935764313e-04 -9.022003971040248871e-03 9.997299313545227051e-01
3.310245927423238754e-03 -8.148046210408210754e-03 9.838734269142150879e-01
5.426204297691583633e-03 -4.528662189841270447e-03 8.970031142234802246e-01
4.226591438055038452e-03 -3.602510318160057068e-03 8.023907542228698730e-01
2.443268196657299995e-03 -2.212052699178457260e-03 7.740147113800048828e-01
2.528824843466281891e-04 -5.654339678585529327e-03 8.331306576728820801e-01
2.929559908807277679e-03 -7.145921234041452408e-03 8.526098728179931641e-01
4.674008581787347794e-03 -9.210960008203983307e-03 8.681697845458984375e-01
6.176289170980453491e-03 -1.020236965268850327e-02 8.054702877998352051e-01
5.585390608757734299e-03 -1.276799943298101425e-02 7.269268035888671875e-01
1.730469870381057262e-03 -9.343322366476058960e-03 7.375875115394592285e-01
3.944786731153726578e-03 -1.179808937013149261e-02 7.505963444709777832e-01
7.463877089321613312e-03 -1.310163643211126328e-02 7.527514696121215820e-01
1.578954607248306274e-02 -1.156495604664087296e-02 7.705366611480712891e-01
2.435041964054107666e-02 -8.492976427078247070e-03 7.654893398284912109e-01
1.930533908307552338e-02 -1.080619078129529953e-02 8.363924026489257812e-01
1.619737967848777771e-02 -1.146606169641017914e-02 8.430862426757812500e-01
1.838400401175022125e-02 -1.512595731765031815e-02 8.934943079948425293e-01
2.108293212950229645e-02 -1.166726276278495789e-02 9.711064696311950684e-01
2.060641720890998840e-02 -8.365082554519176483e-03 8.827493190765380859e-01
2.259683795273303986e-02 -7.290755864232778549e-03 8.072863817214965820e-01
2.384963817894458771e-02 -6.841763388365507126e-03 8.075953722000122070e-01
2.635253220796585083e-02 -9.924072772264480591e-03 8.963969945907592773e-01
2.594667114317417145e-02 -7.955460809171199799e-03 9.239746928215026855e-01
2.549578621983528137e-02 -8.997024968266487122e-03 9.464167952537536621e-01
2.843117900192737579e-02 -7.399084046483039856e-03 9.998854994773864746e-01
3.152765706181526184e-02 -9.773194789886474609e-03 9.708088636398315430e-01
2.760609611868858337e-02 -1.035658176988363266e-02 8.871598243713378906e-01
2.906509488821029663e-02 -4.311018157750368118e-03 8.479933142662048340e-01
2.525800466537475586e-02 -2.234856365248560905e-03 8.031997680664062500e-01
2.721496485173702240e-02 -7.906123064458370209e-03 8.543872237205505371e-01
3.053526952862739563e-02 -1.184675935655832291e-02 8.492268323898315430e-01
3.505914285778999329e-02 -1.620891503989696503e-02 8.809416294097900391e-01
3.832355141639709473e-02 -9.532548487186431885e-03 9.076383709907531738e-01
5.025714635848999023e-02 -5.197102203965187073e-03 8.002523183822631836e-01
5.884366855025291443e-02 -5.385681986808776855e-03 7.163841724395751953e-01
6.719764322042465210e-02 -1.283923722803592682e-02 6.941150426864624023e-01
7.003371417522430420e-02 -9.081521071493625641e-03 6.650261282920837402e-01
6.909841299057006836e-02 -3.756378777325153351e-03 7.262349128723144531e-01
7.318035513162612915e-02 1.762016676366329193e-03 7.855892777442932129e-01
7.048021256923675537e-02 2.997825387865304947e-03 7.723188400268554688e-01
6.129458919167518616e-02 -3.649382619187235832e-03 7.576491832733154297e-01
6.236891075968742371e-02 -2.742866287007927895e-03 7.637463212013244629e-01
6.465934962034225464e-02 -4.413763526827096939e-03 8.352111577987670898e-01
6.886342912912368774e-02 -2.463692100718617439e-03 7.260905504226684570e-01
6.535112112760543823e-02 -6.000642199069261551e-03 6.703000664710998535e-01
5.270681157708168030e-02 -6.378415506333112717e-03 8.566097021102905273e-01
4.960040748119354248e-02 -8.857942186295986176e-03 9.741603732109069824e-01
4.147357121109962463e-02 1.009785290807485580e-02 9.273502826690673828e-01
3.208179399371147156e-02 -9.375834837555885315e-03 8.572196364402770996e-01
2.132528088986873627e-02 -1.346473954617977142e-02 8.695261478424072266e-01
2.766963467001914978e-02 -2.141992747783660889e-02 9.331838488578796387e-01
2.085322514176368713e-02 -2.093832567334175110e-02 1.029019117355346680e+00
1.665208302438259125e-02 -2.243443951010704041e-02 1.014625191688537598e+00
4.618716426193714142e-03 -1.996977813541889191e-02 1.060092329978942871e+00
7.341819815337657928e-03 -1.400369871407747269e-02 1.067708730697631836e+00
7.694287225604057312e-03 -3.270337590947747231e-03 1.094333529472351074e+00
7.918315939605236053e-03 -1.495112292468547821e-02 1.005930542945861816e+00
6.378496065735816956e-03 -1.135872770100831985e-02 9.854409694671630859e-01
5.591224879026412964e-03 -9.025206789374351501e-03 1.025375843048095703e+00
7.804515771567821503e-03 -9.011643938720226288e-03 1.062827229499816895e+00
1.216387841850519180e-02 -8.016225881874561310e-03 1.033677101135253906e+00
1.892191544175148010e-02 -1.032441575080156326e-02 1.013217091560363770e+00
2.140078879892826080e-02 -1.257958728820085526e-02 9.731782674789428711e-01
1.568597927689552307e-02 -1.334427949041128159e-02 9.786714911460876465e-01
9.706347249448299408e-03 -1.379607152193784714e-02 1.088705539703369141e+00
9.423230774700641632e-03 -8.433528244495391846e-03 1.113066077232360840e+00
1.040303055197000504e-02 -9.112093597650527954e-03 1.085960984230041504e+00
9.886301122605800629e-03 -1.337715610861778259e-02 1.087438941001892090e+00
1.133076008409261703e-02 -1.696111075580120087e-02 1.108103156089782715e+00
9.624066762626171112e-03 -1.343888230621814728e-02 1.099008202552795410e+00
7.214926183223724365e-03 -6.930872332304716110e-03 1.077914834022521973e+00
6.975023541599512100e-03 -5.929164122790098190e-03 1.049670577049255371e+00
5.893729161471128464e-03 -1.595404115505516529e-03 1.038025856018066406e+00
5.654545035213232040e-03 -6.212832406163215637e-03 1.054318428039550781e+00
4.628881812095642090e-03 -1.348960399627685547e-02 1.083761811256408691e+00
4.730235319584608078e-03 -1.497975084930658340e-02 1.096725821495056152e+00
6.733426358550786972e-03 -1.319537032395601273e-02 1.097917675971984863e+00
1.128924172371625900e-02 -1.181670185178518295e-02 1.078526496887207031e+00
1.277115661650896072e-02 -1.260221563279628754e-02 1.055915117263793945e+00
1.225965749472379684e-02 -1.333801168948411942e-02 1.024494290351867676e+00
1.316248998045921326e-02 -1.153848040848970413e-02 1.018719196319580078e+00
1.372583862394094467e-02 -1.189525891095399857e-02 1.048438668251037598e+00
1.258114445954561234e-02 -1.407600380480289459e-02 1.060139060020446777e+00
1.152784842997789383e-02 -1.548069249838590622e-02 1.076260685920715332e+00
1.045136526226997375e-02 -1.654669642448425293e-02 1.056632757186889648e+00
1.117925904691219330e-02 -1.935572549700737000e-02 1.035411357879638672e+00
8.468674495816230774e-03 -2.038121037185192108e-02 9.845710992813110352e-01
8.352906443178653717e-03 -2.020727284252643585e-02 9.620934128761291504e-01
6.834266707301139832e-03 -1.766559109091758728e-02 9.453858137130737305e-01
8.671713061630725861e-03 -1.755656488239765167e-02 9.571078419685363770e-01
7.693779189139604568e-03 -1.877531409263610840e-02 9.813103675842285156e-01
7.583169732242822647e-03 -1.810133270919322968e-02 9.875591397285461426e-01
7.012482732534408569e-03 -1.816923543810844421e-02 9.813901782035827637e-01
8.224943652749061584e-03 -1.572350040078163147e-02 1.006786584854125977e+00
1.021853741258382797e-02 -1.649620570242404938e-02 1.033319115638732910e+00
9.678748436272144318e-03 -1.584833301603794098e-02 1.055483698844909668e+00
8.671075105667114258e-03 -1.252908259630203247e-02 1.047299504280090332e+00
7.848461158573627472e-03 -1.473467145115137100e-02 1.054418563842773438e+00
9.979860857129096985e-03 -1.312870625406503677e-02 1.001361966133117676e+00
9.301790036261081696e-03 -1.638128049671649933e-02 9.888112545013427734e-01
8.069430477917194366e-03 -1.606188155710697174e-02 1.010084271430969238e+00
4.720769356936216354e-03 -1.100683677941560745e-02 1.028468012809753418e+00
3.365255892276763916e-03 -8.540871553122997284e-03 1.065851211547851562e+00
6.244784686714410782e-03 -3.167155664414167404e-03 1.050005793571472168e+00
6.366426125168800354e-03 -3.483916632831096649e-03 1.022941350936889648e+00
4.307150840759277344e-03 -1.764349639415740967e-03 1.034198045730590820e+00
3.793624928221106529e-03 3.305600839667022228e-04 1.042418003082275391e+00
8.465870283544063568e-03 -9.932992979884147644e-04 1.015724897384643555e+00
8.312123827636241913e-03 -4.651371855288743973e-03 1.008690834045410156e+00
7.244875654578208923e-03 -8.812869898974895477e-03 9.957165122032165527e-01
4.731481894850730896e-03 -1.069940999150276184e-02 1.007007360458374023e+00
7.759220898151397705e-03 -6.924994289875030518e-03 9.895462393760681152e-01
6.470788735896348953e-03 -2.284705638885498047e-03 9.720005989074707031e-01
5.493790376931428909e-03 -1.376588596031069756e-03 9.661460518836975098e-01
7.370278239250183105e-03 -1.405237475410103798e-03 1.006189227104187012e+00
7.882080972194671631e-03 4.940310493111610413e-03 1.010753750801086426e+00
9.307403117418289185e-03 6.761606317013502121e-03 1.007805109024047852e+00
6.663889624178409576e-03 1.273489440791308880e-03 9.858506917953491211e-01
7.109766826033592224e-03 -1.147539587691426277e-03 9.716113209724426270e-01
6.458339747041463852e-03 -3.489651251584291458e-03 1.000491023063659668e+00
7.059379480779170990e-03 -1.386763062328100204e-03 9.629335403442382812e-01
1.202041376382112503e-02 -4.157430666964501143e-04 9.140223860740661621e-01
7.699320558458566666e-03 -7.558162789791822433e-03 9.262968897819519043e-01
2.196017187088727951e-03 -1.036017108708620071e-02 9.101964235305786133e-01
2.996407449245452881e-03 -6.731422618031501770e-03 8.831319808959960938e-01
7.301297504454851151e-03 -5.616593174636363983e-03 8.408631086349487305e-01
6.787115242332220078e-03 -8.338195271790027618e-03 8.051847219467163086e-01
6.855519954115152359e-03 -1.172540523111820221e-02 8.141840100288391113e-01
7.757090032100677490e-03 -1.466870866715908051e-02 8.310140967369079590e-01
7.933668792247772217e-03 -1.060708239674568176e-02 8.737338185310363770e-01
1.300564967095851898e-02 -7.177222520112991333e-03 8.844475746154785156e-01
1.473074313253164291e-02 -4.094125702977180481e-03 8.758055567741394043e-01
1.479409169405698776e-02 -1.560902688652276993e-03 8.893333673477172852e-01
1.418119203299283981e-02 7.787062349962070584e-05 8.985339999198913574e-01
1.407673675566911697e-02 -2.399137592874467373e-04 9.345671534538269043e-01
1.140033639967441559e-02 -4.569794517010450363e-03 1.012652754783630371e+00
1.286294218152761459e-02 -7.613364141434431076e-03 1.056689262390136719e+00
1.438474468886852264e-02 -7.446185685694217682e-03 1.059457540512084961e+00
1.463584881275892258e-02 -5.493842996656894684e-03 1.027890324592590332e+00
1.311386935412883759e-02 -3.650204045698046684e-03 1.013323545455932617e+00
1.164105441421270370e-02 -3.061556257307529449e-03 1.012831449508666992e+00
1.199621893465518951e-02 -3.035087138414382935e-04 1.002565622329711914e+00
1.256018877029418945e-02 1.887636375613510609e-03 1.013177275657653809e+00
8.682675659656524658e-03 2.419936470687389374e-03 1.023221135139465332e+00
8.254059590399265289e-03 5.385942757129669189e-03 1.021584153175354004e+00
5.882669240236282349e-03 5.734764970839023590e-03 1.006971120834350586e+00
4.208799917250871658e-03 2.362509025260806084e-03 9.890871047973632812e-01
7.976687629707157612e-04 -2.582188230007886887e-03 1.013083934783935547e+00
-2.530556637793779373e-03 -2.619544975459575653e-03 1.041016936302185059e+00
-3.761803731322288513e-03 -3.825561143457889557e-03 1.060352087020874023e+00
-6.961211562156677246e-03 -3.742151893675327301e-03 1.041629433631896973e+00
-4.446766804903745651e-03 -1.136744045652449131e-03 1.023261547088623047e+00
-1.876721973530948162e-03 -1.459469203837215900e-04 1.023780107498168945e+00
-3.491250332444906235e-03 -2.843414200469851494e-03 1.074144601821899414e+00
-5.054265726357698441e-03 -3.472680982667952776e-04 1.073628902435302734e+00
-2.352913841605186462e-03 -4.657287499867379665e-04 1.099527239799499512e+00
-9.946729987859725952e-04 -1.711415243335068226e-03 1.099157214164733887e+00
-7.407881639664992690e-05 -3.225520020350813866e-03 1.060495495796203613e+00
-2.431832719594240189e-03 -3.397470572963356972e-03 1.055390477180480957e+00
-3.184121800586581230e-03 -2.435761038213968277e-03 1.093106269836425781e+00
-8.412112365476787090e-04 -2.689604181796312332e-03 1.101427793502807617e+00
-3.697492647916078568e-03 -7.047914899885654449e-03 1.107613086700439453e+00
-4.968638066202402115e-03 -7.506744936108589172e-03 1.086041212081909180e+00
-3.892253851518034935e-03 -8.436114527285099030e-03 1.108466625213623047e+00
-4.346746020019054413e-03 -8.754414506256580353e-03 1.125631809234619141e+00
1.077082852134481072e-04 -4.441480617970228195e-03 1.103093147277832031e+00
2.502326387912034988e-04 -6.682997569441795349e-03 1.055708289146423340e+00
4.685780731961131096e-04 -5.063341464847326279e-03 1.052972197532653809e+00
-2.470894716680049896e-03 -1.060987915843725204e-02 1.095793843269348145e+00
-4.833639133721590042e-03 -1.132991258054971695e-02 1.093993067741394043e+00
-2.396046416833996773e-03 -7.256535813212394714e-03 1.113230228424072266e+00
-3.407618729397654533e-03 -6.489208899438381195e-03 1.096977233886718750e+00
-5.845957202836871147e-04 -6.195909343659877777e-03 1.115697741508483887e+00
1.698279054835438728e-03 -6.152676418423652649e-03 1.154669284820556641e+00
1.291934633627533913e-03 -4.520980641245841980e-03 1.152542233467102051e+00
4.354973323643207550e-03 -2.394961193203926086e-03 1.143154382705688477e+00
4.353123251348733902e-03 -2.774974273052066565e-04 1.162100911140441895e+00
4.464858211576938629e-03 -3.298755967989563942e-03 1.181070566177368164e+00
7.150758523494005203e-03 -6.234195083379745483e-03 1.163644671440124512e+00
6.463921163231134415e-03 -8.167547173798084259e-03 1.179767012596130371e+00
4.424754064530134201e-03 -1.329965703189373016e-02 1.176541805267333984e+00
3.159106709063053131e-03 -1.189130917191505432e-02 1.176295518875122070e+00
2.847912255674600601e-03 -6.232220679521560669e-03 1.158532977104187012e+00
2.971827285364270210e-03 -5.222783889621496201e-03 1.215252041816711426e+00
4.085237625986337662e-03 -8.629841729998588562e-03 1.221433877944946289e+00
2.168963430449366570e-03 -1.008599251508712769e-02 1.255458116531372070e+00
-1.980009401449933648e-04 -4.178762901574373245e-03 1.215427517890930176e+00
2.156421774998307228e-03 -6.721776910126209259e-03 1.191066384315490723e+00
-9.007988264784216881e-04 -7.720978464931249619e-03 1.087785601615905762e+00
-8.544157259166240692e-03 -2.762480825185775757e-02 9.964921474456787109e-01
-1.325788069516420364e-02 -2.449503913521766663e-02 9.780566692352294922e-01
-1.517147198319435120e-02 -2.090042643249034882e-02 9.395291805267333984e-01
-1.252902857959270477e-02 -2.116431295871734619e-02 9.385055899620056152e-01
-1.261368393898010254e-02 -1.574946381151676178e-02 9.944102764129638672e-01
-1.198078691959381104e-02 -1.515200175344944000e-02 9.984520673751831055e-01
-1.348741259425878525e-02 -1.783826574683189392e-02 9.556784629821777344e-01
-1.887170597910881042e-02 -2.044297382235527039e-02 8.352271914482116699e-01
-1.780489273369312286e-02 -1.188484672456979752e-02 8.446687459945678711e-01
-1.545182801783084869e-02 -5.889567546546459198e-03 8.779501914978027344e-01
-6.886840332299470901e-03 -6.060141138732433319e-03 8.410629034042358398e-01
-1.660557277500629425e-02 -4.860405344516038895e-03 7.815694808959960938e-01
-2.022655308246612549e-02 8.188995416276156902e-04 8.026633262634277344e-01
-2.079867385327816010e-02 9.469251963309943676e-04 8.504427671432495117e-01
-1.954133436083793640e-02 1.916454173624515533e-03 8.886389732360839844e-01
-1.793349906802177429e-02 -9.976847795769572258e-04 8.950622081756591797e-01
-1.371201500296592712e-02 -5.642016418278217316e-03 8.464896678924560547e-01
-1.099084690213203430e-02 -2.059877384454011917e-03 8.203184604644775391e-01
-6.573673803359270096e-03 3.448047500569373369e-04 7.968254089355468750e-01
-3.142626257613301277e-03 -2.082280348986387253e-03 7.755075693130493164e-01
-9.340321412310004234e-04 -2.442060504108667374e-03 7.923756837844848633e-01
-1.959116430953145027e-03 -2.393733710050582886e-03 8.227175474166870117e-01
-3.991886507719755173e-03 -2.463361248373985291e-03 8.390097022056579590e-01
-3.157896222546696663e-03 -9.145071380771696568e-04 8.848278522491455078e-01
-4.799157846719026566e-03 -2.167693804949522018e-03 9.132686853408813477e-01
-5.801105406135320663e-03 -3.180789994075894356e-03 9.717651009559631348e-01
-4.690248984843492508e-03 -4.969816189259290695e-03 9.737529754638671875e-01
-8.779693162068724632e-04 -9.024796076118946075e-03 9.743003845214843750e-01
1.376111991703510284e-03 -1.520915515720844269e-02 1.020285964012145996e+00
4.917509853839874268e-03 -1.642142049968242645e-02 1.073284745216369629e+00
6.771622225642204285e-03 -1.305872574448585510e-02 1.093548059463500977e+00
7.984280586242675781e-03 -1.093761995434761047e-02 1.092578053474426270e+00
1.074533257633447647e-02 -8.932996541261672974e-03 1.106154441833496094e+00
1.141458284109830856e-02 -5.429933778941631317e-03 1.112743258476257324e+00
1.090803369879722595e-02 -7.179817184805870056e-03 1.071166634559631348e+00
1.138249412178993225e-02 -9.666902013123035431e-03 1.042929172515869141e+00
1.136784441769123077e-02 -6.530258804559707642e-03 1.035977482795715332e+00
1.010097377002239227e-02 -6.874111481010913849e-03 1.106509923934936523e+00
7.497050333768129349e-03 -6.925762165337800980e-03 1.093937754631042480e+00
9.903453290462493896e-03 -7.120617199689149857e-03 1.070731282234191895e+00
1.063699927181005478e-02 -2.280569868162274361e-03 1.075775861740112305e+00
9.522873908281326294e-03 1.298632938414812088e-03 1.052533149719238281e+00
8.163491263985633850e-03 1.141800894401967525e-03 1.069335579872131348e+00
5.673914682120084763e-03 -3.107493743300437927e-03 1.114240050315856934e+00
7.512233220040798187e-03 -5.762879736721515656e-03 1.094312548637390137e+00
8.851525373756885529e-03 -9.832117706537246704e-03 1.107873439788818359e+00
6.150100845843553543e-03 -1.393932197242975235e-02 1.127148985862731934e+00
5.369234830141067505e-03 -9.891924448311328888e-03 1.097636699676513672e+00
3.898068331182003021e-03 -7.559366058558225632e-03 1.095589995384216309e+00
2.489051083102822304e-03 -7.759256754070520401e-03 1.124304890632629395e+00
3.373158688191324472e-04 -1.264170650392770767e-02 1.110381484031677246e+00
-1.638448447920382023e-03 -1.248914562165737152e-02 1.073896408081054688e+00
5.717556923627853394e-04 -8.877143263816833496e-03 1.015912055969238281e+00
4.175127483904361725e-03 -3.985967021435499191e-03 9.764509797096252441e-01
5.734616424888372421e-03 -1.999967731535434723e-03 9.650589823722839355e-01
7.766822353005409241e-03 -4.034200683236122131e-03 9.685838222503662109e-01
1.131426170468330383e-02 -5.867228377610445023e-03 9.864426851272583008e-01
1.023119874298572540e-02 -8.588491939008235931e-03 1.019633173942565918e+00
1.032531540840864182e-02 -9.312162175774574280e-03 1.024572730064392090e+00
7.965426892042160034e-03 -1.392950117588043213e-02 1.035697340965270996e+00
7.277118507772684097e-03 -1.792956888675689697e-02 1.055307149887084961e+00
7.821649312973022461e-03 -1.806315779685974121e-02 1.078225612640380859e+00
7.333187852054834366e-03 -1.419030688703060150e-02 1.074892640113830566e+00
1.012025866657495499e-02 -1.216050982475280762e-02 1.062392354011535645e+00
1.019045058637857437e-02 -1.265887543559074402e-02 1.034930467605590820e+00
8.203675970435142517e-03 -1.242068223655223846e-02 1.012911200523376465e+00
8.830798789858818054e-03 -1.456694025546312332e-02 1.035739421844482422e+00
9.337959811091423035e-03 -1.745661161839962006e-02 1.071147322654724121e+00
1.008046697825193405e-02 -1.584169641137123108e-02 1.088354825973510742e+00
1.154914312064647675e-02 -1.116948947310447693e-02 1.085490226745605469e+00
1.202102098613977432e-02 -6.111219059675931931e-03 1.078732490539550781e+00
1.098815910518169403e-02 -1.028268784284591675e-02 1.063656210899353027e+00
1.255377009510993958e-02 -1.348784938454627991e-02 1.050920128822326660e+00
1.426792237907648087e-02 -1.227728556841611862e-02 1.033416032791137695e+00
1.571225374937057495e-02 -1.093301456421613693e-02 1.016739845275878906e+00
1.368063595145940781e-02 -9.364394471049308777e-03 1.027486205101013184e+00
1.073603890836238861e-02 -9.008009918034076691e-03 1.036755800247192383e+00
1.016396936029195786e-02 -6.872958038002252579e-03 1.008598208427429199e+00
9.416098706424236298e-03 -3.931043669581413269e-03 9.488586783409118652e-01
9.550000540912151337e-03 -5.084491334855556488e-03 9.126974344253540039e-01
1.245559379458427429e-02 -5.609936080873012543e-03 9.022774696350097656e-01
1.118267886340618134e-02 -6.888084113597869873e-03 9.725573062896728516e-01
1.163937058299779892e-02 -6.522407755255699158e-03 9.848627448081970215e-01
1.441679615527391434e-02 -6.225303746759891510e-03 1.017374157905578613e+00
1.505173277109861374e-02 -4.082713276147842407e-03 1.038823485374450684e+00
1.448478735983371735e-02 6.091254763305187225e-04 1.028227925300598145e+00
1.271280180662870407e-02 1.065520918928086758e-03 9.769537448883056641e-01
1.243448257446289062e-02 -3.543456783518195152e-03 9.312275648117065430e-01
6.332857534289360046e-03 -1.268166024237871170e-02 9.381659030914306641e-01
8.223308250308036804e-03 -1.466602366417646408e-02 9.708634614944458008e-01
9.140586480498313904e-03 -1.449146401137113571e-02 1.008123397827148438e+00
8.119201287627220154e-03 -2.041774056851863861e-02 1.097859382629394531e+00
1.120675168931484222e-02 -1.990844309329986572e-02 1.142233490943908691e+00
1.269828807562589645e-02 -1.497881487011909485e-02 1.132078051567077637e+00
1.285845600068569183e-02 -1.251112669706344604e-02 1.140475511550903320e+00
1.483868900686502457e-02 -1.212913449853658676e-02 1.092428565025329590e+00
1.969209499657154083e-02 -1.065349020063877106e-02 1.046409845352172852e+00
2.013554796576499939e-02 -1.304456219077110291e-02 1.030867815017700195e+00
2.018335647881031036e-02 -1.299158576875925064e-02 1.060629487037658691e+00
1.884657703340053558e-02 -1.486395578831434250e-02 1.083763480186462402e+00
1.516490429639816284e-02 -1.677601784467697144e-02 1.087786197662353516e+00
1.521437522023916245e-02 -1.853358373045921326e-02 1.107225060462951660e+00
1.529075019061565399e-02 -1.608730666339397430e-02 1.121518373489379883e+00
1.268777251243591309e-02 -1.704555191099643707e-02 1.096920013427734375e+00
1.332976762205362320e-02 -1.613934524357318878e-02 1.074990987777709961e+00
1.361069269478321075e-02 -9.920013137161731720e-03 1.071609854698181152e+00
1.284359116107225418e-02 -6.437702104449272156e-03 1.083918094635009766e+00
1.276081614196300507e-02 -1.061500702053308487e-02 1.084746360778808594e+00
1.489983033388853073e-02 -1.117016002535820007e-02 1.077718019485473633e+00
1.397860422730445862e-02 -9.496738202869892120e-03 1.052579522132873535e+00
1.041704509407281876e-02 -1.270407065749168396e-02 1.065155506134033203e+00
8.360395208001136780e-03 -1.775106601417064667e-02 1.035965323448181152e+00
7.866950705647468567e-03 -1.592913269996643066e-02 1.053182482719421387e+00
7.948402315378189087e-03 -7.901009172201156616e-03 1.074760913848876953e+00
1.060944143682718277e-02 -5.067778751254081726e-03 1.106324195861816406e+00
1.371774077415466309e-02 -9.713449515402317047e-03 1.107872724533081055e+00
1.459155790507793427e-02 -1.341284159570932388e-02 1.103581070899963379e+00
1.366737112402915955e-02 -1.439552567899227142e-02 1.108253359794616699e+00
1.327967084944248199e-02 -1.291165594011545181e-02 1.115236282348632812e+00
1.070257555693387985e-02 -1.155843865126371384e-02 1.144697427749633789e+00
9.428524412214756012e-03 -1.524588465690612793e-02 1.171270132064819336e+00
1.178290043026208878e-02 -1.895245723426342010e-02 1.110377550125122070e+00
1.157287601381540298e-02 -2.175289765000343323e-02 1.084802389144897461e+00
7.838036864995956421e-03 -2.570696733891963959e-02 1.095126032829284668e+00
3.211000235751271248e-03 -2.191097848117351532e-02 1.084449887275695801e+00
4.151478875428438187e-03 -1.269311085343360901e-02 1.080763101577758789e+00
7.210559677332639694e-03 -1.168426033109426498e-02 1.084792852401733398e+00
8.000433444976806641e-03 -1.588203385472297668e-02 1.072834849357604980e+00
8.502911776304244995e-03 -1.786857657134532928e-02 1.055384397506713867e+00
4.711266607046127319e-03 -2.123635075986385345e-02 1.058729887008666992e+00
3.070356789976358414e-03 -2.216355502605438232e-02 1.065774083137512207e+00
5.779955536127090454e-03 -2.144801430404186249e-02 1.100288748741149902e+00
8.251788094639778137e-03 -2.260722592473030090e-02 1.135128259658813477e+00
9.725639596581459045e-03 -2.398110926151275635e-02 1.151817679405212402e+00
1.100064814090728760e-02 -2.743327431380748749e-02 1.151782989501953125e+00
1.552116498351097107e-02 -2.701315656304359436e-02 1.150824427604675293e+00
1.556473970413208008e-02 -2.470773085951805115e-02 1.168495059013366699e+00
1.695235632359981537e-02 -2.283794432878494263e-02 1.158664226531982422e+00
1.717941649258136749e-02 -2.117290720343589783e-02 1.122277498245239258e+00
2.110798284411430359e-02 -2.196101658046245575e-02 1.055574536323547363e+00
1.789908669888973236e-02 -1.550179067999124527e-02 1.058981418609619141e+00
1.509119197726249695e-02 -9.362274780869483948e-03 1.078256249427795410e+00
1.387662068009376526e-02 -8.052239194512367249e-03 1.084120869636535645e+00
1.244658883661031723e-02 -8.321986533701419830e-03 1.137196779251098633e+00
9.003361687064170837e-03 -5.811092909425497055e-03 1.114452838897705078e+00
-2.138204406946897507e-03 -1.301724743098020554e-02 1.070217847824096680e+00
-2.000589389353990555e-03 2.660281956195831299e-03 1.070815682411193848e+00
-5.331518594175577164e-03 -1.419702079147100449e-02 9.903454780578613281e-01
-1.061625219881534576e-02 -2.270700410008430481e-02 1.044282317161560059e+00
-6.852649152278900146e-03 -2.963308431208133698e-02 1.103806257247924805e+00
-4.685291554778814316e-03 -2.333930134773254395e-02 1.057840943336486816e+00
1.526779262349009514e-03 -1.923978887498378754e-02 1.035698175430297852e+00
2.216761233285069466e-03 -1.537288911640644073e-02 1.013793945312500000e+00
-8.536124369129538536e-04 -1.579314470291137695e-02 1.035207748413085938e+00
-2.946764929220080376e-03 -2.268611080944538116e-02 1.016360402107238770e+00
-2.221029251813888550e-03 -2.553391829133033752e-02 1.006973266601562500e+00
-2.316584810614585876e-03 -2.539388462901115417e-02 1.069973826408386230e+00
-2.100831130519509315e-03 -2.253385074436664581e-02 1.091892123222351074e+00
-4.606133326888084412e-03 -2.572570927441120148e-02 1.028074502944946289e+00
-8.675062097609043121e-03 -2.968788333237171173e-02 9.762562513351440430e-01
-8.525527082383632660e-03 -3.089934773743152618e-02 9.221556782722473145e-01
-1.004547253251075745e-02 -2.881250716745853424e-02 9.027800559997558594e-01
-6.703111808747053146e-03 -3.243450075387954712e-02 8.864442706108093262e-01
6.450705695897340775e-03 -2.214198373258113861e-02 9.258478879928588867e-01
1.532400026917457581e-02 -6.971011869609355927e-03 1.012712955474853516e+00
1.275339350104331970e-02 -6.777029018849134445e-03 1.025471091270446777e+00
7.140568923205137253e-03 -1.155856531113386154e-02 1.048897981643676758e+00
5.804062820971012115e-03 -1.352163031697273254e-02 1.080583691596984863e+00
4.717662464827299118e-03 -1.748403161764144897e-02 1.071163535118103027e+00
2.831181511282920837e-03 -1.615710183978080750e-02 1.078122735023498535e+00
6.235416978597640991e-03 -1.286362484097480774e-02 1.115534186363220215e+00
5.269691813737154007e-03 -1.086249109357595444e-02 1.136712074279785156e+00
-1.517832395620644093e-03 -8.723225444555282593e-03 1.086810827255249023e+00
-4.620332270860671997e-03 -1.233544852584600449e-02 1.055439114570617676e+00
-1.418568077497184277e-03 -1.428597513586282730e-02 9.996498823165893555e-01
5.955581087619066238e-03 -6.361620966345071793e-03 9.660912156105041504e-01
8.584173396229743958e-03 -1.066150702536106110e-02 1.035454988479614258e+00
7.426354102790355682e-03 -1.460267882794141769e-02 1.069629549980163574e+00
8.509804494678974152e-03 -4.789030179381370544e-03 1.052232742309570312e+00
1.131573598831892014e-02 2.655518008396029472e-03 1.043878555297851562e+00
1.446120813488960266e-02 -3.649404738098382950e-03 1.021526575088500977e+00
2.002238854765892029e-02 -1.182653196156024933e-02 1.010684132575988770e+00
1.850225590169429779e-02 -1.176281087100505829e-02 9.785594344139099121e-01
2.046173252165317535e-02 -1.179123390465974808e-02 9.488693475723266602e-01
1.862427219748497009e-02 -1.441817916929721832e-02 9.226273298263549805e-01
1.663405261933803558e-02 -1.434747595340013504e-02 9.279810190200805664e-01
1.454104576259851456e-02 -1.264769490808248520e-02 9.927940368652343750e-01
1.053927838802337646e-02 -1.149936392903327942e-02 1.035852432250976562e+00
6.038058083504438400e-03 -1.212122477591037750e-02 1.060699343681335449e+00
4.499024711549282074e-03 -1.374794356524944305e-02 1.074458003044128418e+00
7.012428250163793564e-03 -1.415459346026182175e-02 1.056643605232238770e+00
6.298214662820100784e-03 -1.555298361927270889e-02 9.846932888031005859e-01
8.113959804177284241e-03 -1.508755423128604889e-02 9.211424589157104492e-01
1.039864681661128998e-02 -1.402373053133487701e-02 8.349524736404418945e-01
1.077564619481563568e-02 -1.107473950833082199e-02 8.412587046623229980e-01
1.208421587944030762e-02 -9.540105238556861877e-03 9.016398191452026367e-01
1.361693814396858215e-02 -9.689667262136936188e-03 9.446432590484619141e-01
1.638070866465568542e-02 -1.122240629047155380e-02 9.840068817138671875e-01
1.861291565001010895e-02 -1.201332360506057739e-02 9.897173643112182617e-01
1.924965344369411469e-02 -1.099785510450601578e-02 9.962514042854309082e-01
1.952750049531459808e-02 -1.176014170050621033e-02 1.012684822082519531e+00
2.006096579134464264e-02 -1.391484029591083527e-02 1.036075353622436523e+00
2.298331260681152344e-02 -7.718666456639766693e-03 1.043356776237487793e+00
1.956812478601932526e-02 -6.737012881785631180e-03 9.993190169334411621e-01
1.920739747583866119e-02 -1.301774010062217712e-02 9.695521593093872070e-01
1.284707151353359222e-02 -2.228799089789390564e-02 9.659898281097412109e-01
1.239186618477106094e-02 -2.391543611884117126e-02 9.466469883918762207e-01
8.226742036640644073e-03 -1.160107553005218506e-02 1.015205860137939453e+00
7.951186038553714752e-03 -7.111142855137586594e-03 1.016161203384399414e+00
1.360989548265933990e-02 -1.251039281487464905e-02 9.509032368659973145e-01
1.594458147883415222e-02 -5.525122862309217453e-03 9.178022742271423340e-01
2.286407351493835449e-02 -7.816739380359649658e-03 9.488569498062133789e-01
2.358714863657951355e-02 -7.703809998929500580e-03 9.505518078804016113e-01
2.323453314602375031e-02 -5.886150989681482315e-03 9.623439908027648926e-01
2.024852484464645386e-02 -8.697588928043842316e-03 9.902077317237854004e-01
1.920600794255733490e-02 -1.297605875879526138e-02 9.967412352561950684e-01
1.889086142182350159e-02 -1.726388186216354370e-02 1.044885754585266113e+00
2.126620337367057800e-02 -1.730525866150856018e-02 1.035231471061706543e+00
1.737939007580280304e-02 -1.394368708133697510e-02 1.058773636817932129e+00
1.526056509464979172e-02 -1.185712125152349472e-02 1.034798622131347656e+00
1.678611151874065399e-02 -1.528101786971092224e-02 1.021668314933776855e+00
1.193348504602909088e-02 -1.839276961982250214e-02 1.045840382575988770e+00
9.259667247533798218e-03 -1.897004619240760803e-02 1.069603323936462402e+00
1.002343185245990753e-02 -1.727804914116859436e-02 1.094611525535583496e+00
1.204638555645942688e-02 -1.450768392533063889e-02 1.100110530853271484e+00
1.236030366271734238e-02 -1.152746193110942841e-02 1.085780262947082520e+00
1.494146231561899185e-02 -1.076285820454359055e-02 1.069960951805114746e+00
1.410936936736106873e-02 -1.113303005695343018e-02 1.058245778083801270e+00
1.267767138779163361e-02 -1.396472845226526260e-02 1.050307631492614746e+00
1.266264449805021286e-02 -1.453432347625494003e-02 1.025129556655883789e+00
1.251856982707977295e-02 -1.407505851238965988e-02 1.032479643821716309e+00
7.791572716087102890e-03 -1.602203026413917542e-02 1.115592479705810547e+00
5.027887411415576935e-03 -1.741001009941101074e-02 1.089057683944702148e+00
4.995408933609724045e-03 -2.002472802996635437e-02 1.021674633026123047e+00
2.248001750558614731e-03 -1.594871468842029572e-02 9.522590637207031250e-01
8.978929370641708374e-03 -1.568278297781944275e-02 9.777262210845947266e-01
8.659043349325656891e-03 -1.976890116930007935e-02 1.019660115242004395e+00
6.156974006444215775e-03 -1.742483116686344147e-02 9.528050422668457031e-01
7.102161180227994919e-03 -1.487401314079761505e-02 9.339063167572021484e-01
3.564422717317938805e-03 -1.227401476353406906e-02 9.388039112091064453e-01
1.515408395789563656e-03 -9.248881600797176361e-03 9.474488496780395508e-01
1.301087439060211182e-03 -1.096846908330917358e-02 9.789137244224548340e-01
1.109110657125711441e-03 -1.272312738001346588e-02 9.906289577484130859e-01
2.969761611893773079e-03 -1.045561861246824265e-02 9.441487193107604980e-01
1.406336319632828236e-03 -8.793971501290798187e-03 8.944482207298278809e-01
3.175032557919621468e-03 -8.385683409869670868e-03 9.055943489074707031e-01
7.737751118838787079e-03 -6.521590519696474075e-03 8.493932485580444336e-01
3.631945699453353882e-03 -9.962755255401134491e-03 8.950057625770568848e-01
4.175216890871524811e-03 -1.042378228157758713e-02 9.160793423652648926e-01
5.497172009199857712e-03 -7.948343642055988312e-03 8.858599662780761719e-01
6.430622655898332596e-03 -9.300753474235534668e-03 8.978788852691650391e-01
7.248838432133197784e-03 -1.255967281758785248e-02 9.076422452926635742e-01
6.861610338091850281e-03 -8.975000120699405670e-03 8.597987890243530273e-01
4.199991934001445770e-03 -1.059725787490606308e-02 8.424910902976989746e-01
3.970394376665353775e-03 -1.207969710230827332e-02 8.496803045272827148e-01
4.449689295142889023e-03 -1.111723482608795166e-02 8.581355810165405273e-01
5.588279571384191513e-03 -1.143768522888422012e-02 8.560369610786437988e-01
8.850775659084320068e-03 -1.083725690841674805e-02 8.758267164230346680e-01
9.822989813983440399e-03 -1.105978526175022125e-02 8.812360167503356934e-01
8.042613975703716278e-03 -1.334278192371129990e-02 9.449160695075988770e-01
1.029266323894262314e-02 -1.264246180653572083e-02 9.842975139617919922e-01
1.321712229400873184e-02 -1.229410152882337570e-02 9.940744042396545410e-01
1.307112351059913635e-02 -1.172428205609321594e-02 9.265415072441101074e-01
1.711606234312057495e-02 -9.476721286773681641e-03 8.933624625205993652e-01
1.883167587220668793e-02 -1.024733856320381165e-02 8.608292341232299805e-01
1.745970919728279114e-02 -8.232668042182922363e-03 8.171847462654113770e-01
1.560051832348108292e-02 -6.030245218425989151e-03 7.878854274749755859e-01
1.389877405017614365e-02 -6.394842173904180527e-03 7.691701054573059082e-01
1.252085622400045395e-02 -8.867577649652957916e-03 7.598237395286560059e-01
1.333786733448505402e-02 -9.768233634531497955e-03 7.554224133491516113e-01
1.456984691321849823e-02 -1.045894995331764221e-02 7.422242760658264160e-01
1.529708318412303925e-02 -1.294404920190572739e-02 7.421782016754150391e-01
1.247814297676086426e-02 -1.519538834691047668e-02 7.800521254539489746e-01
9.864358231425285339e-03 -1.766005717217922211e-02 8.100553750991821289e-01
6.316853221505880356e-03 -1.836529187858104706e-02 8.426591753959655762e-01
6.368748843669891357e-03 -1.524499244987964630e-02 8.698379397392272949e-01
6.366200745105743408e-03 -1.117403525859117508e-02 8.868288993835449219e-01
5.658027715981006622e-03 -6.866006646305322647e-03 8.858903646469116211e-01
3.371613798663020134e-03 -1.132830884307622910e-02 8.943649530410766602e-01
2.530249767005443573e-03 -2.025422081351280212e-02 9.842106699943542480e-01
-3.267475636675953865e-03 -7.085124030709266663e-03 9.601721167564392090e-01
-8.350817486643791199e-03 -3.497999906539916992e-02 8.870041966438293457e-01
2.722979406826198101e-04 -2.196178585290908813e-02 8.336751461029052734e-01
4.853469785302877426e-03 -1.775833033025264740e-02 9.990258216857910156e-01
1.203491818159818649e-03 -1.980818994343280792e-02 1.003616571426391602e+00
-3.350946353748440742e-04 -1.994528248906135559e-02 1.005324125289916992e+00
-4.600604064762592316e-03 -1.795323751866817474e-02 1.039870619773864746e+00
1.922740484587848186e-04 -1.658749766647815704e-02 1.083488225936889648e+00
-5.670365644618868828e-04 -2.065523900091648102e-02 1.118038177490234375e+00
1.148996292613446712e-03 -2.415381744503974915e-02 1.124688506126403809e+00
4.174530971795320511e-03 -2.540940418839454651e-02 1.097308158874511719e+00
-5.755988415330648422e-03 -2.603570185601711273e-02 1.101904988288879395e+00
-1.151818688958883286e-02 -2.310873754322528839e-02 1.051554799079895020e+00
-1.627143705263733864e-03 -2.232581935822963715e-02 9.700866937637329102e-01
1.333402097225189209e-02 -2.080519683659076691e-02 1.013381719589233398e+00
1.381552778184413910e-02 -3.413338959217071533e-02 1.101759195327758789e+00
9.301417507231235504e-03 -3.311820700764656067e-02 1.096459150314331055e+00
8.231366053223609924e-03 -2.793247252702713013e-02 1.038396716117858887e+00
1.185043598525226116e-03 -2.628645300865173340e-02 1.025146484375000000e+00
-3.056384855881333351e-03 -2.900076285004615784e-02 1.021522521972656250e+00
-3.188448492437601089e-03 -3.073064237833023071e-02 9.779084920883178711e-01
-1.392726553604006767e-03 -2.772840112447738647e-02 9.756267666816711426e-01
-4.288153722882270813e-03 -2.639377489686012268e-02 1.023208856582641602e+00
-5.327518563717603683e-03 -2.729292958974838257e-02 1.052372097969055176e+00
-8.766351267695426941e-03 -3.152415156364440918e-02 1.076368808746337891e+00
-6.158359814435243607e-03 -3.062733076512813568e-02 1.079727768898010254e+00
-6.316854152828454971e-03 -2.945276349782943726e-02 9.901435971260070801e-01
-8.099480532109737396e-03 -2.439145371317863464e-02 1.020161032676696777e+00
-8.822266943752765656e-03 -2.545111626386642456e-02 9.872635602951049805e-01
-1.125919353216886520e-02 -2.333710342645645142e-02 9.477972388267517090e-01
-5.181672517210245132e-03 -2.431267872452735901e-02 1.025143504142761230e+00
-4.967296263203024864e-04 -5.426216404885053635e-03 9.911798238754272461e-01
5.664671305567026138e-03 -2.062418498098850250e-03 1.022535681724548340e+00
1.621052622795104980e-02 2.056471258401870728e-02 1.087839603424072266e+00
9.022613056004047394e-03 1.925268769264221191e-02 1.096061825752258301e+00
2.762702526524662971e-03 -1.691401936113834381e-02 1.006935596466064453e+00
-1.753852702677249908e-03 -1.623969338834285736e-02 9.669611454010009766e-01
-1.328225363977253437e-03 -1.442309655249118805e-02 9.371292591094970703e-01
2.902478910982608795e-03 -1.366639230400323868e-02 9.375302195549011230e-01
-3.441041917540132999e-04 -1.657512411475181580e-02 9.582450389862060547e-01
3.457499668002128601e-03 -1.346850767731666565e-02 9.807261228561401367e-01
1.238812506198883057e-02 -1.260972861200571060e-02 9.739980697631835938e-01
-5.437466315925121307e-03 -1.148231793195009232e-02 8.258601427078247070e-01
-1.633979496546089649e-03 -1.253206748515367508e-02 9.109320640563964844e-01
-9.258669801056385040e-03 -7.076273206621408463e-03 9.970708489418029785e-01
-1.254085265100002289e-02 -1.127324812114238739e-02 1.107905745506286621e+00
-7.659272756427526474e-03 -2.253464609384536743e-02 1.111531615257263184e+00
-7.937404327094554901e-03 -2.584669552743434906e-02 1.087054491043090820e+00
-1.252812147140502930e-02 -2.550819702446460724e-02 1.128056049346923828e+00
-1.550045609474182129e-02 -2.477451041340827942e-02 1.143320679664611816e+00
-1.161028351634740829e-02 -1.412984076887369156e-02 1.112900495529174805e+00
4.085537511855363846e-03 -7.592120207846164703e-03 1.112483978271484375e+00
2.046176930889487267e-03 -1.332513056695461273e-03 1.072889208793640137e+00
2.404982689768075943e-03 -9.928922168910503387e-03 8.960196971893310547e-01
3.858487121760845184e-03 -1.031657028943300247e-02 9.216232299804687500e-01
5.878873169422149658e-03 -1.103260833770036697e-02 9.316055774688720703e-01
6.408203858882188797e-03 -1.284107379615306854e-02 9.507549405097961426e-01
4.530510865151882172e-03 -1.426724251359701157e-02 9.817668199539184570e-01
5.303438287228345871e-03 -1.549817342311143875e-02 1.026124596595764160e+00
1.115811290219426155e-03 -1.589580066502094269e-02 1.078132152557373047e+00
1.006152387708425522e-02 -1.380139309912919998e-02 1.114156246185302734e+00
4.586565773934125900e-03 1.227343687787652016e-03 1.067484259605407715e+00
1.467016991227865219e-03 -1.109173242002725601e-02 1.065271735191345215e+00
3.635957837104797363e-03 -2.304911240935325623e-02 1.004834532737731934e+00
-7.702705450356006622e-03 -2.700033783912658691e-02 1.040612936019897461e+00
-7.559504359960556030e-03 -3.164710476994514465e-02 1.065177559852600098e+00
-6.633864250034093857e-03 -2.132712677121162415e-02 1.097757935523986816e+00
-1.006774511188268661e-02 -1.878019236028194427e-02 1.141528248786926270e+00
-6.900196429342031479e-03 -2.591330185532569885e-02 1.100270986557006836e+00
-1.165779493749141693e-02 -2.732190303504467010e-02 1.120434165000915527e+00
-2.047788910567760468e-02 -2.735284715890884399e-02 1.138320207595825195e+00
-2.128856442868709564e-02 -2.606989070773124695e-02 1.077989459037780762e+00
-1.781529560685157776e-02 -3.429299220442771912e-02 9.656138420104980469e-01
-8.714770898222923279e-03 -2.774457260966300964e-02 8.626398444175720215e-01
-1.154264714568853378e-02 -2.401461638510227203e-02 8.834232091903686523e-01
-1.944966800510883331e-02 -2.196058444678783417e-02 9.188176393508911133e-01
-2.974573522806167603e-02 -2.460947260260581970e-02 9.247612953186035156e-01
-2.043025009334087372e-02 -1.389322616159915924e-02 8.600473403930664062e-01
-2.010581642389297485e-02 -1.034983806312084198e-02 7.751185894012451172e-01
-2.146172523498535156e-02 -1.510413456708192825e-02 8.266410827636718750e-01
-1.605817489326000214e-02 -2.201429195702075958e-02 7.997615337371826172e-01
-1.962654665112495422e-02 -2.715665847063064575e-02 7.690578103065490723e-01
-1.007078215479850769e-03 2.330702263861894608e-03 8.183488845825195312e-01
4.769913794007152319e-04 5.604418925940990448e-03 7.515988945960998535e-01
-6.581991910934448242e-03 -2.431584434816613793e-04 7.716456651687622070e-01
-7.595868781208992004e-03 -4.576215986162424088e-03 8.357959389686584473e-01
-4.608690273016691208e-03 -7.342214696109294891e-03 8.266192078590393066e-01
-3.552386770024895668e-03 -9.935870766639709473e-03 7.995501160621643066e-01
9.176784806186333299e-05 -9.017201140522956848e-03 7.965850830078125000e-01
3.494075033813714981e-03 -5.971335805952548981e-03 8.021777868270874023e-01
2.938653808087110519e-03 -3.626710269600152969e-03 8.450995087623596191e-01
4.425728693604469299e-03 -2.487457590177655220e-03 9.253571629524230957e-01
4.801835399121046066e-03 -1.708242809399962425e-03 9.423609972000122070e-01
-7.666641846299171448e-03 -3.759365528821945190e-03 9.936636686325073242e-01
1.486697979271411896e-02 -8.868563920259475708e-03 1.072546601295471191e+00
2.803067490458488464e-02 3.558932570740580559e-03 1.000622034072875977e+00
3.060945309698581696e-02 1.453828066587448120e-02 9.462132453918457031e-01
2.011813037097454071e-02 2.368467487394809723e-02 9.115828871726989746e-01
8.625704795122146606e-03 1.241709664463996887e-02 8.070098161697387695e-01
7.207094226032495499e-03 -1.647319528274238110e-03 7.944510579109191895e-01
3.559527976904064417e-04 -5.131585057824850082e-03 7.732535004615783691e-01
-2.169673796743154526e-03 -7.972665131092071533e-03 7.513110041618347168e-01
-3.730855649337172508e-03 -1.265729870647192001e-02 7.751253247261047363e-01
-4.754674155265092850e-03 -1.676045916974544525e-02 8.397471308708190918e-01
-3.574725473299622536e-03 -2.183629386126995087e-02 8.881508111953735352e-01
7.629874016856774688e-05 -2.560227364301681519e-02 9.576487541198730469e-01
4.649961832910776138e-03 -2.202600426971912384e-02 9.653497338294982910e-01
7.193250581622123718e-03 -1.990225538611412048e-02 9.695603251457214355e-01
5.121135152876377106e-03 -1.768712885677814484e-02 1.009937763214111328e+00
8.897324092686176300e-03 -1.117351558059453964e-02 1.000503778457641602e+00
3.301123902201652527e-02 3.157766535878181458e-03 9.930835366249084473e-01
3.834278136491775513e-02 7.400217466056346893e-03 9.661922454833984375e-01
1.793766207993030548e-02 6.221518386155366898e-03 1.004726529121398926e+00
9.693437255918979645e-03 1.916298642754554749e-02 9.705892205238342285e-01
3.035187022760510445e-03 6.923306733369827271e-03 9.733846187591552734e-01
9.751874022185802460e-03 1.434866338968276978e-03 9.602232575416564941e-01
1.205452252179384232e-02 -4.133208654820919037e-03 9.045471549034118652e-01
1.070169080048799515e-02 6.920432788319885731e-04 8.565751314163208008e-01
3.156421473249793053e-03 2.841329900547862053e-03 8.192372918128967285e-01
-2.681156387552618980e-03 -1.806978834792971611e-03 7.899486422538757324e-01
-4.072241950780153275e-03 -4.003535024821758270e-03 7.743394970893859863e-01
-1.876714290119707584e-03 -5.044604651629924774e-03 8.116710186004638672e-01
-1.296648755669593811e-03 -8.732434362173080444e-03 8.765363693237304688e-01
4.144199483562260866e-04 -9.013433940708637238e-03 9.032060503959655762e-01
1.711918623186647892e-03 -9.973939508199691772e-03 9.171413183212280273e-01
1.356665394268929958e-03 -1.515989936888217926e-02 9.531812667846679688e-01
3.805951215326786041e-03 -1.144513394683599472e-02 9.539252519607543945e-01
6.925033871084451675e-03 -7.138729561120271683e-03 9.717410206794738770e-01
7.142357062548398972e-03 -9.696484543383121490e-03 1.020214676856994629e+00
6.514012813568115234e-03 -1.538573205471038818e-02 1.040072917938232422e+00
6.471673026680946350e-03 -1.589867658913135529e-02 1.139041423797607422e+00
9.942722506821155548e-03 -3.143125399947166443e-02 1.144190311431884766e+00
7.484322413802146912e-03 -2.301445230841636658e-02 1.124892115592956543e+00
5.633248481899499893e-03 -1.701609417796134949e-02 1.142850160598754883e+00
1.196330599486827850e-02 -1.080108527094125748e-02 1.133951663970947266e+00
1.240783184766769409e-02 -9.107491001486778259e-03 1.139234662055969238e+00
8.938643150031566620e-03 -9.933670982718467712e-03 1.083980441093444824e+00
1.269308198243379593e-02 -5.884052254259586334e-03 9.581273198127746582e-01
1.243435125797986984e-02 -1.130695734173059464e-02 9.290011525154113770e-01
7.972197607159614563e-03 -1.101690623909235001e-02 9.328256845474243164e-01
2.512129489332437515e-03 -1.053963135927915573e-02 9.150314331054687500e-01
1.269485568627715111e-03 -1.015164889395236969e-02 8.846573233604431152e-01
9.081150637939572334e-04 -8.809490129351615906e-03 8.770931959152221680e-01
-6.810912862420082092e-03 -9.062027558684349060e-03 8.197745680809020996e-01
-9.548439644277095795e-03 -9.487167932093143463e-03 7.714071273803710938e-01
-9.841502644121646881e-03 -6.843566894531250000e-03 8.028920292854309082e-01
-1.166599616408348083e-02 2.736363792791962624e-03 8.673307895660400391e-01
-1.031091995537281036e-02 9.461166337132453918e-03 8.381599783897399902e-01
-8.423055522143840790e-03 1.186158508062362671e-03 8.199346661567687988e-01
-6.689756643027067184e-03 -9.588439017534255981e-03 8.247569799423217773e-01
-5.030647851526737213e-03 -9.474579244852066040e-03 7.897487282752990723e-01
-1.427012612111866474e-03 -5.037827882915735245e-03 7.593619823455810547e-01
3.241501981392502785e-03 1.363875460810959339e-03 8.211891055107116699e-01
3.951417747884988785e-03 -5.634060362353920937e-04 8.490576744079589844e-01
4.049955867230892181e-03 -1.810515066608786583e-03 8.822632431983947754e-01
4.425168968737125397e-03 -3.082809271290898323e-03 9.446967840194702148e-01
5.511118564754724503e-03 4.004591901320964098e-04 9.734453558921813965e-01
8.176500909030437469e-03 1.763936830684542656e-03 9.978880882263183594e-01
8.985530585050582886e-03 -9.610473643988370895e-04 9.401811361312866211e-01
1.065702363848686218e-02 4.633821081370115280e-04 8.819449543952941895e-01
5.588228814303874969e-03 -8.757770992815494537e-04 8.534589409828186035e-01
6.337098777294158936e-03 3.716970095410943031e-03 8.191518783569335938e-01
9.286500513553619385e-03 7.239939179271459579e-03 8.310224413871765137e-01
6.138652097433805466e-03 8.298936299979686737e-04 9.414228796958923340e-01
6.321949884295463562e-03 5.720134940929710865e-04 1.008239150047302246e+00
3.566537285223603249e-03 -5.132970400154590607e-04 1.024856090545654297e+00
-1.212319839396513999e-04 -2.700258977711200714e-03 1.014137744903564453e+00
-2.404258353635668755e-03 2.906337322201579809e-04 9.165872931480407715e-01
-8.079051622189581394e-04 7.425428368151187897e-03 8.744754195213317871e-01
1.921885297633707523e-03 5.790518131107091904e-03 8.669009208679199219e-01
4.276956897228956223e-03 8.867508731782436371e-03 8.552451729774475098e-01
7.258929312229156494e-03 8.045243099331855774e-03 9.042398929595947266e-01
8.938505314290523529e-03 7.688383106142282486e-03 9.271833300590515137e-01
8.804448880255222321e-03 5.882630124688148499e-03 9.399917125701904297e-01
8.565744385123252869e-03 6.651650182902812958e-03 9.106991291046142578e-01
9.483505040407180786e-03 8.629130199551582336e-03 8.910163044929504395e-01
1.075026299804449081e-02 1.044599991291761398e-02 9.032229781150817871e-01
1.160827837884426117e-02 9.701393544673919678e-03 9.142643809318542480e-01
1.103618275374174118e-02 6.820738781243562698e-03 9.141303300857543945e-01
7.880585268139839172e-03 3.604925237596035004e-03 9.481051564216613770e-01
7.066677790135145187e-03 1.149388379417359829e-03 9.838355183601379395e-01
6.441441364586353302e-03 8.627354982309043407e-04 9.657998085021972656e-01
8.013167418539524078e-03 7.611601031385362148e-04 9.624730944633483887e-01
9.736723266541957855e-03 6.690612644888460636e-05 9.599478244781494141e-01
1.136504579335451126e-02 -6.624432862736284733e-04 9.867883920669555664e-01
1.244297344237565994e-02 -1.492129056714475155e-03 1.003239750862121582e+00
1.234447117894887924e-02 -3.449831390753388405e-03 1.019132494926452637e+00
1.205181237310171127e-02 -5.979284644126892090e-03 1.033670663833618164e+00
1.157144457101821899e-02 -7.238895632326602936e-03 1.030380129814147949e+00
1.327835023403167725e-02 -5.785454064607620239e-03 1.013038396835327148e+00
1.462638005614280701e-02 -3.405590774491429329e-03 9.991067647933959961e-01
1.531349588185548782e-02 -6.370356306433677673e-03 1.018535971641540527e+00
1.552660111337900162e-02 -9.737839922308921814e-03 1.047803044319152832e+00
1.617503911256790161e-02 -1.053481455892324448e-02 1.055809378623962402e+00
1.430304441601037979e-02 -9.481359273195266724e-03 1.025841474533081055e+00
1.296385098248720169e-02 -8.955624885857105255e-03 1.033363580703735352e+00
1.010043174028396606e-02 -1.032617222517728806e-02 1.068406820297241211e+00
7.523392792791128159e-03 -1.270086038857698441e-02 1.090060949325561523e+00
5.544063635170459747e-03 -1.138175185769796371e-02 1.070014953613281250e+00
4.611154552549123764e-03 -9.731019847095012665e-03 1.036470890045166016e+00
4.458446986973285675e-03 -1.025593001395463943e-02 1.031966686248779297e+00
5.351078696548938751e-03 -1.031112205237150192e-02 1.040560483932495117e+00
6.583697628229856491e-03 -9.699364192783832550e-03 1.035454392433166504e+00
8.065678179264068604e-03 -1.224396750330924988e-02 1.026957154273986816e+00
9.370172396302223206e-03 -1.081589888781309128e-02 1.010723829269409180e+00
9.561474435031414032e-03 -8.018672466278076172e-03 1.005950808525085449e+00
9.582751430571079254e-03 -6.639509461820125580e-03 9.761341810226440430e-01
8.340964093804359436e-03 -5.127944517880678177e-03 9.339105486869812012e-01
9.172030724585056305e-03 -4.253514576703310013e-03 8.725238442420959473e-01
8.624996989965438843e-03 -3.832363057881593704e-03 8.449846506118774414e-01
7.636427879333496094e-03 -5.387762095779180527e-03 8.533658981323242188e-01
6.826827302575111389e-03 -6.384459324181079865e-03 8.759440779685974121e-01
5.840194411575794220e-03 -6.667821202427148819e-03 8.714452981948852539e-01
3.299233969300985336e-03 -4.383257124572992325e-03 8.443580269813537598e-01
-1.931591541506350040e-03 -4.033758305013179779e-03 8.623290657997131348e-01
-4.769590217620134354e-03 -4.879538435488939285e-03 8.989814519882202148e-01
-7.618721108883619308e-03 -4.721600096672773361e-03 9.805365800857543945e-01
-9.650181047618389130e-03 -4.040157422423362732e-03 9.740184545516967773e-01
-1.421099528670310974e-02 -6.055018864572048187e-03 9.402815103530883789e-01
-1.538150571286678314e-02 -9.239500388503074646e-03 9.247601628303527832e-01
-1.322372071444988251e-02 -1.052511017769575119e-02 9.256654381752014160e-01
-1.727844588458538055e-02 -6.330047268420457840e-03 9.116717576980590820e-01
-1.943865418434143066e-02 -6.041846703737974167e-03 8.887157440185546875e-01
-2.309245988726615906e-02 -1.421560812741518021e-02 9.082255363464355469e-01
-1.285569462925195694e-02 -1.820887066423892975e-02 8.802098631858825684e-01
4.065812565386295319e-03 -1.462404616177082062e-02 7.833406329154968262e-01
1.512963697314262390e-02 -1.107485033571720123e-02 7.212007045745849609e-01
1.994784362614154816e-02 -9.946976788341999054e-03 6.917669177055358887e-01
2.799425274133682251e-02 -7.853551767766475677e-03 6.334301233291625977e-01
3.252629935741424561e-02 -6.446273997426033020e-03 5.340502858161926270e-01
3.369167447090148926e-02 -4.414831288158893585e-03 5.201664566993713379e-01
3.318895399570465088e-02 -3.590407548472285271e-03 5.810621380805969238e-01
2.477949485182762146e-02 -5.478924605995416641e-03 6.799321174621582031e-01
2.421729452908039093e-02 -4.836268490180373192e-04 6.465728878974914551e-01
2.532336115837097168e-02 6.236569490283727646e-03 5.043486356735229492e-01
2.586843259632587433e-02 7.380799390375614166e-03 5.166274905204772949e-01
2.629216574132442474e-02 5.661411210894584656e-03 5.716997385025024414e-01
2.479366771876811981e-02 1.979111460968852043e-03 5.769082903861999512e-01
1.923744380474090576e-02 -4.053713055327534676e-04 5.783338546752929688e-01
1.512383017688989639e-02 -6.545428768731653690e-04 5.653544068336486816e-01
1.586860418319702148e-02 -1.977851381525397301e-03 6.211339831352233887e-01
1.814265921711921692e-02 -7.626761216670274734e-03 6.746304035186767578e-01
1.520789228379726410e-02 -6.171735003590583801e-03 6.985511183738708496e-01
8.958474732935428619e-03 -4.369381349533796310e-03 6.997808814048767090e-01
4.108825698494911194e-03 -6.736440118402242661e-03 7.038619518280029297e-01
1.031147199682891369e-03 -7.315424736589193344e-03 7.056974768638610840e-01
-2.401829231530427933e-03 -5.204573273658752441e-03 7.190470695495605469e-01
-4.540362861007452011e-03 -5.494796205312013626e-03 6.927587985992431641e-01
-3.430666867643594742e-03 -5.014457274228334427e-03 6.262140870094299316e-01
-2.700004726648330688e-03 -9.097796864807605743e-03 6.157337427139282227e-01
-6.125614978373050690e-03 -9.598896838724613190e-03 5.749664902687072754e-01
-7.793716620653867722e-03 -6.595983635634183884e-03 5.704318881034851074e-01
-6.038142368197441101e-03 -9.082220494747161865e-03 5.491867065429687500e-01
-2.333899028599262238e-03 -1.274108327925205231e-02 4.888139069080352783e-01
-3.040240611881017685e-03 -1.355302799493074417e-02 4.657112061977386475e-01
-5.952763836830854416e-03 -1.029762905091047287e-02 4.300997853279113770e-01
-3.292570821940898895e-03 -5.869634449481964111e-03 4.047051370143890381e-01
-4.713135771453380585e-03 -5.815125536173582077e-03 4.119764268398284912e-01
-3.926261793822050095e-03 -8.289746008813381195e-03 4.300814867019653320e-01
-6.812175270169973373e-04 -7.552896160632371902e-03 4.482165873050689697e-01
2.296906197443604469e-03 -5.401460453867912292e-03 4.393623471260070801e-01
7.375898305326700211e-03 -4.394232295453548431e-03 4.414022266864776611e-01
9.380541741847991943e-03 -3.429680131375789642e-03 4.476268291473388672e-01
7.421485614031553268e-03 -3.986322786659002304e-03 4.841345250606536865e-01
4.435837268829345703e-03 -4.374979063868522644e-03 5.525410771369934082e-01
-2.446220256388187408e-03 -6.751693319529294968e-03 5.857539772987365723e-01
-7.823342457413673401e-03 -8.510170504450798035e-03 5.564720034599304199e-01
-5.474134813994169235e-03 -6.319194566458463669e-03 5.610908865928649902e-01
-2.044407650828361511e-03 -5.791747476905584335e-03 6.074875593185424805e-01
-1.510093337856233120e-03 -5.320803262293338776e-03 6.464869976043701172e-01
6.028323550708591938e-04 -2.175549743697047234e-03 6.363530755043029785e-01
1.397592015564441681e-03 -5.829953588545322418e-04 5.804406404495239258e-01
-6.477506831288337708e-04 -9.648074628785252571e-04 5.471876859664916992e-01
1.025865320116281509e-03 -2.001768909394741058e-03 5.404280424118041992e-01
4.155675414949655533e-03 -4.350720439106225967e-03 5.754580497741699219e-01
