1.609122455120086670e-01 2.884909510612487793e-03 1.360208094120025635e-01 2.051590010523796082e-03 2.274601953104138374e-03 1.325672268867492676e-01
1.609873175621032715e-01 2.890882315114140511e-03 1.361652165651321411e-01 2.054649870842695236e-03 2.278273459523916245e-03 1.326761245727539062e-01
1.609493196010589600e-01 2.888545161113142967e-03 1.360793262720108032e-01 2.053772797808051109e-03 2.277174498885869980e-03 1.326214522123336792e-01
1.609607934951782227e-01 2.885121852159500122e-03 1.360523700714111328e-01 2.051393734291195869e-03 2.274558646604418755e-03 1.326033920049667358e-01
1.611503958702087402e-01 2.890965901315212250e-03 1.362606436014175415e-01 2.054987242445349693e-03 2.278424100950360298e-03 1.327669918537139893e-01
1.606346517801284790e-01 2.872547134757041931e-03 1.356226801872253418e-01 2.043664222583174706e-03 2.266375347971916199e-03 1.323153823614120483e-01
1.607501208782196045e-01 2.885021734982728958e-03 1.355679780244827271e-01 2.054745564237236977e-03 2.278347266837954521e-03 1.324782073497772217e-01
1.761963218450546265e-01 5.995659157633781433e-03 1.765338033437728882e-01 4.474121611565351486e-03 4.614136181771755219e-03 1.610986888408660889e-01
2.147545814514160156e-01 5.829273257404565811e-03 2.024709284305572510e-01 4.230408463627099991e-03 4.510608501732349396e-03 1.754849404096603394e-01
1.830916106700897217e-01 3.081756178289651871e-03 1.389238685369491577e-01 2.552174497395753860e-03 2.703108591958880424e-03 1.439904570579528809e-01
1.904863119125366211e-01 3.061624709516763687e-03 1.631633490324020386e-01 2.495116787031292915e-03 2.530934289097785950e-03 1.509830504655838013e-01
2.007147073745727539e-01 4.576672334223985672e-03 1.710555851459503174e-01 3.243524115532636642e-03 3.514209063723683357e-03 1.623210310935974121e-01
1.926283538341522217e-01 4.543385002762079239e-03 1.789953261613845825e-01 3.200381994247436523e-03 3.459472674876451492e-03 1.616883575916290283e-01
2.282222956418991089e-01 4.733322188258171082e-03 2.095170021057128906e-01 3.643436357378959656e-03 3.812590148299932480e-03 1.707703769207000732e-01
1.567885428667068481e-01 4.739168100059032440e-03 1.457823961973190308e-01 3.837249008938670158e-03 3.975686151534318924e-03 1.393020302057266235e-01
1.668180823326110840e-01 3.363332943990826607e-03 1.426918208599090576e-01 2.715559909120202065e-03 2.795813605189323425e-03 1.364358365535736084e-01
1.866895556449890137e-01 4.802178591489791870e-03 1.673498153686523438e-01 3.488546004518866539e-03 3.698280081152915955e-03 1.570188105106353760e-01
1.784364134073257446e-01 4.707490094006061554e-03 1.675921827554702759e-01 3.365271957591176033e-03 3.615149529650807381e-03 1.571299880743026733e-01
2.187067121267318726e-01 4.541082773357629776e-03 1.924882680177688599e-01 3.194805700331926346e-03 3.467688569799065590e-03 1.734056323766708374e-01
1.845202893018722534e-01 3.839710261672735214e-03 1.617534160614013672e-01 2.678922144696116447e-03 2.944364678114652634e-03 1.538845598697662354e-01
2.119501531124114990e-01 6.581561174243688583e-03 1.739464998245239258e-01 4.794108681380748749e-03 5.322114098817110062e-03 1.783455610275268555e-01
1.845012456178665161e-01 3.189857583492994308e-03 1.383427828550338745e-01 2.435767324641346931e-03 2.608824521303176880e-03 1.480715125799179077e-01
1.392153352499008179e-01 4.135593771934509277e-03 1.393823921680450439e-01 3.555036615580320358e-03 3.462162800133228302e-03 1.310498267412185669e-01
1.733758747577667236e-01 6.884504575282335281e-03 1.663490682840347290e-01 5.399148445576429367e-03 5.538583267480134964e-03 1.601819396018981934e-01
1.692028790712356567e-01 7.228173781186342239e-03 1.651541739702224731e-01 5.639354698359966278e-03 5.826908629387617111e-03 1.589358448982238770e-01
1.531609892845153809e-01 5.266979802399873734e-03 1.433246433734893799e-01 4.362800624221563339e-03 4.456934053450822830e-03 1.394675076007843018e-01
1.708718091249465942e-01 4.683725070208311081e-03 1.444501578807830811e-01 3.749055322259664536e-03 3.911621402949094772e-03 1.454169601202011108e-01
1.653562933206558228e-01 4.346897359937429428e-03 1.512662470340728760e-01 3.102922579273581505e-03 3.363260766491293907e-03 1.480956375598907471e-01
1.504275202751159668e-01 3.961414098739624023e-03 1.570842117071151733e-01 2.902553183957934380e-03 3.032227046787738800e-03 1.389485150575637817e-01
1.377288699150085449e-01 4.458121024072170258e-03 1.608710438013076782e-01 3.505346598103642464e-03 3.469544695690274239e-03 1.339624524116516113e-01
1.359445005655288696e-01 4.662043880671262741e-03 1.568655669689178467e-01 3.673473838716745377e-03 3.660020185634493828e-03 1.342656165361404419e-01
1.431046873331069946e-01 4.720035474747419357e-03 1.599237769842147827e-01 3.670823993161320686e-03 3.703052876517176628e-03 1.373418271541595459e-01
1.361371725797653198e-01 4.713901784271001816e-03 1.551339626312255859e-01 3.719606902450323105e-03 3.715089987963438034e-03 1.343373060226440430e-01
1.387009471654891968e-01 4.810302518308162689e-03 1.581021249294281006e-01 3.797301091253757477e-03 3.778888843953609467e-03 1.354835629463195801e-01
1.381263434886932373e-01 4.787781741470098495e-03 1.574763506650924683e-01 3.775196149945259094e-03 3.759238868951797485e-03 1.351147592067718506e-01
1.381841599941253662e-01 4.792874213308095932e-03 1.575447618961334229e-01 3.779397113248705864e-03 3.763341344892978668e-03 1.351625472307205200e-01
1.382863074541091919e-01 4.797666333615779877e-03 1.576433926820755005e-01 3.783575491979718208e-03 3.767392598092556000e-03 1.352422237396240234e-01
1.383283585309982300e-01 4.798563662916421890e-03 1.576865017414093018e-01 3.784634405747056007e-03 3.768620314076542854e-03 1.352698653936386108e-01
1.383116841316223145e-01 4.798337817192077637e-03 1.576786786317825317e-01 3.784450702369213104e-03 3.768333932384848595e-03 1.352574080228805542e-01
1.384192556142807007e-01 4.804604221135377884e-03 1.577656418085098267e-01 3.790250979363918304e-03 3.774570301175117493e-03 1.353551149368286133e-01
1.392920762300491333e-01 4.865761846303939819e-03 1.583763808012008667e-01 3.843168495222926140e-03 3.828833578154444695e-03 1.360870599746704102e-01
1.385689228773117065e-01 4.796926397830247879e-03 1.571423858404159546e-01 3.780885832384228706e-03 3.773652715608477592e-03 1.354445815086364746e-01
1.380306184291839600e-01 4.734220448881387711e-03 1.562009602785110474e-01 3.717865329235792160e-03 3.717300016433000565e-03 1.349156945943832397e-01
1.384143233299255371e-01 4.744517616927623749e-03 1.567603051662445068e-01 3.727838164195418358e-03 3.724370617419481277e-03 1.351606249809265137e-01
1.382941901683807373e-01 4.728802479803562164e-03 1.565719246864318848e-01 3.712554462254047394e-03 3.710394492372870445e-03 1.350405514240264893e-01
1.383488774299621582e-01 4.747833125293254852e-03 1.568273901939392090e-01 3.731236327439546585e-03 3.726621391251683235e-03 1.351494193077087402e-01
1.384253948926925659e-01 4.751193802803754807e-03 1.568573713302612305e-01 3.734305966645479202e-03 3.730398137122392654e-03 1.351967304944992065e-01
1.381142586469650269e-01 4.725127946585416794e-03 1.564875841140747070e-01 3.710743272677063942e-03 3.707742784172296524e-03 1.349213421344757080e-01
1.380090862512588501e-01 4.717717878520488739e-03 1.564157009124755859e-01 3.704619128257036209e-03 3.701487556099891663e-03 1.348345130681991577e-01
1.381257027387619019e-01 4.725120961666107178e-03 1.564711779356002808e-01 3.710792865604162216e-03 3.708022646605968475e-03 1.349274963140487671e-01
1.381155997514724731e-01 4.731338936835527420e-03 1.565540730953216553e-01 3.717900719493627548e-03 3.713655052706599236e-03 1.349359303712844849e-01
1.382974088191986084e-01 4.737137816846370697e-03 1.567067056894302368e-01 3.723572473973035812e-03 3.719163592904806137e-03 1.350406259298324585e-01
1.385622918605804443e-01 4.752138629555702209e-03 1.570155173540115356e-01 3.738361643627285957e-03 3.732466604560613632e-03 1.352165490388870239e-01
1.404127925634384155e-01 4.834376275539398193e-03 1.585173159837722778e-01 3.823825856670737267e-03 3.814222523942589760e-03 1.363877803087234497e-01
1.485535204410552979e-01 3.501135157421231270e-03 1.402906179428100586e-01 2.548909978941082954e-03 2.742857206612825394e-03 1.334797143936157227e-01
1.709304004907608032e-01 4.285004455596208572e-03 1.510013639926910400e-01 2.937863813713192940e-03 3.303467528894543648e-03 1.510070711374282837e-01
2.349491119384765625e-01 6.304081529378890991e-03 1.932999789714813232e-01 4.467402119189500809e-03 4.905358888208866119e-03 1.908413320779800415e-01
1.681483983993530273e-01 3.042501863092184067e-03 1.243348270654678345e-01 2.558853244408965111e-03 2.755544614046812057e-03 1.354320645332336426e-01
1.265426576137542725e-01 3.150754608213901520e-03 1.310841441154479980e-01 2.658271696418523788e-03 2.584303962066769600e-03 1.204010769724845886e-01
1.561810225248336792e-01 3.549431450664997101e-03 1.342014670372009277e-01 2.939942991361021996e-03 3.070468781515955925e-03 1.313345581293106079e-01
2.109538763761520386e-01 2.063726307824254036e-03 1.314942687749862671e-01 1.702327630482614040e-03 1.936819986440241337e-03 1.433259099721908569e-01
1.657525002956390381e-01 2.732407301664352417e-03 1.235044226050376892e-01 2.238909481093287468e-03 2.547189127653837204e-03 1.329776942729949951e-01
1.334545761346817017e-01 3.141315653920173645e-03 1.238820403814315796e-01 2.643961692228913307e-03 2.858351916074752808e-03 1.236511543393135071e-01
1.564306467771530151e-01 3.445987589657306671e-03 1.325192898511886597e-01 2.728335559368133545e-03 2.916516503319144249e-03 1.377110630273818970e-01
1.974227130413055420e-01 2.588129369542002678e-03 1.556494832038879395e-01 1.948009128682315350e-03 2.111440291628241539e-03 1.538339406251907349e-01
1.697952002286911011e-01 3.076377091929316521e-03 1.485328078269958496e-01 2.362582366913557053e-03 2.473552478477358818e-03 1.438163667917251587e-01
1.673010587692260742e-01 4.363165237009525299e-03 1.517455130815505981e-01 3.397052874788641930e-03 3.526329062879085541e-03 1.471374630928039551e-01
1.590156853199005127e-01 2.982264384627342224e-03 1.472831368446350098e-01 2.379387849941849709e-03 2.428336534649133682e-03 1.389112174510955811e-01
1.542352735996246338e-01 3.440594766288995743e-03 1.381124109029769897e-01 2.739129355177283287e-03 2.894832286983728409e-03 1.336298286914825439e-01
1.513742208480834961e-01 4.205373581498861313e-03 1.479382812976837158e-01 3.432437777519226074e-03 3.459000727161765099e-03 1.357097327709197998e-01
1.465251594781875610e-01 3.739263862371444702e-03 1.454096287488937378e-01 3.073424333706498146e-03 3.071277402341365814e-03 1.342177838087081909e-01
1.362305432558059692e-01 3.876508213579654694e-03 1.379425078630447388e-01 3.260409692302346230e-03 3.274700371548533440e-03 1.319225430488586426e-01
1.532838344573974609e-01 3.945856355130672455e-03 1.308241635560989380e-01 3.295058151707053185e-03 3.537077689543366432e-03 1.335718184709548950e-01
1.376058757305145264e-01 2.014431403949856758e-03 1.134846806526184082e-01 1.687205280177295208e-03 1.841857912950217724e-03 1.148300245404243469e-01
1.494999378919601440e-01 1.652405946515500546e-03 1.091599687933921814e-01 1.393029931932687759e-03 1.546471845358610153e-03 1.161820515990257263e-01
1.768939048051834106e-01 3.791074035689234734e-03 1.239820867776870728e-01 3.503213869407773018e-03 3.689592704176902771e-03 1.434320658445358276e-01
1.789152026176452637e-01 2.967984415590763092e-03 1.170201227068901062e-01 2.452924149110913277e-03 2.857055747881531715e-03 1.327616423368453979e-01
1.673568338155746460e-01 2.215946791693568230e-03 1.126170530915260315e-01 1.771815354004502296e-03 2.068686531856656075e-03 1.238190680742263794e-01
1.581985354423522949e-01 2.162317978218197823e-03 1.192093715071678162e-01 1.770053524523973465e-03 1.947053591720759869e-03 1.261558085680007935e-01
1.569699347019195557e-01 2.228974131867289543e-03 1.256086975336074829e-01 1.842594472691416740e-03 1.960743218660354614e-03 1.292773336172103882e-01
1.488425582647323608e-01 2.376662567257881165e-03 1.291279047727584839e-01 1.992654753848910332e-03 2.083214698359370232e-03 1.278710067272186279e-01
1.606356799602508545e-01 2.505193930119276047e-03 1.292938292026519775e-01 2.050527837127447128e-03 2.200951799750328064e-03 1.319851279258728027e-01
1.537682414054870605e-01 2.373252762481570244e-03 1.267209500074386597e-01 1.913576270453631878e-03 2.061553299427032471e-03 1.313648074865341187e-01
1.364651471376419067e-01 2.439383650198578835e-03 1.255075037479400635e-01 2.055122982710599899e-03 2.130869077518582344e-03 1.254650205373764038e-01
1.429066658020019531e-01 2.905186032876372337e-03 1.312702149152755737e-01 2.567907096818089485e-03 2.690713154152035713e-03 1.322855502367019653e-01
1.450979411602020264e-01 1.666059601120650768e-03 1.084305718541145325e-01 1.374896732158958912e-03 1.538101583719253540e-03 1.136475801467895508e-01
1.584744006395339966e-01 1.434147940017282963e-03 1.082252115011215210e-01 1.173115218989551067e-03 1.335679320618510246e-03 1.166865825653076172e-01
1.923421770334243774e-01 2.625560853630304337e-03 1.238295659422874451e-01 2.273165155202150345e-03 2.592170145362615585e-03 1.386471390724182129e-01
1.474943459033966064e-01 3.960917703807353973e-03 1.297891139984130859e-01 3.711182391270995140e-03 3.642274998128414154e-03 1.369874030351638794e-01
1.410989463329315186e-01 3.604221157729625702e-03 1.268698424100875854e-01 3.225251799449324608e-03 3.297891002148389816e-03 1.344673782587051392e-01
1.715046912431716919e-01 2.554140752181410789e-03 1.092384979128837585e-01 2.296439837664365768e-03 2.557937288656830788e-03 1.323895305395126343e-01
1.407739520072937012e-01 2.377663273364305496e-03 1.100554168224334717e-01 1.943305134773254395e-03 2.204545540735125542e-03 1.178306117653846741e-01
1.393364816904067993e-01 2.821337897330522537e-03 1.196442022919654846e-01 2.288021147251129150e-03 2.563240937888622284e-03 1.233861818909645081e-01
1.388780772686004639e-01 4.697694443166255951e-03 1.456100940704345703e-01 4.125989973545074463e-03 4.180949181318283081e-03 1.424890309572219849e-01
1.499721109867095947e-01 4.385102540254592896e-03 1.373502165079116821e-01 3.786919638514518738e-03 3.947387915104627609e-03 1.441068351268768311e-01
1.395346820354461670e-01 5.322657059878110886e-03 1.458945721387863159e-01 4.983386024832725525e-03 4.705919418483972549e-03 1.497343182563781738e-01
1.396335959434509277e-01 3.866216167807579041e-03 1.275503486394882202e-01 3.340669209137558937e-03 3.382372902706265450e-03 1.382168829441070557e-01
1.460515558719635010e-01 3.538470948114991188e-03 1.272732317447662354e-01 2.870110329240560532e-03 3.065978176891803741e-03 1.339847445487976074e-01
1.315473318099975586e-01 3.977123182266950607e-03 1.332441866397857666e-01 3.374772379174828529e-03 3.478414146229624748e-03 1.308718919754028320e-01
1.262361258268356323e-01 3.803140949457883835e-03 1.345221549272537231e-01 3.344627795740962029e-03 3.329428611323237419e-03 1.310350447893142700e-01
1.322206258773803711e-01 3.712244099006056786e-03 1.342153400182723999e-01 3.647693432867527008e-03 3.413559170439839363e-03 1.380476355552673340e-01
1.206465512514114380e-01 2.935564378276467323e-03 1.272950321435928345e-01 2.760457573458552361e-03 2.639694837853312492e-03 1.252778321504592896e-01
1.213286444544792175e-01 3.002496669068932533e-03 1.273870617151260376e-01 2.827888354659080505e-03 2.694816095754504204e-03 1.263978928327560425e-01
1.262265294790267944e-01 2.983903978019952774e-03 1.236410215497016907e-01 2.793511841446161270e-03 2.700071781873703003e-03 1.263092011213302612e-01
1.273053139448165894e-01 2.913053380325436592e-03 1.196249127388000488e-01 2.737388480454683304e-03 2.609858289361000061e-03 1.240607649087905884e-01
1.253298074007034302e-01 3.252046182751655579e-03 1.309341192245483398e-01 3.057944821193814278e-03 2.827834337949752808e-03 1.266686767339706421e-01
1.244925707578659058e-01 3.033619839698076248e-03 1.293183118104934692e-01 2.824153983965516090e-03 2.628403017297387123e-03 1.246643736958503723e-01
1.364616304636001587e-01 3.464358393102884293e-03 1.336436569690704346e-01 3.252648981288075447e-03 3.088307334110140800e-03 1.327132582664489746e-01
1.328339874744415283e-01 3.384363604709506035e-03 1.297721415758132935e-01 3.149783005937933922e-03 3.075046697631478310e-03 1.277002841234207153e-01
1.341078430414199829e-01 2.680185018107295036e-03 1.142107397317886353e-01 2.431537257507443428e-03 2.409961773082613945e-03 1.198157072067260742e-01
2.132828831672668457e-01 3.845032770186662674e-03 1.715098172426223755e-01 3.071777056902647018e-03 3.208873560652136803e-03 1.602720022201538086e-01
2.169176936149597168e-01 3.008964238688349724e-03 1.743253469467163086e-01 2.455345122143626213e-03 2.459522802382707596e-03 1.593784242868423462e-01
2.217705398797988892e-01 2.287925221025943756e-03 1.580509096384048462e-01 1.772743300534784794e-03 1.901373500004410744e-03 1.544139981269836426e-01
2.154990285634994507e-01 2.561390865594148636e-03 1.600102782249450684e-01 2.065060194581747055e-03 2.137223724275827408e-03 1.488376110792160034e-01
1.433571875095367432e-01 3.838601522147655487e-03 1.404059827327728271e-01 3.603108227252960205e-03 3.398565808311104774e-03 1.360221207141876221e-01
1.335664689540863037e-01 2.683897968381643295e-03 1.237268596887588501e-01 2.185521181672811508e-03 2.295950427651405334e-03 1.200478002429008484e-01
1.516627967357635498e-01 3.675514599308371544e-03 1.625904738903045654e-01 3.080059075728058815e-03 3.010699991136789322e-03 1.382701396942138672e-01
1.732831448316574097e-01 3.419834654778242111e-03 1.559297144412994385e-01 2.611662261188030243e-03 2.719862386584281921e-03 1.460271328687667847e-01
1.654041558504104614e-01 5.056012421846389771e-03 1.556641310453414917e-01 4.103914834558963776e-03 4.083954263478517532e-03 1.482165306806564331e-01
1.649812906980514526e-01 4.298102110624313354e-03 1.529947370290756226e-01 3.489360213279724121e-03 3.523297607898712158e-03 1.463035494089126587e-01
1.593953222036361694e-01 2.534579485654830933e-03 1.254371106624603271e-01 2.236009575426578522e-03 2.247651573270559311e-03 1.327261030673980713e-01
1.267301142215728760e-01 2.917604055255651474e-03 1.265390664339065552e-01 2.675537019968032837e-03 2.608107402920722961e-03 1.287638694047927856e-01
1.294179707765579224e-01 2.609191928058862686e-03 1.178089082241058350e-01 2.386960899457335472e-03 2.345186658203601837e-03 1.234772279858589172e-01
1.336015462875366211e-01 2.451652660965919495e-03 1.132420748472213745e-01 2.063820837065577507e-03 2.095319563522934914e-03 1.180657595396041870e-01
1.587635427713394165e-01 4.196182359009981155e-03 1.406479775905609131e-01 3.217576071619987488e-03 3.469089511781930923e-03 1.391654610633850098e-01
1.642773449420928955e-01 5.710021127015352249e-03 1.579982936382293701e-01 4.314843565225601196e-03 4.461302887648344040e-03 1.506032496690750122e-01
1.740182638168334961e-01 5.777074024081230164e-03 1.750986874103546143e-01 4.461373202502727509e-03 4.484069999307394028e-03 1.563454717397689819e-01
2.000488787889480591e-01 5.771461874246597290e-03 1.879075318574905396e-01 4.178829491138458252e-03 4.365054424852132797e-03 1.740998178720474243e-01
2.227741330862045288e-01 3.830627072602510452e-03 1.780926883220672607e-01 2.668735571205615997e-03 2.968366723507642746e-03 1.667286753654479980e-01
1.820238530635833740e-01 4.355693701654672623e-03 1.638492792844772339e-01 3.947190940380096436e-03 3.840865334495902061e-03 1.568378806114196777e-01
1.477562934160232544e-01 5.484814755618572235e-03 1.806330233812332153e-01 5.122521426528692245e-03 4.649141803383827209e-03 1.539211571216583252e-01
1.879563331604003906e-01 3.756946884095668793e-03 1.609638035297393799e-01 3.285288112238049507e-03 3.240280319005250931e-03 1.649841219186782837e-01
1.374999284744262695e-01 2.755320630967617035e-03 1.131400913000106812e-01 2.189314691349864006e-03 2.308169379830360413e-03 1.198198124766349792e-01
1.440158486366271973e-01 2.998283132910728455e-03 1.202467978000640869e-01 2.259246539324522018e-03 2.444283105432987213e-03 1.265348941087722778e-01
1.240097209811210632e-01 1.659432775340974331e-03 1.073992773890495300e-01 1.292643253691494465e-03 1.361437491141259670e-03 1.067475304007530212e-01
1.279765069484710693e-01 2.017185324802994728e-03 1.058531254529953003e-01 1.665020128712058067e-03 1.748374081216752529e-03 1.101702377200126648e-01
1.304783374071121216e-01 3.026284975931048393e-03 1.201863586902618408e-01 2.499528462067246437e-03 2.503201132640242577e-03 1.200422495603561401e-01
1.390853673219680786e-01 4.329259041696786880e-03 1.432362347841262817e-01 3.797936020419001579e-03 3.634981578215956688e-03 1.397109180688858032e-01
1.784758120775222778e-01 3.725647693499922752e-03 1.516583710908889771e-01 3.421759000048041344e-03 3.250171896070241928e-03 1.530856788158416748e-01
2.130875736474990845e-01 3.988149110227823257e-03 1.603833436965942383e-01 3.664688672870397568e-03 3.619722789153456688e-03 1.685447394847869873e-01
2.239930480718612671e-01 3.714639693498611450e-03 1.545484662055969238e-01 3.375288564711809158e-03 3.455432364717125893e-03 1.706568449735641479e-01
2.164011746644973755e-01 3.766192123293876648e-03 1.563840508460998535e-01 3.410029457882046700e-03 3.458310384303331375e-03 1.682170331478118896e-01
1.663231402635574341e-01 2.256317995488643646e-03 1.148150488734245300e-01 1.931024366058409214e-03 2.070960821583867073e-03 1.287529170513153076e-01
1.839336156845092773e-01 2.704148879274725914e-03 1.264240741729736328e-01 2.209317870438098907e-03 2.475886838510632515e-03 1.393359601497650146e-01
1.919954568147659302e-01 2.458450151607394218e-03 1.321779191493988037e-01 1.981858396902680397e-03 2.209968632087111473e-03 1.457540243864059448e-01
1.675784587860107422e-01 2.230562269687652588e-03 1.228805407881736755e-01 1.846232218667864799e-03 1.983198337256908417e-03 1.335224807262420654e-01
1.275918930768966675e-01 2.556279301643371582e-03 1.208445876836776733e-01 2.253636950626969337e-03 2.274703700095415115e-03 1.191608831286430359e-01
1.162892878055572510e-01 3.047184552997350693e-03 1.307328343391418457e-01 2.588103525340557098e-03 2.536243759095668793e-03 1.212051734328269958e-01
1.401782184839248657e-01 2.490119542926549911e-03 1.329977959394454956e-01 1.972418511286377907e-03 2.023151377215981483e-03 1.276807487010955811e-01
2.085541337728500366e-01 3.694904269650578499e-03 1.551024317741394043e-01 2.847233088687062263e-03 3.111507045105099678e-03 1.592743694782257080e-01
1.967422515153884888e-01 2.771136816591024399e-03 1.261352002620697021e-01 2.394447103142738342e-03 2.572207245975732803e-03 1.422646492719650269e-01
1.697873920202255249e-01 2.842325950041413307e-03 1.253333091735839844e-01 2.525135176256299019e-03 2.625085180625319481e-03 1.338156014680862427e-01
1.582310497760772705e-01 3.243674989789724350e-03 1.313762515783309937e-01 2.949723973870277405e-03 3.048131940886378288e-03 1.370981037616729736e-01
1.569588333368301392e-01 4.303938243538141251e-03 1.597715914249420166e-01 3.943413496017456055e-03 3.844805760309100151e-03 1.539141386747360229e-01
1.572089493274688721e-01 4.923699889332056046e-03 1.655961424112319946e-01 4.577341489493846893e-03 4.454764071851968765e-03 1.592031568288803101e-01
1.500025987625122070e-01 4.717610310763120651e-03 1.576143503189086914e-01 4.327325616031885147e-03 4.198759328573942184e-03 1.529690027236938477e-01
1.477912515401840210e-01 4.861928056925535202e-03 1.558626294136047363e-01 4.495638888329267502e-03 4.356634803116321564e-03 1.530291736125946045e-01
1.378655731678009033e-01 4.259642213582992554e-03 1.472001820802688599e-01 3.886283608153462410e-03 3.746737493202090263e-03 1.430916488170623779e-01
1.339081823825836182e-01 3.954197745770215988e-03 1.416895389556884766e-01 3.578300820663571358e-03 3.466327674686908722e-03 1.372272819280624390e-01
1.363113373517990112e-01 3.868191037327051163e-03 1.424545496702194214e-01 3.486718283966183662e-03 3.390012076124548912e-03 1.405080407857894897e-01
1.478767842054367065e-01 4.346080124378204346e-03 1.514837592840194702e-01 3.904912155121564865e-03 3.831495530903339386e-03 1.505977660417556763e-01
1.582383811473846436e-01 4.908325616270303726e-03 1.596523374319076538e-01 4.431029781699180603e-03 4.344421438872814178e-03 1.596473902463912964e-01
1.783030927181243896e-01 5.338617600500583649e-03 1.730254143476486206e-01 4.808454308658838272e-03 4.736551083624362946e-03 1.719055026769638062e-01
2.083738744258880615e-01 5.807599052786827087e-03 1.858621090650558472e-01 5.206902977079153061e-03 5.239390768110752106e-03 1.879051476716995239e-01
2.283762842416763306e-01 6.345749367028474808e-03 1.947560757398605347e-01 5.699331872165203094e-03 5.810459610074758530e-03 1.995866894721984863e-01
2.382522374391555786e-01 6.568483076989650726e-03 2.006702721118927002e-01 5.857713986188173294e-03 6.007774267345666885e-03 2.043115645647048950e-01
2.484998106956481934e-01 6.672438699752092361e-03 2.062026262283325195e-01 5.989251192659139633e-03 6.120820064097642899e-03 2.074953913688659668e-01
2.502493262290954590e-01 6.394167896360158920e-03 2.066653221845626831e-01 5.730827804654836655e-03 5.856728181242942810e-03 2.057049870491027832e-01
2.324542999267578125e-01 6.011311896145343781e-03 1.953116059303283691e-01 5.370175931602716446e-03 5.507821682840585709e-03 1.975214183330535889e-01
1.893629580736160278e-01 5.483821034431457520e-03 1.739589571952819824e-01 4.885328933596611023e-03 4.963175393640995026e-03 1.767965257167816162e-01
1.633098870515823364e-01 5.397504661232233047e-03 1.745263487100601196e-01 4.813028965145349503e-03 4.622865002602338791e-03 1.625043004751205444e-01
1.557451933622360229e-01 5.424818024039268494e-03 1.809797137975692749e-01 4.792832769453525543e-03 4.459325689822435379e-03 1.586055457592010498e-01
1.566603928804397583e-01 5.196943413466215134e-03 1.741890311241149902e-01 4.595156759023666382e-03 4.326489288359880447e-03 1.577065885066986084e-01
1.585060209035873413e-01 5.561495199799537659e-03 1.825997531414031982e-01 4.945561755448579788e-03 4.605196416378021240e-03 1.611803770065307617e-01
1.489009857177734375e-01 5.279623437672853470e-03 1.782768368721008301e-01 4.696457181125879288e-03 4.317310638725757599e-03 1.544133126735687256e-01
1.421776860952377319e-01 5.016921088099479675e-03 1.728394627571105957e-01 4.457448143512010574e-03 4.082023166120052338e-03 1.488019675016403198e-01
1.437147706747055054e-01 5.123952869325876236e-03 1.745825558900833130e-01 4.562578164041042328e-03 4.177631344646215439e-03 1.505050808191299438e-01
1.412089020013809204e-01 5.037886556237936020e-03 1.735597997903823853e-01 4.479627590626478195e-03 4.090126138180494308e-03 1.487465202808380127e-01
1.431104689836502075e-01 5.128507502377033234e-03 1.748518943786621094e-01 4.564027301967144012e-03 4.170826636254787445e-03 1.501206159591674805e-01
1.412586420774459839e-01 4.989198409020900726e-03 1.726619601249694824e-01 4.435849376022815704e-03 4.055335652083158493e-03 1.480696201324462891e-01
1.485919058322906494e-01 4.931427072733640671e-03 1.697576344013214111e-01 4.397431388497352600e-03 4.115059506148099899e-03 1.505963057279586792e-01
1.654375195503234863e-01 5.080777220427989960e-03 1.696430593729019165e-01 4.552830010652542114e-03 4.438181407749652863e-03 1.608988046646118164e-01
1.535707861185073853e-01 4.997833631932735443e-03 1.664462089538574219e-01 4.517561756074428558e-03 4.338542930781841278e-03 1.555586755275726318e-01
1.369338780641555786e-01 4.519996233284473419e-03 1.605492085218429565e-01 4.025790374726057053e-03 3.751822281628847122e-03 1.431313902139663696e-01
1.377139091491699219e-01 4.426551517099142075e-03 1.568643003702163696e-01 3.945556934922933578e-03 3.725945716723799706e-03 1.432866007089614868e-01
1.381525695323944092e-01 4.325676243752241135e-03 1.544988900423049927e-01 3.844597842544317245e-03 3.655259031802415848e-03 1.429440826177597046e-01
1.364172399044036865e-01 4.247193690389394760e-03 1.513215452432632446e-01 3.791715251281857491e-03 3.646077355369925499e-03 1.425924450159072876e-01
1.345914900302886963e-01 3.955685533583164215e-03 1.453699916601181030e-01 3.535998519510030746e-03 3.434548852965235710e-03 1.406439989805221558e-01
1.323687881231307983e-01 3.938273992389440536e-03 1.469969898462295532e-01 3.527559340000152588e-03 3.392551792785525322e-03 1.405064612627029419e-01
1.317781358957290649e-01 3.882462158799171448e-03 1.472001224756240845e-01 3.464865731075406075e-03 3.321518655866384506e-03 1.394113749265670776e-01
1.381988674402236938e-01 4.239239264279603958e-03 1.525064855813980103e-01 3.798917634412646294e-03 3.639201167970895767e-03 1.451973021030426025e-01
1.381132155656814575e-01 4.170850384980440140e-03 1.505866497755050659e-01 3.753921017050743103e-03 3.600105410441756248e-03 1.444550901651382446e-01
1.388344019651412964e-01 3.982389345765113831e-03 1.465855538845062256e-01 3.556526964530348778e-03 3.447299357503652573e-03 1.427937448024749756e-01
1.383227854967117310e-01 4.123680759221315384e-03 1.487403512001037598e-01 3.669580910354852676e-03 3.551415633410215378e-03 1.438009440898895264e-01
1.513146907091140747e-01 4.695783834904432297e-03 1.602903157472610474e-01 4.213461186736822128e-03 4.095230251550674438e-03 1.543291807174682617e-01
1.649366021156311035e-01 4.889621865004301071e-03 1.652637720108032227e-01 4.403076134622097015e-03 4.342013038694858551e-03 1.604946106672286987e-01
1.671233475208282471e-01 4.821990616619586945e-03 1.610253453254699707e-01 4.339944105595350266e-03 4.335229750722646713e-03 1.612606346607208252e-01
1.596408337354660034e-01 4.548755940049886703e-03 1.534004360437393188e-01 4.111908841878175735e-03 4.097692668437957764e-03 1.562009900808334351e-01
1.356811374425888062e-01 3.972950857132673264e-03 1.475970745086669922e-01 3.592337714508175850e-03 3.448353148996829987e-03 1.416409760713577271e-01
1.392493993043899536e-01 4.266493953764438629e-03 1.572791486978530884e-01 3.835054812952876091e-03 3.636057488620281219e-03 1.451182961463928223e-01
1.826951354742050171e-01 4.766671452671289444e-03 1.765410453081130981e-01 4.329201299697160721e-03 4.250906407833099365e-03 1.667229831218719482e-01
1.899141967296600342e-01 4.285061266273260117e-03 1.674885302782058716e-01 4.034119192510843277e-03 3.946169745177030563e-03 1.688004732131958008e-01
1.753042638301849365e-01 3.653960302472114563e-03 1.490765064954757690e-01 3.457580925896763802e-03 3.469793358817696571e-03 1.578549593687057495e-01
1.585241407155990601e-01 3.534216899424791336e-03 1.514564901590347290e-01 3.072067629545927048e-03 3.179048653692007065e-03 1.497859507799148560e-01
1.419675350189208984e-01 4.139452707022428513e-03 1.495429724454879761e-01 3.621074836701154709e-03 3.681535134091973305e-03 1.466234475374221802e-01
1.409271657466888428e-01 4.088912624865770340e-03 1.460528969764709473e-01 3.614934394136071205e-03 3.674867097288370132e-03 1.465680003166198730e-01
1.384236514568328857e-01 3.639249596744775772e-03 1.402205079793930054e-01 3.226923057809472084e-03 3.289497457444667816e-03 1.405103951692581177e-01
1.368393301963806152e-01 3.749807365238666534e-03 1.405985504388809204e-01 3.315552137792110443e-03 3.373832441866397858e-03 1.413547098636627197e-01
1.342323720455169678e-01 3.443327965214848518e-03 1.317854374647140503e-01 3.052132437005639076e-03 3.162601031363010406e-03 1.347721368074417114e-01
1.462586522102355957e-01 3.496250836178660393e-03 1.353196650743484497e-01 3.045077435672283173e-03 3.196105593815445900e-03 1.418604403734207153e-01
1.539797782897949219e-01 3.960337955504655838e-03 1.438316702842712402e-01 3.435549559071660042e-03 3.587231040000915527e-03 1.504922360181808472e-01
1.515938937664031982e-01 3.862326731905341148e-03 1.425703167915344238e-01 3.353728912770748138e-03 3.520364407449960709e-03 1.487029492855072021e-01
1.498211473226547241e-01 3.867764724418520927e-03 1.425971537828445435e-01 3.373106243088841438e-03 3.526401473209261894e-03 1.478199511766433716e-01
1.496519893407821655e-01 3.690953366458415985e-03 1.402844339609146118e-01 3.225161228328943253e-03 3.379450412467122078e-03 1.458036601543426514e-01
1.476017385721206665e-01 3.613366978242993355e-03 1.376533955335617065e-01 3.209043061360716820e-03 3.350614337250590324e-03 1.431968659162521362e-01
1.488223969936370850e-01 3.771138144657015800e-03 1.397282332181930542e-01 3.389388322830200195e-03 3.542892402037978172e-03 1.458659470081329346e-01
1.573573052883148193e-01 3.832053858786821365e-03 1.418524086475372314e-01 3.465785877779126167e-03 3.635052125900983810e-03 1.516882032155990601e-01
1.703462004661560059e-01 3.497365862131118774e-03 1.384376734495162964e-01 3.201405983418226242e-03 3.388868179172277451e-03 1.558459401130676270e-01
1.592776775360107422e-01 2.580616623163223267e-03 1.167054399847984314e-01 2.263265661895275116e-03 2.482355805113911629e-03 1.346531361341476440e-01
2.112234979867935181e-01 2.305351197719573975e-03 1.236587911844253540e-01 1.842133933678269386e-03 2.139584161341190338e-03 1.463561207056045532e-01
2.089081704616546631e-01 2.459326526150107384e-03 1.278821676969528198e-01 1.989880111068487167e-03 2.245072741061449051e-03 1.487084329128265381e-01
2.048810273408889771e-01 2.920626662671566010e-03 1.309266090393066406e-01 2.353705232962965965e-03 2.737289527431130409e-03 1.494400948286056519e-01
2.135261297225952148e-01 2.205627271905541420e-03 1.571862399578094482e-01 1.673520309850573540e-03 1.820899662561714649e-03 1.512959897518157959e-01
2.018228322267532349e-01 1.960306428372859955e-03 1.260992139577865601e-01 1.596675952896475792e-03 1.738729421049356461e-03 1.416850090026855469e-01
1.716995686292648315e-01 2.425645478069782257e-03 1.236004307866096497e-01 2.046770881861448288e-03 2.102537313476204872e-03 1.306398063898086548e-01
1.725214123725891113e-01 2.257254440337419510e-03 1.160089969635009766e-01 1.907935366034507751e-03 2.010680967941880226e-03 1.271212995052337646e-01
1.539179384708404541e-01 3.117360640317201614e-03 1.361430585384368896e-01 2.659844700247049332e-03 2.623819513246417046e-03 1.349784135818481445e-01
2.058540433645248413e-01 2.899944549426436424e-03 1.669891476631164551e-01 2.043315907940268517e-03 2.281112829223275185e-03 1.556192040443420410e-01
2.286225110292434692e-01 5.870848894119262695e-03 2.052152454853057861e-01 4.145041108131408691e-03 4.510231316089630127e-03 1.839698106050491333e-01
2.377319037914276123e-01 4.706411156803369522e-03 1.931945532560348511e-01 3.301075892522931099e-03 3.721068846061825752e-03 1.775400638580322266e-01
2.175682336091995239e-01 1.637175679206848145e-03 1.306234598159790039e-01 1.273448462598025799e-03 1.451835851185023785e-03 1.412794291973114014e-01
2.443963140249252319e-01 2.906446112319827080e-03 1.890923529863357544e-01 2.200414659455418587e-03 2.421265002340078354e-03 1.794299632310867310e-01
1.670358479022979736e-01 2.602000720798969269e-03 1.293540596961975098e-01 1.935779699124395847e-03 2.169626764953136444e-03 1.348476707935333252e-01
1.683315634727478027e-01 2.372952643781900406e-03 1.463125646114349365e-01 1.858837320469319820e-03 1.989538315683603287e-03 1.402915716171264648e-01
1.245002225041389465e-01 4.009232856333255768e-03 1.395507454872131348e-01 3.410285804420709610e-03 3.289929125458002090e-03 1.272355020046234131e-01
1.301317065954208374e-01 3.931252285838127136e-03 1.408382952213287354e-01 3.248017746955156326e-03 3.143509849905967712e-03 1.265757381916046143e-01
1.384412795305252075e-01 4.498599562793970108e-03 1.519271284341812134e-01 3.811630420386791229e-03 3.623938420787453651e-03 1.333781480789184570e-01
1.499232202768325806e-01 2.326834714040160179e-03 1.352434605360031128e-01 1.780077815055847168e-03 1.819262281060218811e-03 1.301195323467254639e-01
1.443847566843032837e-01 3.203305648639798164e-03 1.234294921159744263e-01 2.622758969664573669e-03 2.695133909583091736e-03 1.269215643405914307e-01
1.361977159976959229e-01 3.534921677783131599e-03 1.241252794861793518e-01 3.174256067723035812e-03 3.130193101242184639e-03 1.320713311433792114e-01
1.497479528188705444e-01 2.410342218354344368e-03 1.251588761806488037e-01 1.993336714804172516e-03 2.061848528683185577e-03 1.303795725107192993e-01
1.451130807399749756e-01 2.180026145651936531e-03 1.185859665274620056e-01 1.802973216399550438e-03 1.886697253212332726e-03 1.261584013700485229e-01
1.540719866752624512e-01 2.191897481679916382e-03 1.203300207853317261e-01 1.828590407967567444e-03 1.880042604170739651e-03 1.241776272654533386e-01
1.465299278497695923e-01 2.651307266205549240e-03 1.163222268223762512e-01 2.277816180139780045e-03 2.471959684044122696e-03 1.254672110080718994e-01
1.570060402154922485e-01 2.083094790577888489e-03 1.039708629250526428e-01 1.752368290908634663e-03 1.983020920306444168e-03 1.196481287479400635e-01
1.443075686693191528e-01 2.489357953891158104e-03 1.162434890866279602e-01 2.237823326140642166e-03 2.336629433557391167e-03 1.261198222637176514e-01
1.213073059916496277e-01 2.606712281703948975e-03 1.181808337569236755e-01 2.391726477071642876e-03 2.369100926443934441e-03 1.254660636186599731e-01
1.160173416137695312e-01 2.784938551485538483e-03 1.267493665218353271e-01 2.597372746095061302e-03 2.471338957548141479e-03 1.256775110960006714e-01
1.244790479540824890e-01 3.193663898855447769e-03 1.300904601812362671e-01 3.092643804848194122e-03 2.904356224462389946e-03 1.299368441104888916e-01
1.403902769088745117e-01 3.591209184378385544e-03 1.270782500505447388e-01 3.427591873332858086e-03 3.400245914235711098e-03 1.348049193620681763e-01
1.696715205907821655e-01 2.821052214130759239e-03 1.180531829595565796e-01 2.529178513213992119e-03 2.779881702736020088e-03 1.378952711820602417e-01
1.526461392641067505e-01 4.220224916934967041e-03 1.422899365425109863e-01 3.778058104217052460e-03 3.800146747380495071e-03 1.507769078016281128e-01
1.503307670354843140e-01 4.406264983117580414e-03 1.451352387666702271e-01 3.921728115528821945e-03 3.900815965607762337e-03 1.505450010299682617e-01
1.448104083538055420e-01 4.901348147541284561e-03 1.526654064655303955e-01 4.348292481154203415e-03 4.167225677520036697e-03 1.499891430139541626e-01
1.511885225772857666e-01 5.264234729111194611e-03 1.559063494205474854e-01 4.716813098639249802e-03 4.550239536911249161e-03 1.558846682310104370e-01
1.588609814643859863e-01 4.369674250483512878e-03 1.402550339698791504e-01 3.944742027670145035e-03 4.082501865923404694e-03 1.552399545907974243e-01
1.325482130050659180e-01 3.856464289128780365e-03 1.366892606019973755e-01 3.505728207528591156e-03 3.454230725765228271e-03 1.404188722372055054e-01
1.490276753902435303e-01 3.974283579736948013e-03 1.356338262557983398e-01 3.694705897942185402e-03 3.786585293710231781e-03 1.462302356958389282e-01
1.528151333332061768e-01 3.139973385259509087e-03 1.200244799256324768e-01 2.964027691632509232e-03 3.115734318271279335e-03 1.327000856399536133e-01
1.572244912385940552e-01 2.837010193616151810e-03 1.146356686949729919e-01 2.649119356647133827e-03 2.832703292369842529e-03 1.290627121925354004e-01
1.837741881608963013e-01 2.587399445474147797e-03 1.125634908676147461e-01 2.345728920772671700e-03 2.642564941197633743e-03 1.334109306335449219e-01
1.816196739673614502e-01 2.098304685205221176e-03 1.121467351913452148e-01 1.832829439081251621e-03 2.068974077701568604e-03 1.295667439699172974e-01
1.759274750947952271e-01 2.100806217640638351e-03 1.128483191132545471e-01 1.816720119677484035e-03 2.036708174273371696e-03 1.279976516962051392e-01
1.733526438474655151e-01 2.020220970734953880e-03 1.147532016038894653e-01 1.741160172969102859e-03 1.914483611471951008e-03 1.279379874467849731e-01
1.950294822454452515e-01 1.902656047604978085e-03 1.146198138594627380e-01 1.700127497315406799e-03 1.872290042228996754e-03 1.337502598762512207e-01
1.880606114864349365e-01 3.002238692715764046e-03 1.325138062238693237e-01 2.705239690840244293e-03 2.923071850091218948e-03 1.496274769306182861e-01
1.741622537374496460e-01 3.788222558796405792e-03 1.336729973554611206e-01 3.426800249144434929e-03 3.708917414769530296e-03 1.505538672208786011e-01
1.499652117490768433e-01 2.566456329077482224e-03 1.156406477093696594e-01 2.367636188864707947e-03 2.471965504810214043e-03 1.278594285249710083e-01
1.514525562524795532e-01 2.382326871156692505e-03 1.254353374242782593e-01 1.911854953505098820e-03 2.033549826592206955e-03 1.212254315614700317e-01
1.348194628953933716e-01 3.579261479899287224e-03 1.410341709852218628e-01 2.944830805063247681e-03 2.953365445137023926e-03 1.295299082994461060e-01
1.477024704217910767e-01 4.144704435020685196e-03 1.507649868726730347e-01 3.303486621007323265e-03 3.241828409954905510e-03 1.332361549139022827e-01
1.586757153272628784e-01 3.878377843648195267e-03 1.478108763694763184e-01 2.761611714959144592e-03 3.002044511958956718e-03 1.401068121194839478e-01
1.529831737279891968e-01 4.335090052336454391e-03 1.458497047424316406e-01 3.050612285733222961e-03 3.290639026090502739e-03 1.417677253484725952e-01
1.439331322908401489e-01 4.203578922897577286e-03 1.419555246829986572e-01 3.060805378481745720e-03 3.202783409506082535e-03 1.374939233064651489e-01
1.641334295272827148e-01 4.384446889162063599e-03 1.546801030635833740e-01 3.119453787803649902e-03 3.319271374493837357e-03 1.472288221120834351e-01
1.987396627664566040e-01 4.942281637340784073e-03 1.806843131780624390e-01 3.466876456514000893e-03 3.749378025531768799e-03 1.666763424873352051e-01
2.384641468524932861e-01 5.560788791626691818e-03 1.991432756185531616e-01 4.067836329340934753e-03 4.410034045577049255e-03 1.836102455854415894e-01
2.179847508668899536e-01 4.409661050885915756e-03 1.828434765338897705e-01 3.336336230859160423e-03 3.533325158059597015e-03 1.736512184143066406e-01
1.625035554170608521e-01 4.560943227261304855e-03 1.617157161235809326e-01 3.856493392959237099e-03 3.703944850713014603e-03 1.543381661176681519e-01
1.403587013483047485e-01 4.185603465884923935e-03 1.408995240926742554e-01 3.631632775068283081e-03 3.697812557220458984e-03 1.374020129442214966e-01
1.335910260677337646e-01 3.331172745674848557e-03 1.249811202287673950e-01 2.794925589114427567e-03 2.939269645139575005e-03 1.227928176522254944e-01
1.301250755786895752e-01 2.616202458739280701e-03 1.219166666269302368e-01 2.220595022663474083e-03 2.300711115822196007e-03 1.192759349942207336e-01
1.459618657827377319e-01 2.481054980307817459e-03 1.259121000766754150e-01 2.082869876176118851e-03 2.191395964473485947e-03 1.278692632913589478e-01
1.574668884277343750e-01 2.817749045789241791e-03 1.342882663011550903e-01 2.352461684495210648e-03 2.489031292498111725e-03 1.370231956243515015e-01
1.659822016954421997e-01 3.291294211521744728e-03 1.422306746244430542e-01 2.742931479588150978e-03 2.918787300586700439e-03 1.450079381465911865e-01
1.647036820650100708e-01 3.380936570465564728e-03 1.444112360477447510e-01 2.818841254338622093e-03 3.006808925420045853e-03 1.446160674095153809e-01
1.532490998506546021e-01 2.914394484832882881e-03 1.361658275127410889e-01 2.441179472953081131e-03 2.593039302155375481e-03 1.349435597658157349e-01
1.492968499660491943e-01 2.751576015725731850e-03 1.310639679431915283e-01 2.282682573422789574e-03 2.450421452522277832e-03 1.308442503213882446e-01
1.430148631334304810e-01 2.438830444589257240e-03 1.278158426284790039e-01 2.045932225883007050e-03 2.150144893676042557e-03 1.281473338603973389e-01
1.509795337915420532e-01 2.626749919727444649e-03 1.277054548263549805e-01 2.146722516044974327e-03 2.351035131141543388e-03 1.308925449848175049e-01
1.613452434539794922e-01 2.553622936829924583e-03 1.294396072626113892e-01 2.089747460559010506e-03 2.271723235026001930e-03 1.362551748752593994e-01
1.651180088520050049e-01 2.787127159535884857e-03 1.312540769577026367e-01 2.334685064852237701e-03 2.481007715687155724e-03 1.389713287353515625e-01
1.623325645923614502e-01 2.775438362732529640e-03 1.296489387750625610e-01 2.333217067644000053e-03 2.462114673107862473e-03 1.362965255975723267e-01
1.583241373300552368e-01 2.708337735384702682e-03 1.269863098859786987e-01 2.290351549163460732e-03 2.403282793238759041e-03 1.319914162158966064e-01
1.486777216196060181e-01 2.753628185018897057e-03 1.251614242792129517e-01 2.345604822039604187e-03 2.453183289617300034e-03 1.267199814319610596e-01
1.466700434684753418e-01 2.889061579480767250e-03 1.245805174112319946e-01 2.447814447805285454e-03 2.583527471870183945e-03 1.246486678719520569e-01
1.421459019184112549e-01 3.166465088725090027e-03 1.233429759740829468e-01 2.699749311432242393e-03 2.879147185012698174e-03 1.252622157335281372e-01
1.304443180561065674e-01 2.760000759735703468e-03 1.189405843615531921e-01 2.323616761714220047e-03 2.487354213371872902e-03 1.174161657691001892e-01
1.262094229459762573e-01 2.590188290923833847e-03 1.175903677940368652e-01 2.155176131054759026e-03 2.298273844644427299e-03 1.154909804463386536e-01
1.173463389277458191e-01 2.322085201740264893e-03 1.151150315999984741e-01 1.896480447612702847e-03 1.984111033380031586e-03 1.127484589815139771e-01
1.178542375564575195e-01 2.686573192477226257e-03 1.188557669520378113e-01 2.207534853368997574e-03 2.263952745124697685e-03 1.162909790873527527e-01
1.225257068872451782e-01 3.098815912380814552e-03 1.221098676323890686e-01 2.564704278483986855e-03 2.631419803947210312e-03 1.200930327177047729e-01
1.244370788335800171e-01 3.128528594970703125e-03 1.219697743654251099e-01 2.589212963357567787e-03 2.663404215127229691e-03 1.196714416146278381e-01
1.281225532293319702e-01 4.369390197098255157e-03 1.474390476942062378e-01 3.428300376981496811e-03 3.363060764968395233e-03 1.282383203506469727e-01
1.431358307600021362e-01 4.508167970925569534e-03 1.468611955642700195e-01 3.464591922238469124e-03 3.511731978505849838e-03 1.420112699270248413e-01
1.519358456134796143e-01 4.254005383700132370e-03 1.569321006536483765e-01 3.313773777335882187e-03 3.320129588246345520e-03 1.451583504676818848e-01
1.458860784769058228e-01 4.738876130431890488e-03 1.410158723592758179e-01 3.464133013039827347e-03 3.672926221042871475e-03 1.458194851875305176e-01
1.459065228700637817e-01 5.160795524716377258e-03 1.539975106716156006e-01 3.836773103103041649e-03 3.985475283116102219e-03 1.453182399272918701e-01
1.370847821235656738e-01 5.343917291611433029e-03 1.485178470611572266e-01 4.041435196995735168e-03 4.155174363404512405e-03 1.403937637805938721e-01
1.445883959531784058e-01 4.815087188035249710e-03 1.610269248485565186e-01 3.769060829654335976e-03 3.739336971193552017e-03 1.416973024606704712e-01
