8.272573351860046387e-03 9.289093315601348877e-03 -6.443795282393693924e-03
5.174943245947360992e-03 4.401281010359525681e-03 1.595662441104650497e-03
6.223802454769611359e-03 3.255934920161962509e-03 3.111058380454778671e-03
9.685784578323364258e-03 6.924827117472887039e-03 3.953968174755573273e-03
5.371839739382266998e-03 6.062108557671308517e-03 1.446119393222033978e-03
3.658187109977006912e-03 7.797141093760728836e-03 4.982007201761007309e-03
1.487743947654962540e-02 1.834198832511901855e-02 4.667105153203010559e-03
5.649961065500974655e-03 2.312680892646312714e-02 1.418633665889501572e-02
2.443701960146427155e-03 1.742303185164928436e-02 1.783987972885370255e-03
8.735650219023227692e-03 3.379427641630172729e-02 2.153168991208076477e-02
-1.520182192325592041e-02 1.006570085883140564e-02 2.075329422950744629e-02
-2.160273678600788116e-02 -1.950311288237571716e-02 -1.289314217865467072e-02
-3.610054729506373405e-03 7.464614231139421463e-03 -1.695222966372966766e-02
1.158669590950012207e-02 4.928765352815389633e-03 -4.747527837753295898e-02
1.604910008609294891e-03 -1.244269777089357376e-03 -1.695173792541027069e-02
1.064620446413755417e-02 -5.211200565099716187e-03 -3.845396451652050018e-03
1.953880488872528076e-02 1.341270050033926964e-03 -7.195585931185632944e-05
4.782225470989942551e-03 3.625031560659408569e-03 2.103327028453350067e-02
-9.519860614091157913e-04 2.726605162024497986e-02 3.852009028196334839e-02
5.582526791840791702e-03 4.313822463154792786e-02 3.592405468225479126e-02
-8.838007226586341858e-03 1.559267472475767136e-02 2.763004601001739502e-02
-7.147157564759254456e-03 9.130716323852539062e-03 -2.414673380553722382e-02
-4.241299349814653397e-03 1.470140367746353149e-02 -1.731680333614349365e-02
1.126191765069961548e-02 1.562668010592460632e-02 -2.726271562278270721e-02
4.887301474809646606e-03 4.645711742341518402e-04 -1.094060204923152924e-02
8.861877955496311188e-03 9.301542741013690829e-05 7.764871115796267986e-04
1.218939758837223053e-02 4.064346197992563248e-03 8.598537184298038483e-03
-4.212636558804661036e-04 1.008892431855201721e-02 3.616400435566902161e-02
-3.817458404228091240e-03 4.488856345415115356e-02 5.502767488360404968e-02
2.544441493228077888e-03 3.407187387347221375e-02 2.034470811486244202e-02
-1.280919462442398071e-02 -1.860262453556060791e-02 6.637917365878820419e-03
-1.269527804106473923e-02 -6.168473977595567703e-03 -1.699253451079130173e-03
8.589947596192359924e-03 1.909453235566616058e-02 -2.963635697960853577e-02
1.519185118377208710e-02 3.095050156116485596e-02 -2.009283192455768585e-02
8.628396317362785339e-03 -8.181794546544551849e-03 -1.391591597348451614e-02
1.869731582701206207e-02 2.789839170873165131e-03 -6.829950027167797089e-03
5.637665744870901108e-03 8.133654482662677765e-03 3.488846821710467339e-03
-5.497527308762073517e-03 1.945859566330909729e-02 2.221922390162944794e-02
4.027731716632843018e-03 4.882200062274932861e-02 4.025001823902130127e-02
-2.166406624019145966e-02 -1.616629655472934246e-03 8.270936086773872375e-03
-2.365951612591743469e-02 -8.476004004478454590e-03 -6.141758523881435394e-03
2.452565357089042664e-02 3.344442695379257202e-02 -3.661128878593444824e-02
-1.277671661227941513e-02 1.276876032352447510e-02 -1.980682834982872009e-02
-3.046197816729545593e-03 1.018864940851926804e-02 3.834158414974808693e-04
7.355816662311553955e-03 -3.436524886637926102e-03 2.247981959953904152e-03
2.752815606072545052e-03 -5.399851128458976746e-03 1.891938969492912292e-03
1.280125929042696953e-03 -1.242191158235073090e-02 5.491776391863822937e-03
3.923199546989053488e-04 -1.286484021693468094e-02 5.182186141610145569e-03
-1.233506016433238983e-02 -1.872292533516883850e-02 2.003164403140544891e-02
9.012644179165363312e-03 9.272335097193717957e-03 1.023181481286883354e-03
7.254310883581638336e-03 2.977843862026929855e-03 6.611130665987730026e-03
7.367984857410192490e-03 5.385287106037139893e-03 -2.877491060644388199e-03
3.128353971987962723e-03 -9.096995345316827297e-04 -1.283995690755546093e-03
3.598514711484313011e-03 6.686294218525290489e-04 -3.859816817566752434e-03
2.791457111015915871e-03 -3.701338719110935926e-04 -3.125216113403439522e-03
6.137980613857507706e-03 5.873944144695997238e-03 -4.183277953416109085e-03
4.912356380373239517e-03 3.254372160881757736e-03 -3.360182745382189751e-03
3.480909159407019615e-03 5.947364261373877525e-04 -3.569043707102537155e-03
3.209587885066866875e-03 4.110606096219271421e-04 -3.549360204488039017e-03
3.289959626272320747e-03 5.874214111827313900e-04 -3.567218780517578125e-03
3.198501653969287872e-03 5.108258337713778019e-04 -3.344985423609614372e-03
3.250745357945561409e-03 6.222344236448407173e-04 -3.506619948893785477e-03
4.027983173727989197e-03 3.029147395864129066e-03 -4.118500743061304092e-03
3.834611736238002777e-03 2.070782240480184555e-03 -4.227553028613328934e-03
3.062242642045021057e-03 2.557260741014033556e-04 -3.655161941424012184e-03
3.246439853683114052e-03 5.130342906340956688e-04 -3.699329448863863945e-03
3.150941105559468269e-03 3.670684818644076586e-04 -3.542678896337747574e-03
3.130703931674361229e-03 4.017733444925397635e-04 -3.612346481531858444e-03
3.014064393937587738e-03 2.391101443208754063e-04 -3.589343046769499779e-03
4.355703014880418777e-03 3.795723663643002510e-03 -4.066733177751302719e-03
3.924930468201637268e-03 1.917605986818671227e-03 -3.769111586734652519e-03
3.194238292053341866e-03 2.935861994046717882e-04 -3.501452738419175148e-03
3.239368321374058723e-03 4.382645420264452696e-04 -3.615221707150340080e-03
3.255444811657071114e-03 4.502560186665505171e-04 -3.940758761018514633e-03
3.133720718324184418e-03 2.226726210210472345e-04 -3.940972033888101578e-03
3.054871223866939545e-03 1.966218987945467234e-04 -3.603012999519705772e-03
4.420380108058452606e-03 3.722399240359663963e-03 -4.434012807905673981e-03
5.017817020416259766e-03 4.110842943191528320e-03 -5.952634848654270172e-03
4.465181846171617508e-03 2.398402197286486626e-03 -5.207673180848360062e-03
5.212194286286830902e-03 3.165191505104303360e-03 -2.304250840097665787e-03
-1.502071274444460869e-03 -4.821194335818290710e-03 -2.542948117479681969e-03
3.036739770323038101e-03 6.668013520538806915e-04 -3.346721641719341278e-03
1.936240470968186855e-03 -4.173883062321692705e-04 -3.764905733987689018e-03
-2.291444223374128342e-03 -4.736747127026319504e-03 -3.259198972955346107e-03
6.381066981703042984e-03 8.246971294283866882e-03 -6.696851458400487900e-03
4.362548701465129852e-03 4.456378519535064697e-03 -6.801632232964038849e-03
3.785138018429279327e-03 3.023609751835465431e-03 -4.800885915756225586e-03
1.950407866388559341e-03 9.166954550892114639e-04 -4.756781272590160370e-03
1.620259368792176247e-03 3.763613349292427301e-04 -4.656611476093530655e-03
9.596126619726419449e-04 -2.535408129915595055e-04 -4.881635773926973343e-03
4.168884363025426865e-03 6.011219229549169540e-03 -5.056325811892747879e-03
1.871639979071915150e-03 1.957912696525454521e-03 -5.352296866476535797e-03
1.751367584802210331e-03 8.793637389317154884e-04 -5.040273535996675491e-03
7.434983854182064533e-04 -9.077632566913962364e-04 -3.734822850674390793e-03
2.806650474667549133e-03 2.783249597996473312e-03 -6.217431277036666870e-03
1.982339425012469292e-03 9.162047063000500202e-04 -4.831578116863965988e-03
1.749443588778376579e-03 6.539258174598217010e-04 -4.074495285749435425e-03
2.326555782929062843e-03 2.939468016847968102e-03 -2.672787988558411598e-03
1.193357631564140320e-03 1.835132716223597527e-03 -5.898469593375921249e-03
2.811290556564927101e-03 2.123987069353461266e-03 -4.356944467872381210e-03
2.959875855594873428e-03 1.964248018339276314e-03 -5.078578833490610123e-03
1.484669977799057961e-03 2.515536325518041849e-04 -4.347841255366802216e-03
1.473354874178767204e-03 6.183718796819448471e-04 -5.184683948755264282e-03
1.748805865645408630e-03 6.459779106080532074e-04 -4.860663320869207382e-03
3.340806812047958374e-03 3.834837116301059723e-03 -3.446186427026987076e-03
2.561936154961585999e-03 2.079807454720139503e-03 -5.628099199384450912e-03
1.910995692014694214e-03 5.714749568141996861e-04 -5.241434089839458466e-03
9.419557172805070877e-04 -5.042683333158493042e-04 -5.297142546623945236e-03
1.962214941158890724e-03 6.398034747689962387e-04 -5.739727988839149475e-03
1.865827129222452641e-03 6.936879944987595081e-04 -6.463521625846624374e-03
2.166713820770382881e-03 8.768476545810699463e-04 -4.306170158088207245e-03
2.456607064232230186e-03 3.255300922319293022e-03 -2.409357810392975807e-03
1.737442798912525177e-03 1.853776280768215656e-03 -6.864110007882118225e-03
3.165400587022304535e-03 2.231460995972156525e-03 -2.945868996903300285e-03
2.698250580579042435e-03 1.216960255987942219e-03 -2.670505782589316368e-03
2.275303471833467484e-03 1.227185130119323730e-03 -1.660047098994255066e-03
-1.183643471449613571e-03 -2.729467349126935005e-03 -3.581248456612229347e-04
-5.217730067670345306e-03 -1.385338418185710907e-02 4.246399621479213238e-04
1.377437636256217957e-02 -5.820262245833873749e-03 -1.372541487216949463e-02
1.533135119825601578e-02 -4.300518892705440521e-03 -1.473541837185621262e-03
1.950585655868053436e-02 2.553699072450399399e-03 -2.354869386181235313e-03
1.737514883279800415e-02 3.353931708261370659e-03 7.501453161239624023e-03
-1.159182633273303509e-03 7.141158916056156158e-03 1.065514795482158661e-02
-8.799606002867221832e-03 2.545570023357868195e-02 2.035237289965152740e-02
-6.152125541120767593e-03 2.837691642343997955e-02 1.590541377663612366e-02
3.684930969029664993e-03 3.030455857515335083e-02 3.328168392181396484e-02
7.502547930926084518e-03 2.830443717539310455e-02 3.120313957333564758e-02
-2.291447483003139496e-03 -2.069185953587293625e-03 1.198145281523466110e-02
3.403579816222190857e-03 1.897533191367983818e-03 4.764851182699203491e-03
2.434186637401580811e-03 1.939596049487590790e-02 1.605160720646381378e-02
5.175877362489700317e-03 2.992798946797847748e-02 1.131982542574405670e-02
-7.244893815368413925e-03 1.708164252340793610e-02 1.264541689306497574e-02
-5.575561430305242538e-03 9.831285104155540466e-03 5.110669415444135666e-03
-6.814172491431236267e-03 1.616776734590530396e-02 -2.878145547583699226e-03
-4.969143774360418320e-03 1.427105441689491272e-02 2.386862877756357193e-03
-5.640972405672073364e-03 2.697421424090862274e-02 -2.060712547972798347e-03
-5.001144483685493469e-03 2.621621638536453247e-02 1.773794880136847496e-03
-4.008227027952671051e-03 2.874114364385604858e-02 3.282191464677453041e-03
-4.565050825476646423e-03 1.771050319075584412e-02 3.427666844800114632e-03
-1.696496829390525818e-02 1.637907885015010834e-02 -8.972864598035812378e-03
-4.152530338615179062e-03 1.326042460277676582e-03 3.774315118789672852e-03
-1.467842143028974533e-03 2.132531441748142242e-02 2.732628257945179939e-03
-1.098446454852819443e-02 3.030571341514587402e-02 1.979156164452433586e-03
-6.681320257484912872e-03 1.535886526107788086e-02 5.715860519558191299e-03
-2.144937170669436455e-03 7.924342527985572815e-03 7.327296305447816849e-03
-1.116535440087318420e-02 4.289904143661260605e-03 5.454130005091428757e-03
-2.775005251169204712e-02 4.919523373246192932e-03 7.993499748408794403e-03
-2.346620522439479828e-02 6.002982612699270248e-03 -2.589363066363148391e-05
-1.228869985789060593e-02 -8.523974567651748657e-03 -1.284359605051577091e-03
-6.933099590241909027e-03 -2.253322675824165344e-02 5.787326954305171967e-03
-1.274196058511734009e-02 6.694362498819828033e-03 6.199771072715520859e-03
-1.218837127089500427e-02 1.026581693440675735e-02 8.269546553492546082e-03
-7.874207571148872375e-03 1.012920029461383820e-02 1.088106632232666016e-02
-1.004405412822961807e-02 2.574705146253108978e-02 -2.051848452538251877e-03
-1.962694339454174042e-02 3.353126347064971924e-02 5.699808825738728046e-04
-2.474430575966835022e-02 1.091458089649677277e-02 1.880569732747972012e-03
-1.698572188615798950e-02 1.173250842839479446e-02 9.404686861671507359e-04
-1.873887516558170319e-02 1.392225082963705063e-02 -3.369380719959735870e-03
-2.326431870460510254e-02 3.787038847804069519e-02 -5.540072452276945114e-03
-2.156540006399154663e-02 4.199727252125740051e-02 -1.494034768256824464e-05
-2.781921997666358948e-02 3.927264362573623657e-02 -1.079511828720569611e-02
-2.287893183529376984e-02 1.522698719054460526e-02 -1.754618436098098755e-02
-1.597878150641918182e-02 1.491468120366334915e-02 -1.156739052385091782e-02
-1.415859162807464600e-02 3.222956135869026184e-02 -1.493554748594760895e-02
-1.193810626864433289e-02 4.062575474381446838e-02 -3.891071537509560585e-03
-4.294722806662321091e-03 4.132615774869918823e-02 -5.408490076661109924e-03
-3.211689647287130356e-03 3.626863658428192139e-02 -1.510250847786664963e-02
4.078565165400505066e-02 3.586829453706741333e-02 -2.767197415232658386e-02
4.141045361757278442e-02 1.907455548644065857e-02 -1.267120521515607834e-02
3.791508451104164124e-02 3.000643290579319000e-02 -1.222980022430419922e-02
3.696222975850105286e-02 2.411405183374881744e-02 -1.103450357913970947e-02
3.085800819098949432e-02 2.723181992769241333e-02 -1.802453026175498962e-02
3.999698534607887268e-02 2.907602116465568542e-02 -2.384280227124691010e-02
4.293790087103843689e-02 3.123890422284603119e-02 -2.381826937198638916e-02
2.947621792554855347e-02 4.482784122228622437e-02 -2.329851500689983368e-02
3.619638457894325256e-02 3.124634176492691040e-02 -1.792554929852485657e-02
2.975529804825782776e-02 9.843093343079090118e-03 -3.499066922813653946e-03
1.587555557489395142e-02 7.664924021810293198e-03 8.898937376216053963e-04
2.383083291351795197e-02 3.329340368509292603e-02 -2.634587697684764862e-03
3.393062204122543335e-02 6.954930722713470459e-02 -1.361965318210422993e-03
4.338042065501213074e-02 7.430244237184524536e-02 2.144566271454095840e-03
7.278201729059219360e-02 6.731957942247390747e-02 -8.007318712770938873e-03
7.847024500370025635e-02 5.385984480381011963e-02 -5.257522687315940857e-03
4.473599791526794434e-02 3.845110163092613220e-02 -1.126317586749792099e-02
3.934244811534881592e-02 4.424788430333137512e-02 -8.524077944457530975e-03
5.529889091849327087e-02 3.241707012057304382e-02 -4.458971321582794189e-03
7.691629230976104736e-02 4.669794440269470215e-02 5.101641174405813217e-03
4.847332835197448730e-02 1.909511722624301910e-02 3.538054414093494415e-03
2.628245949745178223e-02 1.960930041968822479e-02 1.042594667524099350e-02
6.383711099624633789e-02 4.761634021997451782e-02 3.961111069656908512e-04
1.695170253515243530e-02 2.697666548192501068e-02 3.820926416665315628e-03
2.901069819927215576e-02 3.187888488173484802e-02 3.380637150257825851e-03
3.696032986044883728e-02 4.741215705871582031e-02 9.562762454152107239e-03
6.982054561376571655e-02 6.651239097118377686e-02 1.085939258337020874e-02
7.052140682935714722e-02 6.606905907392501831e-02 1.581542193889617920e-02
7.937797158956527710e-02 6.158139929175376892e-02 2.551360987126827240e-03
6.714632362127304077e-02 2.944490499794483185e-02 -6.784758064895868301e-03
2.358290739357471466e-02 6.522318720817565918e-02 1.118342392146587372e-02
-6.868710042908787727e-04 8.258137106895446777e-02 1.018634624779224396e-02
3.673514723777770996e-02 4.801105707883834839e-02 5.640967283397912979e-03
7.994527369737625122e-02 4.431308060884475708e-02 1.256044604815542698e-03
7.021291553974151611e-02 3.073466569185256958e-02 3.837379859760403633e-03
1.024039015173912048e-01 5.034444481134414673e-02 5.386658478528261185e-03
9.798476845026016235e-02 9.420963935554027557e-03 -6.293823476880788803e-03
5.618862807750701904e-02 -1.744546927511692047e-02 -6.359875202178955078e-03
3.697923570871353149e-02 -1.100779883563518524e-02 -1.257392298430204391e-02
4.821746796369552612e-02 -2.152006514370441437e-02 -1.531193684786558151e-02
7.518945634365081787e-02 -2.508246526122093201e-02 -1.831504143774509430e-02
7.439389824867248535e-02 3.866597253363579512e-04 -8.837936446070671082e-03
1.075461059808731079e-01 -4.379816353321075439e-02 -3.370475023984909058e-02
6.823825836181640625e-02 -3.059732913970947266e-02 -2.893469296395778656e-02
6.642095744609832764e-02 -3.998555988073348999e-02 -1.890850439667701721e-02
7.388497889041900635e-02 -2.601431682705879211e-02 -1.322270464152097702e-02
5.734921619296073914e-02 -6.309505552053451538e-02 -1.276596169918775558e-02
1.020150631666183472e-01 -1.124898642301559448e-01 -2.425016649067401886e-02
9.342169761657714844e-02 -1.142975315451622009e-01 -1.476209890097379684e-02
3.015831857919692993e-02 -7.650797814130783081e-02 7.769449439365416765e-05
4.636032506823539734e-02 -7.339845597743988037e-02 -1.368328277021646500e-02
4.063683748245239258e-02 -5.343368649482727051e-02 -1.137672644108533859e-02
3.210116550326347351e-02 -6.033345311880111694e-02 -1.874225959181785583e-02
2.821927890181541443e-02 -5.823346599936485291e-02 -5.869681946933269501e-03
2.390919625759124756e-02 -4.061252623796463013e-02 -3.674184670671820641e-03
3.355897963047027588e-02 -4.544535279273986816e-02 -7.648506201803684235e-03
6.268049776554107666e-02 -7.454240322113037109e-02 -1.933336071670055389e-02
2.934224717319011688e-02 -6.500382721424102783e-02 -6.074786186218261719e-03
2.816342376172542572e-02 -2.871944569051265717e-02 -6.811549887061119080e-03
2.592574618756771088e-02 -1.806373335421085358e-02 2.576749539002776146e-03
3.279424086213111877e-02 -2.201161719858646393e-02 2.504748059436678886e-03
4.378445446491241455e-02 -3.364686295390129089e-02 7.532550022006034851e-03
4.426071047782897949e-02 -3.782866150140762329e-02 5.572763737291097641e-03
2.201715484261512756e-02 -2.834710478782653809e-02 -1.572961220517754555e-03
1.215573213994503021e-02 9.420583024621009827e-03 -7.669675629585981369e-03
-1.678627682849764824e-03 2.553610596805810928e-03 -8.295042440295219421e-03
-2.653287723660469055e-03 1.070274412631988525e-02 -6.023405585438013077e-03
1.989427208900451660e-02 4.616393148899078369e-02 -4.313919693231582642e-03
-1.950341276824474335e-02 3.897272422909736633e-02 -4.561333451420068741e-03
-2.002270705997943878e-02 2.121836319565773010e-02 -5.324652418494224548e-03
-3.406446892768144608e-03 2.024620957672595978e-02 -9.453182108700275421e-03
2.383297681808471680e-02 3.598957136273384094e-02 -1.276605110615491867e-02
-1.168933231383562088e-03 3.019085153937339783e-02 -1.823559589684009552e-02
-1.487474236637353897e-02 3.763844445347785950e-02 -2.294106222689151764e-02
-3.484401106834411621e-02 3.891129791736602783e-02 -2.395545691251754761e-02
-2.440978772938251495e-02 6.015294417738914490e-02 -1.994757540524005890e-02
-6.645630579441785812e-03 4.994927346706390381e-02 -6.834283471107482910e-03
-3.489086404442787170e-02 4.932214692234992981e-02 -1.695560850203037262e-02
-1.503688283264636993e-02 3.741949796676635742e-02 -1.676222309470176697e-02
-2.492491155862808228e-02 3.812514245510101318e-02 -1.710558868944644928e-02
-1.964372396469116211e-02 4.898964241147041321e-02 -1.766071841120719910e-02
-3.399081155657768250e-02 6.879504770040512085e-02 -5.284425336867570877e-03
-6.350056082010269165e-02 8.570285886526107788e-02 -7.582128979265689850e-03
-6.104953959584236145e-02 7.385100424289703369e-02 -3.123155562207102776e-03
-3.352386876940727234e-02 4.477423056960105896e-02 3.397688269615173340e-03
-2.267150953412055969e-02 4.751369729638099670e-02 -5.580735887633636594e-05
-1.882773265242576599e-02 5.194646492600440979e-02 -2.152031753212213516e-03
-2.846288122236728668e-02 6.442118436098098755e-02 1.194189768284559250e-02
-4.276193305850028992e-02 1.120900735259056091e-01 1.151366974227130413e-03
-5.892705917358398438e-02 1.255846023559570312e-01 -4.884395282715559006e-03
-5.505252629518508911e-02 1.126260682940483093e-01 -1.902013272047042847e-02
-7.497344166040420532e-02 1.291432976722717285e-01 -2.594032324850559235e-02
-6.741040199995040894e-02 1.125964447855949402e-01 -1.243001595139503479e-02
-4.002118110656738281e-02 5.889641493558883667e-02 -2.351497532799839973e-03
-6.773929297924041748e-02 8.733781427145004272e-02 -1.192254666239023209e-02
-1.283431202173233032e-01 1.136651188135147095e-01 -1.237961370497941971e-02
-1.384875327348709106e-01 1.018024832010269165e-01 -4.486009478569030762e-03
-1.156958714127540588e-01 9.624782949686050415e-02 1.151795126497745514e-02
-1.646654307842254639e-01 5.626112595200538635e-02 8.115906268358230591e-03
-1.045932620763778687e-01 2.946657314896583557e-02 1.017375849187374115e-03
-7.361430674791336060e-02 1.454004831612110138e-02 -1.217457093298435211e-02
-6.098749116063117981e-02 1.920857094228267670e-02 -2.864901907742023468e-03
-4.791967943310737610e-02 1.804113015532493591e-02 3.421493805944919586e-03
-4.146008938550949097e-02 -3.780469764024019241e-03 -5.585907492786645889e-03
-4.059357941150665283e-02 9.204827249050140381e-03 4.285389557480812073e-03
-2.102103456854820251e-02 2.024074271321296692e-02 7.477069739252328873e-03
-3.351632505655288696e-02 1.290324795991182327e-02 1.946910843253135681e-02
-3.361206129193305969e-02 8.022618567338213325e-05 1.587932743132114410e-02
-1.232440676540136337e-02 -3.540219739079475403e-02 1.049216464161872864e-02
-3.465316025540232658e-03 -7.079867273569107056e-02 3.017572499811649323e-02
-9.943790733814239502e-03 -9.626555442810058594e-02 2.302947640419006348e-02
1.366382185369729996e-02 -9.026587754487991333e-02 2.101756259799003601e-02
2.554844506084918976e-02 -1.272078007459640503e-01 1.744471839629113674e-03
5.226602777838706970e-03 -1.126214712858200073e-01 -2.158193103969097137e-02
8.402186445891857147e-03 -6.119045242667198181e-02 -3.050745278596878052e-02
-6.112165283411741257e-03 -2.978101372718811035e-02 -3.227192535996437073e-02
-2.863555215299129486e-03 1.271124463528394699e-02 -3.778673335909843445e-02
1.206383109092712402e-02 -2.701342105865478516e-03 -3.747482970356941223e-02
1.247917674481868744e-02 -1.673888601362705231e-02 -3.962820768356323242e-02
2.898638695478439331e-02 -4.486899077892303467e-02 -3.615913540124893188e-02
4.313819482922554016e-02 -9.376560337841510773e-04 -2.830008976161479950e-02
1.798676326870918274e-02 2.841987460851669312e-02 -4.851560574024915695e-03
1.010678894817829132e-02 2.878394909203052521e-02 1.607777737081050873e-02
2.660251036286354065e-02 6.893680896610021591e-03 4.408991709351539612e-02
3.000077791512012482e-02 3.932643681764602661e-03 4.361029341816902161e-02
4.548862576484680176e-02 -5.606081103906035423e-04 4.140754044055938721e-02
8.242111653089523315e-02 -1.299607381224632263e-02 1.804949156939983368e-02
7.195228338241577148e-02 -1.494167186319828033e-02 6.130557972937822342e-03
7.546804100275039673e-02 -1.933402568101882935e-02 2.164617739617824554e-02
8.674903213977813721e-02 -3.341488912701606750e-02 3.631826117634773254e-02
7.054075598716735840e-02 -2.229728549718856812e-02 4.190268740057945251e-02
8.175152540206909180e-02 -4.782664403319358826e-02 1.830621249973773956e-02
8.028755336999893188e-02 -4.070638120174407959e-02 1.262409798800945282e-02
9.604201465845108032e-02 -4.064053297042846680e-02 3.250227868556976318e-02
7.388428598642349243e-02 -3.074069321155548096e-02 3.318284824490547180e-02
5.872295051813125610e-02 -3.653165325522422791e-02 4.408797249197959900e-02
5.124845076352357864e-03 -3.111325204372406006e-02 1.046165451407432556e-02
4.734229668974876404e-02 -4.339570179581642151e-02 -1.357750128954648972e-02
8.750858902931213379e-02 -8.312454819679260254e-02 -3.085112664848566055e-03
9.270019829273223877e-02 -8.252528309822082520e-02 -6.936128251254558563e-03
1.034382879734039307e-01 -7.691350579261779785e-02 -2.218828350305557251e-02
2.521251887083053589e-02 -4.986815899610519409e-02 -1.740689016878604889e-02
2.507770247757434845e-02 -1.261370070278644562e-02 -4.241449350956827402e-04
3.183272108435630798e-02 -1.310521829873323441e-02 -8.907338604331016541e-03
4.578176513314247131e-02 -1.384832989424467087e-02 -4.917386453598737717e-03
5.748047307133674622e-02 -1.842317730188369751e-02 1.778017729520797729e-03
7.464363425970077515e-02 -1.047851424664258957e-02 4.778730683028697968e-03
8.118076622486114502e-02 1.371717359870672226e-02 -5.270202527754008770e-04
8.657441288232803345e-02 -2.200267650187015533e-02 -1.466366113163530827e-03
6.536096334457397461e-02 -5.252690520137548447e-03 1.007361803203821182e-02
8.316148817539215088e-02 1.116190664470195770e-02 -1.509935711510479450e-03
5.604871734976768494e-02 2.316769026219844818e-02 -6.610288284718990326e-03
4.927404224872589111e-02 2.692994102835655212e-02 -1.012863405048847198e-02
5.008276179432868958e-02 5.134329572319984436e-02 -1.482123415917158127e-02
1.249260082840919495e-01 7.081632316112518311e-02 -3.161917673423886299e-03
4.593839868903160095e-02 8.917554467916488647e-02 -5.737324245274066925e-03
9.246719069778919220e-03 5.214419215917587280e-02 -3.864623373374342918e-03
9.552550502121448517e-03 5.377542600035667419e-02 -5.203226115554571152e-03
4.860546905547380447e-03 5.856661498546600342e-02 -1.162395905703306198e-02
-9.144874289631843567e-03 4.779657721519470215e-02 -1.534987520426511765e-02
-1.223694719374179840e-02 4.036280885338783264e-02 -1.616368442773818970e-02
1.226508058607578278e-03 5.838115513324737549e-02 -2.021259069442749023e-02
-1.801502332091331482e-02 5.291059985756874084e-02 -1.704750768840312958e-02
-1.760304719209671021e-02 4.125175625085830688e-02 -1.738731563091278076e-02
-1.079733017832040787e-02 5.825300142168998718e-02 -1.191276311874389648e-02
-1.467099785804748535e-02 6.781996786594390869e-02 -1.201960351318120956e-02
-3.560200333595275879e-02 6.842026859521865845e-02 -1.289869658648967743e-02
-1.036903262138366699e-02 8.081000298261642456e-02 -1.180445868521928787e-02
2.424407936632633209e-02 4.811841621994972229e-02 -4.459439311176538467e-03
1.079658395610749722e-03 4.530883952975273132e-02 -1.071973983198404312e-02
-2.638238109648227692e-02 4.710035771131515503e-02 -1.818372495472431183e-02
-3.773247078061103821e-02 7.991865277290344238e-02 -9.708578698337078094e-03
-4.162227734923362732e-02 7.687920331954956055e-02 -1.704303431324660778e-03
-7.097925245761871338e-02 7.248386740684509277e-02 1.289641857147216797e-02
-5.426519364118576050e-02 7.954565435647964478e-02 2.149260602891445160e-02
-4.944509267807006836e-02 7.236094772815704346e-02 5.680987145751714706e-03
-2.941575273871421814e-02 6.811501085758209229e-02 5.187649745494127274e-03
-2.887639962136745453e-02 7.046905905008316040e-02 1.229614205658435822e-02
-4.245769605040550232e-02 6.183420866727828979e-02 1.017370540648698807e-02
-5.602797865867614746e-02 6.205773353576660156e-02 1.300155464559793472e-02
-7.382463663816452026e-02 5.781168863177299500e-02 6.407349836081266403e-03
-7.947471737861633301e-02 4.460161551833152771e-02 6.350265350192785263e-03
-1.049901768565177917e-01 5.467809364199638367e-02 4.940183367580175400e-03
-1.190142035484313965e-01 3.492942079901695251e-02 -7.370353210717439651e-03
-9.290983527898788452e-02 1.052569970488548279e-02 -1.619084551930427551e-02
-9.132238477468490601e-02 -1.093650143593549728e-02 -1.544159930199384689e-02
-8.425179868936538696e-02 -1.344104297459125519e-02 -2.050353772938251495e-02
-1.073979139328002930e-01 -1.829265244305133820e-02 -1.917152851819992065e-02
-1.101176291704177856e-01 -2.197556570172309875e-02 -1.754162088036537170e-02
-1.093164309859275818e-01 -4.947136715054512024e-02 -2.624863758683204651e-02
-8.771456778049468994e-02 -7.462169975042343140e-02 -2.800722420215606689e-02
-6.881616264581680298e-02 -6.971815228462219238e-02 -2.402330562472343445e-02
-4.363117367029190063e-02 -6.826898455619812012e-02 -2.638024464249610901e-02
-2.533464878797531128e-02 -7.419103384017944336e-02 -2.846181206405162811e-02
-4.318131878972053528e-02 -5.568465590476989746e-02 -4.671474453061819077e-03
-3.570947796106338501e-02 -4.176445677876472473e-02 -3.897924325428903103e-04
-7.178097032010555267e-03 -4.107452929019927979e-02 -8.782217279076576233e-03
1.136251445859670639e-02 -3.403865545988082886e-02 -2.574956044554710388e-03
1.589739322662353516e-02 -2.980292774736881256e-02 7.821663282811641693e-03
1.101582031697034836e-02 -2.154239453375339508e-02 1.119657140225172043e-02
1.827065832912921906e-02 -2.697637490928173065e-02 1.208560355007648468e-02
3.152647987008094788e-02 -3.485215082764625549e-02 2.205431275069713593e-02
4.578256979584693909e-02 -4.922437295317649841e-02 3.718849644064903259e-02
4.782431945204734802e-02 -4.690906777977943420e-02 4.537703096866607666e-02
3.732630237936973572e-02 -2.264562994241714478e-02 4.277998954057693481e-02
3.556461259722709656e-02 -2.433527633547782898e-02 3.273411467671394348e-02
3.633606433868408203e-02 -2.854655869305133820e-02 2.826065011322498322e-02
4.028172418475151062e-02 -4.289893805980682373e-02 3.134339675307273865e-02
3.039191477000713348e-02 -4.753128811717033386e-02 3.328117728233337402e-02
1.158206164836883545e-02 -3.527254238724708557e-02 2.511840313673019409e-02
4.212805256247520447e-02 -2.602536417543888092e-02 3.449496626853942871e-02
5.698122456669807434e-02 -2.895472198724746704e-02 2.838343568146228790e-02
3.406687825918197632e-02 -1.569135487079620361e-02 2.116815000772476196e-02
3.708277642726898193e-02 -3.522433340549468994e-02 1.145326718688011169e-02
3.782080113887786865e-02 -7.405319809913635254e-02 -1.380913541652262211e-03
6.702006608247756958e-02 -7.141041010618209839e-02 7.925829850137233734e-03
7.111608237028121948e-02 -6.802628934383392334e-02 2.836330968420952559e-04
5.747713521122932434e-02 -3.664195910096168518e-02 -3.544057253748178482e-03
2.714115940034389496e-02 -1.929708756506443024e-02 7.910558633739128709e-05
2.545727044343948364e-02 -9.887269698083400726e-03 -1.529929460957646370e-03
5.069859698414802551e-02 -5.837804637849330902e-03 -1.716110738925635815e-03
4.040253907442092896e-02 -1.114047318696975708e-02 -1.000777236185967922e-03
4.754895716905593872e-02 -2.663096785545349121e-02 -1.535379514098167419e-02
6.297465413808822632e-02 -3.204580023884773254e-02 -1.148320734500885010e-02
8.184381574392318726e-02 -7.170320302248001099e-02 -2.454380691051483154e-02
8.683200180530548096e-02 -8.920641243457794189e-02 -2.733599953353404999e-02
7.071676850318908691e-02 -7.086879760026931763e-02 -2.341372519731521606e-02
5.089958012104034424e-02 -6.219413131475448608e-02 -1.978187635540962219e-02
7.913568615913391113e-02 -5.491200089454650879e-02 -1.510888990014791489e-02
1.029288768768310547e-01 -6.849385052919387817e-02 -9.727303870022296906e-03
8.516274392604827881e-02 -7.366193830966949463e-02 1.165849156677722931e-03
7.472737878561019897e-02 -6.087655946612358093e-02 8.463754318654537201e-03
5.446426942944526672e-02 -3.509410470724105835e-02 1.754711568355560303e-02
4.154979065060615540e-02 -4.664264246821403503e-02 1.115398947149515152e-02
4.020548611879348755e-02 -5.351360887289047241e-02 1.086548902094364166e-02
4.064459353685379028e-02 -4.723592102527618408e-02 9.686647914350032806e-03
5.766146257519721985e-02 -7.197614759206771851e-02 9.614814072847366333e-03
4.641959443688392639e-02 -5.651521682739257812e-02 1.128392573446035385e-02
4.816217720508575439e-02 7.865812629461288452e-03 3.604361787438392639e-03
1.924381032586097717e-02 -1.115491800010204315e-02 4.440645687282085419e-03
8.615178987383842468e-03 -2.277077361941337585e-02 1.434636069461703300e-03
1.494289189577102661e-02 -2.555101178586483002e-02 6.684314575977623463e-04
2.870511263608932495e-02 -3.364583477377891541e-02 1.177931902930140495e-03
3.824906796216964722e-02 -4.363953694701194763e-02 7.305650971829891205e-03
2.999320998787879944e-02 -4.159474372863769531e-02 1.154537778347730637e-02
4.930367320775985718e-02 -3.753258287906646729e-02 1.313649490475654602e-02
2.392830513417720795e-02 -7.362746633589267731e-03 1.451183762401342392e-02
1.442643161863088608e-02 -9.895743802189826965e-03 1.028116513043642044e-02
2.023387514054775238e-02 -6.555488798767328262e-03 8.892104960978031158e-03
2.435670420527458191e-02 2.447654027491807938e-03 8.888908661901950836e-03
2.239782549440860748e-02 9.592619724571704865e-03 1.656532101333141327e-02
1.897571049630641937e-02 1.034850953146815300e-03 1.885951496660709381e-02
4.236512258648872375e-02 2.377189509570598602e-02 1.670062728226184845e-02
3.221769258379936218e-02 1.662749983370304108e-02 1.964346133172512054e-02
2.636685594916343689e-02 1.728197187185287476e-02 2.309124730527400970e-02
2.348335459828376770e-02 1.705148443579673767e-02 1.885188929736614227e-02
4.873474314808845520e-02 3.521221922710537910e-03 1.045139972120523453e-02
6.395070254802703857e-02 1.577863655984401703e-02 1.434696558862924576e-02
5.684923380613327026e-02 1.849156431853771210e-02 1.579587347805500031e-02
5.498366057872772217e-02 1.332378387451171875e-02 1.257559936493635178e-02
6.508232653141021729e-02 4.319747537374496460e-02 4.391852766275405884e-03
4.569279029965400696e-02 3.636257350444793701e-02 4.509355872869491577e-03
3.750558942556381226e-02 3.231441602110862732e-02 8.581245318055152893e-03
4.485604539513587952e-02 2.947311848402023315e-02 7.755127735435962677e-03
4.917350411415100098e-02 3.115234151482582092e-02 5.527660250663757324e-03
5.091214179992675781e-02 2.516572177410125732e-02 5.571580026298761368e-03
4.850712046027183533e-02 2.366998046636581421e-02 7.561197504401206970e-03
6.376761943101882935e-02 3.672286123037338257e-02 2.763437107205390930e-03
3.276880830526351929e-02 3.346281126141548157e-02 1.896117464639246464e-03
2.045520953834056854e-02 2.448623254895210266e-02 1.066147815436124802e-03
1.239409763365983963e-02 2.387759834527969360e-02 3.033998655155301094e-03
1.113790366798639297e-02 2.720208466053009033e-02 1.434204983524978161e-03
6.073148921132087708e-03 2.708476781845092773e-02 -2.955221279989928007e-04
1.587678864598274231e-02 3.290351852774620056e-02 -8.083939552307128906e-03
-4.687701817601919174e-03 2.512058988213539124e-02 -9.418835863471031189e-03
-6.836204323917627335e-03 3.861255571246147156e-02 -1.177894603461027145e-02
-1.507189683616161346e-02 5.228048935532569885e-02 -1.370979193598031998e-02
-2.741055563092231750e-02 4.771541804075241089e-02 -1.321347244083881378e-02
-4.487076029181480408e-02 6.102077290415763855e-02 -1.435841992497444153e-02
-4.475375637412071228e-02 5.976286157965660095e-02 -1.400020159780979156e-02
-3.089630044996738434e-02 3.557093814015388489e-02 -1.129988487809896469e-02
-4.414748027920722961e-02 8.831889182329177856e-02 -1.034404337406158447e-02
-3.644891455769538879e-02 6.249214708805084229e-02 -4.808459896594285965e-03
-3.053557313978672028e-02 7.228097319602966309e-02 -1.336562447249889374e-03
-5.440771952271461487e-02 9.321735054254531860e-02 6.108651403337717056e-03
-7.700248807668685913e-02 1.083983555436134338e-01 2.439131727442145348e-03
-6.008635088801383972e-02 9.798751026391983032e-02 -3.346345154568552971e-03
-5.560895428061485291e-02 1.174873933196067810e-01 -1.406603772193193436e-02
-8.126736432313919067e-02 1.473169177770614624e-01 -1.638630032539367676e-02
-6.842662394046783447e-02 8.061638474464416504e-02 -2.707591047510504723e-03
-7.154462486505508423e-02 8.300299942493438721e-02 -4.303611349314451218e-03
-6.181295961141586304e-02 9.305406361818313599e-02 -4.480337258428335190e-03
-6.193070113658905029e-02 6.276100128889083862e-02 -1.689574494957923889e-02
-7.261987030506134033e-02 4.035888612270355225e-02 -2.458683028817176819e-02
-1.015296131372451782e-01 7.011788338422775269e-02 -1.619304716587066650e-02
-8.985657244920730591e-02 4.276803508400917053e-02 -2.847559936344623566e-02
-7.097657024860382080e-02 1.341014634817838669e-02 -1.783668808639049530e-02
-9.067863225936889648e-02 4.099952057003974915e-03 -6.033681333065032959e-03
-1.156831383705139160e-01 9.326133877038955688e-03 -8.285933174192905426e-03
-1.450610905885696411e-01 4.173215012997388840e-03 -3.008263558149337769e-02
-1.112298294901847839e-01 1.065894402563571930e-02 -3.949694707989692688e-02
-1.637734323740005493e-01 2.760560624301433563e-02 -6.028712168335914612e-02
-1.649601608514785767e-01 1.819145982153713703e-03 -2.978477813303470612e-02
-1.394299119710922241e-01 -4.155053198337554932e-02 -7.342020049691200256e-03
-1.197738423943519592e-01 -4.256718978285789490e-02 -1.297031808644533157e-02
-5.493663996458053589e-02 -3.002192452549934387e-02 -1.525926403701305389e-02
-5.891091749072074890e-02 -6.957514584064483643e-02 -2.625521272420883179e-02
-5.362342670559883118e-02 -6.756406277418136597e-02 -1.421103905886411667e-02
-6.763055175542831421e-02 -6.800072640180587769e-02 -2.458096854388713837e-02
-3.102418221533298492e-02 -5.931255593895912170e-02 -3.508892375975847244e-03
-3.137387707829475403e-02 -5.290711298584938049e-02 1.763120992109179497e-03
-3.576157987117767334e-02 -4.639619588851928711e-02 -2.187841571867465973e-03
-2.940291166305541992e-02 -6.009723246097564697e-02 7.345036137849092484e-03
-2.390666306018829346e-02 -6.633272022008895874e-02 7.796215359121561050e-03
3.998701926320791245e-03 -4.774381220340728760e-02 6.316637620329856873e-03
-8.381803520023822784e-03 -4.206887260079383850e-02 4.493914544582366943e-03
1.063445117324590683e-02 -2.111387811601161957e-02 3.210451453924179077e-03
2.104692906141281128e-02 -1.374143175780773163e-02 -8.507687016390264034e-04
3.999497368931770325e-02 -9.953274857252836227e-04 -8.889100514352321625e-03
4.357702657580375671e-02 9.699763730168342590e-03 -6.202387623488903046e-03
3.479461371898651123e-02 -8.929494651965796947e-05 2.132619265466928482e-03
3.243286907672882080e-02 1.956047024577856064e-03 2.230818849056959152e-03
5.121465399861335754e-02 2.257829066365957260e-03 -1.199026312679052353e-02
2.186671085655689240e-02 -1.659799925982952118e-02 -2.856546314433217049e-03
1.270422246307134628e-02 -2.232372201979160309e-02 1.795647200196981430e-03
1.947328820824623108e-02 -1.639245636761188507e-02 -2.695303737709764391e-05
2.967228554189205170e-02 -1.087680459022521973e-02 -9.522168897092342377e-03
2.145053446292877197e-02 -1.232683006674051285e-02 -9.685591794550418854e-03
1.625836081802845001e-02 -2.153503336012363434e-02 -9.048963896930217743e-03
2.470107004046440125e-02 -2.406484633684158325e-02 -5.923315417021512985e-03
1.649320125579833984e-02 -1.568203978240489960e-02 -4.599842708557844162e-03
1.330674532800912857e-02 -1.276528835296630859e-02 -2.868388313800096512e-03
1.392221171408891678e-02 -9.069358929991722107e-03 -2.513360464945435524e-03
1.410243567079305649e-02 7.842057384550571442e-03 -1.245344872586429119e-03
1.446031313389539719e-02 7.510650437325239182e-03 2.919210237450897694e-04
1.489655859768390656e-02 7.524619344621896744e-03 -1.316283596679568291e-03
3.211820498108863831e-02 -8.985500317066907883e-04 -4.718581680208444595e-03
2.496858313679695129e-02 -1.846838160417973995e-03 -9.372492320835590363e-03
1.657943800091743469e-02 -5.200217477977275848e-03 -1.092369668185710907e-02
1.361924409866333008e-02 -8.750217035412788391e-03 -1.188952662050724030e-02
7.532621733844280243e-03 -5.967788863927125931e-03 -1.163407042622566223e-02
4.126353655010461807e-03 -4.191591404378414154e-03 -9.155044332146644592e-03
6.767717655748128891e-03 -5.372763611376285553e-03 -6.585686001926660538e-03
-3.266721498221158981e-03 -2.699105825740844011e-04 -6.593000609427690506e-03
7.717374246567487717e-03 -6.027578841894865036e-03 -4.263490904122591019e-03
5.086922552436590195e-03 -1.154059357941150665e-02 -1.601844560354948044e-03
2.126020146533846855e-03 -9.252312593162059784e-03 2.667136723175644875e-03
1.188348978757858276e-02 -2.153209783136844635e-02 4.318780265748500824e-03
1.237642858177423477e-02 -2.051995694637298584e-02 4.545255564153194427e-03
1.669595204293727875e-02 -2.178552374243736267e-02 3.218370256945490837e-03
1.705820485949516296e-02 -1.340985577553510666e-02 3.011555876582860947e-03
1.037713605910539627e-02 -7.779590087011456490e-04 3.841638099402189255e-03
1.136735081672668457e-02 -1.185577362775802612e-02 2.527410862967371941e-03
9.702073410153388977e-03 -9.069375693798065186e-03 3.425195114687085152e-03
1.317626051604747772e-02 -1.523292064666748047e-02 3.705941373482346535e-03
1.998803019523620605e-02 -2.433509007096290588e-02 2.760146511718630791e-03
1.688921079039573669e-02 -3.354351967573165894e-02 -9.967660298570990562e-04
2.440255694091320038e-02 -8.409674046561121941e-04 -1.791624817997217178e-03
2.187447249889373779e-02 -1.481158100068569183e-02 1.759333070367574692e-03
1.760552451014518738e-02 -1.298451703041791916e-02 2.245884621515870094e-03
1.299208402633666992e-02 -7.421997375786304474e-03 2.782231196761131287e-03
9.318333119153976440e-03 -9.864551946520805359e-03 5.105542019009590149e-03
1.311894226819276810e-02 -1.190915051847696304e-02 4.080210812389850616e-03
1.314898766577243805e-02 -8.840114809572696686e-03 2.568318974226713181e-03
2.402079291641712189e-02 -1.126686297357082367e-02 4.452932626008987427e-04
2.369715273380279541e-02 1.476714760065078735e-02 -7.136989850550889969e-03
2.257928065955638885e-02 9.404109790921211243e-03 -9.125337935984134674e-03
-1.028531044721603394e-02 -8.275345899164676666e-03 -4.744825884699821472e-03
-1.765589462593197823e-03 -2.388195507228374481e-02 -6.818309891968965530e-03
1.667756732786074281e-04 -9.182684123516082764e-03 3.444861795287579298e-04
-8.253435604274272919e-03 -3.089857927989214659e-04 4.296765197068452835e-03
-1.285169646143913269e-02 3.389806253835558891e-03 -2.718254225328564644e-03
-1.130118407309055328e-02 1.033800095319747925e-02 -6.034783553332090378e-03
-8.707082830369472504e-03 1.676829531788825989e-02 -1.196318306028842926e-02
-1.650557667016983032e-02 2.961910702288150787e-02 -1.972750574350357056e-02
-4.661627486348152161e-02 5.281209200620651245e-02 -2.069430053234100342e-02
-5.945453792810440063e-02 7.494926452636718750e-02 -3.295938670635223389e-02
-4.398759454488754272e-02 6.023838371038436890e-02 -3.013383038341999054e-02
-5.454705283045768738e-02 6.898312270641326904e-02 -2.287710085511207581e-02
-6.213563680648803711e-02 7.660510390996932983e-02 -7.893577218055725098e-03
-3.122363612055778503e-02 5.053239315748214722e-02 7.203415036201477051e-03
-1.563989929854869843e-02 2.794556692242622375e-02 2.033566590398550034e-03
-2.795055881142616272e-02 5.426264181733131409e-02 5.006631370633840561e-03
-2.179010771214962006e-02 7.123835384845733643e-02 -3.040524665266275406e-03
-3.199120238423347473e-02 9.195507317781448364e-02 6.394142110366374254e-05
-6.166929006576538086e-02 8.454570174217224121e-02 2.781147835776209831e-03
-2.178287133574485779e-02 6.597492843866348267e-02 -6.812038365751504898e-03
-3.093847446143627167e-02 7.278843224048614502e-02 -5.054045468568801880e-03
-2.112748660147190094e-02 6.876518577337265015e-02 1.191750285215675831e-03
-1.354430057108402252e-02 7.708656042814254761e-02 2.631499664857983589e-03
-2.199568785727024078e-02 1.012117564678192139e-01 1.255378476344048977e-03
-2.171183563768863678e-02 9.878678619861602783e-02 -3.655025968328118324e-03
-1.445484254509210587e-02 8.174835890531539917e-02 -5.199982319027185440e-03
-2.460199408233165741e-02 7.428210228681564331e-02 -6.186117418110370636e-03
-3.079533763229846954e-02 6.574936956167221069e-02 -7.125042844563722610e-03
-4.140325263142585754e-02 7.502774149179458618e-02 -4.666331689804792404e-03
-4.976900666952133179e-02 7.727454602718353271e-02 -3.805920714512467384e-03
-4.443236067891120911e-02 8.677684515714645386e-02 -4.786492791026830673e-03
-3.702767938375473022e-02 7.496383041143417358e-02 -3.339602611958980560e-03
-2.334707044064998627e-02 6.540910154581069946e-02 -5.375884938985109329e-04
-5.479273945093154907e-02 5.645664781332015991e-02 5.482234060764312744e-03
-3.943061828613281250e-02 4.358759894967079163e-02 6.736515788361430168e-04
-3.180427104234695435e-02 3.238325193524360657e-02 -1.833087415434420109e-03
-4.029687494039535522e-02 3.176812827587127686e-02 -2.854826860129833221e-03
-6.359652429819107056e-02 4.712218418717384338e-02 3.666823264211416245e-03
-7.442542165517807007e-02 3.787779808044433594e-02 7.813678123056888580e-03
-9.386444091796875000e-02 1.328758522868156433e-02 1.555090956389904022e-02
-5.654995143413543701e-02 -1.421989407390356064e-02 5.616950802505016327e-03
-2.815007604658603668e-02 -1.617895066738128662e-02 -6.950275273993611336e-04
-2.733187191188335419e-02 8.161029778420925140e-03 6.886894814670085907e-03
-4.335394874215126038e-02 -1.723903603851795197e-02 3.702667774632573128e-03
-3.388002142310142517e-02 -3.721512481570243835e-02 -3.343983087688684464e-03
-2.815576456487178802e-02 -6.558434665203094482e-02 -6.265960168093442917e-03
-4.530804231762886047e-02 -8.952526003122329712e-02 -9.045233950018882751e-03
-4.014739021658897400e-02 -4.262694343924522400e-02 -5.476272664964199066e-03
-2.510898746550083160e-02 -1.153805106878280640e-02 3.571724053472280502e-03
-1.741317659616470337e-02 -2.842524461448192596e-02 -9.384351782500743866e-03
3.074123058468103409e-03 -4.778368026018142700e-02 -8.445225656032562256e-03
3.460384905338287354e-02 -6.441722065210342407e-02 -1.384086627513170242e-02
4.290786385536193848e-02 -6.034871563315391541e-02 -1.225710473954677582e-02
1.492709200829267502e-02 -2.888839319348335266e-02 -1.170689892023801804e-02
4.701451957225799561e-02 -5.172142013907432556e-02 -1.709568500518798828e-02
4.593529552221298218e-02 -5.808933824300765991e-02 -1.898999139666557312e-02
5.728170275688171387e-02 -5.872336402535438538e-02 -1.445057149976491928e-02
6.721360981464385986e-02 -6.437891721725463867e-02 -6.068267859518527985e-03
7.687943428754806519e-02 -7.023291289806365967e-02 -6.124757695943117142e-03
6.935008615255355835e-02 -7.903736084699630737e-02 -1.225044298917055130e-02
5.083804577589035034e-02 -1.110757514834403992e-01 -1.335677225142717361e-02
5.554271489381790161e-02 -7.382389903068542480e-02 -1.461072918027639389e-02
7.373302429914474487e-02 -3.315567225217819214e-02 -9.173811413347721100e-03
6.195104867219924927e-02 -4.326446354389190674e-02 -1.118195723393000662e-04
5.853272229433059692e-02 -4.191725328564643860e-02 -1.738600432872772217e-02
9.521632641553878784e-02 -5.597174167633056641e-02 -3.505906835198402405e-02
9.284611791372299194e-02 -5.313012003898620605e-02 -3.010509163141250610e-02
7.185065746307373047e-02 -5.309943482279777527e-02 -1.581784151494503021e-02
7.670607417821884155e-02 -5.971211940050125122e-02 -1.602111011743545532e-02
8.997540175914764404e-02 -8.436361700296401978e-02 -1.299846544861793518e-02
7.241196930408477783e-02 -7.656364142894744873e-02 -8.103269152343273163e-03
9.147623181343078613e-02 -7.575142383575439453e-02 -1.080803573131561279e-02
1.411842554807662964e-01 -9.768915921449661255e-02 -8.170269429683685303e-03
1.217216253280639648e-01 -8.924698829650878906e-02 -2.390268491581082344e-03
8.441989868879318237e-02 -4.745262116193771362e-02 1.698844600468873978e-03
6.774597615003585815e-02 -5.553723126649856567e-02 4.176167305558919907e-03
6.996560096740722656e-02 -5.741172283887863159e-02 3.213484771549701691e-03
6.666681915521621704e-02 -7.029940932989120483e-02 3.785382723435759544e-03
7.063309848308563232e-02 -6.527045369148254395e-02 1.079440582543611526e-02
9.280474483966827393e-02 -1.191784515976905823e-01 1.641518808901309967e-02
6.462343782186508179e-02 -8.905963599681854248e-02 1.191333588212728500e-02
4.673428833484649658e-02 -5.969548225402832031e-02 9.928114712238311768e-03
4.873470962047576904e-02 -6.449771672487258911e-02 7.889809086918830872e-03
3.797983378171920776e-02 -4.542452841997146606e-02 -8.569876663386821747e-04
2.698503620922565460e-02 -1.012973859906196594e-02 -2.865385962650179863e-03
3.607654199004173279e-02 -4.372906684875488281e-02 1.252668071538209915e-02
5.149935930967330933e-02 -5.338293313980102539e-02 1.269193738698959351e-02
4.852886497974395752e-02 -4.931512102484703064e-02 1.207571011036634445e-02
1.734494045376777649e-02 -4.303739219903945923e-02 -4.352713935077190399e-03
4.008959047496318817e-03 -1.331201940774917603e-02 -9.769350290298461914e-03
1.415563095360994339e-02 -2.320181205868721008e-02 4.316059406846761703e-03
5.382644478231668472e-03 3.134542144834995270e-03 -1.742375455796718597e-02
6.435619201511144638e-03 7.227100431919097900e-03 -1.135821919888257980e-02
8.348984643816947937e-03 6.134582683444023132e-03 -2.239234978333115578e-03
1.189892832189798355e-02 5.560637451708316803e-03 -2.161289798095822334e-03
1.843129843473434448e-02 -5.447087809443473816e-03 2.481872215867042542e-03
1.419216953217983246e-02 8.737417520023882389e-04 -5.223506595939397812e-04
1.886325515806674957e-02 -7.728616241365671158e-03 6.926371715962886810e-04
4.217834502924233675e-04 1.421394664794206619e-02 1.803601509891450405e-03
1.741102314554154873e-03 6.911473348736763000e-03 2.290667267516255379e-03
4.578209947794675827e-03 5.704010371118783951e-03 5.657068453729152679e-03
3.794464282691478729e-03 2.153389388695359230e-03 4.947074194205924869e-05
7.594984490424394608e-04 -1.884215045720338821e-03 -1.738843508064746857e-03
6.856339750811457634e-04 -3.681079950183629990e-03 -5.238698795437812805e-04
3.261324018239974976e-03 -7.910223677754402161e-03 1.870092470198869705e-03
3.898833412677049637e-03 -8.414358831942081451e-03 4.116852302104234695e-03
9.196148253977298737e-03 -1.162440702319145203e-02 4.085586406290531158e-03
1.155901420861482620e-02 -1.092190854251384735e-02 3.966815769672393799e-03
6.138624623417854309e-03 -1.316795498132705688e-02 5.938526592217385769e-04
6.980916950851678848e-03 -5.053523927927017212e-03 -3.308390732854604721e-04
1.524718292057514191e-02 -1.082074455916881561e-02 4.603231500368565321e-04
1.311517599970102310e-02 -1.122424937784671783e-02 3.439120519033167511e-06
1.081850286573171616e-02 -1.160536054521799088e-02 -1.842223864514380693e-04
1.199667062610387802e-02 -1.135876215994358063e-02 -1.326854573562741280e-03
8.945777080953121185e-03 -1.302098110318183899e-02 7.226289017125964165e-04
6.764384917914867401e-03 -1.481215748935937881e-02 -6.006637704558670521e-04
1.672879606485366821e-02 -1.534570846706628799e-02 -3.084087744355201721e-03
-4.069194663316011429e-03 -1.050494331866502762e-02 -4.710736684501171112e-03
-1.354494364932179451e-03 -1.529857143759727478e-02 1.436366233974695206e-03
-9.597422904334962368e-04 -1.367474161088466644e-02 4.224663134664297104e-03
1.162214949727058411e-02 -1.866513490676879883e-02 -1.653227140195667744e-03
1.522670034319162369e-02 -1.178279798477888107e-02 -5.225666100159287453e-04
6.472463253885507584e-03 -1.066348236054182053e-02 -2.716484945267438889e-03
-7.585342507809400558e-03 -8.521896088495850563e-04 -8.149704895913600922e-03
-1.967919245362281799e-02 -2.185051701962947845e-02 -2.677717478945851326e-03
-8.710235357284545898e-03 -4.949328955262899399e-03 -3.447556635364890099e-03
-1.000268477946519852e-02 3.904197132214903831e-03 -3.055989975109696388e-03
-6.257714703679084778e-03 2.182638971135020256e-03 -2.333584474399685860e-03
-1.053256168961524963e-02 6.770241539925336838e-03 -7.171536330133676529e-03
-9.149623103439807892e-03 6.210776977241039276e-03 -6.588844582438468933e-03
-1.916088350117206573e-02 8.475656621158123016e-03 -9.700094349682331085e-03
-3.256627544760704041e-02 -5.406797863543033600e-03 -1.498297415673732758e-02
-6.226736120879650116e-03 -1.106930337846279144e-02 -3.969092853367328644e-03
-6.821359973400831223e-03 -1.852070912718772888e-03 -3.175045130774378777e-03
-9.791496209800243378e-03 4.301714245229959488e-03 -1.357985544018447399e-03
-9.302614256739616394e-03 -1.805361680453643203e-04 -2.229278674349188805e-03
3.825834719464182854e-03 -1.806126907467842102e-02 2.538744127377867699e-03
1.041049975901842117e-02 -4.693740606307983398e-02 -1.943037495948374271e-03
-8.571717888116836548e-03 -1.175546739250421524e-02 -5.356739275157451630e-03
-1.087119150906801224e-02 -2.322851680219173431e-02 -1.424136222340166569e-03
-6.422647740691900253e-03 -1.565813086926937103e-02 -2.543271984905004501e-03
1.351599674671888351e-02 -3.298657760024070740e-02 -9.292785078287124634e-03
2.186752855777740479e-02 -6.023438274860382080e-02 4.956121556460857391e-03
-1.965764211490750313e-03 -4.225259646773338318e-02 -5.364750977605581284e-04
-1.732183434069156647e-02 2.171024680137634277e-02 -2.472745813429355621e-02
1.707814820110797882e-02 4.309899359941482544e-02 -3.971713408827781677e-02
1.177403051406145096e-02 1.648995839059352875e-02 -2.659151144325733185e-02
2.397084794938564301e-02 1.133441692218184471e-03 -8.601904846727848053e-03
1.803180575370788574e-02 6.603966001421213150e-03 -2.870014868676662445e-03
6.110221147537231445e-03 6.998442113399505615e-03 -3.707222873345017433e-03
7.400279864668846130e-03 2.317357808351516724e-03 -6.516943685710430145e-03
2.763698250055313110e-02 -1.826050877571105957e-02 -9.889277629554271698e-03
3.356416150927543640e-02 1.681872759945690632e-03 -1.879723556339740753e-02
3.864823654294013977e-02 -3.876122413203120232e-03 -1.371042989194393158e-02
2.901048632338643074e-03 -4.283800080884248018e-04 -1.976156234741210938e-02
-1.176923606544733047e-02 1.764956302940845490e-02 -5.991107784211635590e-03
1.005441416054964066e-02 4.448819532990455627e-02 -2.436290495097637177e-02
3.045034781098365784e-02 3.863256797194480896e-02 -3.248063102364540100e-02
7.401411887258291245e-03 2.875885553658008575e-02 -1.473070867359638214e-02
5.509066954255104065e-02 1.416642684489488602e-03 -1.566425710916519165e-02
5.741962417960166931e-02 -2.042273525148630142e-03 -6.098453421145677567e-03
5.785853415727615356e-02 -1.194744743406772614e-02 -1.736695505678653717e-02
6.780514121055603027e-02 -2.683931775391101837e-02 -1.956189423799514771e-02
1.016549617052078247e-01 -4.610811173915863037e-02 -9.507638402283191681e-03
7.239685952663421631e-02 -3.032827377319335938e-02 -1.439660973846912384e-02
7.684356719255447388e-02 -2.958672121167182922e-02 -1.751898415386676788e-02
8.755084872245788574e-02 -3.647591918706893921e-02 -1.026521716266870499e-02
9.252586215734481812e-02 -2.256337180733680725e-02 -2.085258020088076591e-03
8.872676640748977661e-02 -1.646884158253669739e-02 6.031602621078491211e-03
7.576166838407516479e-02 -5.620497278869152069e-03 1.984864939004182816e-03
1.578716337680816650e-01 1.146835833787918091e-02 -1.176259014755487442e-02
1.444426327943801880e-01 2.614147961139678955e-02 -1.658762991428375244e-02
1.144637763500213623e-01 3.873575106263160706e-02 -2.068465948104858398e-02
6.805113703012466431e-02 5.996765568852424622e-02 -1.488191075623035431e-02
4.829632490873336792e-02 4.988842457532882690e-02 -1.164989266544580460e-02
3.771619871258735657e-02 4.036273434758186340e-02 -1.230369322001934052e-02
4.679678753018379211e-02 5.197417736053466797e-02 -1.158578041940927505e-02
4.042679443955421448e-02 8.701346069574356079e-02 -2.391874976456165314e-02
1.950318925082683563e-02 9.530691802501678467e-02 -2.738074027001857758e-02
-5.694469064474105835e-02 1.544146686792373657e-01 -3.686625510454177856e-02
-2.709639258682727814e-02 8.876094967126846313e-02 -2.157300151884555817e-02
-1.478914078325033188e-02 6.799814850091934204e-02 -9.882666170597076416e-03
-2.871209010481834412e-02 8.358049392700195312e-02 -9.880953468382358551e-03
4.930903203785419464e-03 3.303367644548416138e-02 4.858728498220443726e-03
-1.957222120836377144e-03 3.288263455033302307e-02 4.943934734910726547e-03
-7.554643321782350540e-03 3.044967353343963623e-02 -2.410060027614235878e-03
-1.462063286453485489e-02 9.384428709745407104e-02 -2.253147400915622711e-02
-3.984035179018974304e-02 6.726580113172531128e-02 -1.570862345397472382e-02
-2.142561040818691254e-02 5.421003699302673340e-02 -6.613377947360277176e-03
-2.237516082823276520e-02 3.288079053163528442e-02 8.226164500229060650e-04
-3.776531666517257690e-02 3.903084248304367065e-02 4.967726767063140869e-03
-5.084307864308357239e-02 6.202389299869537354e-02 -4.462689626961946487e-03
-5.668884515762329102e-02 5.329984426498413086e-02 -1.336898189038038254e-03
-1.515317112207412720e-01 1.213900595903396606e-01 6.723320577293634415e-03
-1.222208291292190552e-01 1.014379188418388367e-01 1.602640748023986816e-02
-1.019569411873817444e-01 3.029225580394268036e-02 1.302728662267327309e-03
-8.984478563070297241e-02 1.595878414809703827e-02 -1.997448998736217618e-04
-1.018393039703369141e-01 -1.064241770654916763e-02 1.111411838792264462e-03
-1.288032382726669312e-01 -2.812868729233741760e-02 1.772305578924715519e-03
-1.255159527063369751e-01 -4.026653245091438293e-02 8.257692679762840271e-04
-1.306830048561096191e-01 -5.777646973729133606e-02 -2.642361447215080261e-03
-7.437701523303985596e-02 -3.798931464552879333e-02 -7.707926444709300995e-03
-4.677285626530647278e-02 -3.531219810247421265e-02 6.990788504481315613e-03
-3.161066211760044098e-03 -7.394719123840332031e-02 -7.937705144286155701e-03
1.098725944757461548e-02 -8.492816239595413208e-02 3.329760162159800529e-03
4.522305727005004883e-02 -6.838349252939224243e-02 5.044664721935987473e-03
4.332724958658218384e-02 -7.732359319925308228e-02 1.420774590224027634e-02
-2.150754816830158234e-02 -1.477584540843963623e-01 1.668504439294338226e-02
-2.446264773607254028e-02 -7.891586422920227051e-02 1.662323437631130219e-02
4.894625768065452576e-02 -6.896786391735076904e-03 1.910169608891010284e-02
8.109490573406219482e-02 -1.973155327141284943e-02 2.257056906819343567e-02
8.581679314374923706e-02 1.680152304470539093e-02 1.627139560878276825e-02
1.290599852800369263e-01 2.559980563819408417e-02 -1.395479310303926468e-02
1.202073544263839722e-01 9.172043763101100922e-03 -8.045184426009654999e-03
2.259784340858459473e-01 -2.426378428936004639e-02 -9.193895384669303894e-03
1.450435370206832886e-01 -4.792716354131698608e-02 -2.223671786487102509e-02
1.223399564623832703e-01 -8.439818769693374634e-02 -1.042044814676046371e-02
1.018134355545043945e-01 -1.047822833061218262e-01 -1.588987000286579132e-02
8.442003279924392700e-02 -7.910697907209396362e-02 -1.703659631311893463e-02
1.249395310878753662e-01 -6.768731772899627686e-02 -1.532669737935066223e-02
1.332305371761322021e-01 -4.423183202743530273e-02 -1.042926963418722153e-02
1.991017609834671021e-01 -3.277653455734252930e-02 -1.839893683791160583e-02
1.000468805432319641e-01 -1.001104246824979782e-02 -1.578566618263721466e-02
6.482367217540740967e-02 -2.679290482774376869e-03 -1.597251370549201965e-02
6.687173992395401001e-02 -1.200875919312238693e-02 -1.777982152998447418e-02
7.117635756731033325e-02 -3.993469290435314178e-03 -1.705665513873100281e-02
8.065299689769744873e-02 6.651922594755887985e-03 -1.235915906727313995e-02
6.893190741539001465e-02 1.626226492226123810e-02 -7.954065687954425812e-03
1.145083308219909668e-01 4.774754866957664490e-02 2.513744169846177101e-03
6.014915183186531067e-02 5.048727616667747498e-02 -6.332891527563333511e-03
1.041736453771591187e-02 2.506666630506515503e-02 -5.943564232438802719e-03
8.056243881583213806e-03 1.131700817495584488e-02 -2.154390327632427216e-03
-7.631733315065503120e-04 2.696797810494899750e-02 -7.536726538091897964e-03
-1.440286170691251755e-02 4.795790463685989380e-02 -1.708616502583026886e-02
-1.033096946775913239e-02 6.413856148719787598e-02 -2.216310985386371613e-02
8.662745240144431591e-04 1.365788578987121582e-01 -1.468443498015403748e-02
-4.322872683405876160e-02 7.816264033317565918e-02 -1.057364325970411301e-02
-3.180228173732757568e-02 4.632774740457534790e-02 -4.198874812573194504e-03
-5.266097187995910645e-02 4.007677361369132996e-02 -3.257883246988058090e-03
-5.420355871319770813e-02 5.427656322717666626e-02 -1.456628087908029556e-03
-7.746864110231399536e-02 6.773740053176879883e-02 3.947346005588769913e-03
-7.190591096878051758e-02 6.715908646583557129e-02 1.022767834365367889e-02
-7.167585194110870361e-02 9.296541661024093628e-02 2.243762090802192688e-02
-3.930652141571044922e-02 4.944436624646186829e-02 2.665071561932563782e-02
-3.404066711664199829e-02 4.013459011912345886e-02 2.568263001739978790e-02
-4.082795232534408569e-02 2.591623179614543915e-02 2.655810862779617310e-02
-3.109980747103691101e-02 2.646397612988948822e-02 2.222180739045143127e-02
-5.016383156180381775e-02 6.017687544226646423e-02 2.042396925389766693e-02
-5.901820957660675049e-02 5.649793520569801331e-02 2.161818742752075195e-02
-5.864057689905166626e-02 1.023924201726913452e-01 1.275012362748384476e-02
-4.016477242112159729e-02 6.941824406385421753e-02 1.279356144368648529e-02
-4.286138340830802917e-02 4.502382501959800720e-02 1.409539300948381424e-02
-1.800623349845409393e-02 3.458346426486968994e-02 1.621830277144908905e-02
-8.546761237084865570e-03 3.319875150918960571e-02 1.278588920831680298e-02
6.587116047739982605e-03 3.623693063855171204e-02 6.513473112136125565e-03
8.951529860496520996e-03 5.943624302744865417e-02 1.870643900474533439e-04
-2.110548876225948334e-02 1.555870026350021362e-01 -2.898697741329669952e-02
-5.447850003838539124e-02 1.606176197528839111e-01 -1.994602568447589874e-02
-2.044940181076526642e-02 8.986230194568634033e-02 -1.381461787968873978e-02
-3.985305503010749817e-02 8.600837737321853638e-02 -5.008508916944265366e-03
-5.464427173137664795e-02 1.164850592613220215e-01 -1.056165248155593872e-02
-5.021023005247116089e-02 1.197594255208969116e-01 -1.431219745427370071e-03
-5.145794898271560669e-02 1.190727949142456055e-01 1.800267840735614300e-03
-1.327979862689971924e-01 7.718186080455780029e-02 1.951042329892516136e-03
-8.762605488300323486e-02 -4.151311703026294708e-03 -9.039362892508506775e-03
-5.579244717955589294e-02 -2.162160165607929230e-02 -1.514276955276727676e-02
-5.701160803437232971e-02 -2.004333399236202240e-02 -1.157716941088438034e-02
-6.059927493333816528e-02 -3.085798118263483047e-03 -8.337641134858131409e-03
-3.615524619817733765e-02 -2.642710134387016296e-02 2.888677408918738365e-03
-5.798951908946037292e-02 -2.715170383453369141e-02 -1.140047912485897541e-03
-1.103519126772880554e-01 -2.171734720468521118e-02 -1.170619297772645950e-02
-1.187505796551704407e-01 -4.037674888968467712e-02 -1.105783320963382721e-02
-7.831452786922454834e-02 -3.637396544218063354e-02 -1.789926365017890930e-02
-3.595677763223648071e-02 -1.807664148509502411e-02 -9.758904576301574707e-03
-5.614265426993370056e-02 -1.917464844882488251e-02 -9.721631184220314026e-03
-7.404273748397827148e-02 -3.142648562788963318e-02 -2.657582983374595642e-03
-4.886684194207191467e-02 -3.648873046040534973e-02 -2.214277163147926331e-03
-2.189999446272850037e-02 -5.277473013848066330e-03 6.432615220546722412e-03
-4.791465029120445251e-02 -5.223376210778951645e-03 -2.316936152055859566e-03
-4.429071769118309021e-02 -6.542546208947896957e-03 -7.683230098336935043e-03
-4.840245470404624939e-02 -1.546276453882455826e-02 -1.161935925483703613e-02
-4.127805307507514954e-02 -3.467408940196037292e-02 -1.228950452059507370e-02
-4.569574072957038879e-02 -4.424310475587844849e-02 -1.779120974242687225e-02
-3.452695161104202271e-02 -3.459985554218292236e-02 -1.355638727545738220e-02
-5.716456100344657898e-02 -1.266319677233695984e-02 -1.806154102087020874e-02
-5.858770757913589478e-02 -1.875503920018672943e-02 -2.089728042483329773e-02
-2.971902489662170410e-02 -2.843656204640865326e-02 -3.220190852880477905e-02
-2.965270355343818665e-02 -2.409472130239009857e-02 -2.345326356589794159e-02
-1.993049494922161102e-02 -1.541356462985277176e-02 -6.926799193024635315e-03
-1.139859575778245926e-02 -4.337545111775398254e-02 -2.396214986220002174e-03
3.499686950817704201e-03 -3.666527196764945984e-02 -5.145963747054338455e-03
-1.541277021169662476e-02 -3.704223409295082092e-02 -5.683294497430324554e-03
-2.926537394523620605e-02 -2.147927880287170410e-02 2.513048937544226646e-03
-2.733854018151760101e-02 -1.270958874374628067e-02 4.623377230018377304e-03
-2.467301487922668457e-02 1.201112405396997929e-03 1.253549661487340927e-02
-1.899934746325016022e-02 -6.851679179817438126e-03 9.648681618273258209e-03
-2.338230423629283905e-02 -2.341024950146675110e-02 1.703488454222679138e-02
-1.556738279759883881e-02 -2.154371328651905060e-02 1.375493220984935760e-02
-2.840042673051357269e-02 -1.967754960060119629e-02 1.952468603849411011e-02
-4.257821477949619293e-03 -1.891833730041980743e-02 5.558815319091081619e-03
3.883450990542769432e-03 -2.622201852500438690e-02 7.703545037657022476e-03
-1.727929222397506237e-03 -1.647560857236385345e-02 1.338601391762495041e-02
7.307500578463077545e-03 -1.450040563941001892e-02 -4.697853291872888803e-04
1.159417442977428436e-02 -3.046013042330741882e-02 -2.049545524641871452e-03
3.968185046687722206e-04 -2.364632859826087952e-02 -2.147435676306486130e-03
7.481495384126901627e-03 -1.504666917026042938e-02 4.345356952399015427e-03
1.216801865666639060e-05 -5.410878293332643807e-05 3.658974543213844299e-03
8.108125999569892883e-03 -2.017769217491149902e-02 2.440664917230606079e-03
1.085792109370231628e-02 -2.651339024305343628e-02 5.604211473837494850e-04
1.357043068856000900e-02 -2.705519832670688629e-02 -5.492896889336407185e-04
1.208599936217069626e-02 -2.670232206583023071e-02 3.304178244434297085e-04
1.165627688169479370e-02 -2.270985022187232971e-02 1.527872285805642605e-03
5.812930874526500702e-03 -1.993816532194614410e-02 3.501801285892724991e-03
1.591902598738670349e-02 -2.664086595177650452e-02 1.159120118245482445e-03
1.578910090029239655e-02 -2.965535037219524384e-02 2.581909764558076859e-03
7.058066315948963165e-03 -2.778759039938449860e-02 2.824982628226280212e-03
8.179369382560253143e-03 -4.805279150605201721e-02 8.763085934333503246e-04
6.367846392095088959e-03 -4.132000729441642761e-02 -3.878875169903039932e-03
6.935220677405595779e-03 -3.387877717614173889e-02 1.944389194250106812e-03
1.939339097589254379e-03 -3.243043646216392517e-02 8.341678418219089508e-03
4.731922876089811325e-03 -2.924036048352718353e-02 3.061480121687054634e-03
1.146382465958595276e-02 -3.310834988951683044e-02 3.582274774089455605e-03
1.345565821975469589e-02 -3.058470599353313446e-02 3.967399708926677704e-03
9.426201693713665009e-03 -4.539119079709053040e-02 7.735986728221178055e-04
1.135089248418807983e-02 -6.126652657985687256e-02 2.280455082654953003e-03
2.979737706482410431e-03 -5.254021286964416504e-02 3.028007689863443375e-03
-1.509078592061996460e-02 -7.846598327159881592e-02 -8.987537585198879242e-04
-1.339930202811956406e-02 -7.939728349447250366e-02 3.440905420575290918e-04
7.760724052786827087e-03 -4.593755677342414856e-02 -1.798958634026348591e-03
2.517202636227011681e-03 -6.314977258443832397e-02 7.809544331394135952e-04
1.562359649688005447e-02 -6.767929345369338989e-02 -2.281854103785008192e-04
2.160044386982917786e-02 -7.085100561380386353e-02 -2.003560774028301239e-03
2.021017856895923615e-02 -5.238322913646697998e-02 2.469704719260334969e-03
7.925840094685554504e-03 -4.102142155170440674e-02 1.060081459581851959e-02
-1.176190003752708435e-02 -4.880454391241073608e-02 9.297071024775505066e-03
1.514657400548458099e-03 -4.294260591268539429e-02 1.065857149660587311e-02
9.761867113411426544e-03 -5.219517648220062256e-02 4.819837398827075958e-03
8.932041004300117493e-03 -5.895091220736503601e-02 5.692298524081707001e-03
2.308264607563614845e-03 -5.222964659333229065e-02 -5.029567983001470566e-03
1.419862173497676849e-02 -3.202169388532638550e-02 -4.186282400041818619e-03
1.051143463701009750e-02 -4.459570348262786865e-02 -1.490744110196828842e-02
-1.114024408161640167e-02 -4.120500758290290833e-02 -1.852980349212884903e-03
-7.145435083657503128e-03 -2.590110711753368378e-02 -2.585486741736531258e-03
-1.690752431750297546e-02 -4.926156252622604370e-02 -3.879218420479446650e-04
-1.377862412482500076e-02 -5.349600315093994141e-02 2.024107612669467926e-03
1.238954137079417706e-03 -2.642632462084293365e-02 2.485639124643057585e-04
-1.277896948158740997e-02 -1.797846332192420959e-02 2.518856199458241463e-03
-1.992489956319332123e-02 -6.566431839019060135e-03 1.056823600083589554e-02
-1.276218518614768982e-02 1.368551701307296753e-02 7.277584518305957317e-04
-1.164332497864961624e-02 1.216979045420885086e-02 4.713431932032108307e-03
-1.266176905483007431e-02 1.324134599417448044e-02 1.196872326545417309e-03
-1.706024818122386932e-02 5.355156958103179932e-03 7.755806203931570053e-03
-1.224438287317752838e-02 -5.317834205925464630e-03 5.013504531234502792e-03
-9.215422905981540680e-03 -2.663996536284685135e-03 6.628717761486768723e-03
-8.804988116025924683e-03 5.915085203014314175e-04 1.507236715406179428e-02
-1.069719810038805008e-02 -2.389300148934125900e-03 9.845079854130744934e-03
-8.485132828354835510e-03 -1.037907903082668781e-03 9.545486420392990112e-03
-9.578203782439231873e-03 9.440405294299125671e-03 -1.400457229465246201e-03
-4.886182723566889763e-04 1.383611466735601425e-02 2.762020740192383528e-04
5.426267627626657486e-03 -9.816708043217658997e-04 -1.306313276290893555e-02
9.140243753790855408e-03 3.571894718334078789e-03 -1.311431545764207840e-02
1.627483288757503033e-03 -1.362316869199275970e-02 1.945742219686508179e-02
2.925592241808772087e-03 -6.417009513825178146e-03 1.427974458783864975e-02
2.537671010941267014e-03 -2.784546231850981712e-03 -1.726642623543739319e-02
8.046846836805343628e-03 -5.402547307312488556e-03 -1.595011726021766663e-02
-2.732681110501289368e-03 -1.972050778567790985e-02 -2.505838871002197266e-03
3.676203545182943344e-03 -9.183733724057674408e-03 -2.484903670847415924e-02
6.437605712562799454e-03 -6.087264046072959900e-03 -2.354264445602893829e-02
-2.066766610369086266e-03 -1.927244104444980621e-02 -1.962882699444890022e-03
-2.894992707297205925e-03 -1.253707893192768097e-02 2.492577303200960159e-03
-2.969403984025120735e-03 -6.344592664390802383e-03 -8.420530706644058228e-03
4.466165264602750540e-04 -8.033948019146919250e-03 -1.306975353509187698e-02
5.577096249908208847e-03 -2.450456377118825912e-04 -2.038318105041980743e-02
-2.995228162035346031e-03 -3.912522923201322556e-03 1.608245838724542409e-05
5.481176078319549561e-03 9.319698438048362732e-03 -1.608765684068202972e-02
6.732291541993618011e-03 1.560452801641076803e-05 -1.872422918677330017e-02
-3.539894009009003639e-03 1.368839642964303493e-03 -6.853925064206123352e-03
-2.863837173208594322e-03 -3.203118219971656799e-03 -3.360882634297013283e-03
-2.006946364417672157e-03 -1.325860386714339256e-03 -3.321608295664191246e-03
-2.481847535818815231e-03 -2.813082654029130936e-03 -2.608611015602946281e-03
-2.478185342624783516e-03 -2.488332567736506462e-03 -1.760851358994841576e-03
-2.737286966294050217e-03 -2.896550577133893967e-03 -1.950293313711881638e-03
-2.845467766746878624e-03 -1.090684454538859427e-04 -2.383982762694358826e-03
-2.874894766137003899e-03 -1.711810939013957977e-03 -2.221977803856134415e-03
-2.501758979633450508e-03 -2.499218564480543137e-03 -1.926123630255460739e-03
-2.492531202733516693e-03 -2.398743992671370506e-03 -2.180834766477346420e-03
