4.669981822371482849e-02 5.535544361919164658e-03 9.666910022497177124e-02
3.006452322006225586e-02 -4.074001312255859375e-02 2.651373390108346939e-03
4.781500622630119324e-02 -3.225851804018020630e-02 2.077079564332962036e-02
4.430034011602401733e-02 -2.897876873612403870e-02 -2.642152085900306702e-02
6.448934972286224365e-02 -2.941939234733581543e-02 -1.936257071793079376e-02
7.347220927476882935e-02 -3.119984082877635956e-02 -2.753118798136711121e-02
7.823209464550018311e-02 -2.928349003195762634e-02 -2.574488334357738495e-02
1.712266802787780762e-01 8.122728904709219933e-04 -5.285064503550529480e-02
5.594911426305770874e-02 -1.354489382356405258e-02 1.047298386693000793e-01
9.703046828508377075e-02 -2.577234432101249695e-02 -4.603695590049028397e-03
-3.880994021892547607e-02 1.015131268650293350e-02 1.518473401665687561e-02
-1.111019402742385864e-01 9.282952547073364258e-02 6.328932940959930420e-02
-1.039444133639335632e-01 1.457024812698364258e-01 1.903893239796161652e-02
-7.227607071399688721e-02 3.114613145589828491e-02 5.951814353466033936e-02
2.334961481392383575e-02 9.255200624465942383e-03 6.839284300804138184e-02
1.213292852044105530e-01 -4.142849892377853394e-02 -6.707052234560251236e-03
1.909648180007934570e-01 -2.053410280495882034e-03 4.459331929683685303e-02
1.077136248350143433e-01 -5.480267852544784546e-02 -1.147080957889556885e-02
-1.946398802101612091e-02 2.214242331683635712e-02 2.380105108022689819e-02
-1.019409149885177612e-01 7.239867746829986572e-02 4.132109135389328003e-02
-9.599546343088150024e-02 1.331801265478134155e-01 -1.158964633941650391e-02
-6.591473519802093506e-02 2.853123471140861511e-02 4.954016208648681641e-02
-7.784666493535041809e-03 1.918483152985572815e-02 1.100176721811294556e-01
-8.732402784517034888e-05 -9.755325503647327423e-03 9.970311075448989868e-02
7.956573367118835449e-02 -3.844332695007324219e-02 2.701483108103275299e-02
1.558126211166381836e-01 -2.126730978488922119e-03 5.873608961701393127e-02
1.267368644475936890e-01 -7.345145195722579956e-02 2.261389419436454773e-02
2.196411415934562683e-02 -1.106417458504438400e-02 -7.014862261712551117e-03
-7.209133356809616089e-02 5.453426390886306763e-02 3.083258494734764099e-02
-1.268433630466461182e-01 1.205179542303085327e-01 2.987084351480007172e-02
-1.347227096557617188e-01 1.456834226846694946e-01 2.473673224449157715e-02
-1.180667337030172348e-02 4.519752785563468933e-02 3.035269305109977722e-02
-3.606175072491168976e-03 -3.619358176365494728e-03 4.693515971302986145e-02
3.508274629712104797e-02 -3.811291605234146118e-02 8.612427860498428345e-02
1.117825657129287720e-01 -3.468773514032363892e-02 1.112086791545152664e-02
7.139001041650772095e-02 -4.073568433523178101e-02 6.994474679231643677e-02
1.174760535359382629e-01 -5.077031999826431274e-02 5.047697946429252625e-02
1.805067993700504303e-02 9.184085763990879059e-03 -5.109825357794761658e-02
-6.875950843095779419e-02 3.278963640332221985e-02 2.627821452915668488e-02
-1.279776245355606079e-01 9.423247724771499634e-02 4.017302766442298889e-02
5.917380563914775848e-03 5.250857025384902954e-02 1.138588935136795044e-01
-3.088161163032054901e-02 3.069152496755123138e-02 2.506924048066139221e-02
6.917135789990425110e-03 1.009902637451887131e-02 -1.941848732531070709e-02
3.757082624360918999e-03 3.518956154584884644e-02 -3.732166718691587448e-03
3.448238968849182129e-02 -4.202041774988174438e-02 1.320233643054962158e-01
-8.174777030944824219e-03 -1.490502745582489297e-05 4.509856924414634705e-02
2.082944214344024658e-01 -1.439108420163393021e-02 3.604936599731445312e-02
9.532874822616577148e-02 -6.081268936395645142e-02 -2.385709621012210846e-02
-8.819063007831573486e-02 7.080284506082534790e-02 7.003454864025115967e-02
-1.300917416810989380e-01 1.454101800918579102e-01 3.309903666377067566e-02
-1.072302535176277161e-01 1.267183721065521240e-01 2.877294272184371948e-02
-3.323657810688018799e-02 5.265073850750923157e-02 1.265053544193506241e-02
2.445697784423828125e-02 -1.762619474902749062e-03 5.149517580866813660e-02
9.343887120485305786e-02 -2.182905189692974091e-02 3.677956759929656982e-02
1.633301228284835815e-01 -5.134722962975502014e-02 -1.824220642447471619e-02
1.476300656795501709e-01 -2.149498090147972107e-03 2.478666231036186218e-02
4.758284427225589752e-03 1.930136978626251221e-02 4.349932074546813965e-03
-9.931220859289169312e-02 5.825451388955116272e-02 4.400084912776947021e-02
-6.832614541053771973e-02 8.224603533744812012e-02 6.367564201354980469e-02
8.195493370294570923e-03 3.440502285957336426e-02 4.372061043977737427e-02
-6.786680314689874649e-04 5.206604488193988800e-03 4.901202768087387085e-02
1.280134171247482300e-02 -9.505422785878181458e-03 8.212175220251083374e-02
7.152277231216430664e-02 -6.505473703145980835e-02 3.943050280213356018e-02
1.595654785633087158e-01 -3.782403096556663513e-02 1.293546520173549652e-02
1.329695284366607666e-01 -3.383913636207580566e-02 2.779622795060276985e-03
-3.840777277946472168e-02 1.422425359487533569e-02 2.371471747756004333e-02
-8.173775672912597656e-02 5.793916806578636169e-02 -1.216579973697662354e-02
-3.347904980182647705e-02 5.766620486974716187e-02 6.465497612953186035e-02
-8.672008989378809929e-04 -8.270394057035446167e-03 5.100285634398460388e-02
4.279505461454391479e-02 -6.094089709222316742e-03 6.864133477210998535e-02
7.527219504117965698e-02 -3.015356697142124176e-02 4.522299766540527344e-02
1.612113267183303833e-01 -3.212090581655502319e-02 1.678739488124847412e-02
7.506787031888961792e-02 -3.122294880449771881e-02 2.716530114412307739e-02
-2.310761809349060059e-02 1.651400700211524963e-02 1.208862196654081345e-02
-1.025735810399055481e-01 7.022543251514434814e-02 4.519524797797203064e-02
-8.564499020576477051e-02 1.192500814795494080e-01 1.995622180402278900e-02
-4.288850724697113037e-02 6.724601238965988159e-02 6.270104646682739258e-02
4.880246892571449280e-02 -8.258312940597534180e-03 7.961456477642059326e-02
2.283800765872001648e-02 -3.105184063315391541e-03 1.590398140251636505e-02
1.290289908647537231e-01 -2.842294797301292419e-02 -4.057886078953742981e-02
1.269240975379943848e-01 -5.146550014615058899e-02 2.719807438552379608e-02
7.651477307081222534e-02 -1.984181441366672516e-02 -2.253675460815429688e-02
-8.033196628093719482e-02 4.106152057647705078e-02 6.617385149002075195e-02
-1.372684687376022339e-01 1.146672070026397705e-01 7.309849560260772705e-02
-9.007210284471511841e-02 1.114019677042961121e-01 1.105179823935031891e-02
-7.406125962734222412e-02 4.626915976405143738e-02 7.346010208129882812e-02
3.222508588805794716e-03 2.250418439507484436e-02 1.159930676221847534e-01
5.085915699601173401e-02 -2.540984563529491425e-02 5.295616388320922852e-02
8.568666875362396240e-02 -4.096554592251777649e-02 7.005357183516025543e-03
1.211338043212890625e-01 -3.476110845804214478e-02 2.981014363467693329e-02
3.043546900153160095e-02 8.630053140223026276e-03 4.695728886872529984e-03
-6.047071889042854309e-02 3.269788622856140137e-02 3.535865619778633118e-02
-1.315914839506149292e-01 1.184031888842582703e-01 8.113141357898712158e-02
-1.248215585947036743e-01 1.254806220531463623e-01 3.543197363615036011e-02
-6.149984151124954224e-02 4.636345803737640381e-02 7.337233424186706543e-02
1.759427785873413086e-02 1.683338358998298645e-02 6.703121215105056763e-02
8.958973735570907593e-02 -4.693144559860229492e-02 4.311260301619768143e-03
1.394463628530502319e-01 -4.163813218474388123e-02 2.418050915002822876e-02
1.488083750009536743e-01 -2.749753184616565704e-02 1.059072092175483704e-02
4.871246591210365295e-02 5.680487956851720810e-03 1.084976922720670700e-02
-4.719949886202812195e-02 1.309967506676912308e-02 1.500466652214527130e-02
-7.365607470273971558e-02 3.176373243331909180e-02 1.326942630112171173e-02
-1.328255236148834229e-01 1.402745991945266724e-01 2.804819960147142410e-03
-6.437154859304428101e-02 1.008457094430923462e-01 5.655629560351371765e-02
-4.234330356121063232e-02 1.634571142494678497e-02 6.714994553476572037e-03
7.714359462261199951e-02 -3.710132464766502380e-02 2.867580018937587738e-02
9.142857789993286133e-02 -4.457714781165122986e-02 3.498497977852821350e-02
1.236928328871726990e-01 -3.855196759104728699e-02 -6.006226409226655960e-03
1.199571043252944946e-01 -2.092603780329227448e-02 8.145125582814216614e-03
7.881888002157211304e-02 -7.934072054922580719e-03 5.186637118458747864e-02
-1.741790585219860077e-02 4.608139395713806152e-03 1.815791800618171692e-02
-6.531734764575958252e-02 1.510073337703943253e-02 -4.738816525787115097e-03
-1.380990594625473022e-01 1.141788735985755920e-01 7.205976638942956924e-03
-7.640695571899414062e-02 7.721053808927536011e-02 7.321223616600036621e-02
2.870345674455165863e-02 1.513553503900766373e-02 8.148884028196334839e-02
9.915643604472279549e-04 6.901507265865802765e-03 2.048402465879917145e-02
7.806677371263504028e-02 -3.065591491758823395e-02 5.031059309840202332e-02
7.734706252813339233e-02 -2.418684214353561401e-02 3.743517026305198669e-02
1.596953868865966797e-01 -3.278047218918800354e-02 -5.661419034004211426e-02
1.054437607526779175e-01 -2.109949849545955658e-02 5.023806914687156677e-02
-4.540332127362489700e-03 7.800322491675615311e-03 1.131757535040378571e-02
-1.132945194840431213e-01 7.399298250675201416e-02 5.807034671306610107e-02
-1.057442799210548401e-01 1.361212432384490967e-01 -5.969000980257987976e-03
-4.879418015480041504e-02 8.798867464065551758e-02 8.356387168169021606e-02
-3.838070482015609741e-02 3.353444114327430725e-02 3.324674069881439209e-02
-9.206035174429416656e-03 6.844316958449780941e-04 5.546526610851287842e-02
4.428080096840858459e-02 -2.902268618345260620e-02 1.008031703531742096e-02
1.551171392202377319e-01 -2.926493249833583832e-02 3.639769926667213440e-02
1.158394068479537964e-01 -3.441012278199195862e-02 3.746255114674568176e-02
-1.307799480855464935e-02 1.759865507483482361e-02 9.709249250590801239e-03
-8.013755083084106445e-02 2.992445789277553558e-02 9.597884491086006165e-03
-1.474846899509429932e-01 1.266398131847381592e-01 3.182816319167613983e-03
-5.501300841569900513e-02 7.966834306716918945e-02 1.397736463695764542e-02
1.165687479078769684e-02 -4.070490598678588867e-03 5.806062743067741394e-02
1.623842492699623108e-02 7.136515807360410690e-03 4.965998977422714233e-02
5.898318067193031311e-02 -3.425452485680580139e-02 2.062627486884593964e-02
1.743216365575790405e-01 -1.314342953264713287e-02 -2.483960427343845367e-02
1.003735214471817017e-01 -4.124300181865692139e-02 5.956445634365081787e-02
2.558650076389312744e-02 -2.761083887889981270e-03 1.914215274155139923e-02
-8.209622651338577271e-02 6.335106492042541504e-02 3.474958240985870361e-02
-1.320489645004272461e-01 1.020034030079841614e-01 4.763121157884597778e-02
-1.106461733579635620e-01 1.405466347932815552e-01 3.711678832769393921e-02
-3.477297723293304443e-02 5.689861252903938293e-02 1.327416277490556240e-03
-9.561787545680999756e-02 1.576096005737781525e-02 5.952486768364906311e-03
-3.067242912948131561e-02 3.320996183902025223e-03 5.366954579949378967e-02
3.501649200916290283e-02 -1.303059398196637630e-03 4.404887184500694275e-02
1.157147437334060669e-01 -4.945435374975204468e-02 8.922936394810676575e-03
1.584360003471374512e-01 -3.649090975522994995e-02 2.085101604461669922e-02
8.295295387506484985e-02 -3.000044263899326324e-02 1.409108657389879227e-02
-7.036698609590530396e-02 6.388489902019500732e-02 1.853751763701438904e-02
-1.634106040000915527e-01 1.455709189176559448e-01 3.008574619889259338e-02
-7.704614847898483276e-02 1.410753130912780762e-01 1.305042300373315811e-02
-7.308634370565414429e-02 4.512670636177062988e-02 1.207195501774549484e-02
-2.270462736487388611e-02 1.845644414424896240e-02 4.896988719701766968e-02
-6.888112518936395645e-03 -3.057349938899278641e-03 6.401316821575164795e-02
3.736045584082603455e-02 -1.399067882448434830e-02 1.883980259299278259e-02
1.048799157142639160e-01 -5.317473411560058594e-02 -9.132890030741691589e-03
1.331696212291717529e-01 -4.064891487360000610e-02 5.314189940690994263e-02
6.419818103313446045e-02 1.012171339243650436e-02 1.188074145466089249e-02
-2.051905170083045959e-02 1.955256983637809753e-02 8.749546483159065247e-03
-1.461279839277267456e-01 1.131172999739646912e-01 3.888510167598724365e-02
-8.596902340650558472e-02 1.107583343982696533e-01 4.674358665943145752e-02
-2.868640981614589691e-02 4.617418721318244934e-02 2.337432280182838440e-02
-3.302657604217529297e-02 5.075525259599089622e-04 3.718929365277290344e-02
-1.168869715183973312e-02 3.295931266620755196e-03 7.918041199445724487e-02
8.784656226634979248e-02 -3.609245643019676208e-02 1.969734020531177521e-02
7.767426967620849609e-02 -4.129676520824432373e-02 2.322572655975818634e-02
1.391447633504867554e-01 -5.112839862704277039e-02 -4.587735980749130249e-02
8.305830508470535278e-02 -3.525900840759277344e-02 4.396537318825721741e-02
3.385189920663833618e-02 8.953533135354518890e-03 3.572621196508407593e-02
-1.030594706535339355e-01 1.458460986614227295e-01 4.224705696105957031e-02
-1.242872849106788635e-01 1.868705749511718750e-01 3.385711461305618286e-02
-7.856018096208572388e-02 3.989835828542709351e-02 3.980330005288124084e-02
2.887045498937368393e-03 2.732173539698123932e-02 4.882286489009857178e-02
4.255739971995353699e-02 2.477986179292201996e-02 1.602199859917163849e-02
3.885642439126968384e-02 -3.313592076301574707e-02 -1.535255741328001022e-02
1.516035571694374084e-02 -3.237796202301979065e-02 2.592526748776435852e-02
1.434401124715805054e-01 -5.588480085134506226e-02 -4.916050285100936890e-02
1.438687741756439209e-01 -1.756230741739273071e-02 1.651569455862045288e-02
8.081401884555816650e-02 -1.099374331533908844e-02 7.994968444108963013e-02
-3.583831712603569031e-02 2.275145240128040314e-02 8.867702633142471313e-02
-7.639789581298828125e-02 4.737573862075805664e-02 2.934200689196586609e-02
-3.412159532308578491e-02 5.519641935825347900e-02 4.966832324862480164e-02
-1.402267720550298691e-02 -7.709613069891929626e-03 8.977271616458892822e-03
-1.953049749135971069e-02 -2.880274318158626556e-03 2.703226916491985321e-02
-2.828471362590789795e-02 -5.866934545338153839e-03 1.923636347055435181e-02
4.661143198609352112e-02 -2.176214940845966339e-02 5.366085842251777649e-02
8.366008847951889038e-02 -3.338645398616790771e-02 -1.955943368375301361e-02
1.387062817811965942e-01 -2.676864340901374817e-02 -3.627727925777435303e-02
1.133298650383949280e-01 -3.837602958083152771e-02 2.978253923356533051e-02
2.977379783987998962e-02 2.497443743050098419e-02 2.275212900713086128e-03
-7.372496277093887329e-02 1.806427724659442902e-02 4.356859251856803894e-02
-1.139842718839645386e-01 8.324356377124786377e-02 3.154485672712326050e-02
-4.107308760285377502e-02 8.904698491096496582e-02 6.037313863635063171e-02
2.719729021191596985e-02 7.725684437900781631e-03 6.067061051726341248e-02
-1.289201620966196060e-02 -1.344693824648857117e-03 5.169983953237533569e-02
-1.626602187752723694e-02 -2.256290055811405182e-03 -9.489708580076694489e-03
1.772531308233737946e-03 -3.966626711189746857e-03 6.277692317962646484e-02
7.100287824869155884e-02 -2.199579216539859772e-02 -7.243082509376108646e-04
1.663327068090438843e-01 -7.840676233172416687e-03 -6.598593294620513916e-02
9.637059271335601807e-02 -3.432925790548324585e-02 -1.243429351598024368e-02
9.780539572238922119e-02 -3.493893519043922424e-02 6.825493276119232178e-02
1.268694736063480377e-02 2.171637117862701416e-02 1.724755577743053436e-02
-5.519134551286697388e-02 3.346216306090354919e-02 2.006834745407104492e-02
-1.143271476030349731e-01 7.523111999034881592e-02 3.481234237551689148e-02
-8.174452185630798340e-02 9.950461983680725098e-02 8.942731469869613647e-02
-1.913805305957794189e-02 5.111629143357276917e-02 2.383572608232498169e-02
-1.529826037585735321e-02 -3.842134028673171997e-02 -5.579340457916259766e-02
-8.206179738044738770e-02 4.715482145547866821e-02 -6.729704327881336212e-03
-2.074304781854152679e-02 -6.434139329940080643e-03 3.653426887467503548e-03
1.481541781686246395e-03 4.462755459826439619e-04 3.319191560149192810e-02
5.740754678845405579e-02 -2.366048097610473633e-02 -7.296635769307613373e-03
2.100835144519805908e-01 -1.422369107604026794e-02 -7.026536017656326294e-02
8.219107240438461304e-02 -2.113349363207817078e-02 8.618246763944625854e-02
8.004608750343322754e-02 -1.753423362970352173e-02 3.026070445775985718e-02
5.481869447976350784e-03 3.365173935890197754e-02 -7.616901770234107971e-03
-6.683547794818878174e-02 7.717491593211889267e-03 4.188949987292289734e-02
-8.243413269519805908e-02 5.584802851080894470e-02 7.768679410219192505e-02
1.380458660423755646e-02 2.916711568832397461e-02 3.414524346590042114e-02
1.232434995472431183e-02 -1.810589060187339783e-02 4.147851094603538513e-02
-3.959483932703733444e-03 -2.735898084938526154e-02 5.022745579481124878e-02
7.007905095815658569e-02 -2.406820096075534821e-02 5.487862974405288696e-03
7.403495907783508301e-02 -4.123878106474876404e-02 4.951025359332561493e-03
8.277269452810287476e-02 -4.321967437863349915e-02 7.570374291390180588e-04
5.389906466007232666e-02 -1.022709533572196960e-02 6.883386522531509399e-02
4.298128932714462280e-02 -8.149990811944007874e-03 5.699732899665832520e-02
