6.762226112186908722e-04 1.265574932098388672e+00 3.405057266354560852e-02
-8.481933036819100380e-04 1.242738842964172363e+00 -1.543608959764242172e-05
-7.809035596437752247e-04 1.260192751884460449e+00 -1.676703803241252899e-02
2.157675800845026970e-03 1.268493890762329102e+00 -6.892743520438671112e-03
4.499655216932296753e-03 1.333218455314636230e+00 1.652765087783336639e-02
-1.678562373854219913e-03 1.364371299743652344e+00 1.118400972336530685e-02
-4.585210233926773071e-03 1.321815490722656250e+00 -1.977327279746532440e-03
-2.814308973029255867e-03 1.254820346832275391e+00 -8.958937600255012512e-03
-6.448027212172746658e-03 1.231136322021484375e+00 9.779795072972774506e-03
-6.322492379695177078e-03 1.267538785934448242e+00 1.255490817129611969e-02
-7.561741513200104237e-04 1.270626425743103027e+00 -1.370946643874049187e-03
3.284995211288332939e-03 1.207173109054565430e+00 -1.414116658270359039e-02
2.687036758288741112e-03 1.260159492492675781e+00 -1.471066288650035858e-02
4.556052852421998978e-03 1.287208318710327148e+00 -2.914270013570785522e-02
1.137078739702701569e-02 1.279753327369689941e+00 -6.653089821338653564e-02
1.206205319613218307e-02 1.323422789573669434e+00 -5.985680595040321350e-02
1.133702136576175690e-02 1.350568652153015137e+00 -3.158690035343170166e-02
1.131064258515834808e-02 1.320453405380249023e+00 -3.000408597290515900e-02
1.211834046989679337e-02 1.281962037086486816e+00 -3.195180371403694153e-02
1.172771491110324860e-02 1.305987238883972168e+00 -3.154651448130607605e-02
1.081007905304431915e-02 1.317949295043945312e+00 -1.948723383247852325e-02
1.228825189173221588e-02 1.348619580268859863e+00 -3.254120424389839172e-02
1.665104366838932037e-02 1.345184326171875000e+00 -5.975760519504547119e-02
1.498859003186225891e-02 1.306436061859130859e+00 -7.652489095926284790e-02
1.888688281178474426e-02 1.295982360839843750e+00 -5.619018152356147766e-02
2.391847223043441772e-02 1.319323539733886719e+00 -5.693900585174560547e-02
2.495407126843929291e-02 1.323849081993103027e+00 -6.234568357467651367e-02
2.747139334678649902e-02 1.321294069290161133e+00 -7.428609579801559448e-02
2.722166478633880615e-02 1.324556112289428711e+00 -8.671255409717559814e-02
2.456806600093841553e-02 1.318409204483032227e+00 -9.340306371450424194e-02
1.973377726972103119e-02 1.330335497856140137e+00 -9.247416257858276367e-02
1.798295229673385620e-02 1.362110972404479980e+00 -7.958983629941940308e-02
1.417944673448801041e-02 1.383878350257873535e+00 -7.370014488697052002e-02
1.437967363744974136e-02 1.369905948638916016e+00 -8.495752513408660889e-02
1.357573363929986954e-02 1.369054555892944336e+00 -7.325740903615951538e-02
1.198884285986423492e-02 1.371970772743225098e+00 -6.831315159797668457e-02
9.301254525780677795e-03 1.365491986274719238e+00 -6.883680820465087891e-02
5.859080236405134201e-03 1.354056239128112793e+00 -7.376455515623092651e-02
5.175900645554065704e-03 1.321458578109741211e+00 -7.148191332817077637e-02
6.817984860390424728e-03 1.302896142005920410e+00 -8.215669542551040649e-02
6.134517025202512741e-03 1.308930039405822754e+00 -8.117254078388214111e-02
2.385668922215700150e-03 1.310031414031982422e+00 -6.970103085041046143e-02
1.176943886093795300e-03 1.324519276618957520e+00 -6.881556659936904907e-02
6.868892232887446880e-04 1.336258411407470703e+00 -7.319614291191101074e-02
1.810344518162310123e-03 1.342574596405029297e+00 -7.223977893590927124e-02
6.283913273364305496e-03 1.364108324050903320e+00 -7.611475884914398193e-02
6.455835420638322830e-03 1.353176712989807129e+00 -7.871860265731811523e-02
9.360323660075664520e-03 1.338528990745544434e+00 -8.944130688905715942e-02
1.219398900866508484e-02 1.341269850730895996e+00 -8.833028376102447510e-02
1.643692143261432648e-02 1.318526268005371094e+00 -8.219000697135925293e-02
2.513137273490428925e-02 1.326403141021728516e+00 -9.133826196193695068e-02
3.250266239047050476e-02 1.338766574859619141e+00 -1.095968931913375854e-01
3.458441048860549927e-02 1.335402607917785645e+00 -1.010572239756584167e-01
3.665864467620849609e-02 1.323619008064270020e+00 -1.041317135095596313e-01
4.010514542460441589e-02 1.322348594665527344e+00 -1.179534494876861572e-01
3.877037391066551208e-02 1.324125409126281738e+00 -1.227581501007080078e-01
3.650917485356330872e-02 1.331578493118286133e+00 -1.233433932065963745e-01
3.590261936187744141e-02 1.352611660957336426e+00 -1.198941394686698914e-01
3.339716047048568726e-02 1.344195723533630371e+00 -1.034980341792106628e-01
3.028580173850059509e-02 1.321552991867065430e+00 -9.119228273630142212e-02
2.380585297942161560e-02 1.322257876396179199e+00 -8.282643556594848633e-02
2.086320333182811737e-02 1.330650806427001953e+00 -8.212120831012725830e-02
1.892576925456523895e-02 1.302510380744934082e+00 -9.003856778144836426e-02
1.437286101281642914e-02 1.282566428184509277e+00 -8.434854447841644287e-02
1.089491695165634155e-02 1.275104761123657227e+00 -8.611467480659484863e-02
8.363236673176288605e-03 1.294932484626770020e+00 -8.300960808992385864e-02
2.363973762840032578e-03 1.292142987251281738e+00 -7.115074247121810913e-02
-2.130907727405428886e-03 1.304499745368957520e+00 -6.470134854316711426e-02
-4.402311053127050400e-03 1.308242321014404297e+00 -5.892789363861083984e-02
-2.529203426092863083e-03 1.315909385681152344e+00 -7.013636827468872070e-02
-1.043230295181274414e-04 1.336528420448303223e+00 -6.069936975836753845e-02
-4.213648207951337099e-04 1.316337227821350098e+00 -5.452470108866691589e-02
6.552414270117878914e-04 1.305704832077026367e+00 -5.711534991860389709e-02
6.512494874186813831e-04 1.276755928993225098e+00 -5.520848184823989868e-02
2.255380386486649513e-04 1.287594795227050781e+00 -6.082511320710182190e-02
-5.231548566371202469e-04 1.283158540725708008e+00 -7.003454864025115967e-02
-1.404746551997959614e-03 1.241147756576538086e+00 -6.590133160352706909e-02
-4.594793543219566345e-03 1.247419595718383789e+00 -6.665115058422088623e-02
-3.341315547004342079e-03 1.264781117439270020e+00 -7.625433802604675293e-02
-4.230042919516563416e-03 1.257378935813903809e+00 -8.090910315513610840e-02
2.210408914834260941e-03 1.251554965972900391e+00 -8.389785885810852051e-02
1.370714046061038971e-02 1.264675974845886230e+00 -7.447760552167892456e-02
1.765485294163227081e-02 1.291913866996765137e+00 -7.306200265884399414e-02
1.983278617262840271e-02 1.293989181518554688e+00 -7.307102531194686890e-02
2.018247358500957489e-02 1.280056118965148926e+00 -7.668238878250122070e-02
2.193412743508815765e-02 1.248870134353637695e+00 -7.440117001533508301e-02
2.285059168934822083e-02 1.186942696571350098e+00 -6.636325269937515259e-02
2.450726740062236786e-02 1.196340918540954590e+00 -7.158979028463363647e-02
2.095123752951622009e-02 1.187728166580200195e+00 -8.681293576955795288e-02
2.041915804147720337e-02 1.201355695724487305e+00 -7.933373749256134033e-02
2.610049210488796234e-02 1.225372433662414551e+00 -8.641663193702697754e-02
3.217959403991699219e-02 1.247926831245422363e+00 -9.783157706260681152e-02
3.197062388062477112e-02 1.247901082038879395e+00 -1.190963760018348694e-01
2.894807420670986176e-02 1.235693812370300293e+00 -1.285588890314102173e-01
2.591500990092754364e-02 1.225831389427185059e+00 -1.205737292766571045e-01
2.767308428883552551e-02 1.210072994232177734e+00 -1.200638785958290100e-01
3.070983290672302246e-02 1.225801467895507812e+00 -1.198540404438972473e-01
3.088782355189323425e-02 1.260438084602355957e+00 -1.139162480831146240e-01
3.080251254141330719e-02 1.274288415908813477e+00 -1.096002086997032166e-01
2.699277736246585846e-02 1.277315974235534668e+00 -8.470883965492248535e-02
2.662439458072185516e-02 1.254848361015319824e+00 -7.608456909656524658e-02
3.067972511053085327e-02 1.249226331710815430e+00 -7.066513597965240479e-02
3.346853330731391907e-02 1.232922792434692383e+00 -6.285081803798675537e-02
2.726090326905250549e-02 1.236883878707885742e+00 -7.770543545484542847e-02
2.199154905974864960e-02 1.282537698745727539e+00 -7.467934489250183105e-02
2.016985602676868439e-02 1.327693700790405273e+00 -7.959748804569244385e-02
1.674808189272880554e-02 1.359250545501708984e+00 -7.802131026983261108e-02
1.640704274177551270e-02 1.392112851142883301e+00 -7.264051586389541626e-02
1.323941536247730255e-02 1.396445155143737793e+00 -1.025515869259834290e-01
1.376490667462348938e-02 1.407735228538513184e+00 -9.062176197767257690e-02
1.956975273787975311e-02 1.403518319129943848e+00 -6.687832623720169067e-02
1.545455865561962128e-02 1.371066927909851074e+00 -2.372618950903415680e-02
5.461827851831912994e-03 1.287570834159851074e+00 -1.770013384521007538e-02
1.592300948686897755e-03 1.268379926681518555e+00 -4.062506929039955139e-02
3.084592055529356003e-03 1.249353647232055664e+00 -5.274366959929466248e-02
3.779909340664744377e-03 1.273440718650817871e+00 -6.313462555408477783e-02
4.731360822916030884e-03 1.285153985023498535e+00 -5.481049418449401855e-02
8.827312849462032318e-03 1.252076506614685059e+00 -7.438611984252929688e-02
1.100149191915988922e-02 1.197424411773681641e+00 -6.239302083849906921e-02
8.952289819717407227e-03 1.234489917755126953e+00 -7.219240814447402954e-02
1.491519901901483536e-02 1.248881936073303223e+00 -6.317345798015594482e-02
1.988575980067253113e-02 1.249619722366333008e+00 -4.898446053266525269e-02
2.178505063056945801e-02 1.296983599662780762e+00 -5.152429640293121338e-02
2.856162935495376587e-02 1.308112859725952148e+00 -6.009538471698760986e-02
3.071488440036773682e-02 1.286360979080200195e+00 -6.235209107398986816e-02
2.976155839860439301e-02 1.275413990020751953e+00 -5.813907086849212646e-02
2.862196601927280426e-02 1.282605648040771484e+00 -6.835434585809707642e-02
2.659986726939678192e-02 1.297192215919494629e+00 -7.176125049591064453e-02
2.442287653684616089e-02 1.298612236976623535e+00 -6.716781854629516602e-02
2.352879196405410767e-02 1.287738919258117676e+00 -5.821458250284194946e-02
2.212005667388439178e-02 1.302858114242553711e+00 -5.535878613591194153e-02
1.815485022962093353e-02 1.310942530632019043e+00 -5.948918685317039490e-02
1.656845211982727051e-02 1.331900477409362793e+00 -5.732934176921844482e-02
1.644278876483440399e-02 1.336724162101745605e+00 -6.546673923730850220e-02
1.579656824469566345e-02 1.330072760581970215e+00 -7.439238578081130981e-02
1.254714187234640121e-02 1.350255727767944336e+00 -8.067254722118377686e-02
1.018233224749565125e-02 1.379032373428344727e+00 -8.286938071250915527e-02
1.359159499406814575e-02 1.387343764305114746e+00 -7.959268987178802490e-02
1.405748166143894196e-02 1.401829600334167480e+00 -7.294857501983642578e-02
1.302470546215772629e-02 1.399234294891357422e+00 -7.642077654600143433e-02
1.410458330065011978e-02 1.386289119720458984e+00 -7.598255574703216553e-02
1.746979169547557831e-02 1.386524319648742676e+00 -7.682981342077255249e-02
1.873838342726230621e-02 1.379664301872253418e+00 -8.638820797204971313e-02
1.522271893918514252e-02 1.360010266304016113e+00 -9.697566181421279907e-02
1.194185391068458557e-02 1.388338327407836914e+00 -8.256093412637710571e-02
1.068084686994552612e-02 1.415263056755065918e+00 -5.282926186919212341e-02
1.122785359621047974e-02 1.406719088554382324e+00 -4.913808032870292664e-02
1.116055436432361603e-02 1.384234309196472168e+00 -3.302285447716712952e-02
1.247600745409727097e-02 1.382787466049194336e+00 -3.531347960233688354e-02
1.374473515897989273e-02 1.379111170768737793e+00 -5.407188460230827332e-02
1.194654963910579681e-02 1.393619775772094727e+00 -5.735029280185699463e-02
1.329843420535326004e-02 1.443821430206298828e+00 -4.767498746514320374e-02
1.568428613245487213e-02 1.445097327232360840e+00 -5.550222843885421753e-02
2.151513658463954926e-02 1.442892789840698242e+00 -4.388643428683280945e-02
2.443407103419303894e-02 1.453952431678771973e+00 -3.271419182419776917e-02
2.059559524059295654e-02 1.463180541992187500e+00 -2.521970681846141815e-02
1.479390077292919159e-02 1.441174745559692383e+00 -2.828097715973854065e-02
1.149177830666303635e-02 1.446007251739501953e+00 -3.778368234634399414e-02
1.117319334298372269e-02 1.464682579040527344e+00 -4.218144342303276062e-02
1.053131464868783951e-02 1.458667755126953125e+00 -4.208990931510925293e-02
1.043101958930492401e-02 1.441617727279663086e+00 -4.142186790704727173e-02
9.972590953111648560e-03 1.443187117576599121e+00 -4.569781199097633362e-02
8.478135801851749420e-03 1.450816154479980469e+00 -4.101005569100379944e-02
7.097845431417226791e-03 1.420563459396362305e+00 -4.383731633424758911e-02
5.656596738845109940e-03 1.406245231628417969e+00 -4.625622928142547607e-02
6.371497642248868942e-03 1.418869853019714355e+00 -2.902401424944400787e-02
6.388266570866107941e-03 1.416793346405029297e+00 -2.900642529129981995e-02
3.543340368196368217e-03 1.418429493904113770e+00 -2.423430047929286957e-02
2.702859463170170784e-03 1.449733495712280273e+00 -3.394505009055137634e-02
2.329194685444235802e-03 1.431120514869689941e+00 -4.598303884267807007e-02
4.258738365024328232e-03 1.454992890357971191e+00 -3.906801342964172363e-02
5.402971524745225906e-03 1.460227489471435547e+00 -4.323132336139678955e-02
7.041442673653364182e-03 1.449421882629394531e+00 -5.184138193726539612e-02
8.163811638951301575e-03 1.451050281524658203e+00 -5.347104370594024658e-02
1.079090964049100876e-02 1.442981004714965820e+00 -5.433758348226547241e-02
1.253321114927530289e-02 1.421931147575378418e+00 -5.283934250473976135e-02
1.300567761063575745e-02 1.403166294097900391e+00 -4.877856001257896423e-02
1.067271921783685684e-02 1.412871837615966797e+00 -4.923080652952194214e-02
1.121602207422256470e-02 1.423644781112670898e+00 -4.794882610440254211e-02
1.236770302057266235e-02 1.421814560890197754e+00 -5.304192379117012024e-02
1.148292608559131622e-02 1.431245803833007812e+00 -5.405019596219062805e-02
9.081827476620674133e-03 1.401440262794494629e+00 -7.407076656818389893e-02
3.087623976171016693e-03 1.389940023422241211e+00 -8.790063858032226562e-02
1.381784677505493164e-03 1.385871171951293945e+00 -8.585765212774276733e-02
2.409185050055384636e-03 1.414652347564697266e+00 -8.230873197317123413e-02
2.003721892833709717e-03 1.416480422019958496e+00 -8.372636139392852783e-02
4.891033750027418137e-04 1.395317435264587402e+00 -7.813953608274459839e-02
7.574681512778624892e-05 1.414884567260742188e+00 -8.739090710878372192e-02
5.379781359806656837e-04 1.404548764228820801e+00 -1.097132191061973572e-01
1.394952414557337761e-03 1.389470577239990234e+00 -1.052062138915061951e-01
1.972599363853078103e-07 1.395767092704772949e+00 -9.927736222743988037e-02
2.888333983719348907e-04 1.385215282440185547e+00 -9.988565742969512939e-02
1.702322508208453655e-03 1.402833700180053711e+00 -9.735637158155441284e-02
6.234784144908189774e-03 1.427312374114990234e+00 -8.950760960578918457e-02
1.050311885774135590e-02 1.438274502754211426e+00 -9.523233026266098022e-02
1.561333145946264267e-02 1.425745368003845215e+00 -9.682228416204452515e-02
2.056236378848552704e-02 1.411520600318908691e+00 -1.038319095969200134e-01
2.180261723697185516e-02 1.398653864860534668e+00 -1.112996712327003479e-01
2.774417959153652191e-02 1.382776141166687012e+00 -1.044817119836807251e-01
3.066118620336055756e-02 1.366965770721435547e+00 -9.638068079948425293e-02
3.287282586097717285e-02 1.349342107772827148e+00 -9.208385646343231201e-02
3.273157402873039246e-02 1.338924407958984375e+00 -9.568174183368682861e-02
3.348910436034202576e-02 1.334928870201110840e+00 -9.316100180149078369e-02
3.531021252274513245e-02 1.311513662338256836e+00 -8.009753376245498657e-02
3.322130069136619568e-02 1.327260375022888184e+00 -7.270844280719757080e-02
2.839736826717853546e-02 1.385590195655822754e+00 -7.599928975105285645e-02
1.847277954220771790e-02 1.421126961708068848e+00 -1.045521050691604614e-01
1.361999846994876862e-02 1.447091579437255859e+00 -1.024543493986129761e-01
9.398418478667736053e-03 1.432733178138732910e+00 -9.173469245433807373e-02
4.449623636901378632e-03 1.465920448303222656e+00 -9.873341768980026245e-02
4.311822354793548584e-03 1.510632038116455078e+00 -1.159561648964881897e-01
2.933346433565020561e-03 1.522060871124267578e+00 -1.104930564761161804e-01
1.387648051604628563e-03 1.535562157630920410e+00 -1.002878770232200623e-01
1.555092283524572849e-03 1.545785665512084961e+00 -8.873765170574188232e-02
7.632007822394371033e-03 1.549310684204101562e+00 -6.393633037805557251e-02
9.843227453529834747e-03 1.539839148521423340e+00 -7.608000189065933228e-02
1.274211890995502472e-02 1.522120356559753418e+00 -7.315506041049957275e-02
1.409636344760656357e-02 1.517851591110229492e+00 -6.363756954669952393e-02
1.192428823560476303e-02 1.546170711517333984e+00 -6.323786824941635132e-02
1.233918406069278717e-02 1.501173853874206543e+00 -7.054040580987930298e-02
9.995616041123867035e-03 1.508686780929565430e+00 -6.965725868940353394e-02
1.001188438385725021e-02 1.518864989280700684e+00 -7.883524894714355469e-02
9.299142286181449890e-03 1.534204602241516113e+00 -7.034709304571151733e-02
2.511200262233614922e-03 1.590205669403076172e+00 -4.230623319745063782e-02
4.302567336708307266e-03 1.575881838798522949e+00 -6.573246419429779053e-02
8.779719471931457520e-03 1.526559472084045410e+00 -7.429053634405136108e-02
8.095428347587585449e-03 1.502769112586975098e+00 -5.095641314983367920e-02
7.657253649085760117e-03 1.494970679283142090e+00 -4.551593214273452759e-02
9.013030678033828735e-03 1.520455598831176758e+00 -5.496551096439361572e-02
1.329343859106302261e-02 1.489707827568054199e+00 -8.130092173814773560e-02
1.049399562180042267e-02 1.498348593711853027e+00 -7.365538179874420166e-02
1.167330704629421234e-02 1.488856196403503418e+00 -8.943501859903335571e-02
8.922151289880275726e-03 1.441083431243896484e+00 -8.891304582357406616e-02
1.128485891968011856e-02 1.468243002891540527e+00 -8.178504556417465210e-02
1.382221281528472900e-02 1.479336500167846680e+00 -8.251570910215377808e-02
1.731672510504722595e-02 1.467818856239318848e+00 -6.576254218816757202e-02
2.326409704983234406e-02 1.514689445495605469e+00 -6.326735764741897583e-02
2.228515408933162689e-02 1.543114304542541504e+00 -7.407628744840621948e-02
1.468610484153032303e-02 1.539316654205322266e+00 -7.600232958793640137e-02
1.706996373832225800e-02 1.535667657852172852e+00 -8.978445082902908325e-02
1.685486175119876862e-02 1.532525658607482910e+00 -7.030021399259567261e-02
1.521849259734153748e-02 1.507077574729919434e+00 -4.988407343626022339e-02
3.852267516776919365e-03 1.471659302711486816e+00 -6.110009178519248962e-02
1.830602996051311493e-03 1.432171583175659180e+00 -5.805892869830131531e-02
-3.377499524503946304e-04 1.413324594497680664e+00 -4.966552183032035828e-02
-3.585688318707980216e-05 1.455434679985046387e+00 -3.519019484519958496e-02
-7.000562618486583233e-04 1.447672128677368164e+00 -5.397554859519004822e-02
-1.865824684500694275e-03 1.431268334388732910e+00 -7.593926042318344116e-02
-3.863632911816239357e-03 1.463229537010192871e+00 -5.275830253958702087e-02
-4.848973359912633896e-03 1.531269431114196777e+00 -4.700968414545059204e-02
1.472248812206089497e-03 1.517387986183166504e+00 -5.678760632872581482e-02
1.572328183101490140e-04 1.489141106605529785e+00 -2.933650836348533630e-02
1.492583542130887508e-03 1.496886610984802246e+00 -3.692593052983283997e-02
4.130584129597991705e-04 1.537156701087951660e+00 -4.169761762022972107e-02
-2.000704174861311913e-03 1.530391335487365723e+00 -4.962522909045219421e-02
-4.159544187132269144e-04 1.526576042175292969e+00 -5.775994062423706055e-02
8.155389805324375629e-04 1.547405242919921875e+00 -3.603033721446990967e-02
-3.946240525692701340e-03 1.537055492401123047e+00 -2.168813906610012054e-02
9.862156584858894348e-04 1.496187806129455566e+00 -4.098079726099967957e-02
3.068488324061036110e-03 1.534368991851806641e+00 -4.947526007890701294e-02
2.656141296029090881e-03 1.564594864845275879e+00 -3.970797359943389893e-02
4.367944318801164627e-03 1.520769953727722168e+00 -4.999175295233726501e-02
8.091530762612819672e-03 1.518337726593017578e+00 -5.096827074885368347e-02
7.098850794136524200e-03 1.490851163864135742e+00 -5.407704412937164307e-02
8.548022247850894928e-03 1.463070869445800781e+00 -4.942525178194046021e-02
7.136278320103883743e-03 1.451753497123718262e+00 -6.655022501945495605e-02
3.465022891759872437e-03 1.408005595207214355e+00 -6.676255911588668823e-02
3.207525005564093590e-03 1.330917000770568848e+00 -6.135040521621704102e-02
1.004198007285594940e-02 1.272158265113830566e+00 -4.773297160863876343e-02
2.220934443175792694e-02 1.226510286331176758e+00 -5.425441265106201172e-02
