8.788019418716430664e-03 2.908795140683650970e-02 2.145670354366302490e-03
1.117561385035514832e-02 4.061156511306762695e-02 -1.027853041887283325e-02
1.189793646335601807e-02 4.166734218597412109e-02 -8.015379309654235840e-03
5.036860704421997070e-03 4.313800483942031860e-02 -1.242355629801750183e-02
3.583546727895736694e-03 4.757478088140487671e-02 -1.268104091286659241e-02
4.928395152091979980e-03 4.521485418081283569e-02 -8.145451545715332031e-03
6.917864084243774414e-03 4.300880432128906250e-02 -6.709992885589599609e-03
7.218234241008758545e-03 4.366625845432281494e-02 -7.534593343734741211e-03
6.754711270332336426e-03 4.226598888635635376e-02 -9.843640029430389404e-03
8.348487317562103271e-03 3.941579163074493408e-02 -9.335100650787353516e-03
9.813360869884490967e-03 3.916902095079421997e-02 -9.829886257648468018e-03
8.914202451705932617e-03 4.590382426977157593e-02 -1.177336275577545166e-02
9.602703154087066650e-03 4.676228761672973633e-02 -1.235450804233551025e-02
1.018165796995162964e-02 4.597937315702438354e-02 -1.200250536203384399e-02
1.109252870082855225e-02 4.493138194084167480e-02 -1.403746008872985840e-02
1.173676550388336182e-02 4.769951105117797852e-02 -1.820496469736099243e-02
1.192878186702728271e-02 4.934041947126388550e-02 -2.118486538529396057e-02
8.798334747552871704e-03 4.594614356756210327e-02 -1.210423558950424194e-02
1.020326092839241028e-02 4.445360600948333740e-02 1.731321215629577637e-03
9.886875748634338379e-03 4.413524270057678223e-02 -6.610229611396789551e-04
1.247741281986236572e-02 5.051927268505096436e-02 -3.332693129777908325e-03
9.462930262088775635e-03 4.938242584466934204e-02 -1.831669360399246216e-03
1.209755614399909973e-02 5.257421731948852539e-02 -1.037681102752685547e-02
1.521975547075271606e-02 5.052503198385238647e-02 -1.731108874082565308e-02
1.470246165990829468e-02 4.857901483774185181e-02 -1.746075972914695740e-02
1.386520266532897949e-02 4.741145670413970947e-02 -1.678166538476943970e-02
1.360100507736206055e-02 4.313114285469055176e-02 -1.311649754643440247e-02
1.082436740398406982e-02 3.729475289583206177e-02 -9.002108126878738403e-03
1.106938719749450684e-02 3.422592580318450928e-02 -9.174663573503494263e-03
1.067955791950225830e-02 3.622583299875259399e-02 -1.117993146181106567e-02
9.798496961593627930e-03 3.781809657812118530e-02 -1.251148432493209839e-02
4.075329750776290894e-03 3.768121451139450073e-02 -1.393683999776840210e-02
3.339320421218872070e-03 3.701780736446380615e-02 -1.158550009131431580e-02
2.256821841001510620e-03 3.069152124226093292e-02 -8.531067520380020142e-03
2.513609826564788818e-03 3.080951981246471405e-02 -5.283016711473464966e-03
3.209557384252548218e-03 2.511371485888957977e-02 -2.916775643825531006e-03
4.957094788551330566e-03 2.769604139029979706e-02 -3.549002110958099365e-03
4.630506038665771484e-03 2.138420380651950836e-02 -2.132877707481384277e-03
3.686081618070602417e-03 1.919488795101642609e-02 -3.283768892288208008e-04
2.536065876483917236e-03 1.530415005981922150e-02 1.158922910690307617e-03
1.900278031826019287e-03 1.201120950281620026e-02 1.901321113109588623e-03
1.175194978713989258e-03 9.358318522572517395e-03 2.246022224426269531e-03
1.048594713211059570e-03 8.307913318276405334e-03 9.961053729057312012e-04
5.166791379451751709e-04 6.164440885186195374e-03 -4.798173904418945312e-06
8.152872323989868164e-04 7.588127627968788147e-03 3.610327839851379395e-04
9.911358356475830078e-04 7.595369592308998108e-03 -7.706135511398315430e-05
8.836463093757629395e-04 8.932726457715034485e-03 -5.105882883071899414e-05
-3.444328904151916504e-04 4.660049453377723694e-03 -7.327049970626831055e-04
-2.511702477931976318e-04 3.762802109122276306e-03 -1.061473041772842407e-03
4.949457943439483643e-04 4.673106595873832703e-03 -1.257009804248809814e-03
-2.178139984607696533e-04 1.476623117923736572e-03 -1.474168151617050171e-03
-5.083754658699035645e-04 1.183266751468181610e-03 -1.258932054042816162e-03
-8.135847747325897217e-04 8.416674099862575531e-04 -1.506511121988296509e-03
-1.372367143630981445e-03 -9.362911805510520935e-05 -2.204794436693191528e-03
-1.383803784847259521e-03 6.967945955693721771e-04 -2.328354865312576294e-03
-1.024834811687469482e-03 3.025956451892852783e-03 -1.645736396312713623e-03
-1.666024327278137207e-03 1.266498118638992310e-03 -1.507803797721862793e-03
-1.705270260572433472e-03 1.596568152308464050e-03 -1.461103558540344238e-03
-2.124719321727752686e-03 -9.728297591209411621e-04 -1.587904989719390869e-03
-1.816127449274063110e-03 -1.422073692083358765e-04 -5.426704883575439453e-04
-2.097792923450469971e-03 -1.795433694496750832e-03 -2.180002629756927490e-04
-2.338659018278121948e-03 -2.757846610620617867e-03 -4.416517913341522217e-04
-1.817118376493453979e-03 9.700809605419635773e-04 1.120455563068389893e-04
-3.173235803842544556e-03 -3.177913138642907143e-03 7.796883583068847656e-04
-2.192772924900054932e-03 8.106939494609832764e-04 4.960522055625915527e-04
-2.799224108457565308e-03 -1.706337789073586464e-03 2.910010516643524170e-04
-3.387622535228729248e-03 2.061426639556884766e-03 2.694502472877502441e-05
-4.187110811471939087e-03 1.529246568679809570e-03 -1.110341399908065796e-03
-2.285391092300415039e-03 3.744407556951045990e-03 2.135187387466430664e-04
-3.718361258506774902e-04 4.960512742400169373e-03 -1.587122678756713867e-03
4.511810839176177979e-03 1.161162275820970535e-03 -5.330141633749008179e-03
-1.157693564891815186e-03 -2.616981277242302895e-03 3.178723156452178955e-03
1.255813986063003540e-03 -2.471869811415672302e-05 -1.209806650876998901e-03
9.649097919464111328e-04 2.595847472548484802e-03 1.822635531425476074e-04
5.958676338195800781e-04 8.262721821665763855e-04 1.673653721809387207e-03
1.195598393678665161e-03 7.353825494647026062e-04 2.226620912551879883e-03
7.988698780536651611e-04 1.416002865880727768e-03 1.172751188278198242e-03
5.268305540084838867e-05 2.230206038802862167e-03 -6.519630551338195801e-05
-4.429779946804046631e-04 1.516712829470634460e-03 4.709511995315551758e-04
-1.950465142726898193e-03 -1.668727723881602287e-03 2.942733466625213623e-03
-1.843102276325225830e-03 -2.166620921343564987e-03 4.684731364250183105e-03
-3.269314765930175781e-03 -3.475851844996213913e-03 5.459792912006378174e-03
-2.357810735702514648e-03 -1.727408729493618011e-03 6.544932723045349121e-03
-2.125177532434463501e-03 1.794751267880201340e-03 6.792418658733367920e-03
-1.781020313501358032e-03 2.044614870101213455e-03 7.285043597221374512e-03
-1.484185457229614258e-03 1.279127784073352814e-03 5.648821592330932617e-03
4.229880869388580322e-04 3.052871674299240112e-03 4.532590508460998535e-03
2.916526049375534058e-03 5.539393983781337738e-03 4.331804811954498291e-03
2.524245530366897583e-03 4.633898846805095673e-03 4.597961902618408203e-03
3.568749874830245972e-03 5.591836757957935333e-03 3.598876297473907471e-03
3.221455961465835571e-03 3.743513487279415131e-03 2.905361354351043701e-03
1.538708806037902832e-03 7.979837246239185333e-04 2.800993621349334717e-03
2.209220081567764282e-03 2.175638452172279358e-03 2.421520650386810303e-03
3.225389868021011353e-03 1.526611857116222382e-03 8.620768785476684570e-04
2.042435109615325928e-03 3.121690824627876282e-03 1.463398337364196777e-03
2.876542508602142334e-03 4.660652950406074524e-03 4.329979419708251953e-04
3.806456923484802246e-03 7.001044228672981262e-03 3.969073295593261719e-04
4.630602896213531494e-03 8.072571828961372375e-03 -6.560012698173522949e-04
4.898935556411743164e-03 8.411096408963203430e-03 -3.967061638832092285e-04
4.068605601787567139e-03 4.639538004994392395e-03 2.057373523712158203e-03
2.972096204757690430e-03 4.163028672337532043e-03 5.232609808444976807e-03
3.893982619047164917e-03 9.097123518586158752e-03 -1.218877732753753662e-03
3.408588469028472900e-03 5.056710913777351379e-03 -6.384812295436859131e-04
4.188526421785354614e-03 4.264073446393013000e-03 1.229159533977508545e-04
3.866061568260192871e-03 1.129986718297004700e-03 2.012342214584350586e-03
4.113510251045227051e-03 2.054141834378242493e-03 8.998364210128784180e-04
3.462865948677062988e-03 3.023492172360420227e-03 2.137951552867889404e-03
8.122026920318603516e-04 2.291115000844001770e-03 5.463927984237670898e-03
-1.121249049901962280e-03 1.283841207623481750e-03 4.887029528617858887e-03
3.368780016899108887e-04 1.370841637253761292e-03 3.518573939800262451e-03
-5.562454462051391602e-04 1.113103702664375305e-03 3.940857946872711182e-03
-5.129724740982055664e-04 -1.977672800421714783e-03 2.264000475406646729e-03
-8.117891848087310791e-04 -3.305179998278617859e-04 5.538985133171081543e-03
-2.707511186599731445e-03 4.267033189535140991e-03 4.477791488170623779e-03
-2.390399575233459473e-03 5.428943783044815063e-03 6.889477372169494629e-03
-6.150167435407638550e-03 2.548875287175178528e-03 7.784359157085418701e-03
-3.966987133026123047e-03 2.502098679542541504e-03 4.223383963108062744e-03
2.819836139678955078e-03 3.869874402880668640e-03 4.970282316207885742e-04
4.440441727638244629e-03 6.662407889962196350e-03 -2.687498927116394043e-03
2.662025392055511475e-03 1.113507896661758423e-04 -1.086916774511337280e-03
4.014655947685241699e-03 4.111500456929206848e-03 -1.362808048725128174e-03
2.896748483180999756e-03 -7.249917834997177124e-04 7.650181651115417480e-04
3.914739936590194702e-03 2.745473757386207581e-03 2.227224409580230713e-03
1.822847872972488403e-03 -2.084365114569664001e-03 2.838894724845886230e-03
2.549670636653900146e-03 3.254050388932228088e-03 -1.140981912612915039e-03
2.762921154499053955e-03 2.713495865464210510e-03 -1.477915793657302856e-03
1.355897635221481323e-03 4.881585016846656799e-03 -9.000301361083984375e-05
-2.179238945245742798e-03 3.786021843552589417e-03 4.214830696582794189e-03
-4.787039011716842651e-03 -5.392357707023620605e-06 7.153473794460296631e-03
-3.512471914291381836e-03 -1.158198341727256775e-03 6.123431026935577393e-03
-1.770392060279846191e-03 2.059618011116981506e-03 4.010595381259918213e-03
1.366473734378814697e-04 -6.296169012784957886e-04 2.427369356155395508e-03
-3.424920141696929932e-04 8.578021079301834106e-04 2.164989709854125977e-03
-2.234913408756256104e-04 2.343673259019851685e-04 2.807401120662689209e-03
3.837309777736663818e-04 6.424430757761001587e-04 3.976799547672271729e-03
7.204785943031311035e-04 7.119197398424148560e-04 4.350244998931884766e-03
-6.002187728881835938e-05 2.286458387970924377e-03 4.444859921932220459e-03
-4.104524850845336914e-05 3.822090104222297668e-03 3.870718181133270264e-03
3.186650574207305908e-04 2.059655264019966125e-03 3.081895411014556885e-03
4.014670848846435547e-04 2.427751198410987854e-03 3.117620944976806641e-03
5.362629890441894531e-04 2.864189445972442627e-05 1.527354121208190918e-03
1.179024577140808105e-03 3.048772923648357391e-04 1.230373978614807129e-03
-5.159527063369750977e-05 1.830911729484796524e-03 1.707278192043304443e-03
7.338561117649078369e-04 2.681589219719171524e-03 2.473890781402587891e-03
1.098677515983581543e-03 4.451342858374118805e-03 3.197677433490753174e-03
1.935567706823348999e-03 4.813666455447673798e-03 1.552060246467590332e-03
2.256494015455245972e-03 4.924221895635128021e-03 2.534985542297363281e-04
1.155085861682891846e-03 6.631787866353988647e-03 4.950389266014099121e-04
1.863472163677215576e-03 3.728107549250125885e-03 4.630535840988159180e-05
1.573462039232254028e-03 4.863604903221130371e-03 -4.593990743160247803e-04
2.329576760530471802e-03 5.674829706549644470e-03 -2.663470804691314697e-04
2.965878695249557495e-03 3.941831178963184357e-03 -2.081736922264099121e-03
2.421244978904724121e-03 1.221164129674434662e-03 -1.506060361862182617e-03
3.236185759305953979e-03 4.218042828142642975e-03 -1.866575330495834351e-03
3.175478428602218628e-03 5.696105770766735077e-03 -1.361384987831115723e-03
3.201875835657119751e-03 3.976224921643733978e-03 -9.190663695335388184e-04
4.005581140518188477e-03 2.964712679386138916e-03 -1.210160553455352783e-03
3.161620348691940308e-03 6.381095387041568756e-03 -1.174245029687881470e-03
2.771858125925064087e-03 5.631890147924423218e-03 -3.996528685092926025e-04
3.647010773420333862e-03 5.860193632543087006e-03 -9.029544889926910400e-04
3.839753568172454834e-03 3.805284388363361359e-03 -1.038968563079833984e-03
2.737347036600112915e-03 2.658622339367866516e-03 -1.788139343261718750e-04
1.986391842365264893e-03 5.512318573892116547e-03 1.130215823650360107e-04
2.060346305370330811e-03 4.622125066816806793e-03 -3.709420561790466309e-04
2.369690686464309692e-03 4.322779364883899689e-03 5.801171064376831055e-04
1.854453235864639282e-03 -4.282058216631412506e-04 1.073822379112243652e-03
2.753652632236480713e-03 1.196849625557661057e-03 1.650288701057434082e-03
2.872742712497711182e-03 1.003964338451623917e-03 1.834884285926818848e-03
2.217646688222885132e-03 1.448811963200569153e-03 2.431258559226989746e-03
1.772493124008178711e-03 3.531359136104583740e-03 1.912295818328857422e-03
8.848458528518676758e-04 6.869300268590450287e-04 2.465061843395233154e-03
8.574314415454864502e-04 -4.285839386284351349e-04 2.745851874351501465e-03
6.348304450511932373e-04 2.192718908190727234e-03 2.464778721332550049e-03
-3.810301423072814941e-04 -1.253582304343581200e-03 2.866871654987335205e-03
-5.911663174629211426e-05 9.157694876194000244e-04 2.806745469570159912e-03
7.100403308868408203e-06 3.239662386476993561e-03 3.502957522869110107e-03
-1.388143748044967651e-03 -2.686143852770328522e-04 4.924304783344268799e-03
-1.676619052886962891e-03 -8.895481005311012268e-05 5.395248532295227051e-03
-2.407338470220565796e-03 2.135722897946834564e-04 6.379380822181701660e-03
-2.542804926633834839e-03 -9.626732207834720612e-04 6.705448031425476074e-03
-2.609051764011383057e-03 -2.221316331997513771e-03 6.391465663909912109e-03
-1.984357833862304688e-03 -1.145301619544625282e-03 5.706593394279479980e-03
-1.023892313241958618e-03 2.880110405385494232e-04 5.125783383846282959e-03
-1.138374209403991699e-03 1.454516313970088959e-03 4.431985318660736084e-03
-1.628972589969635010e-03 -1.066927565261721611e-03 3.773339092731475830e-03
-4.831403493881225586e-04 2.531243022531270981e-03 2.930261194705963135e-03
-1.187279820442199707e-03 1.952188555151224136e-03 2.959132194519042969e-03
-5.924105644226074219e-04 2.665863838046789169e-03 2.244651317596435547e-03
8.789598941802978516e-04 3.245616331696510315e-03 2.658851444721221924e-03
1.507602632045745850e-03 1.885781064629554749e-03 2.464681863784790039e-03
3.014884889125823975e-03 2.912754192948341370e-03 2.829708158969879150e-03
2.506215125322341919e-03 2.225557342171669006e-03 2.902738749980926514e-03
2.045780420303344727e-03 1.857081428170204163e-03 2.000130712985992432e-03
4.444442689418792725e-03 4.348607733845710754e-03 1.317121088504791260e-03
2.834074199199676514e-03 -1.157520338892936707e-03 1.663103699684143066e-03
4.262402653694152832e-03 2.854751423001289368e-03 7.858574390411376953e-04
2.955988049507141113e-03 -1.975161954760551453e-03 2.162121236324310303e-03
4.995912313461303711e-03 -7.992219179868698120e-04 -4.431717097759246826e-04
5.245342850685119629e-03 3.391074016690254211e-03 -6.226785480976104736e-04
4.226744174957275391e-03 1.534575596451759338e-03 -3.503635525703430176e-04
1.565068960189819336e-03 -6.450098007917404175e-04 1.323148608207702637e-03
1.603502780199050903e-03 -2.720592543482780457e-03 7.658675312995910645e-04
2.084724605083465576e-03 -4.319699481129646301e-03 1.978151500225067139e-03
1.543886959552764893e-03 -3.315867856144905090e-03 1.387931406497955322e-03
1.050762832164764404e-03 2.408923581242561340e-03 1.797921955585479736e-03
1.442328095436096191e-03 5.036989226937294006e-03 2.583503723144531250e-03
2.068363130092620850e-03 4.607276991009712219e-03 3.466978669166564941e-03
1.849211752414703369e-03 4.300611093640327454e-03 1.818992197513580322e-03
3.214187920093536377e-03 6.414787843823432922e-03 3.810226917266845703e-05
4.538528621196746826e-03 6.973432376980781555e-03 -3.780052065849304199e-04
4.511222243309020996e-03 7.990347221493721008e-03 -4.584416747093200684e-04
4.745654761791229248e-03 9.119631722569465637e-03 3.674030303955078125e-04
3.065705299377441406e-03 7.080065086483955383e-03 6.099268794059753418e-04
3.534466028213500977e-03 8.164690807461738586e-03 9.508654475212097168e-04
2.462029457092285156e-03 2.477260306477546692e-03 -1.509413123130798340e-04
4.164248704910278320e-03 5.009772256016731262e-03 5.252212285995483398e-04
5.745626986026763916e-03 1.273672468960285187e-02 4.746973514556884766e-03
1.227214932441711426e-03 6.343664601445198059e-03 5.152188241481781006e-03
-2.283751964569091797e-03 5.036164075136184692e-04 2.643853425979614258e-03
-1.665249466896057129e-03 1.368256285786628723e-03 1.308925449848175049e-03
2.383515238761901855e-04 2.870099619030952454e-03 8.154585957527160645e-04
2.209819853305816650e-03 5.764590576291084290e-03 1.391567289829254150e-03
3.975700587034225464e-03 8.056657388806343079e-03 1.528948545455932617e-03
6.417728960514068604e-03 1.030358858406543732e-02 -7.219612598419189453e-05
4.096329212188720703e-03 8.270667865872383118e-03 -5.398206412792205811e-04
2.698399126529693604e-03 6.619529798626899719e-03 -9.387470781803131104e-04
3.082562237977981567e-03 6.899120286107063293e-03 -1.301545649766921997e-03
2.684917300939559937e-03 5.890982225537300110e-03 -1.275353133678436279e-03
3.307580947875976562e-03 6.742732599377632141e-03 -1.204747706651687622e-03
2.365600317716598511e-03 2.838807180523872375e-03 -1.059904694557189941e-03
3.154031932353973389e-03 5.245449021458625793e-03 -1.246724277734756470e-03
2.396304160356521606e-03 4.260228946805000305e-03 -7.931664586067199707e-04
2.208251506090164185e-03 2.892823889851570129e-03 -3.140456974506378174e-04
3.114357590675354004e-03 3.910692408680915833e-03 -9.390339255332946777e-04
3.861725330352783203e-03 3.546239808201789856e-03 -1.425944268703460693e-03
3.784555941820144653e-03 3.921649418771266937e-03 -9.031742811203002930e-04
2.954374998807907104e-03 4.491657949984073639e-03 -1.307986676692962646e-04
1.796573400497436523e-03 4.935872741043567657e-03 4.702210426330566406e-04
1.463696360588073730e-03 3.394239582121372223e-03 9.141191840171813965e-04
1.287940889596939087e-03 3.816093318164348602e-03 1.457676291465759277e-03
1.935251057147979736e-04 3.354500979185104370e-03 2.396009862422943115e-03
4.979074001312255859e-04 4.752460867166519165e-03 2.874374389648437500e-03
4.850663244724273682e-04 5.193459801375865936e-03 2.163149416446685791e-03
-1.940876245498657227e-06 3.870040178298950195e-03 2.640910446643829346e-03
1.000832766294479370e-03 4.624945111572742462e-03 1.719109714031219482e-03
1.772645860910415649e-03 6.695277988910675049e-05 1.171529293060302734e-03
2.836346626281738281e-03 3.392489627003669739e-03 1.122005283832550049e-03
1.139625906944274902e-03 -1.114630140364170074e-04 1.819349825382232666e-03
1.235585659742355347e-03 2.166596241295337677e-04 2.003684639930725098e-03
1.360680907964706421e-03 3.409914672374725342e-03 2.189002931118011475e-03
1.112602651119232178e-03 2.566605806350708008e-03 2.352587878704071045e-03
1.593548804521560669e-03 1.909261103719472885e-03 1.609101891517639160e-03
4.661045968532562256e-04 -7.186550647020339966e-05 8.736997842788696289e-04
4.765316843986511230e-04 -5.017821677029132843e-04 2.907551825046539307e-04
1.522466540336608887e-03 2.225100994110107422e-03 7.685646414756774902e-04
1.760721206665039062e-03 3.576735965907573700e-03 1.885600388050079346e-03
1.383055001497268677e-03 3.176887519657611847e-03 2.769626677036285400e-03
1.030493527650833130e-03 2.978967502713203430e-03 2.185568213462829590e-03
9.455569088459014893e-04 2.000146079808473587e-03 1.057453453540802002e-03
1.683238893747329712e-03 1.261938828974962234e-03 1.460373401641845703e-03
1.690194010734558105e-03 3.359486348927021027e-03 1.950494945049285889e-03
1.945845782756805420e-03 2.998920157551765442e-03 2.239555120468139648e-03
1.913223415613174438e-03 4.891921766102313995e-03 3.387138247489929199e-03
1.533709466457366943e-03 4.055477678775787354e-03 2.629965543746948242e-03
2.230696380138397217e-03 4.990459419786930084e-03 2.176918089389801025e-03
1.879613846540451050e-03 3.795838914811611176e-03 1.459613442420959473e-03
1.245260238647460938e-03 3.119616769254207611e-03 1.655526459217071533e-03
1.819394528865814209e-03 3.891243599355220795e-03 1.930810511112213135e-03
2.849917858839035034e-03 6.596756167709827423e-03 2.494953572750091553e-03
1.829110085964202881e-03 4.204547032713890076e-03 2.155065536499023438e-03
2.113740891218185425e-03 5.021600984036922455e-03 2.393633127212524414e-03
1.157533377408981323e-03 2.905782312154769897e-03 2.012990415096282959e-03
1.497834920883178711e-03 4.476518370211124420e-03 1.809395849704742432e-03
1.465953886508941650e-03 2.986822277307510376e-03 1.479268074035644531e-03
2.119347453117370605e-03 5.647177807986736298e-03 2.400107681751251221e-03
1.718349754810333252e-03 3.750672563910484314e-03 1.749642193317413330e-03
1.259904354810714722e-03 3.488953225314617157e-03 2.141922712326049805e-03
2.016287297010421753e-03 4.338468424975872040e-03 2.271406352519989014e-03
2.367209643125534058e-03 5.422915332019329071e-03 2.733416855335235596e-03
1.732654869556427002e-03 3.688430413603782654e-03 2.280868589878082275e-03
1.415833830833435059e-03 2.139720134437084198e-03 2.049520611763000488e-03
1.489408314228057861e-03 3.233835101127624512e-03 2.929687500000000000e-03
1.931481063365936279e-03 4.393743351101875305e-03 2.987362444400787354e-03
1.859538257122039795e-03 3.813268616795539856e-03 2.987943589687347412e-03
2.047181129455566406e-03 4.100950434803962708e-03 2.706713974475860596e-03
2.217583358287811279e-03 4.159944131970405579e-03 2.836830914020538330e-03
2.114839851856231689e-03 4.389764741063117981e-03 3.732971847057342529e-03
7.541030645370483398e-04 1.082839444279670715e-03 2.358756959438323975e-03
2.338245511054992676e-03 4.514100030064582825e-03 3.147758543491363525e-03
2.098664641380310059e-03 3.715666010975837708e-03 3.212414681911468506e-03
2.105340361595153809e-03 4.067989066243171692e-03 3.296934068202972412e-03
1.685768365859985352e-03 3.312798216938972473e-03 2.809323370456695557e-03
1.776933670043945312e-03 2.918900921940803528e-03 3.041096031665802002e-03
2.014875411987304688e-03 2.797694876790046692e-03 2.808980643749237061e-03
1.526370644569396973e-03 3.410996869206428528e-03 2.781838178634643555e-03
1.580722630023956299e-03 3.844039514660835266e-03 2.804890275001525879e-03
1.498997211456298828e-03 2.131076529622077942e-03 2.280823886394500732e-03
2.675116062164306641e-03 3.926889970898628235e-03 2.852126955986022949e-03
3.176964819431304932e-03 4.823001101613044739e-03 3.507889807224273682e-03
2.754829823970794678e-03 5.057441070675849915e-03 3.579959273338317871e-03
1.481965184211730957e-03 2.009185031056404114e-03 2.559699118137359619e-03
1.689478754997253418e-03 2.813281491398811340e-03 2.728946506977081299e-03
2.708517014980316162e-03 3.886075690388679504e-03 3.101788461208343506e-03
2.358138561248779297e-03 3.346102312207221985e-03 3.105275332927703857e-03
2.710595726966857910e-03 4.327775910496711731e-03 3.530822694301605225e-03
2.233542501926422119e-03 3.862859681248664856e-03 3.736585378646850586e-03
2.373665571212768555e-03 4.302190616726875305e-03 3.541462123394012451e-03
1.437090337276458740e-03 2.039628103375434875e-03 2.358973026275634766e-03
2.519369125366210938e-03 4.377128556370735168e-03 3.247089684009552002e-03
1.895070075988769531e-03 4.408361390233039856e-03 3.210075199604034424e-03
1.461610198020935059e-03 2.659993246197700500e-03 2.881266176700592041e-03
2.405233681201934814e-03 3.605337813496589661e-03 2.745807170867919922e-03
1.943372189998626709e-03 2.592774108052253723e-03 2.393163740634918213e-03
2.746790647506713867e-03 5.010770633816719055e-03 3.479354083538055420e-03
2.320028841495513916e-03 4.061209037899971008e-03 3.555186092853546143e-03
2.119109034538269043e-03 3.277005627751350403e-03 3.381721675395965576e-03
1.733146607875823975e-03 3.447176888585090637e-03 3.136575222015380859e-03
1.284740865230560303e-03 2.601193264126777649e-03 2.389729022979736328e-03
2.098076045513153076e-03 4.011617973446846008e-03 2.851836383342742920e-03
1.910649240016937256e-03 3.249244764447212219e-03 2.753265202045440674e-03
1.659639179706573486e-03 3.009827807545661926e-03 2.995580434799194336e-03
1.090578734874725342e-03 9.667444974184036255e-04 2.398468554019927979e-03
1.969493925571441650e-03 3.295527771115303040e-03 3.206744790077209473e-03
1.635059714317321777e-03 2.659382298588752747e-03 2.849929034709930420e-03
2.195298671722412109e-03 3.636511042714118958e-03 2.829469740390777588e-03
2.180032432079315186e-03 3.170521929860115051e-03 2.980552613735198975e-03
9.716451168060302734e-04 1.919718459248542786e-03 2.574391663074493408e-03
1.281544566154479980e-03 3.025414422154426575e-03 3.156118094921112061e-03
1.350209116935729980e-03 2.329068258404731750e-03 2.612777054309844971e-03
2.725619822740554810e-03 5.096581764519214630e-03 3.222800791263580322e-03
2.737008035182952881e-03 4.600360058248043060e-03 3.386586904525756836e-03
3.161732107400894165e-03 5.514768883585929871e-03 3.484755754470825195e-03
1.905530691146850586e-03 4.236249253153800964e-03 2.926200628280639648e-03
1.439858227968215942e-03 3.457883372902870178e-03 2.497375011444091797e-03
2.209689468145370483e-03 4.435234703123569489e-03 2.771124243736267090e-03
2.394981682300567627e-03 4.378104582428932190e-03 2.542860805988311768e-03
1.920495182275772095e-03 3.486437723040580750e-03 2.302356064319610596e-03
2.134308218955993652e-03 4.015035927295684814e-03 2.407290041446685791e-03
2.235941588878631592e-03 4.421900026500225067e-03 2.576708793640136719e-03
1.701463013887405396e-03 1.786000095307826996e-03 1.783102750778198242e-03
1.819331198930740356e-03 3.720346838235855103e-03 2.233579754829406738e-03
2.049285918474197388e-03 2.478095702826976776e-03 1.832693815231323242e-03
3.551993519067764282e-03 6.755911745131015778e-03 3.326460719108581543e-03
1.793749630451202393e-03 2.510018181055784225e-03 2.077884972095489502e-03
1.750897616147994995e-03 2.739334478974342346e-03 2.207905054092407227e-03
2.705201506614685059e-03 4.598298110067844391e-03 2.297498285770416260e-03
2.374619245529174805e-03 2.777739427983760834e-03 1.862697303295135498e-03
2.845864742994308472e-03 4.355368204414844513e-03 2.657905220985412598e-03
2.437070012092590332e-03 4.922301508486270905e-03 2.315945923328399658e-03
8.774064481258392334e-04 1.556297298520803452e-03 1.732967793941497803e-03
2.022624015808105469e-03 3.429102711379528046e-03 2.006463706493377686e-03
2.604901790618896484e-03 4.339152947068214417e-03 2.559766173362731934e-03
1.353949308395385742e-03 1.622395589947700500e-03 2.111874520778656006e-03
2.206880599260330200e-03 4.611773416399955750e-03 2.515584230422973633e-03
2.481531351804733276e-03 4.298990592360496521e-03 2.686619758605957031e-03
1.801505684852600098e-03 3.715697675943374634e-03 2.509318292140960693e-03
1.218430697917938232e-03 2.761631738394498825e-03 2.318188548088073730e-03
1.133907586336135864e-03 1.965152099728584290e-03 1.880519092082977295e-03
2.431169152259826660e-03 4.820346832275390625e-03 2.525351941585540771e-03
2.186171710491180420e-03 3.856695257127285004e-03 1.867108047008514404e-03
2.890761941671371460e-03 4.418282769620418549e-03 1.973092555999755859e-03
2.359006553888320923e-03 3.656920976936817169e-03 1.988671720027923584e-03
3.167428076267242432e-03 5.397277884185314178e-03 2.541758120059967041e-03
2.442859113216400146e-03 3.406991250813007355e-03 1.962043344974517822e-03
3.918871283531188965e-03 8.003070950508117676e-03 3.032147884368896484e-03
3.132969141006469727e-03 5.562420003116130829e-03 2.188101410865783691e-03
3.105230629444122314e-03 6.027385592460632324e-03 1.854114234447479248e-03
3.086525946855545044e-03 6.458670832216739655e-03 1.949429512023925781e-03
3.499384969472885132e-03 6.966792047023773193e-03 2.436853945255279541e-03
2.561785280704498291e-03 4.190389998257160187e-03 2.406999468803405762e-03
1.896023750305175781e-03 4.509477876126766205e-03 3.678232431411743164e-03
2.351079136133193970e-03 4.035413265228271484e-03 2.990230917930603027e-03
2.602290362119674683e-03 3.362553194165229797e-03 2.143606543540954590e-03
2.994611859321594238e-03 4.301791079342365265e-03 2.545334398746490479e-03
2.786125987768173218e-03 3.287273459136486053e-03 1.804791390895843506e-03
2.596825361251831055e-03 3.218975849449634552e-03 1.614533364772796631e-03
2.471789717674255371e-03 3.056811168789863586e-03 1.945242285728454590e-03
2.896599471569061279e-03 3.236683085560798645e-03 2.016417682170867920e-03
3.014050424098968506e-03 4.444705322384834290e-03 1.922346651554107666e-03
4.290133714675903320e-03 5.437524989247322083e-03 1.503206789493560791e-03
4.325345158576965332e-03 5.939455702900886536e-03 2.177961170673370361e-03
3.386415541172027588e-03 4.219086840748786926e-03 1.870162785053253174e-03
2.720013260841369629e-03 3.938259556889533997e-03 2.118781208992004395e-03
3.449358046054840088e-03 4.499288275837898254e-03 2.841308712959289551e-03
2.809770405292510986e-03 4.341678693890571594e-03 2.963252365589141846e-03
2.086944878101348877e-03 1.962618902325630188e-03 1.550741493701934814e-03
2.272456884384155273e-03 1.584397628903388977e-03 1.649253070354461670e-03
2.795748412609100342e-03 3.517629578709602356e-03 2.344615757465362549e-03
3.149941563606262207e-03 4.992412403225898743e-03 2.772442996501922607e-03
3.406509757041931152e-03 5.725832656025886536e-03 3.025583922863006592e-03
2.547055482864379883e-03 4.542740061879158020e-03 2.916969358921051025e-03
2.176180481910705566e-03 4.160197451710700989e-03 2.744846045970916748e-03
2.339899539947509766e-03 3.858091309666633606e-03 1.976549625396728516e-03
2.505719661712646484e-03 2.479376271367073059e-03 1.668639481067657471e-03
3.228746354579925537e-03 4.286648705601692200e-03 2.268932759761810303e-03
2.749130129814147949e-03 3.940807655453681946e-03 2.573132514953613281e-03
1.920782029628753662e-03 3.562064841389656067e-03 2.889029681682586670e-03
2.488426864147186279e-03 4.364522174000740051e-03 2.377554774284362793e-03
2.813048660755157471e-03 4.914404824376106262e-03 2.728618681430816650e-03
3.337346017360687256e-03 5.405457690358161926e-03 2.380125224590301514e-03
2.785235643386840820e-03 3.962786868214607239e-03 2.076588571071624756e-03
2.095393836498260498e-03 3.416957333683967590e-03 1.651808619499206543e-03
2.056948840618133545e-03 3.679754212498664856e-03 1.766495406627655029e-03
1.858532428741455078e-03 3.399418666958808899e-03 1.934714615345001221e-03
2.759069204330444336e-03 5.973385646939277649e-03 1.996241509914398193e-03
1.942291855812072754e-03 4.185410216450691223e-03 1.507379114627838135e-03
1.902334392070770264e-03 3.888713195919990540e-03 1.440860331058502197e-03
2.127610146999359131e-03 4.285888746380805969e-03 1.657523214817047119e-03
2.178519964218139648e-03 2.615304663777351379e-03 1.165531575679779053e-03
1.557402312755584717e-03 4.537479951977729797e-03 1.914002001285552979e-03
1.253172755241394043e-03 3.109904006123542786e-03 1.298539340496063232e-03
9.927600622177124023e-04 2.772541716694831848e-03 8.127465844154357910e-04
1.379951834678649902e-03 2.256469801068305969e-03 6.824880838394165039e-04
1.701183617115020752e-03 4.608409479260444641e-03 1.362375915050506592e-03
1.811139285564422607e-03 3.479870036244392395e-03 1.235522329807281494e-03
2.054803073406219482e-03 5.213754251599311829e-03 1.931920647621154785e-03
2.633012831211090088e-03 6.653415039181709290e-03 2.317674458026885986e-03
1.910783350467681885e-03 4.140557721257209778e-03 1.666098833084106445e-03
3.315053880214691162e-03 7.871093228459358215e-03 2.112910151481628418e-03
1.850232481956481934e-03 4.684897139668464661e-03 1.833595335483551025e-03
2.525381743907928467e-03 5.293862894177436829e-03 1.681350171566009521e-03
2.703070640563964844e-03 4.420625045895576477e-03 1.202441751956939697e-03
2.808481454849243164e-03 5.858363583683967590e-03 1.757934689521789551e-03
1.330856233835220337e-03 5.144957453012466431e-03 1.566007733345031738e-03
1.267455518245697021e-03 3.982617519795894623e-03 1.998566091060638428e-03
1.341957598924636841e-03 2.867619041353464127e-03 1.666881144046783447e-03
1.733642071485519409e-03 3.847788088023662567e-03 1.543693244457244873e-03
1.992661505937576294e-03 3.974954597651958466e-03 1.250214874744415283e-03
2.002853900194168091e-03 2.718746662139892578e-03 1.279085874557495117e-03
2.642907202243804932e-03 4.346583038568496704e-03 1.838073134422302246e-03
2.377994358539581299e-03 4.799516871571540833e-03 1.835756003856658936e-03
1.979831606149673462e-03 1.532388385385274887e-03 5.966946482658386230e-04
2.162657678127288818e-03 2.983960323035717010e-03 7.760226726531982422e-04
2.018958330154418945e-03 3.168487921357154846e-03 6.306320428848266602e-04
1.835610717535018921e-03 1.560688484460115433e-03 -2.113878726959228516e-04
2.972669899463653564e-03 4.571503959596157074e-03 3.401190042495727539e-05
2.620708197355270386e-03 3.596441820263862610e-03 -1.238733530044555664e-04
2.650376409292221069e-03 5.803871899843215942e-03 2.153925597667694092e-04
2.239685505628585815e-03 4.973484203219413757e-03 -2.640485763549804688e-04
3.395412117242813110e-03 7.822849787771701813e-03 -4.172325134277343750e-07
2.235688269138336182e-03 4.169946536421775818e-03 -3.347545862197875977e-04
3.241945058107376099e-03 4.677000455558300018e-03 4.821419715881347656e-04
2.981714904308319092e-03 3.881669603288173676e-03 -2.036578953266143799e-04
3.253467381000518799e-03 5.261879414319992065e-03 4.529431462287902832e-04
3.303177654743194580e-03 4.691804759204387665e-03 -1.527033746242523193e-04
3.084447234869003296e-03 3.964248113334178925e-03 -2.735853195190429688e-04
3.825824707746505737e-03 4.828449338674545288e-03 2.047307789325714111e-04
3.554429858922958374e-03 4.931006580591201782e-03 6.229728460311889648e-04
2.995986491441726685e-03 5.105826072394847870e-03 8.670538663864135742e-04
2.955414354801177979e-03 4.638078622519969940e-03 5.954131484031677246e-04
2.228654921054840088e-03 1.993882935494184494e-03 9.179115295410156250e-06
2.708520740270614624e-03 2.427307888865470886e-03 5.805194377899169922e-04
2.049978822469711304e-03 2.074659336358308792e-03 1.449793577194213867e-03
3.601957112550735474e-03 5.294372327625751495e-03 3.393240272998809814e-03
2.874415367841720581e-03 4.517691209912300110e-03 3.060683608055114746e-03
2.535130828619003296e-03 4.009195603430271149e-03 2.842582762241363525e-03
2.081163227558135986e-03 2.614067401736974716e-03 1.984901726245880127e-03
2.601146697998046875e-03 3.189585171639919281e-03 2.066746354103088379e-03
2.472590655088424683e-03 2.998536452651023865e-03 1.821011304855346680e-03
2.900570631027221680e-03 4.036373458802700043e-03 2.177417278289794922e-03
3.178700804710388184e-03 3.334905020892620087e-03 1.433372497558593750e-03
3.546990454196929932e-03 3.476744517683982849e-03 7.513016462326049805e-04
3.687448799610137939e-03 3.497859463095664978e-03 9.266212582588195801e-04
2.471618354320526123e-03 2.525237388908863068e-03 1.504018902778625488e-03
2.814974635839462280e-03 3.652846440672874451e-03 1.578651368618011475e-03
3.160085529088973999e-03 3.538915887475013733e-03 1.772843301296234131e-03
2.442143857479095459e-03 2.787556499242782593e-03 1.417495310306549072e-03
3.186054527759552002e-03 4.154907539486885071e-03 2.397902309894561768e-03
3.150723874568939209e-03 3.825860098004341125e-03 2.338960766792297363e-03
2.410162240266799927e-03 3.464422188699245453e-04 1.322947442531585693e-03
3.238528966903686523e-03 2.723576501011848450e-03 1.348979771137237549e-03
3.419004380702972412e-03 2.191813662648200989e-03 1.533001661300659180e-03
3.323636949062347412e-03 3.199117258191108704e-03 2.214379608631134033e-03
2.990320324897766113e-03 2.530561760067939758e-03 1.961581408977508545e-03
3.308936953544616699e-03 3.842549398541450500e-03 2.410210669040679932e-03
2.590768039226531982e-03 2.338903024792671204e-03 2.422623336315155029e-03
1.929536461830139160e-03 1.869918778538703918e-03 2.615563571453094482e-03
2.134345471858978271e-03 1.907410100102424622e-03 2.545334398746490479e-03
3.882184624671936035e-03 3.764139488339424133e-03 2.380169928073883057e-03
3.301620483398437500e-03 2.828838303685188293e-03 2.449735999107360840e-03
1.451730728149414062e-03 -5.165319889783859253e-04 1.532249152660369873e-03
1.583963632583618164e-03 8.286256343126296997e-04 2.371437847614288330e-03
2.560213208198547363e-03 2.672912552952766418e-03 3.045380115509033203e-03
2.845548093318939209e-03 2.985971048474311829e-03 3.192290663719177246e-03
2.671897411346435547e-03 2.885283902287483215e-03 2.894282341003417969e-03
2.303726971149444580e-03 2.501176670193672180e-03 3.107286989688873291e-03
2.026692032814025879e-03 1.018779352307319641e-03 1.899637281894683838e-03
2.320379018783569336e-03 2.616615965962409973e-03 2.295203506946563721e-03
2.711944282054901123e-03 2.784879878163337708e-03 2.793759107589721680e-03
1.927934587001800537e-03 2.007888630032539368e-03 2.986483275890350342e-03
2.344213426113128662e-03 2.536522224545478821e-03 3.522858023643493652e-03
2.692610025405883789e-03 2.540783956646919250e-03 2.328656613826751709e-03
3.383070230484008789e-03 3.944130614399909973e-03 2.766303718090057373e-03
3.283850848674774170e-03 1.429842785000801086e-03 2.558536827564239502e-03
2.749837934970855713e-03 1.426713541150093079e-03 2.371475100517272949e-03
2.990804612636566162e-03 2.359928563237190247e-03 3.025263547897338867e-03
1.915425062179565430e-03 7.760245352983474731e-04 2.022109925746917725e-03
1.233033835887908936e-03 -9.825211018323898315e-04 1.642592251300811768e-03
1.445457339286804199e-03 -2.022366970777511597e-04 1.638710498809814453e-03
2.053394913673400879e-03 7.184315472841262817e-04 2.056643366813659668e-03
4.173122346401214600e-03 4.203515127301216125e-03 2.779394388198852539e-03
4.195660352706909180e-03 5.158679559826850891e-03 3.082476556301116943e-03
3.497369587421417236e-03 3.543185070157051086e-03 3.193520009517669678e-03
3.264471888542175293e-03 3.509806469082832336e-03 2.838142216205596924e-03
2.713844180107116699e-03 3.020556643605232239e-03 1.983672380447387695e-03
3.801494836807250977e-03 3.360049799084663391e-03 2.141222357749938965e-03
3.793083131313323975e-03 5.318732932209968567e-03 3.142915666103363037e-03
2.944573760032653809e-03 4.015149548649787903e-03 2.867422997951507568e-03
3.613352775573730469e-03 5.144568160176277161e-03 3.299079835414886475e-03
4.171848297119140625e-03 6.100388243794441223e-03 2.922683954238891602e-03
3.155194222927093506e-03 3.340424969792366028e-03 2.717338502407073975e-03
2.520613372325897217e-03 3.252865746617317200e-03 2.569541335105895996e-03
3.126040101051330566e-03 3.636272624135017395e-03 3.026582300662994385e-03
2.456381916999816895e-03 1.169221475720405579e-03 2.517543733119964600e-03
1.966014504432678223e-03 3.798324614763259888e-04 2.261914312839508057e-03
2.249568700790405273e-03 9.967554360628128052e-04 2.602346241474151611e-03
1.943767070770263672e-03 2.685207873582839966e-04 2.696849405765533447e-03
2.549283206462860107e-03 9.810095652937889099e-04 2.702273428440093994e-03
3.057703375816345215e-03 1.054869033396244049e-03 2.617307007312774658e-03
3.562323749065399170e-03 2.727124374359846115e-03 3.061994910240173340e-03
3.600012511014938354e-03 2.519444562494754791e-03 3.131620585918426514e-03
4.012256860733032227e-03 3.277661278843879700e-03 3.191605210304260254e-03
3.199893981218338013e-03 2.270095050334930420e-03 3.122575581073760986e-03
4.105273634195327759e-03 1.737557351589202881e-03 3.108352422714233398e-03
3.925632685422897339e-03 3.422812558710575104e-03 3.553085029125213623e-03
3.034517168998718262e-03 2.127593848854303360e-03 3.937304019927978516e-03
3.059342503547668457e-03 3.511512652039527893e-03 4.080690443515777588e-03
3.531679511070251465e-03 3.259805031120777130e-03 3.725968301296234131e-03
3.233104944229125977e-03 1.618911046534776688e-03 2.905145287513732910e-03
2.700056880712509155e-03 7.310882210731506348e-04 2.364002168178558350e-03
1.961234956979751587e-03 2.810028381645679474e-04 1.754567027091979980e-03
2.535082399845123291e-03 7.739351131021976471e-04 1.914754509925842285e-03
3.376841545104980469e-03 8.409973233938217163e-04 2.084113657474517822e-03
4.185304045677185059e-03 2.714310307055711746e-03 2.930648624897003174e-03
3.545820713043212891e-03 1.926450990140438080e-03 3.156751394271850586e-03
3.808453679084777832e-03 2.603650558739900589e-03 3.034457564353942871e-03
3.269866108894348145e-03 2.419464290142059326e-03 2.700515091419219971e-03
4.611384123563766479e-03 2.760218456387519836e-03 2.171799540519714355e-03
4.595220088958740234e-03 2.588988747447729111e-03 2.544999122619628906e-03
3.897521644830703735e-03 2.271446399390697479e-03 2.762667834758758545e-03
2.774275839328765869e-03 2.181779593229293823e-03 3.444455564022064209e-03
2.181801944971084595e-03 1.084646210074424744e-04 2.221442759037017822e-03
1.899931579828262329e-03 -2.076140604913234711e-03 6.188973784446716309e-04
2.805098891258239746e-03 -5.241874605417251587e-04 4.183612763881683350e-04
3.755457699298858643e-03 2.151638269424438477e-03 1.271814107894897461e-03
4.544213414192199707e-03 3.935246728360652924e-03 2.712689340114593506e-03
4.557017236948013306e-03 1.409121789038181305e-03 1.679494976997375488e-03
4.547968506813049316e-03 2.889542840421199799e-03 2.344220876693725586e-03
4.233296960592269897e-03 2.151136752218008041e-03 2.544105052947998047e-03
4.337329417467117310e-03 2.108629327267408371e-03 2.909384667873382568e-03
3.847733139991760254e-03 3.060473129153251648e-03 2.622179687023162842e-03
2.414666116237640381e-03 1.097843050956726074e-05 2.213634550571441650e-03
3.183167427778244019e-03 6.977962329983711243e-04 2.814292907714843750e-03
4.667263478040695190e-03 3.098726272583007812e-03 3.236941993236541748e-03
4.884656518697738647e-03 2.617433201521635056e-03 2.964794635772705078e-03
4.238780587911605835e-03 2.534986939281225204e-03 2.959333360195159912e-03
2.997804433107376099e-03 8.974708616733551025e-04 2.137787640094757080e-03
3.638245165348052979e-03 7.168562151491641998e-04 2.620212733745574951e-03
9.439811110496520996e-04 -2.107367385178804398e-03 2.020537853240966797e-03
9.821057319641113281e-04 -1.690994482487440109e-03 2.695530652999877930e-03
2.577770501375198364e-03 2.165116835385560989e-03 4.061602056026458740e-03
3.093589097261428833e-03 1.685348805040121078e-03 3.616750240325927734e-03
3.728900104761123657e-03 3.878932446241378784e-03 3.859803080558776855e-03
2.670653164386749268e-03 1.170397736132144928e-03 2.645947039127349854e-03
2.449870109558105469e-03 7.684994488954544067e-04 2.972044050693511963e-03
1.890808343887329102e-03 1.896936446428298950e-04 3.457620739936828613e-03
1.216225326061248779e-03 -7.186643779277801514e-05 3.268845379352569580e-03
1.407776027917861938e-03 -1.062659546732902527e-03 2.989754080772399902e-03
2.544566988945007324e-03 -1.674275845289230347e-04 2.911299467086791992e-03
2.998292446136474609e-03 1.038717105984687805e-03 3.254272043704986572e-03
2.317063510417938232e-03 -5.219560116529464722e-04 2.211533486843109131e-03
2.208799123764038086e-03 -4.432629793882369995e-04 2.129182219505310059e-03
3.218740224838256836e-03 2.476679161190986633e-03 3.353290259838104248e-03
3.629840910434722900e-03 3.198431804776191711e-03 3.875002264976501465e-03
2.624418586492538452e-03 1.022832468152046204e-03 3.611534833908081055e-03
2.688962966203689575e-03 1.817215234041213989e-04 2.487964928150177002e-03
3.228768706321716309e-03 1.038821414113044739e-03 2.784080803394317627e-03
2.761241048574447632e-03 4.052091389894485474e-04 3.018952906131744385e-03
2.086136490106582642e-03 6.208289414644241333e-04 3.523550927639007568e-03
1.977458596229553223e-03 5.077887326478958130e-04 4.362888634204864502e-03
1.157570630311965942e-03 5.601532757282257080e-05 4.066243767738342285e-03
3.038793802261352539e-04 -4.841221496462821960e-03 3.940097987651824951e-03
7.559806108474731445e-04 -1.437781378626823425e-03 4.406265914440155029e-03
9.442120790481567383e-05 -1.560641452670097351e-03 5.179919302463531494e-03
1.073792576789855957e-03 5.515385419130325317e-04 6.078265607357025146e-03
1.098129898309707642e-03 4.953909665346145630e-04 5.406647920608520508e-03
1.996982842683792114e-03 2.679603174328804016e-03 5.518667399883270264e-03
1.010656356811523438e-03 -1.112295314669609070e-03 5.113177001476287842e-03
1.265808939933776855e-03 -2.131847664713859558e-03 3.629751503467559814e-03
3.466762602329254150e-03 1.844095066189765930e-03 3.552712500095367432e-03
1.981198787689208984e-03 1.634748652577400208e-03 4.578210413455963135e-03
3.553628921508789062e-04 -1.889629289507865906e-03 3.254413604736328125e-03
9.555965662002563477e-04 1.294152811169624329e-03 5.337886512279510498e-03
1.133218407630920410e-03 -3.121923655271530151e-04 5.773656070232391357e-03
3.188185393810272217e-03 1.644583418965339661e-03 4.393942654132843018e-03
2.235978841781616211e-03 2.325493842363357544e-04 3.397956490516662598e-03
2.349674701690673828e-03 6.515253335237503052e-04 2.985686063766479492e-03
2.087041735649108887e-03 -3.229510039091110229e-04 3.123752772808074951e-03
4.400737583637237549e-03 3.171773627400398254e-03 2.857454121112823486e-03
3.955408930778503418e-03 -6.670188158750534058e-04 1.521408557891845703e-03
4.392683506011962891e-03 -6.240736693143844604e-04 1.667462289333343506e-03
5.896642804145812988e-03 1.915873959660530090e-03 1.783676445484161377e-03
5.127578973770141602e-03 2.093048766255378723e-03 1.457676291465759277e-03
5.064979195594787598e-03 1.777829602360725403e-03 8.846223354339599609e-04
5.794078111648559570e-03 4.548253491520881653e-03 8.323937654495239258e-04
5.229890346527099609e-03 4.270480945706367493e-03 7.859915494918823242e-04
4.376009106636047363e-03 4.029827192425727844e-03 1.720309257507324219e-03
2.103887498378753662e-03 7.900316268205642700e-04 2.023376524448394775e-03
1.216139644384384155e-03 2.944041043519973755e-04 3.737337887287139893e-03
8.479319512844085693e-04 1.127423718571662903e-03 4.740633070468902588e-03
1.824647188186645508e-05 -4.477333277463912964e-04 4.208736121654510498e-03
9.230673313140869141e-04 1.744597218930721283e-03 5.050741136074066162e-03
1.451600342988967896e-03 6.506284698843955994e-04 3.737695515155792236e-03
2.621360123157501221e-03 1.704340800642967224e-03 4.344969987869262695e-03
2.893716096878051758e-03 2.323660999536514282e-03 4.586972296237945557e-03
2.651046961545944214e-03 -5.086362361907958984e-04 3.466442227363586426e-03
3.478754311800003052e-03 2.121019177138805389e-03 3.984600305557250977e-03
3.224521875381469727e-03 3.949946723878383636e-03 4.296042025089263916e-03
3.171212971210479736e-03 2.282224595546722412e-03 3.332555294036865234e-03
1.513857394456863403e-03 -4.797894507646560669e-04 2.314604818820953369e-03
3.039538860321044922e-03 2.466291654855012894e-03 3.624454140663146973e-03
2.375271171331405640e-03 1.258619129657745361e-03 3.766976296901702881e-03
3.144875168800354004e-03 1.816434320062398911e-03 4.273697733879089355e-03
3.527510911226272583e-03 2.324699424207210541e-03 3.780961036682128906e-03
2.691168338060379028e-03 2.268751151859760284e-03 3.501839935779571533e-03
3.375206142663955688e-03 3.800397738814353943e-03 2.954564988613128662e-03
3.551736474037170410e-03 2.548685297369956970e-03 2.903796732425689697e-03
2.430286258459091187e-03 3.463448956608772278e-04 2.314046025276184082e-03
2.628367394208908081e-03 1.466494519263505936e-03 3.242075443267822266e-03
1.158054918050765991e-03 2.431594766676425934e-04 3.615163266658782959e-03
5.419775843620300293e-04 7.248725742101669312e-04 3.815934062004089355e-03
1.117341220378875732e-03 3.864178434014320374e-04 3.484345972537994385e-03
2.969503402709960938e-03 4.135285504162311554e-03 3.815196454524993896e-03
3.486629575490951538e-03 2.879120409488677979e-03 3.911361098289489746e-03
3.556650131940841675e-03 3.150431439280509949e-03 4.517666995525360107e-03
1.415118575096130371e-03 1.434887759387493134e-03 4.351280629634857178e-03
8.503347635269165039e-04 1.374335959553718567e-03 4.487559199333190918e-03
1.007489860057830811e-03 4.958333447575569153e-04 3.322683274745941162e-03
-1.514330506324768066e-04 4.410473629832267761e-04 3.873705863952636719e-03
3.747567534446716309e-04 -3.653145395219326019e-04 4.049308598041534424e-03
5.625709891319274902e-04 -9.166230447590351105e-04 4.023581743240356445e-03
1.579564064741134644e-03 1.639463938772678375e-03 4.991941154003143311e-03
1.539129763841629028e-03 2.784552052617073059e-03 4.740424454212188721e-03
7.463246583938598633e-04 4.204101860523223877e-04 3.787666559219360352e-03
1.991134136915206909e-03 2.514107152819633484e-03 4.270486533641815186e-03
1.929748803377151489e-03 2.605257555842399597e-03 4.132516682147979736e-03
9.834878146648406982e-04 1.041095703840255737e-03 3.337152302265167236e-03
4.794634878635406494e-04 3.589554689824581146e-04 3.203608095645904541e-03
1.162886619567871094e-03 1.314792316406965256e-03 4.475817084312438965e-03
1.593030989170074463e-03 5.007055588066577911e-04 3.774508833885192871e-03
1.561231911182403564e-03 1.145664602518081665e-03 4.048332571983337402e-03
1.530494540929794312e-03 8.640992455184459686e-04 3.957986831665039062e-03
2.200286835432052612e-03 1.535055693238973618e-03 3.448568284511566162e-03
2.780128270387649536e-03 2.318416256457567215e-03 3.756970167160034180e-03
1.390393823385238647e-03 8.913245983421802521e-04 3.335930407047271729e-03
6.368383765220642090e-04 -5.597849376499652863e-04 3.134220838546752930e-03
2.601362764835357666e-03 2.881102263927459717e-03 4.222050309181213379e-03
2.635192126035690308e-03 2.371545415371656418e-03 3.693386912345886230e-03
3.212638199329376221e-03 1.951934769749641418e-03 3.226667642593383789e-03
1.402057707309722900e-03 -1.532522961497306824e-03 1.842446625232696533e-03
1.974720507860183716e-03 -4.044454544782638550e-04 2.622224390506744385e-03
3.027006983757019043e-03 2.597363665699958801e-03 3.154732286930084229e-03
1.515928655862808228e-03 8.119828999042510986e-05 2.771094441413879395e-03
1.220304518938064575e-03 1.396257430315017700e-04 2.646319568157196045e-03
2.085775136947631836e-03 1.792164519429206848e-03 3.260739147663116455e-03
1.121714711189270020e-03 3.769118338823318481e-04 3.144450485706329346e-03
1.913249492645263672e-03 2.211244776844978333e-03 3.879643976688385010e-03
1.765187829732894897e-03 9.534377604722976685e-04 3.482334315776824951e-03
2.167370170354843140e-03 2.283768728375434875e-03 4.351906478404998779e-03
1.687780022621154785e-03 9.457636624574661255e-04 4.239223897457122803e-03
2.400174736976623535e-03 2.800704911351203918e-03 4.082672297954559326e-03
1.433178782463073730e-03 6.862152367830276489e-04 4.179954528808593750e-03
4.659928381443023682e-04 -1.005558297038078308e-03 3.874436020851135254e-03
2.068597823381423950e-03 2.421217039227485657e-03 4.515178501605987549e-03
1.596864312887191772e-03 2.950150519609451294e-04 3.266811370849609375e-03
3.162510693073272705e-03 3.567295148968696594e-03 4.367694258689880371e-03
2.252440899610519409e-03 1.542927697300910950e-03 3.300480544567108154e-03
2.245403826236724854e-03 2.181591466069221497e-03 3.595627844333648682e-03
2.367310225963592529e-03 1.424999907612800598e-03 3.146767616271972656e-03
3.410443663597106934e-03 3.206389024853706360e-03 3.458015620708465576e-03
2.690739929676055908e-03 2.098353579640388489e-03 3.582753241062164307e-03
3.472585231065750122e-03 3.402145579457283020e-03 3.336451947689056396e-03
2.428848296403884888e-03 1.867534592747688293e-03 2.999357879161834717e-03
2.279460430145263672e-03 1.513214781880378723e-03 2.648569643497467041e-03
2.490144222974777222e-03 1.334639266133308411e-03 2.616040408611297607e-03
2.130616456270217896e-03 1.817436888813972473e-03 2.709768712520599365e-03
1.760140061378479004e-03 1.410277560353279114e-03 2.688579261302947998e-03
1.958452165126800537e-03 1.884432509541511536e-03 3.066532313823699951e-03
2.542551606893539429e-03 2.155588939785957336e-03 3.641866147518157959e-03
1.485928893089294434e-03 8.826721459627151489e-04 3.152549266815185547e-03
1.440823078155517578e-03 -4.109870642423629761e-04 2.374760806560516357e-03
2.209294587373733521e-03 2.407209947705268860e-03 3.244049847126007080e-03
2.222254872322082520e-03 1.641036942601203918e-03 2.801440656185150146e-03
2.676542848348617554e-03 1.935662701725959778e-03 2.371810376644134521e-03
3.068670630455017090e-03 1.836212351918220520e-03 2.348996698856353760e-03
2.902038395404815674e-03 1.714961603283882141e-03 2.348564565181732178e-03
2.020940184593200684e-03 3.038067370653152466e-04 2.196304500102996826e-03
3.045670688152313232e-03 2.300890162587165833e-03 2.883560955524444580e-03
1.968242228031158447e-03 1.110630109906196594e-03 2.614647150039672852e-03
9.989216923713684082e-04 4.108119755983352661e-04 2.720095217227935791e-03
6.390698254108428955e-04 7.892865687608718872e-04 3.248281776905059814e-03
1.115448772907257080e-03 1.838864758610725403e-03 4.706785082817077637e-03
1.908890902996063232e-03 2.196477726101875305e-03 4.350550472736358643e-03
1.631528139114379883e-03 1.893000677227973938e-03 3.836780786514282227e-03
1.046493649482727051e-03 1.092450693249702454e-03 2.029083669185638428e-03
1.089520752429962158e-03 1.022050157189369202e-03 1.791603863239288330e-03
6.602033972740173340e-04 1.785019412636756897e-04 1.916758716106414795e-03
1.155160367488861084e-03 -6.895791739225387573e-05 2.702191472053527832e-03
2.182990312576293945e-03 3.302333876490592957e-03 3.178507089614868164e-03
7.239021360874176025e-04 2.024559769779443741e-03 3.616578876972198486e-03
1.613207161426544189e-03 1.864382065832614899e-03 4.005476832389831543e-03
1.725427806377410889e-03 -5.400683730840682983e-04 3.154546022415161133e-03
2.581246197223663330e-03 2.486447803676128387e-03 4.502087831497192383e-03
1.368753612041473389e-03 -1.272652298212051392e-04 4.212357103824615479e-03
1.574583351612091064e-03 2.099443227052688599e-03 4.154950380325317383e-03
1.420289278030395508e-03 1.066106837242841721e-03 3.699041903018951416e-03
2.135980874300003052e-03 1.839353702962398529e-03 3.804810345172882080e-03
1.057699322700500488e-03 -2.549984492361545563e-04 3.113307058811187744e-03
1.547712832689285278e-03 -1.636710949242115021e-04 3.432616591453552246e-03
1.378104090690612793e-03 -3.737444058060646057e-04 3.478683531284332275e-03
1.462019979953765869e-03 1.256978139281272888e-04 3.449834883213043213e-03
1.447863876819610596e-03 3.891903907060623169e-04 3.174863755702972412e-03
1.546636223793029785e-03 1.062352210283279419e-03 3.358110785484313965e-03
1.452047377824783325e-03 1.442469190806150436e-03 3.343172371387481689e-03
1.123066991567611694e-03 1.260805409401655197e-03 2.513863146305084229e-03
1.417361199855804443e-03 9.527569636702537537e-04 2.657033503055572510e-03
1.544415950775146484e-03 2.615978009998798370e-04 3.180161118507385254e-03
2.125743776559829712e-03 4.434930160641670227e-04 3.040656447410583496e-03
1.343235373497009277e-03 1.858640462160110474e-03 2.912424504756927490e-03
1.875836402177810669e-03 2.261074725538492203e-03 3.011427819728851318e-03
1.143559813499450684e-03 -4.734378308057785034e-06 2.517327666282653809e-03
2.095162868499755859e-03 1.542504876852035522e-03 3.813706338405609131e-03
2.088259905576705933e-03 2.397184260189533234e-03 4.648342728614807129e-03
2.975460141897201538e-03 3.034239634871482849e-03 4.744976758956909180e-03
1.401264220476150513e-03 1.918432302772998810e-03 4.570774734020233154e-03
1.187488436698913574e-03 6.709173321723937988e-04 3.877304494380950928e-03
1.192264258861541748e-03 -4.444019868969917297e-04 3.853507339954376221e-03
2.523120492696762085e-03 1.786790788173675537e-03 3.371886909008026123e-03
1.897178590297698975e-03 1.233984716236591339e-03 3.471240401268005371e-03
1.614507287740707397e-03 1.500953920185565948e-03 2.677701413631439209e-03
1.290272921323776245e-03 1.535469200462102890e-03 2.780847251415252686e-03
1.420751214027404785e-03 1.942272763699293137e-03 3.268152475357055664e-03
7.599517703056335449e-04 1.136942766606807709e-03 2.397678792476654053e-03
1.771561801433563232e-04 -3.666002303361892700e-04 1.790300011634826660e-03
4.989616572856903076e-04 1.182143110781908035e-03 2.118304371833801270e-03
2.002064138650894165e-03 2.094655763357877731e-03 2.600066363811492920e-03
1.944143325090408325e-03 3.600468859076499939e-03 3.076545894145965576e-03
5.272775888442993164e-04 1.225878484547138214e-03 2.664528787136077881e-03
2.841874957084655762e-04 5.701719783246517181e-04 1.792915165424346924e-03
-1.729354262351989746e-04 1.139119267463684082e-04 1.581169664859771729e-03
7.625184953212738037e-04 1.001565251499414444e-03 2.488203346729278564e-03
1.527998596429824829e-03 6.799357943236827850e-04 2.201810479164123535e-03
1.828096807003021240e-03 1.872675493359565735e-03 2.632670104503631592e-03
1.488812267780303955e-03 2.386065199971199036e-03 2.860851585865020752e-03
5.943775177001953125e-04 7.298607379198074341e-04 1.875005662441253662e-03
3.878884017467498779e-04 -2.932678908109664917e-04 1.231461763381958008e-03
6.597898900508880615e-04 8.899588137865066528e-04 1.444555819034576416e-03
8.251145482063293457e-05 1.250673085451126099e-04 1.354180276393890381e-03
5.360171198844909668e-04 1.877786591649055481e-03 2.009049057960510254e-03
3.118067979812622070e-04 1.743854954838752747e-03 2.532765269279479980e-03
9.944885969161987305e-04 1.649202778935432434e-03 2.426467835903167725e-03
1.008361577987670898e-03 2.629937604069709778e-03 2.299763262271881104e-03
5.699880421161651611e-04 1.493336632847785950e-03 2.637393772602081299e-03
1.119360327720642090e-03 9.124744683504104614e-04 2.378270030021667480e-03
7.813572883605957031e-04 2.388747408986091614e-03 2.548009157180786133e-03
1.841127872467041016e-03 4.178779199719429016e-03 2.465970814228057861e-03
2.110444009304046631e-03 4.002230241894721985e-03 2.648450434207916260e-03
1.280356198549270630e-03 2.652334049344062805e-03 2.054043114185333252e-03
3.374107182025909424e-04 6.289500743150711060e-04 1.870937645435333252e-03
8.836910128593444824e-04 1.210661605000495911e-03 1.723319292068481445e-03
1.714117825031280518e-04 1.825096085667610168e-03 1.352317631244659424e-03
1.910511404275894165e-03 5.718084052205085754e-03 1.806072890758514404e-03
1.146320253610610962e-03 3.842623904347419739e-03 1.651890575885772705e-03
2.035640180110931396e-03 5.956875160336494446e-03 1.687876880168914795e-03
2.303425222635269165e-03 5.913408473134040833e-03 1.975603401660919189e-03
1.461546868085861206e-03 3.805296495556831360e-03 2.445347607135772705e-03
1.958750188350677490e-03 1.633645966649055481e-03 1.817904412746429443e-03
3.056388348340988159e-03 6.488146260380744934e-03 2.338699996471405029e-03
1.080852001905441284e-03 2.947198227047920227e-03 1.916423439979553223e-03
2.093020826578140259e-03 5.565138533711433411e-03 2.397425472736358643e-03
2.593725919723510742e-03 5.980255082249641418e-03 2.829395234584808350e-03
2.342056483030319214e-03 5.395950749516487122e-03 2.994067966938018799e-03
2.490095794200897217e-03 4.258366301655769348e-03 3.215625882148742676e-03
2.357173711061477661e-03 4.013391211628913879e-03 2.626955509185791016e-03
2.615019679069519043e-03 4.666032269597053528e-03 1.752331852912902832e-03
1.518491655588150024e-03 3.198327496647834778e-03 1.221403479576110840e-03
2.719376236200332642e-03 6.031038239598274231e-03 1.513354480266571045e-03
2.904072403907775879e-03 6.082879379391670227e-03 1.666285097599029541e-03
1.992717385292053223e-03 3.729211166501045227e-03 2.016820013523101807e-03
2.169795334339141846e-03 3.205465152859687805e-03 1.997791230678558350e-03
2.078600227832794189e-04 7.580984383821487427e-04 1.538470387458801270e-03
3.200881183147430420e-04 4.285017028450965881e-03 1.527480781078338623e-03
1.747123897075653076e-04 1.680092886090278625e-03 2.166010439395904541e-03
5.716718733310699463e-04 2.467544749379158020e-03 2.566538751125335693e-03
-6.071701645851135254e-04 9.657237678766250610e-04 3.124020993709564209e-03
-5.537979304790496826e-04 1.883851364254951477e-03 3.841124475002288818e-03
3.558732569217681885e-04 5.031004548072814941e-06 4.127927124500274658e-03
-3.537908196449279785e-04 -3.628192469477653503e-03 3.002412617206573486e-03
-5.874633789062500000e-04 -3.384901210665702820e-03 3.447093069553375244e-03
-7.880926132202148438e-04 -1.989664509892463684e-03 4.654161632061004639e-03
-3.778599202632904053e-04 -2.715035108849406242e-03 4.566662013530731201e-03
6.959550082683563232e-04 -2.706417115405201912e-03 4.538029432296752930e-03
1.145832240581512451e-03 -1.952960621565580368e-03 4.757873713970184326e-03
1.986604183912277222e-03 -1.903119729831814766e-03 4.627421498298645020e-03
3.295049071311950684e-03 4.009758122265338898e-03 5.540445446968078613e-03
5.988776683807373047e-04 -1.909621059894561768e-04 4.416503012180328369e-03
-2.089887857437133789e-03 -5.658896639943122864e-03 2.792403101921081543e-03
-5.533769726753234863e-04 -2.859430154785513878e-03 2.343632280826568604e-03
-5.609542131423950195e-04 -3.194816410541534424e-03 2.334617078304290771e-03
4.621222615242004395e-05 -1.085176365450024605e-03 3.144413232803344727e-03
1.466125249862670898e-03 1.273636240512132645e-03 3.383196890354156494e-03
9.936578571796417236e-04 1.634865999221801758e-03 3.478385508060455322e-03
-1.665651798248291016e-04 -1.260900637134909630e-03 3.511779010295867920e-03
7.509887218475341797e-04 -5.353223532438278198e-04 3.427542746067047119e-03
5.972906947135925293e-04 -1.578990137204527855e-03 2.989158034324645996e-03
1.655008643865585327e-03 -1.476217992603778839e-03 3.191635012626647949e-03
1.061070710420608521e-03 -1.020001247525215149e-03 3.644920885562896729e-03
6.938241422176361084e-04 -1.756808254867792130e-03 3.800921142101287842e-03
1.219831407070159912e-03 8.319597691297531128e-05 4.137188196182250977e-03
1.806955784559249878e-03 3.734910860657691956e-04 4.297740757465362549e-03
1.066643744707107544e-03 -2.124146558344364166e-04 4.003256559371948242e-03
1.785099506378173828e-03 1.385477371513843536e-04 3.857284784317016602e-03
2.608627080917358398e-03 3.329630009829998016e-03 3.054082393646240234e-03
1.847457140684127808e-03 1.381147652864456177e-03 2.831451594829559326e-03
1.367889344692230225e-03 1.281867735087871552e-03 2.653189003467559814e-03
1.333232969045639038e-03 5.612955428659915924e-04 2.875581383705139160e-03
1.672964543104171753e-03 4.057572223246097565e-04 2.361625432968139648e-03
1.444663852453231812e-03 1.427857670933008194e-03 2.530544996261596680e-03
1.522369682788848877e-03 1.821899786591529846e-04 2.106577157974243164e-03
1.358516514301300049e-03 -3.353981301188468933e-04 2.533018589019775391e-03
1.477051526308059692e-03 -1.028483267873525620e-03 2.465464174747467041e-03
2.757735550403594971e-03 1.162172295153141022e-03 2.417668700218200684e-03
2.367138862609863281e-03 1.169757917523384094e-03 2.376653254032135010e-03
2.368126064538955688e-03 6.337133236229419708e-04 2.277687191963195801e-03
3.677234053611755371e-04 -2.718560397624969482e-03 2.220764756202697754e-03
-7.252767682075500488e-05 -3.749597817659378052e-03 1.810207962989807129e-03
1.469686627388000488e-03 -2.111175563186407089e-03 2.669677138328552246e-03
1.360636204481124878e-03 -8.544409647583961487e-04 3.220431506633758545e-03
1.295961439609527588e-03 -1.384370028972625732e-03 3.413572907447814941e-03
2.474613487720489502e-03 6.601731292903423309e-04 3.432229161262512207e-03
1.136738806962966919e-03 -2.753655426204204559e-04 4.233337938785552979e-03
2.961903810501098633e-04 -9.709605947136878967e-04 4.541851580142974854e-03
2.745587378740310669e-03 2.674026414752006531e-03 2.441026270389556885e-03
1.837257295846939087e-03 1.099686138331890106e-03 2.095572650432586670e-03
2.314869314432144165e-03 4.041069187223911285e-03 1.571439206600189209e-03
1.582685858011245728e-03 2.539523411542177200e-03 1.788854598999023438e-03
1.039598137140274048e-03 1.086773350834846497e-03 1.699574291706085205e-03
8.562132716178894043e-04 1.982280984520912170e-03 6.103739142417907715e-04
2.273403108119964600e-03 3.854939714074134827e-03 3.326311707496643066e-04
1.994322985410690308e-03 3.376701846718788147e-03 2.514459192752838135e-04
1.982443034648895264e-03 3.087120130658149719e-03 5.968660116195678711e-05
1.407101750373840332e-03 1.700762659311294556e-04 7.848665118217468262e-04
1.268070191144943237e-03 5.648378282785415649e-04 1.369312405586242676e-03
1.292545348405838013e-03 1.525515690445899963e-03 8.662119507789611816e-04
3.442019224166870117e-04 6.590802222490310669e-04 9.152814745903015137e-04
8.675120770931243896e-04 1.592466607689857483e-03 4.445239901542663574e-04
2.454854547977447510e-04 5.284864455461502075e-04 1.235023140907287598e-03
-4.421472549438476562e-04 -2.195518463850021362e-04 2.120852470397949219e-03
-2.562627196311950684e-05 4.323819652199745178e-03 1.873798668384552002e-03
1.778677105903625488e-04 6.335103884339332581e-03 2.186231315135955811e-03
-1.804977655410766602e-04 4.486160352826118469e-03 2.611115574836730957e-03
5.802772939205169678e-04 8.089544251561164856e-03 1.777775585651397705e-03
1.285575330257415771e-03 6.757112219929695129e-03 2.170182764530181885e-03
2.000033855438232422e-04 3.613913431763648987e-03 2.098277211189270020e-03
1.517161726951599121e-04 5.278231576085090637e-03 1.979902386665344238e-03
9.325668215751647949e-04 7.638828828930854797e-03 1.691140234470367432e-03
9.635165333747863770e-04 7.525945082306861877e-03 1.542799174785614014e-03
9.929724037647247314e-04 8.292080834507942200e-03 1.264423131942749023e-03
-6.043910980224609375e-05 6.695831194519996643e-03 6.609037518501281738e-04
3.901198506355285645e-04 7.835427299141883850e-03 1.134946942329406738e-03
6.718523800373077393e-04 6.997192278504371643e-03 8.422583341598510742e-04
7.665157318115234375e-04 8.412228897213935852e-03 8.989498019218444824e-04
9.360536932945251465e-04 1.038669981062412262e-02 1.163817942142486572e-03
3.110803663730621338e-04 7.600681856274604797e-03 7.652044296264648438e-04
1.996196806430816650e-04 1.043929345905780792e-02 1.383386552333831787e-03
3.361850976943969727e-04 1.050694473087787628e-02 1.144789159297943115e-03
1.277048140764236450e-03 1.300183869898319244e-02 -1.979582011699676514e-04
3.683194518089294434e-04 1.358977891504764557e-02 -1.860857009887695312e-04
2.319775521755218506e-04 1.456766016781330109e-02 9.958893060684204102e-04
1.160725951194763184e-04 1.754830218851566315e-02 1.545637845993041992e-03
-4.139911383390426636e-03 1.782159321010112762e-02 1.568816602230072021e-03
-3.742121160030364990e-03 1.781597919762134552e-02 1.685820519924163818e-03
-2.429299056529998779e-04 2.181521989405155182e-02 4.689916968345642090e-04
-4.193458706140518188e-03 2.029001154005527496e-02 1.366510987281799316e-03
-3.730386495590209961e-03 2.203720249235630035e-02 2.379119396209716797e-04
-3.727521747350692749e-03 2.227455563843250275e-02 -3.353059291839599609e-04
3.230422735214233398e-04 2.526408992707729340e-02 -1.199986785650253296e-03
2.990324050188064575e-03 3.013793565332889557e-02 -2.102926373481750488e-03
4.965182393789291382e-03 2.599374391138553619e-02 -6.556577980518341064e-03
4.912555217742919922e-03 2.764985151588916779e-02 -5.948446691036224365e-03
6.292968988418579102e-03 3.349944204092025757e-02 -8.132178336381912231e-03
5.603183060884475708e-03 3.075806982815265656e-02 -9.636808186769485474e-03
4.430796951055526733e-03 3.298839181661605835e-02 -7.252860814332962036e-03
2.907849848270416260e-03 3.280491381883621216e-02 -7.638156414031982422e-03
-3.677047789096832275e-04 3.544114530086517334e-02 -4.051297903060913086e-03
-7.053874433040618896e-04 3.759074211120605469e-02 -2.569343894720077515e-03
6.933845579624176025e-04 3.066060133278369904e-02 -4.405822604894638062e-03
1.475267112255096436e-03 3.243269026279449463e-02 -3.718744963407516479e-03
2.519883215427398682e-03 3.650444000959396362e-02 -3.208816051483154297e-03
3.329526633024215698e-03 3.452896326780319214e-02 -4.040740430355072021e-03
3.472760319709777832e-03 3.313334286212921143e-02 -3.924794495105743408e-03
4.090111702680587769e-03 3.303945064544677734e-02 -3.406427800655364990e-03
4.902917891740798950e-03 3.596913069486618042e-02 -3.295417875051498413e-03
2.887774258852005005e-03 3.449080884456634521e-02 -1.559786498546600342e-03
2.103716135025024414e-03 3.624968975782394409e-02 9.188577532768249512e-04
3.138296306133270264e-03 3.445209562778472900e-02 1.459248363971710205e-03
3.279000520706176758e-04 3.218394517898559570e-02 4.834756255149841309e-03
2.191968262195587158e-03 3.466279059648513794e-02 3.452353179454803467e-03
1.545842736959457397e-03 2.762166596949100494e-02 3.040507435798645020e-03
-1.134376972913742065e-03 2.808305434882640839e-02 5.871348083019256592e-03
-5.347505211830139160e-04 3.122167848050594330e-02 5.361802875995635986e-03
1.281831413507461548e-03 3.263279795646667480e-02 2.971962094306945801e-03
1.335032284259796143e-03 2.976099960505962372e-02 1.945085823535919189e-03
2.265959978103637695e-03 3.041515685617923737e-02 1.031056046485900879e-03
2.614174038171768188e-03 3.019348718225955963e-02 1.643918454647064209e-03
3.488130867481231689e-03 3.124242834746837616e-02 1.092754304409027100e-03
3.674969077110290527e-03 3.174266964197158813e-02 1.965835690498352051e-05
3.923885524272918701e-03 3.142619878053665161e-02 -1.072511076927185059e-05
4.285629838705062866e-03 3.220862895250320435e-02 1.042596995830535889e-04
3.608006983995437622e-03 3.106137551367282867e-02 3.115460276603698730e-05
4.310917109251022339e-03 3.180610388517379761e-02 5.342662334442138672e-04
3.531470894813537598e-03 3.072317130863666534e-02 7.432028651237487793e-04
3.867726773023605347e-03 2.896407432854175568e-02 1.403190195560455322e-03
3.685466945171356201e-03 3.206235915422439575e-02 1.247949898242950439e-03
3.649823367595672607e-03 2.950539253652095795e-02 5.137622356414794922e-04
2.603456377983093262e-03 2.909988351166248322e-02 1.322783529758453369e-03
3.492645919322967529e-03 3.228783607482910156e-02 1.262724399566650391e-03
2.069972455501556396e-03 3.205140680074691772e-02 9.191781282424926758e-04
1.658402383327484131e-03 3.196448832750320435e-02 7.096752524375915527e-04
1.084204763174057007e-03 3.145233541727066040e-02 1.304097473621368408e-03
3.242716193199157715e-04 3.026775084435939789e-02 1.621149480342864990e-03
2.929307520389556885e-04 3.373016417026519775e-02 4.461623728275299072e-03
1.652307808399200439e-03 3.544507920742034912e-02 3.893122076988220215e-03
3.388602286577224731e-03 3.548718243837356567e-02 1.666828989982604980e-03
1.642748713493347168e-03 3.383532166481018066e-02 6.888657808303833008e-04
2.100795507431030273e-03 3.458879888057708740e-02 2.509467303752899170e-04
3.248460590839385986e-03 3.787275403738021851e-02 -5.823783576488494873e-04
3.620840609073638916e-03 3.930145502090454102e-02 -1.136474311351776123e-04
3.993429243564605713e-03 3.960624337196350098e-02 -3.264583647251129150e-04
3.638654947280883789e-03 3.973270952701568604e-02 -9.717792272567749023e-05
4.660710692405700684e-03 4.080063849687576294e-02 -5.845576524734497070e-04
3.147542476654052734e-03 3.582984954118728638e-02 -1.132462173700332642e-03
3.554921597242355347e-03 3.797366470098495483e-02 -1.449223607778549194e-03
3.813482820987701416e-03 3.900020569562911987e-02 -1.754857599735260010e-03
1.431576907634735107e-03 4.045400023460388184e-02 1.429617404937744141e-04
2.648606896400451660e-04 4.565313458442687988e-02 3.551855683326721191e-03
-1.757308840751647949e-03 4.036757349967956543e-02 1.853398978710174561e-03
-3.322102129459381104e-03 3.930570185184478760e-02 2.095535397529602051e-03
-1.304313540458679199e-03 3.867758810520172119e-02 8.033812046051025391e-04
-4.568874835968017578e-03 3.580885380506515503e-02 1.258112490177154541e-03
-6.380151957273483276e-03 3.032166324555873871e-02 -2.279914915561676025e-04
-2.688042819499969482e-03 3.393952548503875732e-02 -9.693130850791931152e-04
-2.040129154920578003e-03 3.533677756786346436e-02 -3.556124866008758545e-04
6.962567567825317383e-05 3.568758070468902588e-02 -1.312576234340667725e-03
8.326284587383270264e-04 3.389773517847061157e-02 -1.527696847915649414e-03
-6.242841482162475586e-05 2.895374037325382233e-02 -2.269830554723739624e-03
-2.634759992361068726e-03 2.604564465582370758e-02 -8.502528071403503418e-04
4.414096474647521973e-04 3.195074200630187988e-02 7.198005914688110352e-05
1.788292080163955688e-03 3.149906545877456665e-02 -2.185575664043426514e-03
7.451251149177551270e-04 2.980191446840763092e-02 -1.356370747089385986e-03
1.059066504240036011e-03 2.939107455313205719e-02 -1.465983688831329346e-03
1.536037772893905640e-03 2.763127721846103668e-02 -2.720609307289123535e-03
2.548262476921081543e-03 2.808384038507938385e-02 -3.905095160007476807e-03
1.976806670427322388e-03 2.833541668951511383e-02 -3.356710076332092285e-03
3.453195095062255859e-04 2.193685807287693024e-02 -2.877682447433471680e-03
2.928648144006729126e-03 2.566978521645069122e-02 -5.891114473342895508e-03
3.570307046175003052e-03 2.548381872475147247e-02 -3.347240388393402100e-03
2.517201006412506104e-03 2.391381002962589264e-02 -2.568267285823822021e-03
3.370434045791625977e-03 2.301078476011753082e-02 -2.239894121885299683e-03
5.146123468875885010e-03 2.471300400793552399e-02 -1.534871757030487061e-03
4.781395196914672852e-03 1.795226521790027618e-02 -2.447664737701416016e-03
5.070466548204421997e-03 1.537861488759517670e-02 -1.958638429641723633e-03
3.839083015918731689e-03 1.332709752023220062e-02 -6.589740514755249023e-04
2.624042332172393799e-03 1.468452997505664825e-02 -3.172829747200012207e-05
1.165442168712615967e-03 1.184803061187267303e-02 -1.328717917203903198e-03
6.899423897266387939e-04 1.291372813284397125e-02 6.984695792198181152e-04
-3.209911286830902100e-03 1.018066145479679108e-02 2.735264599323272705e-03
-4.547573626041412354e-03 8.523190394043922424e-03 2.792499959468841553e-03
-5.890436470508575439e-03 7.051793858408927917e-03 5.086243152618408203e-03
-4.904296249151229858e-03 7.960857823491096497e-03 7.117584347724914551e-03
-3.333292901515960693e-03 3.803538158535957336e-03 6.349191069602966309e-03
-4.000972956418991089e-03 7.013211026787757874e-03 7.637493312358856201e-03
-3.295022994279861450e-03 4.537152126431465149e-03 7.125176489353179932e-03
-2.212397754192352295e-03 4.610011354088783264e-03 6.803520023822784424e-03
-2.582807093858718872e-03 5.502963438630104065e-03 5.854308605194091797e-03
-2.770613878965377808e-03 3.205353394150733948e-03 5.793623626232147217e-03
-2.466570585966110229e-03 4.479307681322097778e-04 5.340375006198883057e-03
-3.885939717292785645e-03 3.323385491967201233e-03 4.060752689838409424e-03
-2.734173089265823364e-03 2.422843594104051590e-03 3.242105245590209961e-03
1.394946128129959106e-03 4.295241087675094604e-03 3.981798887252807617e-03
1.991387456655502319e-03 1.270352397114038467e-03 2.884194254875183105e-03
2.232689410448074341e-03 7.510036230087280273e-04 2.352371811866760254e-03
2.350810915231704712e-03 -1.201094128191471100e-04 2.676777541637420654e-03
2.945356070995330811e-03 4.886183887720108032e-05 3.034919500350952148e-04
2.182334661483764648e-03 2.039261627942323685e-03 3.687404096126556396e-04
2.412911504507064819e-03 -1.299814088270068169e-03 5.433484911918640137e-04
1.577850431203842163e-03 2.933353185653686523e-03 1.536875963211059570e-03
2.841096371412277222e-03 1.449395436793565750e-03 1.323573291301727295e-03
2.772472798824310303e-03 -1.685465686023235321e-04 1.643933355808258057e-03
2.616122364997863770e-03 8.574775420129299164e-04 1.550562679767608643e-03
1.613445580005645752e-03 -2.812314778566360474e-05 1.713208854198455811e-03
2.568904310464859009e-03 5.974587984383106232e-04 2.039715647697448730e-03
2.241842448711395264e-03 8.787903934717178345e-04 2.358354628086090088e-03
2.385757863521575928e-03 4.468706436455249786e-03 2.744995057582855225e-03
4.347935318946838379e-04 1.457186881452798843e-03 4.031494259834289551e-03
1.794263720512390137e-03 5.400185473263263702e-03 4.132807254791259766e-03
2.041146159172058105e-03 3.719150088727474213e-03 1.810185611248016357e-03
2.713419497013092041e-03 3.371260128915309906e-03 5.241632461547851562e-04
2.387020736932754517e-03 1.057763583958148956e-04 4.952028393745422363e-04
2.000346779823303223e-03 3.562428988516330719e-03 7.084012031555175781e-05
1.175209879875183105e-03 1.164003834128379822e-02 2.284258604049682617e-03
1.648727804422378540e-03 7.278744131326675415e-03 2.169080078601837158e-03
-1.528460532426834106e-03 1.067612227052450180e-02 3.809154033660888672e-03
-5.963746458292007446e-03 1.096432469785213470e-02 3.931261599063873291e-03
-6.488211452960968018e-03 8.974773809313774109e-03 3.348916769027709961e-03
-7.610347121953964233e-03 1.233066245913505554e-02 3.406979143619537354e-03
-5.528472363948822021e-03 1.383502036333084106e-02 3.400884568691253662e-03
-5.334623157978057861e-03 1.939758844673633575e-02 4.761658608913421631e-03
-1.841116696596145630e-03 2.179309166967868805e-02 3.320172429084777832e-03
-7.212944328784942627e-04 2.804174460470676422e-02 3.098584711551666260e-03
1.595500856637954712e-03 2.768682129681110382e-02 -1.064464449882507324e-04
4.134684801101684570e-03 3.249904513359069824e-02 -1.310158520936965942e-03
3.197643905878067017e-03 3.097908012568950653e-02 -3.547407686710357666e-04
3.327287733554840088e-03 3.385777026414871216e-02 5.139261484146118164e-04
3.414619714021682739e-03 3.558859974145889282e-02 6.004795432090759277e-05
3.505617380142211914e-03 3.664780408143997192e-02 -1.383885741233825684e-03
4.445549100637435913e-03 3.908994048833847046e-02 -1.822143793106079102e-03
4.970252513885498047e-03 4.044542461633682251e-02 -1.707848161458969116e-03
5.508195608854293823e-03 3.666987270116806030e-02 -3.183808177709579468e-03
5.762416869401931763e-03 4.044820368289947510e-02 -2.722274512052536011e-03
5.303550511598587036e-03 4.085912555456161499e-02 -2.255134284496307373e-03
4.861585795879364014e-03 4.036144167184829712e-02 -2.889275550842285156e-03
4.625353962182998657e-03 4.065714031457901001e-02 -2.562630921602249146e-03
5.649946630001068115e-03 4.288583248853683472e-02 -3.016702830791473389e-03
6.216473877429962158e-03 4.402054101228713989e-02 -2.286445349454879761e-03
5.853116512298583984e-03 4.383461177349090576e-02 -1.768413931131362915e-03
5.433000624179840088e-03 4.343369603157043457e-02 -1.625373959541320801e-03
5.598530173301696777e-03 4.598440229892730713e-02 -1.970760524272918701e-03
5.242552608251571655e-03 4.245105385780334473e-02 -1.923091709613800049e-03
5.537100136280059814e-03 4.342812299728393555e-02 -2.652794122695922852e-03
4.875276237726211548e-03 4.275006055831909180e-02 -2.103451639413833618e-03
5.631260573863983154e-03 4.488105326890945435e-02 -1.384656876325607300e-03
5.881376564502716064e-03 4.399035871028900146e-02 4.156082868576049805e-04
6.430692970752716064e-03 4.699192196130752563e-02 1.201324164867401123e-03
5.415320396423339844e-03 3.936986625194549561e-02 2.791717648506164551e-03
5.413189530372619629e-03 4.267153143882751465e-02 1.915894448757171631e-03
5.536451935768127441e-03 4.010845720767974854e-02 1.867167651653289795e-03
5.566142499446868896e-03 4.188485443592071533e-02 2.277977764606475830e-03
6.395854055881500244e-03 4.076634347438812256e-02 3.278926014900207520e-03
5.912110209465026855e-03 3.683917224407196045e-02 3.969915211200714111e-03
5.111381411552429199e-03 3.640732169151306152e-02 3.862060606479644775e-03
4.645951092243194580e-03 3.308317065238952637e-02 3.660172224044799805e-03
5.532264709472656250e-03 3.439387679100036621e-02 3.532804548740386963e-03
5.601651966571807861e-03 3.430335223674774170e-02 3.507345914840698242e-03
6.350092589855194092e-03 3.363169729709625244e-02 3.438800573348999023e-03
6.131134927272796631e-03 3.493672609329223633e-02 3.273017704486846924e-03
5.244284868240356445e-03 3.118263371288776398e-02 2.813413739204406738e-03
4.425898194313049316e-03 3.121501393616199493e-02 3.167204558849334717e-03
3.613427281379699707e-03 2.517223544418811798e-02 3.628797829151153564e-03
7.307626307010650635e-03 3.823681175708770752e-02 3.369763493537902832e-03
7.989659905433654785e-03 3.037475235760211945e-02 4.240296781063079834e-03
5.442954599857330322e-03 3.286339342594146729e-02 4.671439528465270996e-03
2.432547509670257568e-03 2.808754332363605499e-02 5.377411842346191406e-03
2.543270587921142578e-03 2.718165703117847443e-02 5.198761820793151855e-03
4.524797201156616211e-03 3.359779715538024902e-02 5.008071660995483398e-03
4.997968673706054688e-03 3.581346571445465088e-02 4.299916326999664307e-03
5.061104893684387207e-03 3.529357910156250000e-02 4.088401794433593750e-03
5.013514310121536255e-03 3.404586762189865112e-02 4.189789295196533203e-03
4.377793520689010620e-03 3.400518000125885010e-02 3.305710852146148682e-03
3.687974065542221069e-03 3.458482772111892700e-02 2.831980586051940918e-03
3.509130328893661499e-03 3.247672319412231445e-02 2.725735306739807129e-03
3.558997064828872681e-03 3.394017368555068970e-02 2.054601907730102539e-03
3.763828426599502563e-03 3.458156436681747437e-02 1.116320490837097168e-03
4.227221012115478516e-03 3.578010201454162598e-02 -1.331418752670288086e-05
3.129344433546066284e-03 3.411972522735595703e-02 1.181811094284057617e-04
2.786386758089065552e-03 3.205631673336029053e-02 5.417317152023315430e-04
2.214588224887847900e-03 2.924273349344730377e-02 3.071390092372894287e-04
2.701248973608016968e-03 2.947100065648555756e-02 8.685588836669921875e-04
2.183303236961364746e-03 3.178755193948745728e-02 2.263896167278289795e-03
2.582687884569168091e-03 2.874892763793468475e-02 1.599401235580444336e-03
2.332247793674468994e-03 2.670420892536640167e-02 2.720460295677185059e-03
2.567507326602935791e-03 2.341475151479244232e-02 2.032622694969177246e-03
5.700848996639251709e-04 2.190042659640312195e-02 3.197804093360900879e-03
1.052320003509521484e-04 2.092907764017581940e-02 3.537118434906005859e-03
-1.761242747306823730e-03 1.999879628419876099e-02 4.059627652168273926e-03
4.906579852104187012e-04 1.466369628906250000e-02 4.071176052093505859e-03
6.861723959445953369e-04 1.245107874274253845e-02 4.873760044574737549e-03
-1.002613455057144165e-03 8.166232146322727203e-03 4.809565842151641846e-03
-3.274802118539810181e-03 2.605500165373086929e-03 4.677176475524902344e-03
-3.992464393377304077e-03 9.833290241658687592e-04 3.726080060005187988e-03
-3.061965107917785645e-03 2.641679719090461731e-03 1.846872270107269287e-03
-1.669663935899734497e-03 -8.388753049075603485e-04 1.140438020229339600e-03
1.994896680116653442e-03 -2.338343998417258263e-03 -3.031503409147262573e-03
3.515306860208511353e-03 2.300566993653774261e-04 -3.803294152021408081e-03
4.128649830818176270e-03 7.743383757770061493e-04 -3.213312476873397827e-03
4.717543721199035645e-03 1.848655287176370621e-03 -3.607250750064849854e-03
4.279009997844696045e-03 3.838385455310344696e-04 -3.375776112079620361e-03
4.502259194850921631e-03 1.711832359433174133e-03 -4.458379000425338745e-03
4.162713885307312012e-03 2.301537897437810898e-03 -4.187386482954025269e-03
3.506653010845184326e-03 1.872755587100982666e-03 -3.558523952960968018e-03
