7.543165702372789383e-03 -2.758280374109745026e-02 1.085433840751647949e+00
8.324083872139453888e-03 -3.140174597501754761e-02 1.076123714447021484e+00
6.868134718388319016e-03 -3.111929073929786682e-02 1.066094875335693359e+00
1.052311155945062637e-02 -2.072011865675449371e-02 1.062467336654663086e+00
2.094263024628162384e-02 -1.146588660776615143e-02 9.660118818283081055e-01
1.903428696095943451e-02 -1.145067717880010605e-02 8.916320204734802246e-01
6.948675960302352905e-03 -1.715735159814357758e-02 9.365765452384948730e-01
-6.431239191442728043e-03 -1.905813999474048615e-02 9.646445512771606445e-01
-4.996360279619693756e-03 -1.970886625349521637e-02 9.227126240730285645e-01
-5.590220447629690170e-03 -1.482296735048294067e-02 9.169785976409912109e-01
-5.048312246799468994e-03 -1.301825605332851410e-02 8.918077349662780762e-01
-8.693221956491470337e-03 -1.221354864537715912e-02 8.952376842498779297e-01
-1.052098441869020462e-02 -9.237546473741531372e-03 8.112754225730895996e-01
-1.108434516936540604e-02 -9.126541204750537872e-03 8.162360787391662598e-01
-5.431015044450759888e-03 -1.777718774974346161e-02 9.299342632293701172e-01
-9.951801970601081848e-03 -2.132995799183845520e-02 9.297852516174316406e-01
-1.051876414567232132e-02 -2.442696504294872284e-02 9.337189793586730957e-01
-1.243333704769611359e-02 -2.905772253870964050e-02 9.599484205245971680e-01
-9.483601897954940796e-03 -2.842627838253974915e-02 1.018108487129211426e+00
-1.539056655019521713e-02 -2.568645961582660675e-02 1.075746417045593262e+00
-2.298368141055107117e-02 -2.288703061640262604e-02 1.068011999130249023e+00
-2.415042743086814880e-02 -2.107769623398780823e-02 1.067996501922607422e+00
-3.388172015547752380e-02 -1.853352785110473633e-02 1.124091029167175293e+00
-3.725847974419593811e-02 -1.487957499921321869e-02 1.144956231117248535e+00
-3.716303780674934387e-02 -1.099487487226724625e-02 1.142533898353576660e+00
-3.607371076941490173e-02 -1.158625539392232895e-02 1.087135553359985352e+00
-3.290322050452232361e-02 -5.752724129706621170e-03 1.102531075477600098e+00
-3.164421394467353821e-02 -7.291487418115139008e-03 1.219438672065734863e+00
-3.083423525094985962e-02 -1.323742885142564774e-02 1.239641308784484863e+00
-3.052284754812717438e-02 -1.684786751866340637e-02 1.204044818878173828e+00
-2.185738272964954376e-02 -2.091821655631065369e-02 1.200798988342285156e+00
-2.096408419311046600e-02 -2.283985354006290436e-02 1.152520895004272461e+00
-2.560451254248619080e-02 -2.071471326053142548e-02 1.143894791603088379e+00
-2.780314162373542786e-02 -2.178367599844932556e-02 1.191531181335449219e+00
-2.972505055367946625e-02 -2.033741027116775513e-02 1.111851572990417480e+00
-2.842859178781509399e-02 -1.711440272629261017e-02 1.127367734909057617e+00
-3.349581360816955566e-02 -1.084502041339874268e-02 1.143082141876220703e+00
-4.193959012627601624e-02 -6.090694572776556015e-03 1.146918058395385742e+00
-5.042393878102302551e-02 -3.874632297083735466e-03 1.201317429542541504e+00
-4.739868640899658203e-02 -1.904575712978839874e-02 1.156218290328979492e+00
-6.435378640890121460e-02 -2.854443155229091644e-02 1.115638494491577148e+00
-6.888542324304580688e-02 -2.290448173880577087e-02 1.104223847389221191e+00
-6.995714455842971802e-02 -2.549261599779129028e-02 1.132536411285400391e+00
-7.458303868770599365e-02 -3.132396936416625977e-02 1.205180406570434570e+00
-6.762720644474029541e-02 -2.958778105676174164e-02 1.201597452163696289e+00
-6.980434060096740723e-02 -2.090791612863540649e-02 1.239610552787780762e+00
-6.079887971282005310e-02 -1.588480733335018158e-02 1.227316498756408691e+00
-5.262776091694831848e-02 -2.287573926150798798e-02 1.193794369697570801e+00
-4.918918386101722717e-02 -1.094605121761560440e-02 1.119255542755126953e+00
-3.933310508728027344e-02 -1.288410043343901634e-03 1.054229140281677246e+00
-3.621292859315872192e-02 9.020783909363672137e-05 1.065645098686218262e+00
-3.892457485198974609e-02 -4.456349415704607964e-04 1.057913541793823242e+00
-3.549139201641082764e-02 -2.867386443540453911e-03 1.041732788085937500e+00
-2.866452187299728394e-02 -6.741612218320369720e-03 1.030094861984252930e+00
-1.537675969302654266e-02 6.401592399924993515e-04 1.042629837989807129e+00
-6.922832690179347992e-03 1.895401626825332642e-03 1.066987991333007812e+00
-1.366459182463586330e-03 1.436031889170408249e-03 1.068872570991516113e+00
3.724387148395180702e-03 -1.205927133560180664e-02 1.078229188919067383e+00
1.278003491461277008e-02 -1.927777193486690521e-02 1.088740706443786621e+00
2.686092630028724670e-02 -1.771255023777484894e-02 1.086436986923217773e+00
4.202653095126152039e-02 -1.528264861553907394e-02 1.069040179252624512e+00
5.123934522271156311e-02 -9.617422707378864288e-03 1.076096653938293457e+00
6.510374695062637329e-02 -1.022856403142213821e-02 1.114994168281555176e+00
7.821501791477203369e-02 -1.217327080667018890e-02 1.152428984642028809e+00
8.091493695974349976e-02 -1.343047153204679489e-02 1.081887125968933105e+00
9.810063987970352173e-02 -1.149342861026525497e-02 1.090370893478393555e+00
1.040782704949378967e-01 -1.053331512957811356e-02 1.050511598587036133e+00
1.023598983883857727e-01 -1.276984345167875290e-03 9.247414469718933105e-01
9.032604843378067017e-02 -1.219712663441896439e-02 8.620392084121704102e-01
1.078922078013420105e-01 -1.735880039632320404e-02 8.729464411735534668e-01
1.174605116248130798e-01 -1.848901435732841492e-02 9.039726853370666504e-01
1.363646686077117920e-01 -1.714711450040340424e-02 8.520355820655822754e-01
1.595134586095809937e-01 -2.470223046839237213e-02 9.079086184501647949e-01
1.795606613159179688e-01 -1.675090938806533813e-02 9.274225831031799316e-01
2.032279670238494873e-01 -2.108489163219928741e-02 9.103024601936340332e-01
2.157537937164306641e-01 -2.764380164444446564e-02 8.855184912681579590e-01
2.376762926578521729e-01 -3.509517014026641846e-02 8.948453068733215332e-01
2.796093821525573730e-01 -4.223293066024780273e-02 9.387905001640319824e-01
3.236013352870941162e-01 -4.095322638750076294e-02 9.741231799125671387e-01
3.545798361301422119e-01 -4.630815610289573669e-02 9.717313647270202637e-01
3.598749041557312012e-01 -4.923477023839950562e-02 8.710398674011230469e-01
3.672129809856414795e-01 -5.503620952367782593e-02 8.104075193405151367e-01
3.711341917514801025e-01 -5.211670324206352234e-02 7.345013022422790527e-01
4.038654565811157227e-01 -5.688926205039024353e-02 7.373061180114746094e-01
4.476871788501739502e-01 -4.969709366559982300e-02 7.708069682121276855e-01
4.830481708049774170e-01 -4.961305484175682068e-02 7.713554501533508301e-01
5.154619216918945312e-01 -5.430219694972038269e-02 7.474569082260131836e-01
5.861837863922119141e-01 -5.795560032129287720e-02 7.734135985374450684e-01
6.498780846595764160e-01 -5.959613993763923645e-02 7.559517621994018555e-01
6.506216526031494141e-01 -7.517886161804199219e-02 6.907032132148742676e-01
6.519718170166015625e-01 -7.955463975667953491e-02 6.202710270881652832e-01
7.005965113639831543e-01 -7.831422239542007446e-02 5.990144610404968262e-01
7.207546830177307129e-01 -7.809731364250183105e-02 5.581737756729125977e-01
6.872336268424987793e-01 -6.291523575782775879e-02 4.620975255966186523e-01
6.638718843460083008e-01 -5.165997892618179321e-02 3.690679073333740234e-01
6.563457250595092773e-01 -4.466266930103302002e-02 2.988077998161315918e-01
6.725159883499145508e-01 -4.718911275267601013e-02 2.807253003120422363e-01
6.680449247360229492e-01 -5.360064283013343811e-02 2.564073801040649414e-01
6.774160861968994141e-01 -5.541792884469032288e-02 2.052792906761169434e-01
8.081694245338439941e-01 -6.325769424438476562e-02 2.070363014936447144e-01
8.481919765472412109e-01 -6.909152865409851074e-02 1.838713139295578003e-01
8.288644552230834961e-01 -6.998696178197860718e-02 1.459320932626724243e-01
7.476385235786437988e-01 -5.852879956364631653e-02 9.059297293424606323e-02
7.705968022346496582e-01 -7.031808793544769287e-02 6.722247600555419922e-02
8.776513338088989258e-01 -9.432788938283920288e-02 5.779295414686203003e-02
9.249889254570007324e-01 -9.769769012928009033e-02 5.158106982707977295e-02
9.747597575187683105e-01 -9.092866629362106323e-02 4.867685213685035706e-02
9.316692352294921875e-01 -8.567386865615844727e-02 3.092347271740436554e-02
9.735412597656250000e-01 -8.785766363143920898e-02 1.286520995199680328e-02
1.014115214347839355e+00 -8.702861517667770386e-02 -2.460555173456668854e-03
1.072286605834960938e+00 -8.994346112012863159e-02 -2.370252087712287903e-02
1.143063187599182129e+00 -9.916408360004425049e-02 -3.155868127942085266e-02
1.148647546768188477e+00 -9.628904610872268677e-02 -4.165408760309219360e-02
1.143385410308837891e+00 -9.202875941991806030e-02 -4.677632451057434082e-02
1.157075285911560059e+00 -9.143351763486862183e-02 -4.496455192565917969e-02
1.190065026283264160e+00 -9.066946804523468018e-02 -4.593160748481750488e-02
1.177481174468994141e+00 -9.068503230810165405e-02 -4.882550612092018127e-02
1.117300391197204590e+00 -7.403945922851562500e-02 -4.759515076875686646e-02
1.030598163604736328e+00 -6.583683937788009644e-02 -4.898330569267272949e-02
9.347774982452392578e-01 -7.334621995687484741e-02 -4.987166821956634521e-02
9.464170932769775391e-01 -8.504075556993484497e-02 -5.788943171501159668e-02
9.439522027969360352e-01 -8.117735385894775391e-02 -5.923012271523475647e-02
9.599366188049316406e-01 -7.646540552377700806e-02 -5.805367976427078247e-02
9.584711790084838867e-01 -7.090117037296295166e-02 -4.622204601764678955e-02
9.651147127151489258e-01 -7.097773253917694092e-02 -5.159251019358634949e-02
9.624335169792175293e-01 -7.788210362195968628e-02 -3.979273885488510132e-02
9.215250611305236816e-01 -8.303476125001907349e-02 -2.332572452723979950e-02
8.691932559013366699e-01 -7.792233675718307495e-02 -1.563490182161331177e-02
9.447341561317443848e-01 -8.020044118165969849e-02 -2.108000405132770538e-02
9.815888404846191406e-01 -7.827648520469665527e-02 -1.471358072012662888e-02
9.404831528663635254e-01 -7.306926697492599487e-02 -7.793291937559843063e-03
9.080376029014587402e-01 -7.373119145631790161e-02 3.850273089483380318e-03
9.659072160720825195e-01 -7.898792624473571777e-02 5.367094418033957481e-04
9.869557619094848633e-01 -7.846436649560928345e-02 -2.084533683955669403e-03
1.001133203506469727e+00 -7.718801498413085938e-02 2.053828677162528038e-03
9.754166007041931152e-01 -7.638198137283325195e-02 6.332999560981988907e-03
9.547750949859619141e-01 -7.705762982368469238e-02 9.628091938793659210e-03
9.624932408332824707e-01 -7.663733512163162231e-02 1.389250904321670532e-02
9.722572565078735352e-01 -7.489915192127227783e-02 1.973117515444755554e-02
9.882561564445495605e-01 -7.853841036558151245e-02 2.154480852186679840e-02
1.006370782852172852e+00 -7.935938984155654907e-02 2.763983048498630524e-02
1.047720551490783691e+00 -8.329447358846664429e-02 2.349996380507946014e-02
1.008565545082092285e+00 -8.048270642757415771e-02 3.199261799454689026e-02
1.011652469635009766e+00 -7.977730035781860352e-02 3.552166372537612915e-02
9.896005392074584961e-01 -7.865492999553680420e-02 4.447548463940620422e-02
9.710035920143127441e-01 -7.746939361095428467e-02 4.753656312823295593e-02
9.570341706275939941e-01 -8.078185468912124634e-02 4.668715968728065491e-02
9.293578267097473145e-01 -8.204385638236999512e-02 5.156359449028968811e-02
9.362822175025939941e-01 -8.644963055849075317e-02 5.648750066757202148e-02
9.999575614929199219e-01 -9.355912357568740845e-02 5.664551630616188049e-02
1.036973476409912109e+00 -9.157137572765350342e-02 5.551313236355781555e-02
1.024969816207885742e+00 -8.778594434261322021e-02 6.164319068193435669e-02
1.005451440811157227e+00 -8.903653174638748169e-02 6.734932214021682739e-02
1.053329706192016602e+00 -9.390807151794433594e-02 7.404203712940216064e-02
1.097904801368713379e+00 -9.668358415365219116e-02 8.549185097217559814e-02
1.105298876762390137e+00 -1.004637330770492554e-01 9.898069500923156738e-02
1.034427881240844727e+00 -9.911465644836425781e-02 9.797001630067825317e-02
9.840119481086730957e-01 -1.011952608823776245e-01 9.544407576322555542e-02
1.005609512329101562e+00 -1.094389706850051880e-01 1.039673909544944763e-01
1.016501069068908691e+00 -1.110228747129440308e-01 1.067238971590995789e-01
1.042655229568481445e+00 -1.123129203915596008e-01 1.117546632885932922e-01
1.021460771560668945e+00 -1.018969044089317322e-01 1.185252219438552856e-01
9.955459833145141602e-01 -9.529107064008712769e-02 1.248852312564849854e-01
1.010042071342468262e+00 -9.236506372690200806e-02 1.276585906744003296e-01
9.722670316696166992e-01 -8.167812973260879517e-02 1.267735213041305542e-01
9.900740981101989746e-01 -8.341750502586364746e-02 1.462798416614532471e-01
1.014697551727294922e+00 -9.333720058202743530e-02 1.649115085601806641e-01
1.041605591773986816e+00 -1.009320020675659180e-01 1.782927960157394409e-01
1.067578673362731934e+00 -1.122227236628532410e-01 1.877910196781158447e-01
1.025328159332275391e+00 -1.106788218021392822e-01 1.826501935720443726e-01
9.969947934150695801e-01 -1.049535274505615234e-01 1.803958564996719360e-01
1.006194472312927246e+00 -1.030001193284988403e-01 1.914810985326766968e-01
1.013483285903930664e+00 -9.514731168746948242e-02 1.911984831094741821e-01
1.014113306999206543e+00 -8.442674577236175537e-02 1.907395869493484497e-01
9.824424982070922852e-01 -7.516207545995712280e-02 1.879618763923645020e-01
9.985494017601013184e-01 -7.881066203117370605e-02 2.024440318346023560e-01
1.019050121307373047e+00 -8.324970304965972900e-02 2.089592218399047852e-01
9.452160596847534180e-01 -8.031096309423446655e-02 1.941504180431365967e-01
8.408767580986022949e-01 -7.309286296367645264e-02 1.778111904859542847e-01
7.503244280815124512e-01 -6.836842745542526245e-02 1.599172353744506836e-01
7.763414978981018066e-01 -7.408468425273895264e-02 1.681533008813858032e-01
8.930974602699279785e-01 -8.612176030874252319e-02 1.928922533988952637e-01
9.198709726333618164e-01 -8.240428566932678223e-02 1.993380039930343628e-01
9.345973730087280273e-01 -7.764784246683120728e-02 2.039313614368438721e-01
9.092404842376708984e-01 -7.382153719663619995e-02 2.025254219770431519e-01
9.404873251914978027e-01 -7.498394697904586792e-02 2.094073891639709473e-01
9.327714443206787109e-01 -7.884739339351654053e-02 2.095632851123809814e-01
9.144346714019775391e-01 -8.291863650083541870e-02 1.950890868902206421e-01
9.087482094764709473e-01 -9.053556621074676514e-02 1.843779832124710083e-01
9.087337255477905273e-01 -9.165070950984954834e-02 1.829956173896789551e-01
9.180406928062438965e-01 -9.366002678871154785e-02 1.875628679990768433e-01
8.939026594161987305e-01 -8.741042017936706543e-02 1.799402832984924316e-01
8.519536256790161133e-01 -7.744287699460983276e-02 1.677692383527755737e-01
8.524550795555114746e-01 -8.082723617553710938e-02 1.631178259849548340e-01
8.707324862480163574e-01 -8.352534472942352295e-02 1.681092083454132080e-01
8.880820870399475098e-01 -8.888065814971923828e-02 1.640677452087402344e-01
9.368781447410583496e-01 -9.606982767581939697e-02 1.789400726556777954e-01
9.503505825996398926e-01 -9.802328050136566162e-02 1.745521426200866699e-01
9.592511653900146484e-01 -9.767849743366241455e-02 1.683226227760314941e-01
1.001644134521484375e+00 -9.986738115549087524e-02 1.792202740907669067e-01
1.030067324638366699e+00 -1.020540148019790649e-01 1.889853179454803467e-01
1.024172306060791016e+00 -9.967483580112457275e-02 1.983113437891006470e-01
1.022377014160156250e+00 -9.850655496120452881e-02 2.047018259763717651e-01
1.028328537940979004e+00 -1.017047017812728882e-01 2.119765877723693848e-01
1.009946465492248535e+00 -9.836719185113906860e-02 2.254168093204498291e-01
9.739239215850830078e-01 -9.600491076707839966e-02 2.249784320592880249e-01
9.465835094451904297e-01 -9.117177128791809082e-02 2.336171865463256836e-01
9.338985681533813477e-01 -9.127073734998703003e-02 2.378041744232177734e-01
8.871824741363525391e-01 -8.909492194652557373e-02 2.406428754329681396e-01
8.572396039962768555e-01 -8.753658831119537354e-02 2.422064095735549927e-01
8.602147102355957031e-01 -8.571531623601913452e-02 2.532651722431182861e-01
8.956352472305297852e-01 -9.048902988433837891e-02 2.689768373966217041e-01
9.137930274009704590e-01 -9.106592833995819092e-02 2.819460630416870117e-01
9.103003740310668945e-01 -8.935581892728805542e-02 2.884757816791534424e-01
9.072787165641784668e-01 -9.207148849964141846e-02 2.981837689876556396e-01
9.273634552955627441e-01 -9.248594939708709717e-02 3.151216804981231689e-01
9.865160584449768066e-01 -9.311603009700775146e-02 3.471319079399108887e-01
1.041374444961547852e+00 -9.430423378944396973e-02 3.778247833251953125e-01
1.032036662101745605e+00 -9.810793399810791016e-02 3.947160243988037109e-01
1.023788094520568848e+00 -9.581893682479858398e-02 3.911363780498504639e-01
1.003903985023498535e+00 -9.402224421501159668e-02 3.936688303947448730e-01
1.010909438133239746e+00 -8.418970555067062378e-02 3.988187611103057861e-01
1.002266883850097656e+00 -7.601056247949600220e-02 4.012242555618286133e-01
9.633617997169494629e-01 -6.940444558858871460e-02 4.050718545913696289e-01
9.454495310783386230e-01 -7.261617481708526611e-02 3.976754844188690186e-01
9.716134071350097656e-01 -8.385407924652099609e-02 4.127516746520996094e-01
9.870349764823913574e-01 -1.028498113155364990e-01 4.383816421031951904e-01
9.366079568862915039e-01 -1.138004064559936523e-01 4.297575652599334717e-01
9.409918785095214844e-01 -1.099536791443824768e-01 4.363199174404144287e-01
9.645063877105712891e-01 -1.002180203795433044e-01 4.481871426105499268e-01
9.974021315574645996e-01 -1.022165566682815552e-01 4.736738502979278564e-01
1.022754907608032227e+00 -1.116429716348648071e-01 4.918141365051269531e-01
1.018678307533264160e+00 -1.141439527273178101e-01 4.945021271705627441e-01
1.012544631958007812e+00 -1.080843731760978699e-01 4.969424903392791748e-01
1.017543792724609375e+00 -1.016059145331382751e-01 5.092165470123291016e-01
1.009357810020446777e+00 -9.566892683506011963e-02 5.147979259490966797e-01
1.004547953605651855e+00 -9.627388417720794678e-02 5.204573273658752441e-01
1.015070557594299316e+00 -9.941223263740539551e-02 5.249302983283996582e-01
1.007692694664001465e+00 -1.002955883741378784e-01 5.217822194099426270e-01
1.002023935317993164e+00 -9.624562412500381470e-02 5.226665139198303223e-01
1.015130043029785156e+00 -9.591576457023620605e-02 5.321788787841796875e-01
1.036778569221496582e+00 -1.004489809274673462e-01 5.482239723205566406e-01
1.050862669944763184e+00 -1.071124449372291565e-01 5.564988255500793457e-01
1.032700896263122559e+00 -1.122391223907470703e-01 5.470274090766906738e-01
1.020873427391052246e+00 -1.063361465930938721e-01 5.433782339096069336e-01
9.892950654029846191e-01 -1.005216315388679504e-01 5.192071199417114258e-01
9.870193004608154297e-01 -1.016756519675254822e-01 5.275247693061828613e-01
9.868898391723632812e-01 -1.037105619907379150e-01 5.365025401115417480e-01
9.809808135032653809e-01 -1.046955659985542297e-01 5.354877710342407227e-01
9.794167280197143555e-01 -1.109804213047027588e-01 5.320251584053039551e-01
9.580301642417907715e-01 -1.139641255140304565e-01 5.251587033271789551e-01
8.966482877731323242e-01 -1.087963134050369263e-01 4.979153275489807129e-01
8.430939912796020508e-01 -9.835245460271835327e-02 4.767807722091674805e-01
7.402076721191406250e-01 -8.587572723627090454e-02 4.230849146842956543e-01
7.459803223609924316e-01 -8.737049996852874756e-02 4.353983402252197266e-01
7.291846871376037598e-01 -8.273833990097045898e-02 4.326381683349609375e-01
7.333855032920837402e-01 -8.445903658866882324e-02 4.493230879306793213e-01
7.496165633201599121e-01 -9.374157339334487915e-02 4.785036742687225342e-01
7.106683850288391113e-01 -7.884634286165237427e-02 4.725836217403411865e-01
7.290223240852355957e-01 -7.478738576173782349e-02 4.913137853145599365e-01
7.189203500747680664e-01 -7.815684378147125244e-02 4.917728006839752197e-01
7.780606150627136230e-01 -8.276891708374023438e-02 5.355224609375000000e-01
7.895770668983459473e-01 -8.367058634757995605e-02 5.527946352958679199e-01
7.885599732398986816e-01 -8.493185788393020630e-02 5.606976151466369629e-01
8.065046668052673340e-01 -9.477363526821136475e-02 5.762409567832946777e-01
8.285463452339172363e-01 -1.063549295067787170e-01 5.867707729339599609e-01
8.122498989105224609e-01 -1.114400625228881836e-01 5.951840281486511230e-01
7.945011258125305176e-01 -1.109504476189613342e-01 5.918462276458740234e-01
7.506316900253295898e-01 -1.022578701376914978e-01 5.615814328193664551e-01
6.990519165992736816e-01 -9.278219938278198242e-02 5.341427326202392578e-01
6.647146940231323242e-01 -8.724525570869445801e-02 5.195246338844299316e-01
6.683323979377746582e-01 -8.906018733978271484e-02 5.341002941131591797e-01
6.692463159561157227e-01 -9.085227549076080322e-02 5.463572740554809570e-01
6.674798130989074707e-01 -8.969187736511230469e-02 5.680298209190368652e-01
7.076921463012695312e-01 -9.985338151454925537e-02 5.971497893333435059e-01
7.262180447578430176e-01 -1.054424419999122620e-01 6.192250251770019531e-01
7.311816811561584473e-01 -9.979553520679473877e-02 6.216001510620117188e-01
8.003715872764587402e-01 -9.723564982414245605e-02 6.697527766227722168e-01
8.183888792991638184e-01 -9.840158373117446899e-02 6.942585110664367676e-01
8.325616121292114258e-01 -1.071240827441215515e-01 7.096972465515136719e-01
8.190553188323974609e-01 -1.063316017389297485e-01 7.197822928428649902e-01
8.005688190460205078e-01 -9.805697947740554810e-02 7.200033068656921387e-01
7.995465993881225586e-01 -9.444233775138854980e-02 7.291063070297241211e-01
8.177676200866699219e-01 -9.807957708835601807e-02 7.582806348800659180e-01
8.208491206169128418e-01 -9.520801901817321777e-02 7.616499662399291992e-01
7.576866745948791504e-01 -7.874648272991180420e-02 6.883379817008972168e-01
6.514559984207153320e-01 -6.950368732213973999e-02 5.939060449600219727e-01
6.756168007850646973e-01 -6.426914036273956299e-02 6.082655191421508789e-01
6.895222067832946777e-01 -6.040602922439575195e-02 6.232088804244995117e-01
7.008571028709411621e-01 -5.481238663196563721e-02 6.324138045310974121e-01
7.388480305671691895e-01 -6.490127742290496826e-02 6.839736700057983398e-01
7.419492006301879883e-01 -7.370338588953018188e-02 7.126820683479309082e-01
7.290494441986083984e-01 -7.842554152011871338e-02 7.267960906028747559e-01
7.475075125694274902e-01 -8.504828065633773804e-02 7.510713338851928711e-01
7.504482269287109375e-01 -7.960637658834457397e-02 7.640415430068969727e-01
7.336893081665039062e-01 -7.959710806608200073e-02 7.591868638992309570e-01
7.114304304122924805e-01 -7.948908209800720215e-02 7.501516938209533691e-01
7.092757821083068848e-01 -8.810438960790634155e-02 7.653657197952270508e-01
6.836805939674377441e-01 -9.098094701766967773e-02 7.495551109313964844e-01
6.401814818382263184e-01 -7.562151551246643066e-02 7.079418301582336426e-01
6.237139105796813965e-01 -6.624838709831237793e-02 6.811449527740478516e-01
6.559449434280395508e-01 -6.856872886419296265e-02 7.199495434761047363e-01
6.351115107536315918e-01 -6.098610162734985352e-02 7.106424570083618164e-01
6.412258744239807129e-01 -6.108437106013298035e-02 7.186123132705688477e-01
6.568230390548706055e-01 -6.640085577964782715e-02 7.284715175628662109e-01
6.434021592140197754e-01 -6.894683837890625000e-02 7.154816985130310059e-01
6.241393685340881348e-01 -6.745661795139312744e-02 6.871286034584045410e-01
6.328400373458862305e-01 -6.782618910074234009e-02 6.907601952552795410e-01
6.619998216629028320e-01 -6.702519208192825317e-02 7.165427803993225098e-01
6.911043524742126465e-01 -6.887515634298324585e-02 7.389052510261535645e-01
7.107484936714172363e-01 -6.822667270898818970e-02 7.578895092010498047e-01
7.197039127349853516e-01 -6.261176615953445435e-02 7.536649107933044434e-01
7.276275157928466797e-01 -6.563968956470489502e-02 7.632600665092468262e-01
7.173194885253906250e-01 -7.417659461498260498e-02 7.617129087448120117e-01
7.330751419067382812e-01 -8.494163304567337036e-02 7.746037244796752930e-01
7.288125157356262207e-01 -9.081422537565231323e-02 7.757040858268737793e-01
7.289289236068725586e-01 -8.473736792802810669e-02 7.635242342948913574e-01
7.260387539863586426e-01 -8.217160403728485107e-02 7.403506636619567871e-01
7.336317896842956543e-01 -7.303919643163681030e-02 7.224152684211730957e-01
7.180111408233642578e-01 -7.328126579523086548e-02 6.918896436691284180e-01
7.192252278327941895e-01 -7.399957627058029175e-02 6.892932653427124023e-01
7.187945842742919922e-01 -8.066414296627044678e-02 6.976740956306457520e-01
6.932839751243591309e-01 -7.756777107715606689e-02 6.684924364089965820e-01
6.747540235519409180e-01 -7.199934870004653931e-02 6.514309048652648926e-01
6.579530239105224609e-01 -6.956857442855834961e-02 6.429858803749084473e-01
6.677087545394897461e-01 -7.399852573871612549e-02 6.244965195655822754e-01
6.730762124061584473e-01 -7.280979305505752563e-02 6.249122619628906250e-01
6.742603182792663574e-01 -7.807862013578414917e-02 6.199179291725158691e-01
7.024412155151367188e-01 -8.689869940280914307e-02 6.320337057113647461e-01
7.494368553161621094e-01 -9.834107011556625366e-02 6.586454510688781738e-01
7.806050181388854980e-01 -9.895171225070953369e-02 6.783481836318969727e-01
7.472284436225891113e-01 -8.912937343120574951e-02 6.420454978942871094e-01
7.542298436164855957e-01 -7.912382483482360840e-02 6.206932067871093750e-01
7.690710425376892090e-01 -8.090501278638839722e-02 6.135897636413574219e-01
7.723472118377685547e-01 -8.175083249807357788e-02 5.948965549468994141e-01
7.874649167060852051e-01 -8.112767338752746582e-02 5.925450325012207031e-01
8.043758273124694824e-01 -8.524623513221740723e-02 5.930059552192687988e-01
8.754901289939880371e-01 -9.943573921918869019e-02 6.444999575614929199e-01
9.112797975540161133e-01 -1.016212403774261475e-01 6.639100313186645508e-01
9.410566687583923340e-01 -1.020614728331565857e-01 6.790551543235778809e-01
9.831039905548095703e-01 -1.078353002667427063e-01 6.964953541755676270e-01
9.855255484580993652e-01 -1.125200018286705017e-01 6.768386363983154297e-01
9.865531921386718750e-01 -1.109363362193107605e-01 6.622294783592224121e-01
9.774292111396789551e-01 -1.026588007807731628e-01 6.336129903793334961e-01
9.785608649253845215e-01 -9.847974032163619995e-02 6.286234259605407715e-01
9.436514973640441895e-01 -8.715078979730606079e-02 6.036831736564636230e-01
9.408521056175231934e-01 -8.182950317859649658e-02 5.972620248794555664e-01
9.470860958099365234e-01 -8.706732839345932007e-02 6.019285321235656738e-01
9.357463121414184570e-01 -9.535367786884307861e-02 5.953273177146911621e-01
9.323285818099975586e-01 -9.715984016656875610e-02 5.898036360740661621e-01
9.297996759414672852e-01 -9.143698960542678833e-02 5.763098597526550293e-01
8.844034075736999512e-01 -7.698050886392593384e-02 5.386931896209716797e-01
8.531904816627502441e-01 -6.306926161050796509e-02 5.162433981895446777e-01
8.273015618324279785e-01 -6.140002608299255371e-02 4.883468151092529297e-01
8.527193665504455566e-01 -6.373753398656845093e-02 5.082771778106689453e-01
9.049283266067504883e-01 -7.633661478757858276e-02 5.368064641952514648e-01
8.964875340461730957e-01 -9.093499928712844849e-02 5.378127098083496094e-01
8.719781637191772461e-01 -9.207003563642501831e-02 5.036417245864868164e-01
8.658611774444580078e-01 -8.816802501678466797e-02 5.109743475914001465e-01
8.921181559562683105e-01 -8.580617606639862061e-02 5.343541502952575684e-01
9.185442328453063965e-01 -7.465238124132156372e-02 5.482338070869445801e-01
8.807631731033325195e-01 -6.856133043766021729e-02 5.076794028282165527e-01
8.511803746223449707e-01 -7.732375711202621460e-02 4.818775951862335205e-01
8.305394649505615234e-01 -8.986832201480865479e-02 4.685266911983489990e-01
8.505440950393676758e-01 -9.288638085126876831e-02 4.842587709426879883e-01
9.125801324844360352e-01 -9.140550345182418823e-02 5.292221903800964355e-01
9.404476284980773926e-01 -8.778005093336105347e-02 5.487492084503173828e-01
8.871143460273742676e-01 -7.763270288705825806e-02 5.139483809471130371e-01
8.768877387046813965e-01 -7.751706987619400024e-02 4.979434311389923096e-01
8.916457891464233398e-01 -7.926343381404876709e-02 5.036091804504394531e-01
8.479964137077331543e-01 -8.456642180681228638e-02 4.650174081325531006e-01
7.915958762168884277e-01 -7.893715798854827881e-02 4.153048098087310791e-01
7.161446809768676758e-01 -7.976298779249191284e-02 3.547619581222534180e-01
6.491369605064392090e-01 -7.874359935522079468e-02 3.148118555545806885e-01
6.619950532913208008e-01 -6.617079675197601318e-02 3.278898596763610840e-01
6.316727399826049805e-01 -6.085423752665519714e-02 3.066137433052062988e-01
5.894859433174133301e-01 -5.853951349854469299e-02 2.815628051757812500e-01
5.897998809814453125e-01 -6.100045517086982727e-02 2.631749212741851807e-01
6.358341574668884277e-01 -6.844706833362579346e-02 2.850727438926696777e-01
6.710484027862548828e-01 -7.690019905567169189e-02 2.942999303340911865e-01
7.059875130653381348e-01 -8.132471889257431030e-02 3.047166168689727783e-01
6.877096891403198242e-01 -8.310414850711822510e-02 2.914746701717376709e-01
6.775915026664733887e-01 -7.852331548929214478e-02 2.768578231334686279e-01
7.096783518791198730e-01 -8.334378898143768311e-02 2.910270988941192627e-01
6.904883384704589844e-01 -8.793352544307708740e-02 2.691421806812286377e-01
6.797748208045959473e-01 -8.634450286626815796e-02 2.621761560440063477e-01
6.872872710227966309e-01 -8.647688478231430054e-02 2.666613757610321045e-01
7.056986093521118164e-01 -8.953139185905456543e-02 2.706678211688995361e-01
7.273818850517272949e-01 -8.754643797874450684e-02 2.683384418487548828e-01
7.535997629165649414e-01 -8.146071434020996094e-02 2.712953388690948486e-01
7.794944047927856445e-01 -7.698170095682144165e-02 2.921376526355743408e-01
7.604684829711914062e-01 -6.296222656965255737e-02 2.788057327270507812e-01
6.974765062332153320e-01 -4.697243124246597290e-02 2.456618398427963257e-01
8.367555141448974609e-01 -7.778561115264892578e-02 3.008919656276702881e-01
9.841097593307495117e-01 -1.235099285840988159e-01 3.305260837078094482e-01
1.144383549690246582e+00 -1.612572968006134033e-01 3.818372786045074463e-01
1.147689700126647949e+00 -1.628467440605163574e-01 3.792283833026885986e-01
1.143598079681396484e+00 -1.539922058582305908e-01 3.750350177288055420e-01
1.164075970649719238e+00 -1.503083109855651855e-01 3.808561563491821289e-01
1.171903610229492188e+00 -1.510965675115585327e-01 3.798811733722686768e-01
1.162825584411621094e+00 -1.543791145086288452e-01 3.694619536399841309e-01
1.152075529098510742e+00 -1.562634557485580444e-01 3.564077615737915039e-01
1.143808841705322266e+00 -1.536475419998168945e-01 3.444687724113464355e-01
1.131750226020812988e+00 -1.451781839132308960e-01 3.333337306976318359e-01
1.098294138908386230e+00 -1.342900395393371582e-01 3.174292147159576416e-01
1.087656617164611816e+00 -1.285252869129180908e-01 3.083951175212860107e-01
1.055873036384582520e+00 -1.261281818151473999e-01 2.857145071029663086e-01
1.009520769119262695e+00 -1.204047203063964844e-01 2.604811489582061768e-01
9.515124559402465820e-01 -1.129610538482666016e-01 2.406265884637832642e-01
9.388343095779418945e-01 -1.112713143229484558e-01 2.316212356090545654e-01
9.370924234390258789e-01 -1.103240475058555603e-01 2.309283763170242310e-01
9.203075170516967773e-01 -1.091749295592308044e-01 2.276491671800613403e-01
9.280889034271240234e-01 -1.127186268568038940e-01 2.252864837646484375e-01
9.729362726211547852e-01 -1.200480237603187561e-01 2.400382161140441895e-01
9.703887104988098145e-01 -1.225646734237670898e-01 2.351796478033065796e-01
9.724105596542358398e-01 -1.226206347346305847e-01 2.369992434978485107e-01
9.531775712966918945e-01 -1.222667172551155090e-01 2.255732566118240356e-01
9.007311463356018066e-01 -1.175049766898155212e-01 2.120043635368347168e-01
9.543525576591491699e-01 -1.251020133495330811e-01 2.241344600915908813e-01
1.009741187095642090e+00 -1.283481121063232422e-01 2.347986549139022827e-01
9.953742623329162598e-01 -1.220089942216873169e-01 2.331703901290893555e-01
9.480509161949157715e-01 -1.189460903406143188e-01 2.057254016399383545e-01
8.851047158241271973e-01 -1.185576319694519043e-01 1.896001994609832764e-01
8.960673213005065918e-01 -1.198121532797813416e-01 1.895859092473983765e-01
9.429156184196472168e-01 -1.221638470888137817e-01 1.952913850545883179e-01
1.016193866729736328e+00 -1.286137253046035767e-01 2.088658809661865234e-01
1.056053042411804199e+00 -1.253654807806015015e-01 2.172525823116302490e-01
1.056932568550109863e+00 -1.235596314072608948e-01 2.136237323284149170e-01
1.047533869743347168e+00 -1.259980350732803345e-01 2.088351994752883911e-01
1.080313682556152344e+00 -1.325694173574447632e-01 2.130841910839080811e-01
1.096481442451477051e+00 -1.332644969224929810e-01 2.159884870052337646e-01
1.109647154808044434e+00 -1.307063251733779907e-01 2.131724506616592407e-01
1.108292341232299805e+00 -1.242264062166213989e-01 2.046371847391128540e-01
1.052140951156616211e+00 -1.188286915421485901e-01 1.887935400009155273e-01
1.014219880104064941e+00 -1.202230155467987061e-01 1.745506674051284790e-01
9.791560769081115723e-01 -1.149758920073509216e-01 1.584417074918746948e-01
1.052107453346252441e+00 -1.181842237710952759e-01 1.705694794654846191e-01
1.128509283065795898e+00 -1.294646859169006348e-01 1.806834638118743896e-01
1.161372661590576172e+00 -1.404076665639877319e-01 1.764488071203231812e-01
1.177901506423950195e+00 -1.409150660037994385e-01 1.784590929746627808e-01
1.134252071380615234e+00 -1.316255629062652588e-01 1.779882162809371948e-01
1.037689089775085449e+00 -1.177977323532104492e-01 1.567215472459793091e-01
1.082698225975036621e+00 -1.198788657784461975e-01 1.627164483070373535e-01
1.121657371520996094e+00 -1.227595210075378418e-01 1.640057563781738281e-01
1.151264071464538574e+00 -1.274110674858093262e-01 1.621336191892623901e-01
1.214550614356994629e+00 -1.285130828619003296e-01 1.829817891120910645e-01
1.248811006546020508e+00 -1.286238729953765869e-01 1.889219880104064941e-01
1.152095556259155273e+00 -1.242420226335525513e-01 1.565384119749069214e-01
1.212499737739562988e+00 -1.278488188982009888e-01 1.661887913942337036e-01
1.168462991714477539e+00 -1.092646643519401550e-01 1.488127708435058594e-01
1.124599814414978027e+00 -1.078330427408218384e-01 1.465171426534652710e-01
1.064132928848266602e+00 -1.327029019594192505e-01 1.293570846319198608e-01
1.036821246147155762e+00 -1.399060338735580444e-01 1.248021572828292847e-01
1.058928370475769043e+00 -1.438434123992919922e-01 1.185776144266128540e-01
1.044791460037231445e+00 -1.294942051172256470e-01 1.080035790801048279e-01
1.064764976501464844e+00 -1.243725270032882690e-01 1.076562181115150452e-01
1.059469342231750488e+00 -1.246722564101219177e-01 1.038937568664550781e-01
1.104525446891784668e+00 -1.261905133724212646e-01 8.780690282583236694e-02
1.162774562835693359e+00 -1.328215748071670532e-01 8.626484870910644531e-02
1.158022642135620117e+00 -1.266950368881225586e-01 8.163235336542129517e-02
1.099924206733703613e+00 -1.217279136180877686e-01 5.660722777247428894e-02
1.065574049949645996e+00 -1.174267306923866272e-01 5.228654295206069946e-02
1.000684618949890137e+00 -1.099085956811904907e-01 4.562165215611457825e-02
1.023398637771606445e+00 -1.140672713518142700e-01 4.583072662353515625e-02
1.058785915374755859e+00 -1.180406808853149414e-01 4.255224391818046570e-02
1.072681307792663574e+00 -1.153028458356857300e-01 2.663638629019260406e-02
1.068635821342468262e+00 -1.101199686527252197e-01 2.493614144623279572e-02
1.081269741058349609e+00 -1.150527670979499817e-01 1.841270364820957184e-02
1.074815988540649414e+00 -1.208022087812423706e-01 7.557142060250043869e-03
1.051507234573364258e+00 -1.177897304296493530e-01 1.349995611235499382e-03
1.088888645172119141e+00 -1.228601336479187012e-01 5.740669555962085724e-03
1.090422630310058594e+00 -1.248816922307014465e-01 2.321337116882205009e-03
1.087085008621215820e+00 -1.285308450460433960e-01 2.170085441321134567e-03
1.075543045997619629e+00 -1.253225952386856079e-01 8.613896789029240608e-04
1.044726252555847168e+00 -1.285788714885711670e-01 8.061492815613746643e-03
1.042856454849243164e+00 -1.296118050813674927e-01 -3.714050035341642797e-05
1.045874118804931641e+00 -1.327483952045440674e-01 -5.335085559636354446e-03
1.048087000846862793e+00 -1.310518234968185425e-01 1.476275734603404999e-03
1.003941297531127930e+00 -1.234822571277618408e-01 -2.726101782172918320e-03
9.566111564636230469e-01 -1.174295321106910706e-01 4.520761314779520035e-03
9.495602846145629883e-01 -1.130628138780593872e-01 7.034452166408300400e-03
9.615918993949890137e-01 -1.088989824056625366e-01 7.909208536148071289e-03
9.883813858032226562e-01 -9.512841701507568359e-02 6.767619866877794266e-03
1.071764230728149414e+00 -1.034840792417526245e-01 1.036061439663171768e-02
1.106819152832031250e+00 -1.137040853500366211e-01 2.353009954094886780e-02
1.098452687263488770e+00 -1.179432421922683716e-01 2.041404880583286285e-02
1.088951587677001953e+00 -1.128560230135917664e-01 2.616491913795471191e-02
1.088644862174987793e+00 -1.127465516328811646e-01 3.019686043262481689e-02
1.038061261177062988e+00 -1.131902709603309631e-01 4.122601076960563660e-02
1.016950488090515137e+00 -9.912074357271194458e-02 4.796827211976051331e-02
1.052811026573181152e+00 -9.800831973552703857e-02 5.069775134325027466e-02
1.073184728622436523e+00 -1.105041056871414185e-01 4.327566921710968018e-02
1.105111479759216309e+00 -1.174742951989173889e-01 5.470705404877662659e-02
1.073356389999389648e+00 -1.147889569401741028e-01 5.522276833653450012e-02
1.072687268257141113e+00 -1.150889992713928223e-01 6.161082908511161804e-02
1.057378411293029785e+00 -1.134923473000526428e-01 7.239516824483871460e-02
1.047123312950134277e+00 -1.139484867453575134e-01 7.567998766899108887e-02
1.061487555503845215e+00 -1.167459487915039062e-01 7.681389153003692627e-02
1.039888262748718262e+00 -1.147383898496627808e-01 7.979971170425415039e-02
1.050704479217529297e+00 -1.163555905222892761e-01 8.178845047950744629e-02
1.043914675712585449e+00 -1.270337849855422974e-01 8.050385862588882446e-02
1.080873847007751465e+00 -1.283186823129653931e-01 7.072976231575012207e-02
1.071060895919799805e+00 -1.256224364042282104e-01 7.895565032958984375e-02
1.023643255233764648e+00 -1.215836852788925171e-01 7.735385000705718994e-02
1.002222776412963867e+00 -1.167156398296356201e-01 8.046477288007736206e-02
1.017802715301513672e+00 -1.184217259287834167e-01 8.319058269262313843e-02
9.871625304222106934e-01 -1.156276986002922058e-01 8.421302586793899536e-02
9.760481119155883789e-01 -1.116026788949966431e-01 9.736268222332000732e-02
9.527100920677185059e-01 -1.105211228132247925e-01 1.005011200904846191e-01
9.152528047561645508e-01 -1.117643266916275024e-01 9.594261646270751953e-02
8.589584827423095703e-01 -1.088625490665435791e-01 8.740664273500442505e-02
7.959367632865905762e-01 -1.023924648761749268e-01 8.394179493188858032e-02
7.599490880966186523e-01 -1.017595976591110229e-01 8.239819854497909546e-02
7.225857377052307129e-01 -9.564331918954849243e-02 8.499734848737716675e-02
7.134888768196105957e-01 -9.810423851013183594e-02 8.164934813976287842e-02
6.856169104576110840e-01 -9.435891360044479370e-02 7.955462485551834106e-02
6.444911360740661621e-01 -8.944521844387054443e-02 7.341273128986358643e-02
6.223528981208801270e-01 -9.094727784395217896e-02 7.387266308069229126e-02
6.173523664474487305e-01 -9.557035565376281738e-02 7.045933604240417480e-02
6.102377176284790039e-01 -9.820966422557830811e-02 6.498529762029647827e-02
6.083186864852905273e-01 -9.641986340284347534e-02 6.351585686206817627e-02
5.998991727828979492e-01 -9.629688411951065063e-02 5.202944576740264893e-02
5.752874612808227539e-01 -9.040518105030059814e-02 3.429225832223892212e-02
5.473363995552062988e-01 -8.446454256772994995e-02 3.075792081654071808e-02
5.268673896789550781e-01 -7.989977300167083740e-02 4.542572051286697388e-02
5.135282278060913086e-01 -7.024871557950973511e-02 3.704224154353141785e-02
5.169975757598876953e-01 -6.018111109733581543e-02 1.875287480652332306e-02
5.693870782852172852e-01 -6.621910631656646729e-02 2.911212295293807983e-02
6.421598196029663086e-01 -7.663697749376296997e-02 4.116322100162506104e-02
6.393843889236450195e-01 -7.874304056167602539e-02 4.161517694592475891e-02
7.267771959304809570e-01 -8.819562196731567383e-02 5.323440581560134888e-02
8.878297209739685059e-01 -1.195483580231666565e-01 6.902997940778732300e-02
1.057392716407775879e+00 -1.474929302930831909e-01 7.753619551658630371e-02
1.170244336128234863e+00 -1.680437922477722168e-01 9.546747058629989624e-02
1.151818633079528809e+00 -1.640075594186782837e-01 8.987504243850708008e-02
1.182712793350219727e+00 -1.647305190563201904e-01 8.612858504056930542e-02
1.216992855072021484e+00 -1.680981367826461792e-01 7.885307818651199341e-02
1.156968951225280762e+00 -1.624846458435058594e-01 7.061176747083663940e-02
1.129623174667358398e+00 -1.645119041204452515e-01 6.272041797637939453e-02
1.133910536766052246e+00 -1.672711074352264404e-01 5.782560259103775024e-02
1.160915374755859375e+00 -1.709161400794982910e-01 5.930843204259872437e-02
1.170214414596557617e+00 -1.775285899639129639e-01 5.837560445070266724e-02
1.117042183876037598e+00 -1.784388422966003418e-01 5.269105732440948486e-02
1.104126572608947754e+00 -1.737494468688964844e-01 4.609860107302665710e-02
1.093343853950500488e+00 -1.743070483207702637e-01 4.978757351636886597e-02
1.072971582412719727e+00 -1.750942468643188477e-01 5.233610793948173523e-02
1.088787674903869629e+00 -1.777504682540893555e-01 5.709945410490036011e-02
1.126191854476928711e+00 -1.785013824701309204e-01 6.062548607587814331e-02
1.151773691177368164e+00 -1.816991567611694336e-01 6.549815088510513306e-02
1.169564127922058105e+00 -1.797508150339126587e-01 6.568957865238189697e-02
1.140765309333801270e+00 -1.741385012865066528e-01 6.749227643013000488e-02
1.131117105484008789e+00 -1.702052503824234009e-01 6.909957528114318848e-02
1.165422439575195312e+00 -1.706861406564712524e-01 7.220973074436187744e-02
1.183463215827941895e+00 -1.706204861402511597e-01 7.310646772384643555e-02
1.200776100158691406e+00 -1.706816554069519043e-01 7.568508386611938477e-02
1.243163585662841797e+00 -1.762741208076477051e-01 8.490659296512603760e-02
1.238309502601623535e+00 -1.713939458131790161e-01 8.838935941457748413e-02
1.205386996269226074e+00 -1.650090366601943970e-01 9.217151254415512085e-02
1.166871070861816406e+00 -1.596447676420211792e-01 9.235753864049911499e-02
1.147391796112060547e+00 -1.529863029718399048e-01 9.158349782228469849e-02
1.166644334793090820e+00 -1.563455313444137573e-01 1.118735074996948242e-01
1.050863623619079590e+00 -1.592049002647399902e-01 1.068021878600120544e-01
1.012580752372741699e+00 -1.778910160064697266e-01 8.573676645755767822e-02
1.034950971603393555e+00 -1.730348169803619385e-01 8.901908993721008301e-02
1.014681816101074219e+00 -1.434489786624908447e-01 1.004084497690200806e-01
9.703557491302490234e-01 -1.361518800258636475e-01 9.166319668292999268e-02
9.723026156425476074e-01 -1.436487585306167603e-01 8.143210411071777344e-02
1.032362818717956543e+00 -1.591054648160934448e-01 9.136707335710525513e-02
1.089770913124084473e+00 -1.729184687137603760e-01 1.027275696396827698e-01
1.130194067955017090e+00 -1.746232509613037109e-01 1.147764846682548523e-01
1.139889359474182129e+00 -1.691215485334396362e-01 1.164247691631317139e-01
1.168751597404479980e+00 -1.618822515010833740e-01 1.253391653299331665e-01
1.180858016014099121e+00 -1.635898053646087646e-01 1.257155835628509521e-01
1.117955207824707031e+00 -1.529617905616760254e-01 1.196295693516731262e-01
1.148769617080688477e+00 -1.532967239618301392e-01 1.333053708076477051e-01
1.164397239685058594e+00 -1.552352011203765869e-01 1.282492280006408691e-01
1.157799839973449707e+00 -1.598315387964248657e-01 1.333478987216949463e-01
1.090929388999938965e+00 -1.494596749544143677e-01 1.233275905251502991e-01
1.063104867935180664e+00 -1.349517405033111572e-01 1.293964385986328125e-01
9.977651834487915039e-01 -1.333553493022918701e-01 9.199233353137969971e-02
1.012545943260192871e+00 -1.443544477224349976e-01 8.417483419179916382e-02
9.820215702056884766e-01 -1.489836126565933228e-01 9.117195010185241699e-02
9.564204216003417969e-01 -1.512117534875869751e-01 9.219557791948318481e-02
9.459689855575561523e-01 -1.420663148164749146e-01 8.673878014087677002e-02
9.043152332305908203e-01 -1.293890476226806641e-01 8.665498346090316772e-02
9.280730485916137695e-01 -1.427059024572372437e-01 9.165184944868087769e-02
9.620640873908996582e-01 -1.507864594459533691e-01 1.028786003589630127e-01
1.043711066246032715e+00 -1.690421700477600098e-01 1.195959746837615967e-01
1.094011306762695312e+00 -1.778176277875900269e-01 1.253234297037124634e-01
1.062548875808715820e+00 -1.700296849012374878e-01 1.271800994873046875e-01
1.111845374107360840e+00 -1.691066026687622070e-01 1.365340203046798706e-01
1.188333749771118164e+00 -1.764250397682189941e-01 1.597505360841751099e-01
1.177183151245117188e+00 -1.759499311447143555e-01 1.639458686113357544e-01
1.139992117881774902e+00 -1.765420287847518921e-01 1.623111963272094727e-01
1.145500659942626953e+00 -1.691192239522933960e-01 1.632883399724960327e-01
1.091683745384216309e+00 -1.570462435483932495e-01 1.610000133514404297e-01
1.059709787368774414e+00 -1.499195992946624756e-01 1.590787619352340698e-01
1.041751980781555176e+00 -1.453657448291778564e-01 1.714652031660079956e-01
1.030247569084167480e+00 -1.483853608369827271e-01 1.757961809635162354e-01
1.001020669937133789e+00 -1.482994854450225830e-01 1.821977943181991577e-01
9.967482089996337891e-01 -1.452552378177642822e-01 2.026595920324325562e-01
9.439117908477783203e-01 -1.377786248922348022e-01 2.008467763662338257e-01
9.355347156524658203e-01 -1.346675753593444824e-01 2.043423205614089966e-01
9.418792724609375000e-01 -1.329673081636428833e-01 2.104892432689666748e-01
9.509240388870239258e-01 -1.370734274387359619e-01 2.194701135158538818e-01
9.641795158386230469e-01 -1.378972828388214111e-01 2.312634587287902832e-01
9.594334959983825684e-01 -1.337916553020477295e-01 2.339806556701660156e-01
9.604686498641967773e-01 -1.328786611557006836e-01 2.380799949169158936e-01
9.395689368247985840e-01 -1.222168132662773132e-01 2.282262295484542847e-01
1.014997839927673340e+00 -1.339663714170455933e-01 2.655703723430633545e-01
1.068139195442199707e+00 -1.514467597007751465e-01 2.729822397232055664e-01
1.075851678848266602e+00 -1.515897065401077271e-01 2.828465104103088379e-01
1.084111928939819336e+00 -1.563469916582107544e-01 2.898889482021331787e-01
1.044897317886352539e+00 -1.538400650024414062e-01 2.929991185665130615e-01
1.062319993972778320e+00 -1.561015397310256958e-01 3.014087378978729248e-01
1.068448424339294434e+00 -1.477972120046615601e-01 3.153159320354461670e-01
1.074378967285156250e+00 -1.398096978664398193e-01 3.274497687816619873e-01
1.068666458129882812e+00 -1.467926800251007080e-01 3.311135768890380859e-01
1.098085045814514160e+00 -1.608165651559829712e-01 3.432138264179229736e-01
1.144791007041931152e+00 -1.717686802148818970e-01 3.556743860244750977e-01
1.141419887542724609e+00 -1.692258864641189575e-01 3.670760095119476318e-01
1.060420513153076172e+00 -1.533804982900619507e-01 3.475328683853149414e-01
9.620503783226013184e-01 -1.271242201328277588e-01 3.204645216464996338e-01
9.532157778739929199e-01 -1.185936033725738525e-01 3.211208879947662354e-01
9.554573893547058105e-01 -1.137612685561180115e-01 3.016062378883361816e-01
1.094175219535827637e+00 -1.449847966432571411e-01 3.507992327213287354e-01
1.112835288047790527e+00 -1.602786183357238770e-01 3.700537085533142090e-01
1.097598195075988770e+00 -1.518907845020294189e-01 3.672412037849426270e-01
1.042751073837280273e+00 -1.366301327943801880e-01 3.524498641490936279e-01
9.595288038253784180e-01 -1.235363334417343140e-01 3.191330730915069580e-01
9.300073385238647461e-01 -1.257823705673217773e-01 3.051131963729858398e-01
9.415066838264465332e-01 -1.300626993179321289e-01 3.105331957340240479e-01
9.313028454780578613e-01 -1.315585672855377197e-01 3.031055629253387451e-01
9.423256516456604004e-01 -1.164369657635688782e-01 2.896262407302856445e-01
9.640372395515441895e-01 -1.262523233890533447e-01 3.034552037715911865e-01
9.982179999351501465e-01 -1.366920769214630127e-01 3.265403807163238525e-01
1.027984857559204102e+00 -1.354488134384155273e-01 3.285458981990814209e-01
1.013568401336669922e+00 -1.361061334609985352e-01 3.263911604881286621e-01
9.488266110420227051e-01 -1.301873475313186646e-01 3.132517933845520020e-01
9.188320636749267578e-01 -1.161602661013603210e-01 2.891359925270080566e-01
8.876385688781738281e-01 -1.007471531629562378e-01 2.833722531795501709e-01
8.608418107032775879e-01 -1.029631569981575012e-01 2.696460485458374023e-01
8.712225556373596191e-01 -1.193464696407318115e-01 2.634973824024200439e-01
9.515243172645568848e-01 -1.314390152692794800e-01 3.105759322643280029e-01
1.060515165328979492e+00 -1.459897309541702271e-01 3.427354395389556885e-01
1.111981511116027832e+00 -1.534322947263717651e-01 3.620371222496032715e-01
1.140396595001220703e+00 -1.585498452186584473e-01 3.692823350429534912e-01
1.136949181556701660e+00 -1.603331714868545532e-01 3.682347536087036133e-01
1.083787083625793457e+00 -1.524304002523422241e-01 3.526372015476226807e-01
1.050484180450439453e+00 -1.502391099929809570e-01 3.450006544589996338e-01
1.026640534400939941e+00 -1.462272703647613525e-01 3.260242342948913574e-01
9.990776777267456055e-01 -1.412284225225448608e-01 3.125661909580230713e-01
1.094038486480712891e+00 -1.499522775411605835e-01 3.554700314998626709e-01
1.103544473648071289e+00 -1.439025253057479858e-01 3.645118474960327148e-01
1.043146371841430664e+00 -1.189161911606788635e-01 3.444908261299133301e-01
1.020704030990600586e+00 -1.279917955398559570e-01 3.386476933956146240e-01
1.057013273239135742e+00 -1.359356045722961426e-01 3.508138954639434814e-01
1.069287419319152832e+00 -1.463307738304138184e-01 3.504280745983123779e-01
1.064409494400024414e+00 -1.441448479890823364e-01 3.405543863773345947e-01
1.022957563400268555e+00 -1.305116564035415649e-01 3.266463875770568848e-01
1.017284393310546875e+00 -1.300966143608093262e-01 3.302125334739685059e-01
9.727365374565124512e-01 -1.259772479534149170e-01 3.209941387176513672e-01
9.928704500198364258e-01 -1.241506636142730713e-01 3.269180953502655029e-01
1.002675294876098633e+00 -1.178112104535102844e-01 3.217507302761077881e-01
1.013918876647949219e+00 -1.148859113454818726e-01 3.285236656665802002e-01
1.011923193931579590e+00 -1.109507754445075989e-01 3.286432623863220215e-01
9.745150208473205566e-01 -1.062597706913948059e-01 3.161496818065643311e-01
9.700195789337158203e-01 -1.075669750571250916e-01 3.132993876934051514e-01
9.757429957389831543e-01 -1.121021583676338196e-01 3.180266916751861572e-01
1.032606005668640137e+00 -1.281748116016387939e-01 3.488568663597106934e-01
9.794009327888488770e-01 -1.289027482271194458e-01 3.285965025424957275e-01
9.007383584976196289e-01 -1.123199835419654846e-01 2.915503084659576416e-01
9.093267321586608887e-01 -1.130120828747749329e-01 3.052799999713897705e-01
8.748566508293151855e-01 -1.028209254145622253e-01 2.867399752140045166e-01
8.339241147041320801e-01 -9.339196979999542236e-02 2.725159823894500732e-01
8.205937743186950684e-01 -9.272915869951248169e-02 2.678478062152862549e-01
8.671024441719055176e-01 -1.035996600985527039e-01 2.775417268276214600e-01
8.900263309478759766e-01 -1.086988672614097595e-01 2.780568599700927734e-01
9.217845797538757324e-01 -1.146569997072219849e-01 2.811814248561859131e-01
9.267062544822692871e-01 -1.165798306465148926e-01 2.805947065353393555e-01
9.173810482025146484e-01 -1.142740026116371155e-01 2.788416445255279541e-01
9.414147138595581055e-01 -1.192501857876777649e-01 2.849047780036926270e-01
9.792547821998596191e-01 -1.274560838937759399e-01 3.040551841259002686e-01
1.011294364929199219e+00 -1.296085119247436523e-01 3.170672655105590820e-01
1.017479419708251953e+00 -1.242681145668029785e-01 3.251905739307403564e-01
1.013667583465576172e+00 -1.227937713265419006e-01 3.279724717140197754e-01
9.970777034759521484e-01 -1.174291595816612244e-01 3.283948600292205811e-01
9.877542853355407715e-01 -1.157394498586654663e-01 3.249665498733520508e-01
9.286620020866394043e-01 -1.073674336075782776e-01 2.965067625045776367e-01
9.535596966743469238e-01 -1.126253455877304077e-01 3.105198144912719727e-01
1.015601396560668945e+00 -1.210328713059425354e-01 3.380194902420043945e-01
9.813528060913085938e-01 -1.175744235515594482e-01 3.366855084896087646e-01
9.804207086563110352e-01 -1.192381605505943298e-01 3.412871956825256348e-01
9.994998574256896973e-01 -1.199880987405776978e-01 3.440164923667907715e-01
9.620479941368103027e-01 -1.076599061489105225e-01 3.247154057025909424e-01
8.770535588264465332e-01 -9.729103744029998779e-02 2.951056659221649170e-01
8.921211361885070801e-01 -9.759768098592758179e-02 3.013297617435455322e-01
9.062846302986145020e-01 -9.819367527961730957e-02 3.086922168731689453e-01
9.022275209426879883e-01 -9.992483258247375488e-02 3.071875274181365967e-01
9.079058170318603516e-01 -1.014070808887481689e-01 3.159999251365661621e-01
9.197266697883605957e-01 -1.011900901794433594e-01 3.236944973468780518e-01
9.595625996589660645e-01 -1.049430817365646362e-01 3.377963900566101074e-01
9.865243434906005859e-01 -1.073517873883247375e-01 3.423518836498260498e-01
9.656880497932434082e-01 -1.062189638614654541e-01 3.308956027030944824e-01
9.912266731262207031e-01 -1.099444031715393066e-01 3.374074101448059082e-01
1.001292347908020020e+00 -1.105939149856567383e-01 3.429880142211914062e-01
1.001435875892639160e+00 -1.099031642079353333e-01 3.442487120628356934e-01
1.022048592567443848e+00 -1.120480149984359741e-01 3.506813645362854004e-01
1.024994134902954102e+00 -1.156030818819999695e-01 3.508778512477874756e-01
1.023866176605224609e+00 -1.178235560655593872e-01 3.540365099906921387e-01
1.048527598381042480e+00 -1.237747594714164734e-01 3.645910024642944336e-01
1.079049229621887207e+00 -1.279768049716949463e-01 3.740241229534149170e-01
1.074606180191040039e+00 -1.287592798471450806e-01 3.723138272762298584e-01
1.096935749053955078e+00 -1.329178512096405029e-01 3.837009072303771973e-01
1.146365880966186523e+00 -1.407380551099777222e-01 4.016435742378234863e-01
1.179933428764343262e+00 -1.440181136131286621e-01 4.119206070899963379e-01
1.160389542579650879e+00 -1.391657143831253052e-01 4.010345041751861572e-01
1.116549611091613770e+00 -1.341750323772430420e-01 3.866639137268066406e-01
1.099974989891052246e+00 -1.312269270420074463e-01 3.810704946517944336e-01
1.121348977088928223e+00 -1.337628066539764404e-01 3.929298222064971924e-01
1.130202770233154297e+00 -1.350726634263992310e-01 3.902853727340698242e-01
1.163572430610656738e+00 -1.413358598947525024e-01 4.063153564929962158e-01
1.174464583396911621e+00 -1.421238481998443604e-01 4.123423099517822266e-01
1.179770827293395996e+00 -1.416944265365600586e-01 4.178207814693450928e-01
1.196674346923828125e+00 -1.401253938674926758e-01 4.235735237598419189e-01
1.184361338615417480e+00 -1.380916088819503784e-01 4.156659543514251709e-01
1.171724319458007812e+00 -1.349819898605346680e-01 4.102087318897247314e-01
1.133312344551086426e+00 -1.303837150335311890e-01 3.879316151142120361e-01
1.135724425315856934e+00 -1.301203221082687378e-01 3.892756700515747070e-01
1.112633228302001953e+00 -1.281622052192687988e-01 3.831670284271240234e-01
1.091983079910278320e+00 -1.261977851390838623e-01 3.770930767059326172e-01
1.067171096801757812e+00 -1.240385398268699646e-01 3.686635792255401611e-01
1.048621892929077148e+00 -1.207443550229072571e-01 3.653435409069061279e-01
1.009104371070861816e+00 -1.176663264632225037e-01 3.508882224559783936e-01
9.896153807640075684e-01 -1.173947080969810486e-01 3.453749120235443115e-01
9.578608274459838867e-01 -1.142574548721313477e-01 3.375337123870849609e-01
9.379021525382995605e-01 -1.106775552034378052e-01 3.350005447864532471e-01
9.211727380752563477e-01 -1.084108054637908936e-01 3.395537734031677246e-01
9.142154455184936523e-01 -1.086092367768287659e-01 3.491749465465545654e-01
9.182530641555786133e-01 -1.087589040398597717e-01 3.672706782817840576e-01
9.058545231819152832e-01 -1.064765453338623047e-01 3.744780123233795166e-01
8.995512723922729492e-01 -1.067302227020263672e-01 3.804005086421966553e-01
8.756014108657836914e-01 -1.033819764852523804e-01 3.871197402477264404e-01
8.364514708518981934e-01 -9.974739700555801392e-02 3.866340219974517822e-01
7.962978482246398926e-01 -9.643553197383880615e-02 3.908208310604095459e-01
7.823244333267211914e-01 -9.787245094776153564e-02 4.011251628398895264e-01
7.429125905036926270e-01 -9.631665050983428955e-02 4.035381376743316650e-01
7.207046747207641602e-01 -9.811624139547348022e-02 4.029017388820648193e-01
6.659999489784240723e-01 -9.143716841936111450e-02 4.033488333225250244e-01
6.889468431472778320e-01 -9.584050625562667847e-02 4.322140514850616455e-01
6.609324216842651367e-01 -9.572751075029373169e-02 4.285139441490173340e-01
6.108328700065612793e-01 -9.121777862310409546e-02 3.896155357360839844e-01
6.031567454338073730e-01 -9.221012890338897705e-02 3.800077140331268311e-01
6.123754382133483887e-01 -9.620690345764160156e-02 3.595133125782012939e-01
6.524616479873657227e-01 -1.038508340716362000e-01 3.533021509647369385e-01
6.867648959159851074e-01 -1.038867309689521790e-01 3.565572500228881836e-01
6.787126660346984863e-01 -1.029414460062980652e-01 3.325479030609130859e-01
6.827594637870788574e-01 -9.278145432472229004e-02 3.252685666084289551e-01
6.816858649253845215e-01 -8.401805162429809570e-02 3.079397976398468018e-01
7.501974701881408691e-01 -9.279115498065948486e-02 3.142662942409515381e-01
7.650403380393981934e-01 -9.145598858594894409e-02 2.997847199440002441e-01
7.667289972305297852e-01 -9.447959810495376587e-02 2.817920744419097900e-01
7.647293210029602051e-01 -9.266829490661621094e-02 2.681685686111450195e-01
7.737195491790771484e-01 -8.891135454177856445e-02 2.576368451118469238e-01
7.848247885704040527e-01 -8.645386248826980591e-02 2.559688091278076172e-01
7.960529327392578125e-01 -9.834986925125122070e-02 2.558529078960418701e-01
7.999443411827087402e-01 -9.957352280616760254e-02 2.455034255981445312e-01
7.878423333168029785e-01 -9.667304903268814087e-02 2.366809248924255371e-01
7.665927410125732422e-01 -9.591700136661529541e-02 2.359458804130554199e-01
7.564737200736999512e-01 -1.002843230962753296e-01 2.382024824619293213e-01
7.741082906723022461e-01 -1.028036475181579590e-01 2.466287314891815186e-01
7.717789411544799805e-01 -9.714499115943908691e-02 2.584049701690673828e-01
7.657935619354248047e-01 -9.229532629251480103e-02 2.748636603355407715e-01
7.538230419158935547e-01 -8.877389878034591675e-02 2.980978190898895264e-01
7.795824408531188965e-01 -8.986613154411315918e-02 3.220568001270294189e-01
7.744240164756774902e-01 -9.051013737916946411e-02 3.378057777881622314e-01
7.706927061080932617e-01 -9.522330015897750854e-02 3.346734642982482910e-01
7.733818292617797852e-01 -1.029778644442558289e-01 3.291271924972534180e-01
8.160053491592407227e-01 -1.113725826144218445e-01 3.499109148979187012e-01
8.451218008995056152e-01 -1.135383695363998413e-01 3.827552199363708496e-01
8.497412800788879395e-01 -1.176294237375259399e-01 4.116473197937011719e-01
8.276312351226806641e-01 -1.222027614712715149e-01 4.244805276393890381e-01
7.857428193092346191e-01 -1.210506111383438110e-01 4.204303920269012451e-01
7.346121668815612793e-01 -1.134967431426048279e-01 4.125090241432189941e-01
7.299628853797912598e-01 -1.118423715233802795e-01 4.179567396640777588e-01
7.547238469123840332e-01 -1.148691698908805847e-01 4.397361278533935547e-01
7.187105417251586914e-01 -1.049685552716255188e-01 4.336569011211395264e-01
7.290318012237548828e-01 -1.053704246878623962e-01 4.534307420253753662e-01
7.598150968551635742e-01 -1.137060746550559998e-01 4.882901012897491455e-01
7.631677985191345215e-01 -1.152572780847549438e-01 5.104566216468811035e-01
7.686598300933837891e-01 -1.129519790410995483e-01 5.251649022102355957e-01
7.548213601112365723e-01 -1.111174970865249634e-01 5.322349667549133301e-01
7.798587083816528320e-01 -1.150824129581451416e-01 5.554319024085998535e-01
7.820161581039428711e-01 -1.134755387902259827e-01 5.573529005050659180e-01
7.826033234596252441e-01 -1.105825379490852356e-01 5.547698736190795898e-01
7.535958886146545410e-01 -1.062960401177406311e-01 5.435979366302490234e-01
7.394983172416687012e-01 -1.012312620878219604e-01 5.460117459297180176e-01
7.583874464035034180e-01 -1.041566282510757446e-01 5.731841325759887695e-01
7.645318508148193359e-01 -1.069466099143028259e-01 5.878279209136962891e-01
7.575287222862243652e-01 -1.075368449091911316e-01 5.855333209037780762e-01
