1.077902968972921371e-02 -1.153623498976230621e-02 4.022869688924401999e-04
1.737717725336551666e-02 -1.053582876920700073e-02 4.918728489428758621e-03
3.599477559328079224e-02 2.841915003955364227e-02 1.682069897651672363e-02
2.184341289103031158e-02 4.727650433778762817e-02 1.753592677414417267e-02
-5.784627050161361694e-03 1.263787224888801575e-02 1.121782115660607815e-03
1.663013547658920288e-02 3.126549720764160156e-02 -7.941496558487415314e-03
1.967029646039009094e-03 1.403260324150323868e-02 -9.551412425935268402e-03
4.280549008399248123e-03 9.309411980211734772e-03 -1.221655588597059250e-02
3.959317505359649658e-02 3.561728075146675110e-02 8.426848798990249634e-03
1.662392355501651764e-02 1.461049658246338367e-03 1.195899769663810730e-02
1.955835893750190735e-02 -4.039996303617954254e-03 2.830064482986927032e-02
8.917280472815036774e-03 -2.909272722899913788e-02 3.022126853466033936e-02
2.866030670702457428e-03 7.492268341593444347e-04 3.377529978752136230e-02
4.566402640193700790e-03 -6.542080547660589218e-03 3.512694686651229858e-02
1.805502548813819885e-02 6.944388616830110550e-03 -4.513942636549472809e-03
1.285897288471460342e-02 6.003698799759149551e-03 -1.745476736687123775e-03
-9.326671250164508820e-03 3.971497714519500732e-02 4.937546327710151672e-03
-2.357872948050498962e-02 4.640343040227890015e-02 1.737262308597564697e-02
-1.539022661745548248e-02 2.670326828956604004e-02 2.179293893277645111e-02
3.183865221217274666e-03 1.719000935554504395e-02 1.070884405635297298e-03
-1.444004755467176437e-02 1.201586332172155380e-02 8.344447240233421326e-03
-1.312281819991767406e-03 1.568156294524669647e-03 3.268611431121826172e-02
2.111986512318253517e-03 -7.765096961520612240e-04 2.840655483305454254e-02
1.812440901994705200e-02 1.344575639814138412e-02 1.819404400885105133e-02
-5.457960069179534912e-03 3.421588242053985596e-02 -3.596693277359008789e-03
2.275409363210201263e-02 2.395825460553169250e-02 4.505027085542678833e-03
2.464957349002361298e-02 -2.597004873678088188e-03 1.805590651929378510e-02
1.670940406620502472e-02 -4.495595581829547882e-03 3.218486160039901733e-02
2.460517548024654388e-02 8.297348394989967346e-03 2.958463132381439209e-02
-1.289729145355522633e-03 1.699582114815711975e-02 -1.876307651400566101e-02
9.171335026621818542e-03 1.631434634327888489e-02 -2.295360714197158813e-02
7.378487847745418549e-03 -3.050222806632518768e-02 9.747174568474292755e-03
-1.659046486020088196e-02 2.545370906591415405e-02 6.130367517471313477e-03
-3.626267192885279655e-03 3.786478191614151001e-02 1.951710437424480915e-03
-6.281436886638402939e-03 5.521456152200698853e-02 1.739658787846565247e-02
-1.674078591167926788e-02 5.942134559154510498e-02 1.604525372385978699e-02
-1.323866657912731171e-02 9.898313879966735840e-02 3.152742609381675720e-02
-6.248831748962402344e-03 7.504861056804656982e-02 1.126633863896131516e-02
-2.765752840787172318e-03 6.285994499921798706e-02 1.811365969479084015e-02
1.414969470351934433e-02 3.988938778638839722e-02 3.077219054102897644e-02
2.092067006742581725e-04 8.450976572930812836e-03 -3.143345005810260773e-03
2.061157487332820892e-02 4.102855920791625977e-03 3.700714558362960815e-02
1.287165470421314240e-02 -1.563506899401545525e-03 4.252849146723747253e-02
1.020604372024536133e-02 5.521492287516593933e-02 1.134136412292718887e-02
1.380114071071147919e-02 3.301569074392318726e-02 3.941133990883827209e-02
-1.095947064459323883e-02 4.018789529800415039e-02 2.306088618934154510e-02
-9.455746971070766449e-03 2.519339136779308319e-02 1.844426244497299194e-02
-2.646665787324309349e-03 3.934380412101745605e-02 1.826038956642150879e-02
-1.913323253393173218e-02 3.691427782177925110e-02 -9.815051453188061714e-04
-3.913228400051593781e-03 4.568132758140563965e-02 -3.699408989632502198e-05
1.393285766243934631e-02 3.859907016158103943e-02 1.499622594565153122e-02
9.818185120820999146e-03 2.190573699772357941e-02 2.198963426053524017e-02
-9.178050793707370758e-03 5.853627249598503113e-02 2.250095270574092865e-02
1.972150988876819611e-02 9.008629247546195984e-03 4.521809518337249756e-02
4.115505609661340714e-03 -3.362584626302123070e-03 1.383918989449739456e-02
2.429318847134709358e-03 1.773940399289131165e-02 -6.228107027709484100e-03
4.816861823201179504e-02 3.375915065407752991e-02 9.308168292045593262e-02
6.396695971488952637e-03 -7.811193354427814484e-03 4.669750481843948364e-02
1.828684471547603607e-02 2.541267685592174530e-02 3.341967612504959106e-02
1.109199132770299911e-02 2.539623156189918518e-02 1.733058691024780273e-02
3.024680167436599731e-02 -9.733060374855995178e-03 5.588113516569137573e-02
1.215519942343235016e-02 -3.890584409236907959e-02 2.971161529421806335e-02
1.382242143154144287e-02 -2.668591588735580444e-02 4.253784567117691040e-02
9.226836264133453369e-03 -8.784149773418903351e-03 5.096884816884994507e-02
-7.343499921262264252e-03 2.456299774348735809e-02 -8.656929247081279755e-03
4.029327537864446640e-04 1.104262657463550568e-02 -2.548240823671221733e-03
1.617463491857051849e-02 1.400367822498083115e-02 8.660147897899150848e-03
4.851262085139751434e-03 2.034804038703441620e-02 3.854340407997369766e-03
-1.279847603291273117e-02 1.618323661386966705e-02 1.922615454532206059e-03
1.347940973937511444e-02 1.225606352090835571e-02 -1.236300013260915875e-04
8.399050682783126831e-03 7.896569557487964630e-03 3.586544888094067574e-03
-7.390050683170557022e-03 -4.463724326342344284e-03 7.755118887871503830e-03
3.429693728685379028e-02 1.703187823295593262e-03 7.475063670426607132e-03
1.636134460568428040e-02 -1.639879657886922359e-03 3.200497012585401535e-03
2.065587230026721954e-02 5.542249346035532653e-05 -2.576541854068636894e-03
1.926630549132823944e-02 3.202683990821242332e-03 1.623329007998108864e-03
1.630015112459659576e-02 6.489551626145839691e-03 3.497870871797204018e-03
1.348858326673507690e-02 1.046440796926617622e-03 2.846012357622385025e-04
1.356040034443140030e-02 1.193754840642213821e-03 4.636266967281699181e-04
1.385591179132461548e-02 -1.067325472831726074e-03 1.179278129711747169e-03
1.637607067823410034e-02 6.211480125784873962e-03 9.682390838861465454e-03
1.375323813408613205e-02 2.412225119769573212e-03 2.983294427394866943e-03
1.328284852206707001e-02 1.618664595298469067e-03 1.772682880982756615e-03
1.347201783210039139e-02 1.416303566657006741e-03 8.896249346435070038e-04
1.560913398861885071e-02 6.677934899926185608e-03 4.298862535506486893e-03
1.345480419695377350e-02 1.933190971612930298e-03 1.335044042207300663e-03
1.366962864995002747e-02 2.446365077048540115e-03 1.734248013235628605e-03
1.383758429437875748e-02 2.531484933570027351e-03 1.811210182495415211e-03
1.614140719175338745e-02 7.653222419321537018e-03 5.927712190896272659e-03
1.407719962298870087e-02 2.398213371634483337e-03 1.557163428515195847e-03
1.368151791393756866e-02 2.251466736197471619e-03 1.518780947662889957e-03
1.381552591919898987e-02 2.291419077664613724e-03 1.514244009740650654e-03
1.685272157192230225e-02 7.590312976390123367e-03 5.719929933547973633e-03
1.376119535416364670e-02 2.242433372884988785e-03 1.616321736946702003e-03
1.369022484868764877e-02 2.211361192166805267e-03 1.615319401025772095e-03
1.370672043412923813e-02 2.144924364984035492e-03 1.564562902785837650e-03
1.579093560576438904e-02 7.164877373725175858e-03 5.823653191328048706e-03
1.378478016704320908e-02 2.147996099665760994e-03 1.535820658318698406e-03
1.355261262506246567e-02 2.219604793936014175e-03 1.732473028823733330e-03
1.370021142065525055e-02 2.212701132521033287e-03 1.725645619444549084e-03
1.613406464457511902e-02 7.365279365330934525e-03 6.206959486007690430e-03
1.381772942841053009e-02 2.258888911455869675e-03 1.565959886647760868e-03
1.367646083235740662e-02 1.923727220855653286e-03 1.449136529117822647e-03
1.378178410232067108e-02 2.833852544426918030e-03 1.309911836870014668e-03
1.373730041086673737e-02 1.771573908627033234e-03 3.742621978744864464e-03
1.501594018191099167e-02 6.743949372321367264e-03 1.549805165268480778e-03
1.331096328794956207e-02 2.952995710074901581e-03 1.183082815259695053e-03
1.261360477656126022e-02 -5.008793435990810394e-03 -8.296613814309239388e-04
1.449323073029518127e-02 -6.270788726396858692e-04 5.701622460037469864e-03
1.383764017373323441e-02 2.659605117514729500e-03 9.532946278341114521e-04
1.307430397719144821e-02 2.501769689843058586e-03 9.341382537968456745e-04
1.332818996161222458e-02 2.819499932229518890e-03 1.197732868604362011e-03
1.704456470906734467e-02 -3.300184383988380432e-03 5.548092536628246307e-03
1.556136924773454666e-02 2.422288991510868073e-03 5.907801096327602863e-04
1.340619474649429321e-02 3.957579378038644791e-03 1.719603547826409340e-03
1.441011391580104828e-02 3.679448273032903671e-03 1.373522798530757427e-03
1.691410131752490997e-02 1.410937961190938950e-02 4.561756737530231476e-03
1.365910191088914871e-02 4.236045293509960175e-03 1.151035656221210957e-03
1.435696706175804138e-02 3.644844284281134605e-03 1.319800969213247299e-03
1.387186255306005478e-02 4.275801125913858414e-03 1.420136424712836742e-03
1.771441660821437836e-02 1.031399145722389221e-02 5.461316555738449097e-03
1.379225775599479675e-02 3.294783178716897964e-03 1.379578607156872749e-03
1.313868351280689240e-02 3.019422059878706932e-03 1.303107244893908501e-03
1.326471567153930664e-02 3.705162322148680687e-03 1.323596225120127201e-03
1.640011370182037354e-02 7.486511487513780594e-03 5.363130010664463043e-03
1.356608606874942780e-02 3.833697875961661339e-03 1.063711359165608883e-03
1.406098995357751846e-02 4.126133862882852554e-03 8.608739008195698261e-04
1.490496657788753510e-02 4.560291301459074020e-03 1.484013511799275875e-03
1.653529331088066101e-02 1.078482717275619507e-02 5.061207804828882217e-03
1.433346699923276901e-02 4.045657813549041748e-03 1.748311915434896946e-03
1.464447937905788422e-02 4.486051853746175766e-03 1.651103724725544453e-03
1.514678262174129486e-02 5.442620720714330673e-03 1.555076451040804386e-03
1.614222303032875061e-02 6.390925031155347824e-03 5.538662895560264587e-03
1.293584890663623810e-02 2.678776858374476433e-03 1.401808811351656914e-03
1.395079307258129120e-02 2.461910480633378029e-03 7.133568287827074528e-04
1.451643835753202438e-02 3.512358758598566055e-03 1.474401564337313175e-03
1.664432510733604431e-02 7.616674061864614487e-03 5.097506567835807800e-03
1.426926255226135254e-02 3.147067269310355186e-03 1.718986197374761105e-03
1.428485941141843796e-02 3.633642336353659630e-03 9.009377099573612213e-04
1.649272255599498749e-02 5.300806369632482529e-03 1.860907184891402721e-03
1.986068673431873322e-02 8.417662233114242554e-03 2.173742745071649551e-03
1.944544538855552673e-02 5.164168309420347214e-03 3.397801774553954601e-04
1.932333596050739288e-02 4.630601499229669571e-03 6.859418499516323209e-05
1.234287768602371216e-02 3.526229644194245338e-03 2.231137594208121300e-03
2.573209814727306366e-02 1.147886645048856735e-02 4.738875199109315872e-03
1.289213169366121292e-02 3.865249222144484520e-03 1.869312603957951069e-03
1.165283378213644028e-02 2.571242395788431168e-03 4.737011913675814867e-04
1.552345324307680130e-02 4.193254746496677399e-03 1.481529092416167259e-03
2.558650076389312744e-02 5.091062746942043304e-03 -3.125943243503570557e-03
1.694962754845619202e-02 2.690369728952646255e-04 -8.788183913566172123e-04
1.970136724412441254e-02 -2.822316309902817011e-04 -2.826626878231763840e-04
2.347452379763126373e-02 1.344747282564640045e-02 5.973313935101032257e-03
3.016205132007598877e-02 3.876189514994621277e-02 -6.981941405683755875e-03
1.081626582890748978e-02 3.037787601351737976e-02 1.014925912022590637e-02
2.689823694527149200e-02 9.016687981784343719e-03 6.431293673813343048e-03
3.129073977470397949e-02 -1.226217672228813171e-02 1.379623822867870331e-02
1.688405312597751617e-02 3.840689081698656082e-03 1.988643407821655273e-02
1.261964719742536545e-02 -3.145627910271286964e-03 1.823440939188003540e-02
1.479362882673740387e-02 -9.021758101880550385e-03 2.143127284944057465e-02
1.363379228860139847e-02 -1.586211286485195160e-02 2.175778336822986603e-02
2.067063562572002411e-02 1.581954583525657654e-02 1.242388039827346802e-02
2.847677282989025116e-02 4.394204169511795044e-02 1.992843113839626312e-02
-2.312268625246360898e-04 4.830513522028923035e-02 1.510126795619726181e-02
-8.539803326129913330e-03 2.982458472251892090e-02 8.171181194484233856e-03
-4.436932504177093506e-03 3.042569570243358612e-02 1.177934184670448303e-02
1.806741696782410145e-03 2.904188632965087891e-02 2.185755968093872070e-02
1.246723346412181854e-03 3.549290820956230164e-02 1.516968198120594025e-02
-3.025333629921078682e-03 4.762535169720649719e-02 7.619406562298536301e-03
-1.897511421702802181e-03 3.075952641665935516e-02 2.048813551664352417e-02
-5.225889384746551514e-03 4.328924790024757385e-02 4.530264530330896378e-03
-3.543130122125148773e-03 4.117666929960250854e-02 3.603268123697489500e-04
-6.520459894090890884e-03 3.135689347982406616e-02 1.769421389326453209e-03
-9.088119841180741787e-04 6.236683577299118042e-03 1.637479476630687714e-02
-1.397535437718033791e-03 2.408950403332710266e-02 2.537291124463081360e-02
-2.890870906412601471e-03 1.631674170494079590e-02 2.047697082161903381e-02
6.088011898100376129e-03 -8.631897158920764923e-03 1.409690827131271362e-02
8.458836935460567474e-03 -5.601743608713150024e-02 4.578107222914695740e-02
8.198069408535957336e-03 -8.925258181989192963e-03 -1.756360172294080257e-03
1.353712193667888641e-02 -2.369247190654277802e-02 2.029182203114032745e-02
2.307349443435668945e-02 -3.354698792099952698e-02 2.810656093060970306e-02
2.797925844788551331e-02 -8.982572704553604126e-02 4.788534715771675110e-02
3.914648294448852539e-02 -3.235593810677528381e-02 4.122950136661529541e-02
3.328767046332359314e-02 -1.127074845135211945e-02 3.857048600912094116e-02
3.763319924473762512e-02 -9.703284129500389099e-03 4.485496133565902710e-02
4.669355228543281555e-02 -4.535207059234380722e-03 3.626628220081329346e-02
2.841207012534141541e-02 1.086402218788862228e-02 1.353784743696451187e-02
3.381088748574256897e-02 1.655801758170127869e-02 2.390735410153865814e-02
3.792587667703628540e-02 1.731058023869991302e-02 2.976758591830730438e-02
3.008136898279190063e-02 1.259602233767509460e-02 2.516326680779457092e-02
2.867715060710906982e-02 4.669265355914831161e-03 1.007133349776268005e-02
2.342892624437808990e-02 -3.655796404927968979e-03 1.649755984544754028e-03
3.477843850851058960e-02 -3.622831078246235847e-03 2.086136862635612488e-02
-4.789242986589670181e-03 -3.333869948983192444e-02 8.983668871223926544e-03
1.407559216022491455e-02 1.003110408782958984e-02 2.541990764439105988e-02
1.097833923995494843e-02 4.091310314834117889e-03 2.828412503004074097e-02
1.334387576207518578e-03 1.453237491659820080e-03 3.574454411864280701e-02
2.299371547996997833e-02 -2.239354653283953667e-04 7.028266787528991699e-02
7.763849571347236633e-03 -1.740523613989353180e-02 5.043301731348037720e-02
1.196699310094118118e-02 -9.419755078852176666e-03 6.326285749673843384e-02
1.252531632781028748e-02 -1.790111884474754333e-03 6.428360939025878906e-02
1.627863571047782898e-02 -1.892615295946598053e-02 7.270342856645584106e-02
5.053281784057617188e-03 -6.314320955425500870e-03 3.864403441548347473e-02
2.769949380308389664e-03 -8.105630055069923401e-03 3.552014753222465515e-02
8.890034514479339123e-04 -1.354120951145887375e-02 2.948504500091075897e-02
-8.522002026438713074e-03 -3.364228457212448120e-02 2.122687175869941711e-03
3.674657782539725304e-03 -1.790689304471015930e-02 6.468893960118293762e-03
1.338016358204185963e-03 -9.908807463943958282e-03 7.290157955139875412e-04
-1.532960333861410618e-03 -2.102559059858322144e-02 -3.877267707139253616e-03
4.499923437833786011e-03 -7.583804428577423096e-02 1.810936070978641510e-02
-9.400484152138233185e-03 -1.720182597637176514e-02 -7.155242841690778732e-03
-6.604589056223630905e-03 -4.396103695034980774e-02 -1.530132442712783813e-02
-1.121584046632051468e-02 -4.183613881468772888e-02 -9.024608880281448364e-03
-8.690396323800086975e-03 -1.363145262002944946e-01 2.461909875273704529e-02
-1.586193963885307312e-02 -5.235532298684120178e-02 1.716626435518264771e-02
-1.937842182815074921e-02 -6.143604218959808350e-02 1.387824676930904388e-02
-9.897843003273010254e-03 -6.665738672018051147e-02 2.120245993137359619e-02
3.897934686392545700e-03 -9.045824408531188965e-02 1.976182684302330017e-02
2.230330929160118103e-02 -4.120399057865142822e-02 6.030832231044769287e-02
1.865480467677116394e-02 -3.344181925058364868e-02 4.449756443500518799e-02
2.334616892039775848e-02 -2.863804437220096588e-02 5.241438373923301697e-02
2.778749167919158936e-02 -1.612008363008499146e-02 4.684762656688690186e-02
3.845015913248062134e-02 -6.293852813541889191e-03 4.170225560665130615e-02
3.414686024188995361e-02 -5.583886522799730301e-03 3.801036998629570007e-02
3.362272307276725769e-02 -9.861835278570652008e-03 3.608588129281997681e-02
2.401780709624290466e-02 -1.055332366377115250e-02 3.181599080562591553e-02
1.480505615472793579e-02 -1.666076853871345520e-02 1.976878009736537933e-02
1.854428276419639587e-02 -8.254359476268291473e-03 3.147226199507713318e-02
2.207024022936820984e-02 -5.139259155839681625e-03 3.372337669134140015e-02
4.841032251715660095e-02 -5.025764182209968567e-02 8.646640181541442871e-02
2.706186845898628235e-02 -3.489916399121284485e-02 6.656305491924285889e-02
3.914067521691322327e-02 -4.471933841705322266e-02 7.684294134378433228e-02
3.927636146545410156e-02 -3.356451913714408875e-02 6.516277790069580078e-02
1.385147590190172195e-02 -8.279547095298767090e-02 3.082688525319099426e-02
1.882870448753237724e-03 -1.716353371739387512e-02 -1.545152772450819612e-04
-7.435153238475322723e-04 2.176381181925535202e-03 -8.813572116196155548e-03
9.561839979141950607e-04 2.241613576188683510e-03 -1.578664779663085938e-02
-4.508189740590751171e-04 1.003854908049106598e-02 -2.344160899519920349e-02
6.624927045777440071e-04 1.128624659031629562e-03 -2.156581543385982513e-02
4.393381066620349884e-03 -1.006597303785383701e-03 -1.188752520829439163e-02
3.605065867304801941e-03 -9.065847843885421753e-03 -5.231880582869052887e-03
-2.350084017962217331e-03 -5.881851073354482651e-03 -1.641952060163021088e-02
-7.276205811649560928e-03 -8.986519649624824524e-03 -3.340960294008255005e-02
2.318241633474826813e-03 -2.073046192526817322e-02 -7.612414658069610596e-03
-7.868224754929542542e-03 -1.811391487717628479e-02 -1.306489109992980957e-02
-3.602898912504315376e-03 -3.172796219587326050e-02 5.332814063876867294e-03
2.389750210568308830e-03 -2.700788900256156921e-03 3.405122784897685051e-03
4.384478088468313217e-03 1.970642618834972382e-02 1.031357608735561371e-02
1.559863216243684292e-03 1.984635740518569946e-02 1.300748810172080994e-02
-4.462600219994783401e-03 3.968059271574020386e-02 1.566625200212001801e-02
-4.204651806503534317e-03 2.161128818988800049e-02 -2.563865855336189270e-04
-1.565778744406998158e-03 1.835297979414463043e-02 -1.009651646018028259e-02
-7.674460648559033871e-04 1.301903929561376572e-02 -1.311751082539558411e-02
-7.811530376784503460e-04 1.558722462505102158e-02 -1.083573978394269943e-02
6.163651589304208755e-03 2.877298370003700256e-02 6.410695612430572510e-03
2.218540012836456299e-02 3.588491305708885193e-02 3.173880279064178467e-02
2.084942907094955444e-02 1.796697080135345459e-02 4.623692855238914490e-02
4.400325939059257507e-03 1.020738668739795685e-02 4.650912433862686157e-02
1.311756763607263565e-02 2.612935006618499756e-02 5.200521647930145264e-02
6.938640493899583817e-03 2.224345691502094269e-02 5.014137923717498779e-02
1.555445720441639423e-03 2.149535529315471649e-02 2.867843210697174072e-02
-6.590822245925664902e-03 9.387645870447158813e-03 1.193861756473779678e-02
-5.946938879787921906e-03 2.686153724789619446e-02 6.994344759732484818e-03
-7.579597178846597672e-03 2.097519673407077789e-02 -7.781575433909893036e-03
-2.081671729683876038e-02 1.537613291293382645e-02 -1.194594148546457291e-02
-2.960028313100337982e-02 1.364548597484827042e-02 -2.101304382085800171e-02
-1.779533363878726959e-02 1.055795326828956604e-02 -1.897998526692390442e-02
-1.676399633288383484e-02 4.580098204314708710e-03 -1.455204281955957413e-02
-1.416377164423465729e-02 5.585946142673492432e-03 -6.769163999706506729e-03
-6.229252088814973831e-03 2.646237378939986229e-03 1.526319980621337891e-02
6.793694919906556606e-04 9.772938676178455353e-03 1.125487405806779861e-02
-2.487335819751024246e-03 1.048176642507314682e-02 7.076750509440898895e-03
1.116784475743770599e-02 1.267763040959835052e-02 2.370547316968441010e-02
1.255690958350896835e-02 3.305738046765327454e-02 5.043844878673553467e-02
8.897675201296806335e-03 4.006799310445785522e-02 1.502448599785566330e-02
1.018795184791088104e-02 3.808327764272689819e-02 3.974466118961572647e-03
2.437135670334100723e-03 4.170887917280197144e-02 1.357347797602415085e-02
-3.242912702262401581e-03 3.699322417378425598e-02 2.897582016885280609e-02
5.577126052230596542e-03 3.587561473250389099e-02 2.127808332443237305e-02
3.679297165945172310e-03 3.727422654628753662e-02 2.668484486639499664e-02
-3.306796541437506676e-03 3.960099443793296814e-02 1.631838269531726837e-02
-7.337009534239768982e-03 1.310695242136716843e-02 2.672152779996395111e-02
-6.050331052392721176e-03 2.693468332290649414e-02 6.426751147955656052e-03
-8.088609203696250916e-03 2.586243301630020142e-02 -4.417971707880496979e-03
-1.371498405933380127e-02 2.134141698479652405e-02 -1.566349156200885773e-02
-1.704455912113189697e-02 2.299645217135548592e-03 -1.947623491287231445e-02
-1.558073144406080246e-02 1.836353354156017303e-02 -2.576812915503978729e-02
-1.553368940949440002e-02 3.330017253756523132e-02 -1.630916446447372437e-02
-2.042273245751857758e-02 3.639641404151916504e-02 -2.311780303716659546e-02
-8.521229028701782227e-03 2.566620893776416779e-02 3.904250217601656914e-03
-2.061061002314090729e-02 3.057115152478218079e-02 -1.181387249380350113e-02
-1.327764894813299179e-02 3.210866451263427734e-02 -1.864000223577022552e-02
-2.013121172785758972e-02 2.082647383213043213e-02 -1.014320459216833115e-02
-1.442877762019634247e-02 -2.894042991101741791e-02 4.840068519115447998e-02
4.764424011227674782e-05 -4.570450168102979660e-03 3.587579727172851562e-02
-5.705920513719320297e-03 2.675548009574413300e-02 2.258137986063957214e-02
-1.426743995398283005e-02 4.350669309496879578e-02 1.161714084446430206e-02
-1.404713653028011322e-02 3.601324185729026794e-02 -6.169789470732212067e-03
1.862004026770591736e-02 -7.080205716192722321e-03 1.657107146456837654e-03
2.522680163383483887e-02 -4.957676399499177933e-03 3.360271453857421875e-03
2.398056723177433014e-02 7.012403104454278946e-03 -4.823979921638965607e-03
1.640185154974460602e-02 3.085470991209149361e-03 -1.480448059737682343e-02
6.196572445333003998e-03 2.490201406180858612e-02 -3.369849175214767456e-02
-2.176776062697172165e-03 1.722564361989498138e-02 -3.419930487871170044e-02
-1.329985167831182480e-02 1.155217830091714859e-02 -2.897402644157409668e-02
-5.128444638103246689e-03 2.612555958330631256e-02 -1.890973746776580811e-02
1.404267153702676296e-03 1.921409368515014648e-02 -1.703618466854095459e-02
5.259148776531219482e-03 1.692231185734272003e-02 -1.528003951534628868e-03
8.832452818751335144e-03 5.851133260875940323e-03 1.749844639562070370e-03
-8.471353794448077679e-04 -2.733513899147510529e-02 6.134546920657157898e-02
2.123586647212505341e-02 2.588696777820587158e-02 5.425015836954116821e-02
1.828302815556526184e-02 1.571480371057987213e-02 6.335613131523132324e-02
1.015599910169839859e-02 7.077861577272415161e-03 4.122016206383705139e-02
1.887976005673408508e-02 2.733263373374938965e-02 5.814580991864204407e-02
1.497170515358448029e-02 2.753620268777012825e-03 2.734936773777008057e-02
-9.455292485654354095e-03 -1.164150889962911606e-03 3.547057509422302246e-02
-3.047643695026636124e-03 3.444036468863487244e-02 2.111221291124820709e-02
-9.431809186935424805e-03 4.978815093636512756e-02 4.865264054387807846e-03
-8.893659338355064392e-03 4.454021528363227844e-02 -1.208331994712352753e-02
-1.685314066708087921e-02 2.250534482300281525e-02 -8.497019298374652863e-03
-1.440151408314704895e-02 2.116471529006958008e-02 -9.744552895426750183e-03
1.055342983454465866e-02 3.288688510656356812e-02 1.594227179884910583e-02
-1.603396027348935604e-03 -1.357392291538417339e-03 5.869620945304632187e-03
4.676308948546648026e-03 1.496118493378162384e-02 3.788061439990997314e-02
8.370315656065940857e-03 1.691935770213603973e-02 3.205109015107154846e-02
2.848437055945396423e-02 1.183634772896766663e-01 8.016600459814071655e-02
9.132614359259605408e-03 5.921849608421325684e-02 4.799826070666313171e-02
1.526458933949470520e-02 6.671072542667388916e-02 5.657369643449783325e-02
1.230325177311897278e-02 6.308872252702713013e-02 5.282420665025711060e-02
3.720995783805847168e-02 1.207434460520744324e-01 6.687967479228973389e-02
1.082288939505815506e-02 2.294658869504928589e-02 2.082883380353450775e-03
1.537368167191743851e-02 2.332337014377117157e-02 8.600056171417236328e-03
6.018958054482936859e-03 1.709889993071556091e-02 1.717812754213809967e-02
2.412875555455684662e-02 4.236378148198127747e-02 5.647881329059600830e-02
7.059241645038127899e-03 1.165619399398565292e-02 2.015615254640579224e-02
-1.916476176120340824e-03 9.599600918591022491e-03 2.677095821127295494e-03
-5.378211848437786102e-03 2.470086328685283661e-02 1.509474311023950577e-02
-5.380713264457881451e-04 5.309244245290756226e-02 1.513157412409782410e-02
8.862573653459548950e-03 6.713740527629852295e-03 6.748312152922153473e-03
-6.153797730803489685e-04 -2.272357465699315071e-03 -1.491057500243186951e-02
9.600468911230564117e-05 -5.871238652616739273e-03 -1.665431261062622070e-02
5.439508240669965744e-03 4.807049408555030823e-02 -8.701725862920284271e-03
4.048394504934549332e-03 2.093495242297649384e-02 -2.073232457041740417e-02
5.134691018611192703e-03 3.182140737771987915e-02 -1.979559101164340973e-02
2.891827374696731567e-03 3.275015950202941895e-02 1.170676434412598610e-03
9.173903963528573513e-04 2.502656914293766022e-02 1.793285459280014038e-02
-5.310587584972381592e-03 1.395739894360303879e-02 1.396541576832532883e-02
5.691417492926120758e-03 1.934629492461681366e-02 1.497073564678430557e-02
7.988716475665569305e-03 1.865649782121181488e-02 1.409721933305263519e-02
1.547931879758834839e-02 -1.399424299597740173e-02 1.462453790009021759e-02
6.497219670563936234e-03 1.631576684303581715e-03 1.130560133606195450e-02
-5.567714688368141651e-04 6.340329069644212723e-03 1.402450632303953171e-02
-8.154994575306773186e-04 -1.195629360154271126e-03 1.397156342864036560e-02
-2.266895025968551636e-02 -1.199046894907951355e-02 -1.792355254292488098e-02
-1.831471733748912811e-02 -3.431496908888220787e-03 5.940705072134733200e-03
-1.839537918567657471e-02 7.309035863727331161e-03 1.449948083609342575e-02
1.056817243807017803e-03 2.806415222585201263e-02 1.941808965057134628e-03
-1.308549288660287857e-02 3.548005223274230957e-02 -3.403586149215698242e-02
-1.324555464088916779e-02 -6.661755032837390900e-03 -4.406500235199928284e-02
-1.451680622994899750e-02 5.321371369063854218e-03 -3.146864473819732666e-02
-4.438097588717937469e-03 -1.228727027773857117e-02 -1.793468557298183441e-02
3.931236453354358673e-03 -7.579207420349121094e-02 -1.266721915453672409e-02
-5.941563751548528671e-03 -6.095027551054954529e-02 -5.305657908320426941e-02
-2.697003632783889771e-02 -3.747695684432983398e-02 -5.765929073095321655e-02
-2.322408743202686310e-02 -4.385879263281822205e-02 -5.472115054726600647e-02
-3.906567394733428955e-02 9.486755356192588806e-03 -5.149947479367256165e-02
-3.054689615964889526e-02 1.394682098180055618e-02 -5.081898719072341919e-02
-3.101538121700286865e-02 1.469107065349817276e-02 -5.304652079939842224e-02
-2.443799935281276703e-02 4.969235509634017944e-03 -4.217742383480072021e-02
-5.447285249829292297e-03 -2.024605870246887207e-03 3.269213018938899040e-03
4.279692657291889191e-03 -2.325371280312538147e-02 -1.099479501135647297e-03
1.213859301060438156e-02 -1.954307593405246735e-02 7.516694720834493637e-03
7.058030925691127777e-03 -3.143245726823806763e-02 1.462977100163698196e-02
-9.637227281928062439e-03 6.082920823246240616e-03 2.689340850338339806e-03
4.171863663941621780e-03 -1.815350912511348724e-02 4.638066049665212631e-03
-7.903611985966563225e-04 -1.187063567340373993e-02 2.517320914193987846e-03
-4.466453101485967636e-03 -2.006140537559986115e-02 2.847230294719338417e-03
7.528614369221031666e-04 -6.579502671957015991e-02 3.731374815106391907e-02
1.349984854459762573e-02 -7.237368822097778320e-02 2.318408340215682983e-02
3.991963341832160950e-03 -2.725111134350299835e-02 1.421022787690162659e-02
4.497442860156297684e-03 -1.214175578206777573e-02 9.253066964447498322e-03
9.256682358682155609e-03 1.530550327152013779e-02 1.591828837990760803e-02
6.659143138676881790e-03 -2.704740501940250397e-02 7.869239896535873413e-03
6.162805948406457901e-03 -2.371282689273357391e-02 3.916731104254722595e-03
5.840172059834003448e-03 -2.640100754797458649e-02 2.605698769912123680e-03
4.110333044081926346e-03 9.276156313717365265e-03 4.307987168431282043e-03
5.923999939113855362e-03 -3.371869772672653198e-02 2.345831308048218489e-04
5.164239089936017990e-03 -4.370477050542831421e-02 -2.142870100215077400e-03
5.748918745666742325e-03 -4.464215040206909180e-02 -2.530697034671902657e-03
1.901362091302871704e-02 -4.302465543150901794e-02 2.007111720740795135e-02
6.510933861136436462e-03 -1.348289009183645248e-02 -1.614712993614375591e-03
1.059480477124452591e-02 -1.187747623771429062e-02 3.626622492447495461e-03
7.897593080997467041e-03 -1.810099370777606964e-02 -8.308481425046920776e-03
7.698109373450279236e-03 4.434698075056076050e-02 2.089298330247402191e-02
-8.535619126632809639e-04 -1.536813005805015564e-02 -7.669351994991302490e-03
-3.860625205561518669e-03 -1.184949651360511780e-02 -6.386597640812397003e-03
-1.264371722936630249e-02 1.660890132188796997e-02 2.093625487759709358e-03
-1.637041941285133362e-02 3.302744030952453613e-02 1.419850159436464310e-02
-7.669792510569095612e-03 5.975915119051933289e-03 -8.641619235277175903e-03
4.689245484769344330e-03 2.696593850851058960e-02 2.351551316678524017e-02
6.660861545242369175e-04 2.681457996368408203e-02 1.944204233586788177e-02
3.393562510609626770e-03 4.258369281888008118e-02 1.960406638681888580e-02
3.164723981171846390e-03 4.317777976393699646e-02 5.186325870454311371e-03
4.341006744652986526e-03 4.400224238634109497e-02 7.298409473150968552e-03
1.180136110633611679e-02 4.041760787367820740e-02 2.303261309862136841e-02
1.664039306342601776e-02 5.162834376096725464e-02 6.472291797399520874e-02
8.834587410092353821e-03 2.355890348553657532e-02 4.231638088822364807e-02
1.372814923524856567e-02 1.726968958973884583e-02 4.490577429533004761e-02
1.509348582476377487e-02 1.194896455854177475e-02 2.919605560600757599e-02
1.522437669336795807e-02 1.197427697479724884e-02 4.306529834866523743e-02
1.641923561692237854e-02 -3.902674419805407524e-03 4.385168850421905518e-02
1.900343596935272217e-02 3.309324849396944046e-03 3.923302888870239258e-02
2.301097288727760315e-02 9.074109606444835663e-03 4.295869916677474976e-02
2.065620571374893188e-02 6.424163468182086945e-03 3.721132874488830566e-02
2.440362609922885895e-02 8.932317607104778290e-03 3.375703468918800354e-02
2.412923984229564667e-02 -1.845343504101037979e-03 3.641948476433753967e-02
2.069644816219806671e-02 2.401201520115137100e-03 3.240590542554855347e-02
2.963576093316078186e-02 -5.309134721755981445e-03 4.393928870558738708e-02
2.138828486204147339e-02 8.446055464446544647e-03 3.480672463774681091e-02
1.950389146804809570e-02 9.908609092235565186e-03 3.519305214285850525e-02
1.880314946174621582e-02 6.934003904461860657e-03 3.082647733390331268e-02
3.596356138586997986e-02 5.093647167086601257e-02 6.592854857444763184e-02
2.303719148039817810e-02 3.386433422565460205e-02 3.567912057042121887e-02
2.231696993112564087e-02 3.576947376132011414e-02 3.950215503573417664e-02
1.915180496871471405e-02 4.425803199410438538e-02 3.822897374629974365e-02
1.774115487933158875e-02 4.331430792808532715e-02 3.984047845005989075e-02
1.554995309561491013e-02 2.515753917396068573e-02 3.174859285354614258e-02
1.704257354140281677e-02 1.378228235989809036e-02 2.853753045201301575e-02
1.474401634186506271e-02 1.329689472913742065e-02 2.809534594416618347e-02
1.480055507272481918e-02 1.652386039495468140e-02 2.897578850388526917e-02
1.060563232749700546e-02 -1.348252315074205399e-02 2.849447168409824371e-02
1.239105500280857086e-02 -1.941379532217979431e-02 3.507613763213157654e-02
1.387905701994895935e-02 -1.723175123333930969e-02 3.384922444820404053e-02
2.537681907415390015e-02 -1.640028879046440125e-02 7.133146375417709351e-02
2.060924284160137177e-02 -1.139290980063378811e-03 4.271279647946357727e-02
1.984102651476860046e-02 4.509320948272943497e-03 3.762181103229522705e-02
1.910385489463806152e-02 1.413997844792902470e-03 4.041018337011337280e-02
1.781031675636768341e-02 -2.161071635782718658e-03 4.116157814860343933e-02
2.070211432874202728e-02 -6.538832560181617737e-03 6.067211553454399109e-02
1.834869384765625000e-02 -8.653273805975914001e-03 5.152917653322219849e-02
1.939080655574798584e-02 -1.349298283457756042e-02 4.167088121175765991e-02
1.976817473769187927e-02 -1.329024042934179306e-02 4.024718701839447021e-02
1.688889600336551666e-02 -1.375994179397821426e-02 3.856682777404785156e-02
1.630441285669803619e-02 -1.280784513801336288e-02 3.880071640014648438e-02
2.032391540706157684e-02 -1.525639183819293976e-02 4.664692282676696777e-02
2.962952293455600739e-02 -1.316521875560283661e-02 7.002206146717071533e-02
2.044989913702011108e-02 -8.739564567804336548e-03 4.797528684139251709e-02
2.094700932502746582e-02 -1.106902025640010834e-02 4.883241653442382812e-02
2.030229009687900543e-02 -7.244584150612354279e-03 4.766333475708961487e-02
2.012033015489578247e-02 2.703240839764475822e-03 4.769363999366760254e-02
1.990354061126708984e-02 -2.900202060118317604e-03 4.224806651473045349e-02
1.849011518061161041e-02 -6.583603564649820328e-03 4.086843878030776978e-02
2.315798774361610413e-02 -1.003175508230924606e-02 4.766280949115753174e-02
3.224757686257362366e-02 -3.249784559011459351e-02 6.455549597740173340e-02
2.512560039758682251e-02 -1.824891194701194763e-02 4.714605584740638733e-02
2.773465029895305634e-02 -2.582615986466407776e-02 5.170220509171485901e-02
2.370861917734146118e-02 -2.350964955985546112e-02 4.469629377126693726e-02
1.416394952684640884e-02 -1.261571014765650034e-04 4.017836973071098328e-02
1.981740072369575500e-02 -8.549453690648078918e-03 4.952753335237503052e-02
1.790174096822738647e-02 -7.998705841600894928e-03 4.505927115678787231e-02
1.590887084603309631e-02 -9.357495233416557312e-03 4.045848175883293152e-02
1.403889991343021393e-02 -1.299674063920974731e-02 3.902318328619003296e-02
1.465558074414730072e-02 -9.256484918296337128e-03 3.626384586095809937e-02
1.431236416101455688e-02 -1.067018881440162659e-02 3.484429419040679932e-02
1.109101902693510056e-02 -9.308010339736938477e-03 2.235538139939308167e-02
2.301370352506637573e-02 -3.990786150097846985e-02 6.069471687078475952e-02
1.401988603174686432e-02 -1.417782437056303024e-02 2.805312722921371460e-02
1.390310656279325485e-02 -3.907772712409496307e-03 2.416810207068920135e-02
1.850913278758525848e-02 -5.650920793414115906e-04 3.192956373095512390e-02
1.429907418787479401e-02 -5.224922206252813339e-03 8.490787819027900696e-03
1.643887162208557129e-02 -2.217540284618735313e-03 1.552684232592582703e-02
2.017388679087162018e-02 -1.281827135244384408e-04 2.259834669530391693e-02
1.966039650142192841e-02 -1.637318055145442486e-03 2.036246284842491150e-02
2.061859518289566040e-02 1.070372853428125381e-02 3.413480892777442932e-02
1.013642922043800354e-02 -1.001148112118244171e-02 1.534924749284982681e-02
1.438362151384353638e-02 -7.869303226470947266e-03 2.721139602363109589e-02
1.124523393809795380e-02 2.705389051698148251e-04 2.454568259418010712e-02
1.690526306629180908e-02 -5.820071324706077576e-03 3.233791515231132507e-02
1.086987834423780441e-02 1.133290305733680725e-02 1.311825029551982880e-02
1.174467056989669800e-02 1.228478923439979553e-02 1.596581377089023590e-02
1.210534386336803436e-02 -1.486702123656868935e-03 1.940717548131942749e-02
2.162351273000240326e-02 -2.077030576765537262e-02 3.613775596022605896e-02
1.751427352428436279e-02 -1.885102130472660065e-02 2.349001914262771606e-02
1.201272290199995041e-02 -1.812812499701976776e-02 1.188431400805711746e-02
1.246838597580790520e-03 -1.098609250038862228e-02 -4.749184940010309219e-03
7.764101028442382812e-03 -1.137292943894863129e-02 -2.660736907273530960e-03
3.021872136741876602e-03 1.531258458271622658e-03 -1.139791868627071381e-02
5.669007543474435806e-03 6.483975332230329514e-03 -3.447534283623099327e-03
5.439475644379854202e-03 8.917762897908687592e-03 -2.925056731328368187e-03
1.830967701971530914e-02 -5.690221674740314484e-03 3.304464370012283325e-02
-4.524554824456572533e-04 -2.105317264795303345e-02 3.919519658666104078e-04
-5.129820667207241058e-03 -2.504828013479709625e-02 -3.785458859056234360e-03
-6.706765852868556976e-04 -2.187051810324192047e-02 7.472908589988946915e-03
4.001270513981580734e-03 -4.325531423091888428e-02 1.558614429086446762e-03
1.075921347364783287e-03 -3.439240902662277222e-02 1.228176872245967388e-03
-9.368026512674987316e-04 -4.019379988312721252e-02 -6.364611908793449402e-03
-4.085299558937549591e-03 -3.657453134655952454e-02 -1.030538231134414673e-02
-3.852376015856862068e-03 -4.162092879414558411e-02 -1.452107215300202370e-03
6.775141810066998005e-04 -3.566323593258857727e-02 -4.361043684184551239e-03
-2.339332830160856247e-03 -3.216780349612236023e-02 -1.466765161603689194e-02
-5.243591498583555222e-03 -3.711278736591339111e-02 -1.658248156309127808e-02
-4.165024030953645706e-03 -4.385979101061820984e-02 -1.775862835347652435e-02
-4.963768180459737778e-03 -3.442088514566421509e-02 -1.526633184403181076e-02
-5.752055905759334564e-03 -3.991226851940155029e-02 -1.531842723488807678e-02
-6.710649933665990829e-03 -4.089691489934921265e-02 -1.698278449475765228e-02
-7.387348450720310211e-03 -3.909517824649810791e-02 -2.305286563932895660e-02
-5.139204673469066620e-03 -4.052870720624923706e-02 -1.675110310316085815e-02
-3.012000583112239838e-03 -3.663334622979164124e-02 -5.974856205284595490e-03
-1.637016655877232552e-03 -3.080257959663867950e-02 -1.614188193343579769e-03
5.435683764517307281e-03 -2.935212478041648865e-02 2.629290893673896790e-02
3.660951624624431133e-04 -3.293482214212417603e-02 2.074469253420829773e-02
5.928846076130867004e-03 -3.336106613278388977e-02 3.395985066890716553e-02
1.500336080789566040e-02 -3.697314113378524780e-02 5.351493507623672485e-02
4.166775383055210114e-03 -1.483665592968463898e-02 2.588444575667381287e-02
9.906356222927570343e-03 -7.846581749618053436e-03 2.907721698284149170e-02
1.345800049602985382e-02 -6.884032860398292542e-03 3.223521262407302856e-02
1.601283624768257141e-02 -2.411659574136137962e-03 3.904689848423004150e-02
1.386060006916522980e-02 -1.786228152923285961e-03 3.042089939117431641e-02
1.380970142781734467e-02 -5.461623892188072205e-03 2.892934903502464294e-02
1.084333751350641251e-02 -1.461374480277299881e-02 2.159956097602844238e-02
1.104687806218862534e-02 -1.364380400627851486e-02 2.008208818733692169e-02
1.451844535768032074e-02 -2.401113510131835938e-02 3.326712921261787415e-02
7.780060172080993652e-03 -2.708376571536064148e-02 1.944041624665260315e-02
4.426842555403709412e-03 -2.666010707616806030e-02 1.058596745133399963e-02
3.964294679462909698e-03 -3.232002258300781250e-02 5.931628402322530746e-03
1.014737528748810291e-03 -2.555007487535476685e-02 -4.259960260242223740e-04
4.816109780222177505e-03 -2.103783190250396729e-02 1.985090551897883415e-03
3.239728277549147606e-03 -2.746915630996227264e-02 -3.562782425433397293e-03
2.535720355808734894e-03 -2.732197009027004242e-02 -7.374910637736320496e-03
2.446233294904232025e-03 -3.899981081485748291e-02 -8.688529953360557556e-03
-6.174787995405495167e-04 -3.097303584218025208e-02 -2.319505997002124786e-02
-2.839328255504369736e-03 -2.437672019004821777e-02 -2.192094922065734863e-02
1.928398152813315392e-03 -3.268003836274147034e-02 -6.441337987780570984e-03
2.161410450935363770e-02 -4.087866470217704773e-02 2.494134008884429932e-02
-3.730543248821049929e-04 -3.117701224982738495e-02 -2.733286656439304352e-02
-1.067472039721906185e-03 -2.245889790356159210e-02 -3.379374742507934570e-02
3.586347913369536400e-03 -1.874271593987941742e-02 -2.245906740427017212e-02
8.324765600264072418e-03 -2.750378288328647614e-02 -7.172340992838144302e-03
9.958903305232524872e-03 -3.394711762666702271e-02 -6.140945479273796082e-03
7.353033870458602905e-03 -2.696173824369907379e-02 -1.303986459970474243e-02
7.321245968341827393e-03 -2.553321234881877899e-02 -2.069638483226299286e-02
9.242916479706764221e-03 -9.178152307868003845e-03 -2.493727207183837891e-02
1.195756997913122177e-02 -1.319551095366477966e-02 -1.564134657382965088e-02
1.782944239675998688e-02 -2.038030885159969330e-02 -2.010622294619679451e-03
1.861832290887832642e-02 -2.377991005778312683e-02 4.118272103369235992e-03
1.454203575849533081e-02 -2.861910313367843628e-02 -3.449594834819436073e-03
1.627840474247932434e-02 -1.963718421757221222e-02 -4.706292413175106049e-03
1.823800615966320038e-02 -2.467443794012069702e-02 7.927774451673030853e-03
1.548661384731531143e-02 -1.398103497922420502e-02 -4.186246078461408615e-03
1.733504235744476318e-02 -8.385637775063514709e-03 -1.325833983719348907e-02
1.972021535038948059e-02 -6.815071217715740204e-03 -4.999294877052307129e-03
2.712455205619335175e-02 -6.340714637190103531e-03 4.501317162066698074e-03
3.013385273516178131e-02 -5.055339075624942780e-03 1.648136042058467865e-02
3.669408708810806274e-02 -1.223261468112468719e-02 2.450837567448616028e-02
2.503076009452342987e-02 -7.413306273519992828e-03 1.042465213686227798e-02
2.393365092575550079e-02 -6.566525436937808990e-03 6.978024728596210480e-03
2.397669851779937744e-02 2.533970691729336977e-04 6.556856445968151093e-03
3.232182562351226807e-02 3.829047083854675293e-03 4.982050880789756775e-02
2.567121945321559906e-02 -9.056597948074340820e-03 2.896348759531974792e-02
2.159914746880531311e-02 -1.134495064616203308e-02 1.410350576043128967e-02
2.018780447542667389e-02 -1.190486550331115723e-02 4.534682258963584900e-03
2.440267987549304962e-02 -1.873006485402584076e-02 2.855022437870502472e-03
1.398169063031673431e-02 -2.450457215309143066e-02 -4.888801369816064835e-03
1.127382274717092514e-02 -2.561910450458526611e-02 -6.856232881546020508e-03
6.023433990776538849e-03 -1.580045185983181000e-02 -1.259826775640249252e-02
5.104571115225553513e-03 -3.765654936432838440e-02 -1.596669852733612061e-02
6.568422075361013412e-03 -5.416740849614143372e-02 -2.008842676877975464e-02
-4.689086694270372391e-03 -6.902226060628890991e-02 -3.698670491576194763e-02
-7.972166873514652252e-03 -7.112526893615722656e-02 -4.199940711259841919e-02
-1.610617525875568390e-02 -9.125368297100067139e-02 -5.583090707659721375e-02
-1.343922410160303116e-02 -1.324622333049774170e-01 -5.414858460426330566e-02
-2.270495705306529999e-02 -1.715278625488281250e-01 -6.668123602867126465e-02
-2.787382528185844421e-02 -1.673654913902282715e-01 -6.668178737163543701e-02
-2.381038106977939606e-02 -2.030062824487686157e-01 -4.170911014080047607e-02
-1.618390530347824097e-02 -1.508471369743347168e-01 -4.157028719782829285e-02
-1.227647252380847931e-02 -1.434084028005599976e-01 -3.054491989314556122e-02
3.890117804985493422e-04 -1.278914362192153931e-01 -1.291529508307576180e-03
2.430208027362823486e-03 -1.182536557316780090e-01 1.828538079280406237e-04
8.514577522873878479e-03 -1.031276434659957886e-01 -3.035157918930053711e-03
3.088499186560511589e-03 -1.036155074834823608e-01 -8.922897279262542725e-03
-1.849445747211575508e-03 -1.026338711380958557e-01 -1.560655236244201660e-02
-1.404016464948654175e-02 -1.084698960185050964e-01 -5.002580583095550537e-03
-1.205313298851251602e-02 -9.274068474769592285e-02 -2.493258379399776459e-02
-9.813548065721988678e-03 -9.105347841978073120e-02 -2.484440803527832031e-02
-6.888072006404399872e-03 -7.750596106052398682e-02 -1.669284328818321228e-02
-2.344676665961742401e-02 -1.192241683602333069e-01 -3.383736684918403625e-02
-1.846153661608695984e-02 -8.327724784612655640e-02 -2.996423095464706421e-02
-1.731680333614349365e-02 -9.411588311195373535e-02 -3.086803853511810303e-02
-1.889239437878131866e-02 -7.036034762859344482e-02 -1.073252316564321518e-02
-3.007156029343605042e-02 -6.813779473304748535e-02 -1.248609926551580429e-02
-2.041039243340492249e-02 -5.310180783271789551e-02 -4.574291815515607595e-04
-2.564626932144165039e-02 -8.787042461335659027e-03 -2.015905268490314484e-02
-2.308832295238971710e-02 1.539547275751829147e-02 -2.935743704438209534e-02
-2.472047507762908936e-02 1.548745390027761459e-02 -1.231844723224639893e-02
-3.419679822400212288e-03 2.175835147500038147e-02 -1.376605872064828873e-02
-1.318769645877182484e-03 2.571627311408519745e-02 -8.232790045440196991e-03
-1.086201518774032593e-03 1.285667158663272858e-02 3.069405676797032356e-03
2.563854446634650230e-03 3.271208703517913818e-02 1.402934454381465912e-02
2.033703774213790894e-02 3.950428217649459839e-02 1.371842902153730392e-02
2.858832292258739471e-02 4.068088158965110779e-02 7.717228960245847702e-03
2.227785252034664154e-02 4.362005740404129028e-02 9.072325192391872406e-03
4.499783273786306381e-03 1.258756872266530991e-02 5.666604265570640564e-03
-3.207904053851962090e-03 8.523411117494106293e-03 4.363143816590309143e-03
-5.929196253418922424e-03 -6.552929058670997620e-03 -1.871966570615768433e-02
9.840663522481918335e-03 1.606203877599909902e-04 5.941142793744802475e-03
2.767307870090007782e-02 2.454085275530815125e-03 3.396958112716674805e-02
2.019182220101356506e-02 4.151406174059957266e-04 4.104691743850708008e-02
1.378266047686338425e-02 3.276945557445287704e-03 4.725470766425132751e-02
1.835239119827747345e-02 1.940702088177204132e-03 4.718288779258728027e-02
3.615618497133255005e-02 -1.760049909353256226e-02 7.599484920501708984e-02
1.381429657340049744e-02 -1.799405738711357117e-02 1.789336651563644409e-02
-3.017367795109748840e-03 -4.263852536678314209e-02 -2.382953837513923645e-02
1.450772862881422043e-02 -5.786660313606262207e-02 -2.187053300440311432e-02
2.284276299178600311e-02 -4.992255568504333496e-02 3.992278501391410828e-02
1.784390769898891449e-02 1.426478289067745209e-02 2.230771631002426147e-02
1.506047509610652924e-02 9.439133107662200928e-03 3.526308760046958923e-02
7.618495728820562363e-03 -3.959705121815204620e-03 -2.543885027989745140e-03
1.184772420674562454e-02 -4.510293528437614441e-02 8.975473791360855103e-02
2.377113886177539825e-02 -3.436955064535140991e-02 2.554265968501567841e-02
-6.463120225816965103e-03 -5.922824144363403320e-02 3.066599927842617035e-02
-8.043328300118446350e-03 -2.288694866001605988e-02 2.103909477591514587e-02
7.059820462018251419e-03 -2.016451023519039154e-02 2.043423475697636604e-03
2.594113163650035858e-02 9.164847433567047119e-03 7.484954781830310822e-03
1.746303215622901917e-02 7.701013702899217606e-03 2.687490172684192657e-02
2.727288566529750824e-02 -3.785357112064957619e-04 3.848918154835700989e-02
2.318286523222923279e-02 5.489831790328025818e-03 4.710176959633827209e-02
7.099810056388378143e-03 7.266727741807699203e-03 -2.900589490309357643e-03
1.324454881250858307e-02 -4.756839480251073837e-03 2.423966675996780396e-02
4.062985535711050034e-03 -1.444990281015634537e-03 4.133856669068336487e-02
-1.015020720660686493e-02 -5.753798410296440125e-02 5.272889137268066406e-02
-1.026191562414169312e-02 -1.119383238255977631e-02 2.286971360445022583e-02
-1.670188270509243011e-02 -9.611906134523451328e-04 4.364220949355512857e-04
-1.545705553144216537e-02 1.384311541914939880e-02 4.877618514001369476e-03
-6.001949775964021683e-03 1.275003515183925629e-02 2.346946299076080322e-02
4.265938419848680496e-03 1.141318120062351227e-02 1.776290871202945709e-02
-7.750128861516714096e-03 2.516988106071949005e-02 5.666955839842557907e-04
-1.682514883577823639e-02 3.286335617303848267e-02 -1.020604744553565979e-02
2.182191610336303711e-02 3.836581483483314514e-03 4.299386963248252869e-02
5.233817733824253082e-03 2.202382683753967285e-02 1.864053308963775635e-02
1.289075519889593124e-02 2.821820788085460663e-02 1.363771688193082809e-02
2.368585206568241119e-03 3.660220652818679810e-02 5.813213996589183807e-03
-2.101572789251804352e-02 3.874394297599792480e-02 -1.006874907761812210e-02
-1.420238427817821503e-02 3.760850802063941956e-02 -1.895148889161646366e-03
-1.781704276800155640e-02 4.545838758349418640e-02 -8.897110819816589355e-03
-1.657482609152793884e-02 4.879749193787574768e-02 -1.813350617885589600e-02
-9.870004840195178986e-03 4.255729913711547852e-02 -1.482023019343614578e-02
-2.531218924559652805e-04 4.393781721591949463e-02 -9.711338207125663757e-03
3.849997883662581444e-03 4.363444447517395020e-02 -1.514809392392635345e-02
1.251721521839499474e-03 4.744353517889976501e-02 -9.872205555438995361e-03
1.790835056453943253e-03 3.477199003100395203e-02 9.462257847189903259e-03
6.107391323894262314e-03 4.249993711709976196e-02 -2.675567753612995148e-03
7.950888946652412415e-03 4.140501096844673157e-02 2.167770289815962315e-04
4.555861465632915497e-03 2.706614509224891663e-02 8.893758058547973633e-03
-2.181231742724776268e-03 -3.381218994036316872e-03 2.858703397214412689e-02
-6.884841714054346085e-03 3.864786401391029358e-02 -9.408291429281234741e-03
-7.370907347649335861e-03 3.447227180004119873e-02 -1.686096377670764923e-02
-1.171944849193096161e-02 1.652678474783897400e-02 -2.434508502483367920e-02
-6.433734670281410217e-03 -8.580747060477733612e-03 -7.841888815164566040e-03
-2.704083919525146484e-03 -6.500646471977233887e-03 4.969508387148380280e-03
-2.916054567322134972e-03 -1.634299755096435547e-02 1.291109155863523483e-02
-4.776216577738523483e-03 -1.773155480623245239e-02 1.448178291320800781e-02
-1.080305315554141998e-02 -2.993664331734180450e-02 2.672586217522621155e-02
-1.573077589273452759e-02 -1.724825054407119751e-02 -1.306812558323144913e-02
-2.380957826972007751e-02 -3.575394861400127411e-03 -1.563356816768646240e-02
-2.324348129332065582e-02 1.281875185668468475e-02 -3.413348272442817688e-02
-3.431647270917892456e-02 1.839091628789901733e-02 -2.745758928358554840e-02
-2.353152260184288025e-02 3.161575645208358765e-02 -4.780946671962738037e-02
-1.556386332958936691e-02 1.337877847254276276e-02 -4.025371000170707703e-02
-1.911022327840328217e-02 3.465664386749267578e-02 -3.229288756847381592e-02
-3.117579407989978790e-02 2.973679080605506897e-02 -2.553157322108745575e-02
-2.652559988200664520e-02 2.136000432074069977e-02 -3.226613253355026245e-02
-3.628510236740112305e-02 1.218290347605943680e-02 -2.571027912199497223e-02
-4.097892343997955322e-02 3.052853606641292572e-02 -1.803477294743061066e-02
-3.743211552500724792e-02 4.561107978224754333e-02 1.736815460026264191e-02
-1.527419034391641617e-02 6.494005024433135986e-02 4.561990965157747269e-03
-3.412593901157379150e-02 7.234304398298263550e-02 -1.201201975345611572e-02
-1.432237122207880020e-02 6.631877273321151733e-02 -2.428544498980045319e-02
2.369472011923789978e-02 1.090442091226577759e-01 5.505409836769104004e-02
2.110728807747364044e-02 7.190307229757308960e-02 3.634807839989662170e-02
1.870985608547925949e-03 7.488075643777847290e-02 2.895763702690601349e-02
-7.408638950437307358e-03 5.869111046195030212e-02 2.559951506555080414e-02
-2.059168927371501923e-02 5.257074907422065735e-02 -2.108967490494251251e-02
6.888451520353555679e-03 6.295286864042282104e-02 -2.655400708317756653e-02
9.084671735763549805e-03 7.304736226797103882e-02 -1.959142088890075684e-02
2.136465348303318024e-02 6.511970609426498413e-02 -9.520541876554489136e-03
4.443426802754402161e-02 6.340152025222778320e-02 5.292240902781486511e-02
2.495873905718326569e-02 1.335818972438573837e-02 1.537702698260545731e-02
1.054398622363805771e-02 -2.702157385647296906e-02 -4.898875951766967773e-03
8.071647956967353821e-03 -3.795484825968742371e-02 -4.109883680939674377e-03
7.158968131989240646e-03 -3.370101004838943481e-02 4.498964117374271154e-04
4.802342504262924194e-03 -1.342604961246252060e-02 1.412319019436836243e-02
1.003083214163780212e-02 -8.146757259964942932e-03 3.354645520448684692e-02
1.467654202133417130e-02 -1.407041493803262711e-02 4.065234214067459106e-02
1.741919293999671936e-02 -5.047735292464494705e-03 3.701522573828697205e-02
2.383274771273136139e-02 -8.466804400086402893e-03 3.603442013263702393e-02
2.545937150716781616e-02 2.049504034221172333e-02 4.236819222569465637e-02
2.178314886987209320e-02 1.457316055893898010e-02 4.080471396446228027e-02
1.456429809331893921e-02 3.954568505287170410e-02 3.444295749068260193e-02
2.481624670326709747e-02 3.562115877866744995e-02 2.742107398808002472e-02
2.273015677928924561e-02 4.733162000775337219e-02 2.129030600190162659e-02
2.404802851378917694e-02 5.382544547319412231e-02 2.093754895031452179e-02
2.333365194499492645e-02 7.694580405950546265e-02 1.995926350355148315e-02
2.526950836181640625e-02 4.910026863217353821e-02 2.069999277591705322e-02
2.588034607470035553e-02 5.215909332036972046e-02 3.191299363970756531e-02
2.299205586314201355e-02 7.483658939599990845e-02 2.962472662329673767e-02
1.330920401960611343e-02 1.321071237325668335e-01 5.406519398093223572e-02
2.635545330122113228e-03 9.305266290903091431e-02 6.473306100815534592e-03
-3.742603585124015808e-03 8.762045949697494507e-02 3.193547949194908142e-03
2.510838909074664116e-03 7.390005141496658325e-02 2.480337396264076233e-03
2.396962838247418404e-03 7.175634056329727173e-02 -2.739838091656565666e-03
4.110730718821287155e-03 6.981652975082397461e-02 -1.375683699734508991e-03
-8.044551359489560127e-04 6.211110949516296387e-02 -4.266805015504360199e-03
-3.511776449158787727e-03 4.796416312456130981e-02 -9.886051528155803680e-03
-1.698276260867714882e-03 2.320524863898754120e-02 5.696858745068311691e-03
-7.144258823245763779e-03 3.228724747896194458e-02 -1.791495829820632935e-02
-5.670121870934963226e-03 4.345899075269699097e-02 -1.930449344217777252e-02
-8.813769556581974030e-03 3.675171360373497009e-02 -1.784029044210910797e-02
-1.368520129472017288e-02 5.508592352271080017e-02 -3.415016829967498779e-02
-1.357383560389280319e-02 7.266161590814590454e-02 -2.486444823443889618e-02
-1.012796256691217422e-02 9.424731880426406860e-02 -1.545563992112874985e-02
-1.506827306002378464e-03 6.990843266248703003e-02 -2.355540730059146881e-02
-2.739536110311746597e-03 9.005936235189437866e-02 -6.273919134400784969e-04
-1.740438863635063171e-02 6.297791749238967896e-02 -2.614587359130382538e-02
-1.912264898419380188e-02 6.695696711540222168e-02 -3.204382583498954773e-02
-1.162108965218067169e-02 5.089811980724334717e-02 -3.712309757247567177e-03
-2.067302353680133820e-02 6.529626995325088501e-02 -3.099659271538257599e-02
-1.745284534990787506e-02 5.596291273832321167e-02 -3.096492961049079895e-02
-1.741394214332103729e-02 6.120279058814048767e-02 -4.138168320059776306e-02
-1.637485623359680176e-02 6.687388569116592407e-02 -4.452528059482574463e-02
-1.903645321726799011e-02 7.093522697687149048e-02 -3.735134145244956017e-03
-1.223796792328357697e-02 8.237143605947494507e-02 -5.957396700978279114e-03
-1.266664266586303711e-02 7.736743241548538208e-02 -2.263532951474189758e-02
-1.213644258677959442e-02 7.787349820137023926e-02 -3.689206019043922424e-02
-5.214427132159471512e-03 8.740028738975524902e-02 -3.209210932254791260e-02
-9.141136892139911652e-03 6.992185115814208984e-02 -4.057497903704643250e-02
-7.954492233693599701e-03 6.479334831237792969e-02 -3.830845281481742859e-02
-6.320422049611806870e-03 6.967405229806900024e-02 -3.128484636545181274e-02
-7.382964715361595154e-03 6.445670127868652344e-02 -1.962477900087833405e-02
-7.860192097723484039e-03 7.400207966566085815e-02 -3.208640590310096741e-02
-6.623191758990287781e-03 6.270639598369598389e-02 -3.316705301403999329e-02
-9.054343216121196747e-03 6.299495697021484375e-02 -3.373419120907783508e-02
-2.072111470624804497e-03 5.767880007624626160e-02 -6.099891848862171173e-03
-9.925751015543937683e-03 5.213826149702072144e-02 -1.653457991778850555e-02
-5.497415550053119659e-03 4.888869076967239380e-02 -2.978900214657187462e-03
-8.235316723585128784e-03 5.516025796532630920e-02 -2.404345432296395302e-03
-2.243492566049098969e-02 7.080405950546264648e-02 -2.737456699833273888e-03
-2.220680378377437592e-02 5.760632082819938660e-02 -1.306175068020820618e-02
-2.986228838562965393e-02 5.231070518493652344e-02 -1.769050210714340210e-02
-3.037294372916221619e-02 4.025509953498840332e-02 -2.534075826406478882e-02
-4.229052923619747162e-03 4.081560298800468445e-02 -3.979520406574010849e-03
-8.467185311019420624e-03 4.130589962005615234e-02 -1.955381222069263458e-02
-5.353838205337524414e-03 3.893918171525001526e-02 -2.445150353014469147e-02
-2.214511856436729431e-03 3.633072227239608765e-02 -1.276543177664279938e-02
-2.519461885094642639e-02 5.550396442413330078e-02 -3.056659176945686340e-02
-3.878162428736686707e-02 2.213627658784389496e-02 -2.474636957049369812e-02
-2.107691951096057892e-02 1.159392576664686203e-02 -1.440003421157598495e-02
-1.152975833974778652e-03 1.261563133448362350e-02 -4.954282660037279129e-03
3.399822860956192017e-02 4.062434285879135132e-02 5.156689509749412537e-02
1.771702989935874939e-02 3.150875866413116455e-02 3.248871490359306335e-02
2.203492633998394012e-02 1.341944187879562378e-02 3.016590885818004608e-02
2.246276848018169403e-02 8.371171541512012482e-03 1.672786287963390350e-02
-1.740447245538234711e-02 -9.495542384684085846e-03 -2.661748230457305908e-02
1.142933871597051620e-02 1.854966208338737488e-02 -4.834110382944345474e-03
2.539930306375026703e-02 1.466980855911970139e-02 -2.203842392191290855e-03
2.350023761391639709e-02 3.821124264504760504e-04 6.197630893439054489e-03
1.060803327709436417e-02 9.827707894146442413e-03 8.756358176469802856e-03
-5.967878270894289017e-03 1.144571136683225632e-02 -2.870223950594663620e-03
1.103443838655948639e-02 2.312716096639633179e-02 8.113143034279346466e-03
2.938290312886238098e-02 3.356466069817543030e-02 6.608096882700920105e-03
2.653791010379791260e-02 1.656855456531047821e-02 1.133060641586780548e-02
1.264054700732231140e-02 1.641855202615261078e-02 8.546075783669948578e-03
1.414890401065349579e-02 2.011560089886188507e-02 6.731446366757154465e-03
2.096608281135559082e-02 -1.956063788384199142e-03 1.438642665743827820e-02
3.907171636819839478e-02 1.661543548107147217e-02 2.333226241171360016e-02
2.008427307009696960e-02 1.592918299138545990e-02 1.239468227140605450e-03
-3.709948156028985977e-03 1.705000363290309906e-02 6.090255919843912125e-03
-1.092697866261005402e-02 1.422778051346540451e-02 8.894229307770729065e-03
4.419088736176490784e-02 2.339151687920093536e-02 7.590516004711389542e-03
1.619270769879221916e-03 -4.269432276487350464e-03 -1.298050628975033760e-03
1.339231152087450027e-02 1.427748473361134529e-03 -3.183986525982618332e-03
8.736854419112205505e-03 5.845788866281509399e-03 5.242044106125831604e-03
2.699320577085018158e-02 -5.845104809850454330e-03 -6.406006403267383575e-03
1.697691902518272400e-02 -6.419609417207539082e-04 -2.815565327182412148e-03
1.457685418426990509e-02 1.862260862253606319e-03 -1.644034287892282009e-03
1.439847145229578018e-02 4.439084150362759829e-04 -2.860691456589847803e-04
1.343282591551542282e-02 4.382567945867776871e-03 6.132458802312612534e-04
1.426756475120782852e-02 1.580670010298490524e-03 -4.150551394559442997e-04
1.473007816821336746e-02 1.466570654883980751e-03 -4.458671901375055313e-04
1.363688521087169647e-02 1.746373367495834827e-03 1.493240124545991421e-04
1.520406175404787064e-02 3.473093733191490173e-03 2.132879337295889854e-03
