3.021248802542686462e-02 -2.491164766252040863e-02 1.006995081901550293e+00
4.808252304792404175e-02 -2.173244766891002655e-02 9.296754002571105957e-01
3.600528091192245483e-02 -2.087768167257308960e-02 8.789404630661010742e-01
4.276199266314506531e-02 -5.071172956377267838e-03 8.523796200752258301e-01
3.759028762578964233e-02 -4.063025116920471191e-04 9.380503296852111816e-01
2.432868070900440216e-02 -1.574945449829101562e-02 9.837235212326049805e-01
1.669932901859283447e-02 -1.049353647977113724e-02 9.785135388374328613e-01
2.748348191380500793e-02 1.138665806502103806e-02 9.482315182685852051e-01
3.125724196434020996e-02 2.938007190823554993e-02 9.167899489402770996e-01
6.302603986114263535e-03 1.579440571367740631e-02 9.448724389076232910e-01
-1.005677692592144012e-02 4.681705962866544724e-03 9.842443466186523438e-01
4.220363683998584747e-03 1.414187066256999969e-02 1.018917560577392578e+00
-1.193152274936437607e-03 1.040398515760898590e-02 1.055467128753662109e+00
-1.632610801607370377e-03 1.855148375034332275e-02 1.104990601539611816e+00
-1.405985560268163681e-03 2.250005723908543587e-03 1.144447565078735352e+00
1.560667529702186584e-03 5.414386396296322346e-04 1.168782830238342285e+00
7.777944207191467285e-03 1.874731970019638538e-03 1.168992280960083008e+00
5.359662696719169617e-03 -7.074992172420024872e-03 1.140967369079589844e+00
6.979774683713912964e-03 -1.835470460355281830e-02 1.138639092445373535e+00
3.370594233274459839e-03 -2.556543797254562378e-02 1.139467239379882812e+00
-1.678481698036193848e-02 -3.255482017993927002e-02 1.108653545379638672e+00
-4.165064543485641479e-02 -3.754063695669174194e-02 1.140014410018920898e+00
-3.714598715305328369e-02 -3.103702329099178314e-02 1.205899357795715332e+00
-3.005426935851573944e-02 -2.352383919060230255e-02 1.193151593208312988e+00
-2.955618873238563538e-02 -1.274029351770877838e-02 1.182886958122253418e+00
-2.454686909914016724e-04 -3.939496818929910660e-03 1.184783220291137695e+00
6.947670131921768188e-03 1.396735571324825287e-02 1.143329024314880371e+00
-8.667372167110443115e-03 1.768197491765022278e-02 1.204813122749328613e+00
-1.158878020942211151e-02 1.860014721751213074e-02 1.188720941543579102e+00
-2.192640304565429688e-02 7.656896021217107773e-03 1.205705165863037109e+00
-3.286127001047134399e-02 -3.357921727001667023e-03 1.208322286605834961e+00
-3.683804720640182495e-02 -9.010258130729198456e-03 1.197941422462463379e+00
-4.898460209369659424e-02 -1.790760830044746399e-02 1.237997651100158691e+00
-3.809423744678497314e-02 -8.112099021673202515e-03 1.230988621711730957e+00
-1.791634038090705872e-02 1.758988946676254272e-02 1.210893750190734863e+00
-2.802390605211257935e-02 1.285584643483161926e-02 1.179947137832641602e+00
-5.290402844548225403e-02 -1.224852167069911957e-02 1.207638859748840332e+00
-3.802081942558288574e-02 -1.966730505228042603e-02 1.175020933151245117e+00
-2.656206116080284119e-02 -1.257308945059776306e-02 1.183753728866577148e+00
-5.465282499790191650e-02 -3.244884684681892395e-02 1.206160783767700195e+00
-6.440623104572296143e-02 -2.649728581309318542e-02 1.183831453323364258e+00
-7.345987856388092041e-02 -2.574760280549526215e-02 1.251689314842224121e+00
-8.549889177083969116e-02 -3.184982016682624817e-02 1.297372221946716309e+00
-7.224390655755996704e-02 -1.530562527477741241e-02 1.335860133171081543e+00
-5.635340884327888489e-02 5.839120130985975266e-03 1.265880465507507324e+00
-4.887000471353530884e-02 -1.729566603899002075e-02 1.197719097137451172e+00
-4.672127217054367065e-02 -2.495788224041461945e-02 1.145275473594665527e+00
-4.455618560314178467e-02 -2.580533176660537720e-02 1.124514937400817871e+00
-4.075127094984054565e-02 -2.243237011134624481e-02 1.086927056312561035e+00
-3.275306522846221924e-02 -2.293261885643005371e-02 1.060444593429565430e+00
-3.771660476922988892e-02 -2.163360640406608582e-02 1.059727668762207031e+00
-4.077792167663574219e-02 -1.954388804733753204e-02 1.049535155296325684e+00
-2.621702849864959717e-02 -1.174776535481214523e-02 1.040303826332092285e+00
-2.563934028148651123e-02 -1.972832717001438141e-02 1.055402278900146484e+00
-3.202826157212257385e-02 -1.865602284669876099e-02 1.100634932518005371e+00
-2.837437018752098083e-02 -5.393404513597488403e-03 1.107034206390380859e+00
1.606864854693412781e-02 2.186228707432746887e-02 9.696541428565979004e-01
2.655287273228168488e-02 3.288786485791206360e-02 8.381278514862060547e-01
1.920011267066001892e-02 5.520665552467107773e-03 8.341006040573120117e-01
-1.310907304286956787e-03 -9.821093641221523285e-03 8.160470724105834961e-01
-6.738092750310897827e-03 -1.372778508812189102e-02 8.430625200271606445e-01
-4.254959523677825928e-03 -1.166501455008983612e-02 8.675770759582519531e-01
2.926010638475418091e-03 -7.855696603655815125e-03 8.944038748741149902e-01
1.027692481875419617e-02 -5.906679201871156693e-03 9.165966510772705078e-01
2.869882062077522278e-02 -9.738607332110404968e-03 9.437229633331298828e-01
3.613042086362838745e-02 -6.617113947868347168e-03 8.751649856567382812e-01
1.591907441616058350e-02 -6.540563888847827911e-03 8.273401856422424316e-01
3.353808820247650146e-02 1.724321395158767700e-03 8.586513996124267578e-01
7.079533487558364868e-02 -3.524022409692406654e-03 9.399791955947875977e-01
9.503966569900512695e-02 -3.011966124176979065e-02 9.858757257461547852e-01
1.273791640996932983e-01 -3.194662183523178101e-02 9.483034014701843262e-01
1.335035264492034912e-01 -2.910382486879825592e-02 8.747876286506652832e-01
1.728172600269317627e-01 -9.643679484724998474e-03 8.701859712600708008e-01
2.110628634691238403e-01 5.444284528493881226e-03 8.550310134887695312e-01
2.721199691295623779e-01 5.364450626075267792e-03 9.310973286628723145e-01
2.930645942687988281e-01 -6.264278199523687363e-03 9.680024385452270508e-01
2.962418496608734131e-01 -1.855184510350227356e-02 9.779787659645080566e-01
3.370204269886016846e-01 -3.049796074628829956e-02 1.052987813949584961e+00
3.498486280441284180e-01 -5.411650240421295166e-02 1.014769792556762695e+00
3.601315021514892578e-01 -6.181386113166809082e-02 9.507105350494384766e-01
4.084551334381103516e-01 -5.740396305918693542e-02 1.031142354011535645e+00
4.770931005477905273e-01 -8.015829324722290039e-02 1.059879302978515625e+00
4.701854288578033447e-01 -8.852966129779815674e-02 9.887349605560302734e-01
4.851064383983612061e-01 -5.464651808142662048e-02 1.008000373840332031e+00
5.255881547927856445e-01 -6.310272216796875000e-02 9.477407932281494141e-01
4.278138577938079834e-01 -9.033529460430145264e-02 7.657832503318786621e-01
4.564914107322692871e-01 -6.805843114852905273e-02 6.265928745269775391e-01
4.166184067726135254e-01 -5.599945783615112305e-02 5.861883163452148438e-01
4.181384444236755371e-01 -4.574953019618988037e-02 4.806924462318420410e-01
4.254664778709411621e-01 -4.643576964735984802e-02 4.890683889389038086e-01
5.801094174385070801e-01 -5.126146972179412842e-02 4.816055893898010254e-01
6.005522608757019043e-01 -6.518466770648956299e-02 5.545183420181274414e-01
7.553311586380004883e-01 -9.835211187601089478e-02 5.744050741195678711e-01
7.739434242248535156e-01 -9.422912448644638062e-02 6.285676360130310059e-01
7.572717070579528809e-01 -7.942674309015274048e-02 5.504966378211975098e-01
8.527416586875915527e-01 -9.869980812072753906e-02 4.720470309257507324e-01
8.735358119010925293e-01 -8.773020654916763306e-02 4.119450151920318604e-01
7.385237812995910645e-01 -6.969866901636123657e-02 3.526457548141479492e-01
8.524950146675109863e-01 -5.573499947786331177e-02 1.897895932197570801e-01
8.777102828025817871e-01 -5.875961482524871826e-02 2.030185610055923462e-01
9.834670424461364746e-01 -5.978394299745559692e-02 6.983038783073425293e-02
1.110316276550292969e+00 -5.307831615209579468e-02 9.729871153831481934e-02
1.113570690155029297e+00 -8.001007884740829468e-02 1.411471515893936157e-01
1.169223189353942871e+00 -1.214900165796279907e-01 -6.755264848470687866e-02
1.137487053871154785e+00 -1.112508550286293030e-01 5.836784839630126953e-04
1.132721304893493652e+00 -1.014122515916824341e-01 -4.319281131029129028e-02
1.126337051391601562e+00 -1.194410920143127441e-01 -1.295753717422485352e-01
1.121102809906005859e+00 -1.376343518495559692e-01 -5.232675373554229736e-02
1.130826234817504883e+00 -1.761067509651184082e-01 -3.063680231571197510e-02
1.167064070701599121e+00 -2.288706004619598389e-01 -1.362598314881324768e-02
1.161323547363281250e+00 -3.146585524082183838e-01 1.309654414653778076e-01
1.234374761581420898e+00 1.109247282147407532e-01 4.875954613089561462e-02
1.242164015769958496e+00 -2.675327658653259277e-01 -2.289452403783798218e-02
1.251603007316589355e+00 3.531817346811294556e-02 7.238514721393585205e-02
1.149885892868041992e+00 1.815421134233474731e-01 1.373202055692672729e-01
1.034125685691833496e+00 -2.987813949584960938e-01 6.623037159442901611e-02
9.905825853347778320e-01 3.131632208824157715e-01 1.569800376892089844e-01
1.047961473464965820e+00 -1.541741639375686646e-01 -9.730387479066848755e-03
1.135771155357360840e+00 -9.872187674045562744e-02 3.963628038763999939e-02
1.196423172950744629e+00 -1.225883215665817261e-01 7.503373175859451294e-02
1.182976126670837402e+00 -4.044971764087677002e-01 2.716672420501708984e-01
1.235469102859497070e+00 -2.537616491317749023e-01 1.799183785915374756e-01
1.181670784950256348e+00 -3.009786009788513184e-01 1.598626747727394104e-02
1.146363854408264160e+00 -2.927713394165039062e-01 3.178184479475021362e-02
1.190439701080322266e+00 1.244914904236793518e-01 6.397329270839691162e-04
1.147208929061889648e+00 -4.350787699222564697e-01 -8.275181055068969727e-03
1.218028187751770020e+00 -2.239516228437423706e-01 8.687903732061386108e-02
1.199592351913452148e+00 -2.566943764686584473e-01 1.285789608955383301e-01
1.169064164161682129e+00 -6.445331871509552002e-02 -9.922564961016178131e-03
1.155940294265747070e+00 -1.058007180690765381e-01 3.799735009670257568e-02
1.199871301651000977e+00 1.333945393562316895e-01 4.512925073504447937e-02
1.209471702575683594e+00 1.400374248623847961e-02 6.816284358501434326e-02
1.191112995147705078e+00 -6.040273979306221008e-02 4.781207442283630371e-02
1.157286643981933594e+00 -1.930494904518127441e-01 4.658411443233489990e-02
1.162086725234985352e+00 -8.519254624843597412e-02 1.608755439519882202e-02
1.124556660652160645e+00 -1.543765962123870850e-01 5.266566947102546692e-02
1.139007806777954102e+00 -2.286810986697673798e-02 4.111007973551750183e-02
1.144934535026550293e+00 -9.012785553932189941e-02 1.523940265178680420e-02
1.127083182334899902e+00 -6.378807127475738525e-02 -2.476429380476474762e-02
1.108894467353820801e+00 -1.411194503307342529e-01 2.677706442773342133e-02
1.105414986610412598e+00 -2.004210352897644043e-01 -9.941251948475837708e-03
1.117477416992187500e+00 -5.668810009956359863e-02 -9.410171210765838623e-02
1.106980919837951660e+00 -1.367698460817337036e-01 -7.074618339538574219e-02
1.120126724243164062e+00 -5.546248517930507660e-03 1.272707618772983551e-02
1.108115196228027344e+00 -6.838980317115783691e-02 -4.584600031375885010e-02
1.107014179229736328e+00 -1.296209096908569336e-01 3.038489259779453278e-02
1.061350703239440918e+00 -2.028906196355819702e-01 7.000920921564102173e-02
1.060942888259887695e+00 -8.988238126039505005e-02 3.074011765420436859e-02
1.038243651390075684e+00 -1.680161654949188232e-01 -9.334644675254821777e-02
1.010830879211425781e+00 -1.192389652132987976e-01 1.985796540975570679e-02
1.039880156517028809e+00 -9.548743069171905518e-02 -3.385901451110839844e-02
1.120791435241699219e+00 -1.592792570590972900e-01 5.686787143349647522e-02
1.100063920021057129e+00 -9.720087051391601562e-02 2.838117070496082306e-02
1.092211484909057617e+00 -1.092290058732032776e-01 -3.704194724559783936e-02
1.078167676925659180e+00 -1.537274122238159180e-01 7.625948637723922729e-02
1.076901197433471680e+00 -8.548458665609359741e-02 -4.460183903574943542e-02
1.086550712585449219e+00 -1.241471841931343079e-01 6.960441172122955322e-02
1.076352596282958984e+00 -1.465302705764770508e-01 3.040936216711997986e-02
1.080561161041259766e+00 -1.220696866512298584e-01 -6.154578179121017456e-03
1.093940138816833496e+00 -1.560907661914825439e-01 -1.440883055329322815e-02
1.080109596252441406e+00 -1.403747349977493286e-01 -4.670896008610725403e-02
1.062053442001342773e+00 -1.295357048511505127e-01 9.842860698699951172e-02
1.013550639152526855e+00 -1.064243987202644348e-01 9.356644004583358765e-02
1.041369438171386719e+00 -9.951445460319519043e-02 -3.867282718420028687e-02
1.073992967605590820e+00 -9.846112132072448730e-02 -3.282981738448143005e-02
1.086546659469604492e+00 -9.973764419555664062e-02 5.493224784731864929e-02
1.086594939231872559e+00 -1.129735708236694336e-01 1.344653870910406113e-02
1.035220742225646973e+00 -1.109313890337944031e-01 1.534046232700347900e-01
1.017989039421081543e+00 -1.088608875870704651e-01 6.925702095031738281e-02
9.631650447845458984e-01 -1.072640940546989441e-01 1.383283138275146484e-01
9.497120976448059082e-01 -1.028009951114654541e-01 -3.081957623362541199e-02
1.001855254173278809e+00 -1.022463068366050720e-01 1.641248911619186401e-01
1.065471410751342773e+00 -8.895369619131088257e-02 3.212282806634902954e-02
1.070582985877990723e+00 -6.916362047195434570e-02 1.053584069013595581e-01
1.080110788345336914e+00 -6.849332153797149658e-02 1.689202487468719482e-01
1.045321702957153320e+00 -5.675032734870910645e-02 1.722013056278228760e-01
1.042687177658081055e+00 -5.697540938854217529e-02 7.081595063209533691e-02
1.024846553802490234e+00 -7.807572931051254272e-02 1.699428856372833252e-01
9.817143678665161133e-01 -1.386016011238098145e-01 2.186493575572967529e-01
9.943681955337524414e-01 -1.618514060974121094e-01 1.416905224323272705e-01
1.014114975929260254e+00 -1.637801826000213623e-01 2.771590948104858398e-01
1.029336690902709961e+00 -1.607877165079116821e-01 2.259059846401214600e-01
9.700465798377990723e-01 -1.510078161954879761e-01 1.231580227613449097e-01
9.279693961143493652e-01 -1.347127258777618408e-01 1.704466342926025391e-01
9.378888010978698730e-01 -1.245886832475662231e-01 1.381254345178604126e-01
9.200515747070312500e-01 -1.138315796852111816e-01 1.997776329517364502e-01
9.990571141242980957e-01 -1.147499978542327881e-01 2.009164988994598389e-01
1.046241879463195801e+00 -1.123237609863281250e-01 2.154358476400375366e-01
1.062528133392333984e+00 -9.321683645248413086e-02 1.162585169076919556e-01
1.076356172561645508e+00 -9.003694355487823486e-02 1.436544954776763916e-01
1.079851627349853516e+00 -1.043330281972885132e-01 9.249712526798248291e-02
1.021640777587890625e+00 -1.051719114184379578e-01 5.370419472455978394e-02
9.873642921447753906e-01 -9.895502030849456787e-02 1.447595357894897461e-01
1.043966174125671387e+00 -9.613647311925888062e-02 2.872837334871292114e-02
1.061179637908935547e+00 -9.867814183235168457e-02 4.579234123229980469e-02
1.050960421562194824e+00 -1.022264063358306885e-01 1.196742057800292969e-03
1.002979993820190430e+00 -9.506078064441680908e-02 1.745160967111587524e-01
1.041547417640686035e+00 -9.941565245389938354e-02 7.789063453674316406e-02
1.071007013320922852e+00 -1.017135828733444214e-01 9.105937182903289795e-02
1.076805353164672852e+00 -1.029113009572029114e-01 1.591244637966156006e-01
1.060568213462829590e+00 -1.032868549227714539e-01 2.140581458806991577e-01
1.050784349441528320e+00 -9.214390069246292114e-02 8.840419352054595947e-03
1.034346580505371094e+00 -9.074596315622329712e-02 9.286804124712944031e-04
1.017758250236511230e+00 -8.435320109128952026e-02 1.753612756729125977e-01
1.009621024131774902e+00 -9.883174300193786621e-02 1.991506218910217285e-01
9.987391829490661621e-01 -9.712146222591400146e-02 6.642794609069824219e-02
9.650409817695617676e-01 -8.711493015289306641e-02 3.407444432377815247e-02
9.313963651657104492e-01 -8.760955184698104858e-02 8.050122857093811035e-02
8.955618739128112793e-01 -8.985519409179687500e-02 1.138962134718894958e-01
8.624109029769897461e-01 -9.002982825040817261e-02 1.356636732816696167e-01
8.643165230751037598e-01 -1.005635112524032593e-01 1.850401610136032104e-01
9.041683077812194824e-01 -1.123185753822326660e-01 1.810480058193206787e-01
9.543154835700988770e-01 -1.155726760625839233e-01 1.733888983726501465e-01
9.865792393684387207e-01 -1.141245141625404358e-01 2.297274172306060791e-01
1.036913037300109863e+00 -1.191232129931449890e-01 2.229672670364379883e-01
1.082588791847229004e+00 -1.091354638338088989e-01 2.409669905900955200e-01
1.112962722778320312e+00 -9.056147187948226929e-02 2.766240239143371582e-01
1.110885262489318848e+00 -8.633791655302047729e-02 2.843602299690246582e-01
1.111746311187744141e+00 -8.706651628017425537e-02 3.028273880481719971e-01
1.079353094100952148e+00 -7.408797740936279297e-02 3.777107000350952148e-01
1.080775141716003418e+00 -7.072412222623825073e-02 2.863529920578002930e-01
1.021838665008544922e+00 -7.789628952741622925e-02 3.758232593536376953e-01
9.997106194496154785e-01 -6.413786858320236206e-02 3.681778907775878906e-01
1.044657707214355469e+00 -7.291320711374282837e-02 3.558852374553680420e-01
1.091567397117614746e+00 -6.947396695613861084e-02 4.305297136306762695e-01
1.102496147155761719e+00 -9.308404475450515747e-02 4.060897827148437500e-01
1.087474942207336426e+00 -1.012142673134803772e-01 3.510454297065734863e-01
1.097143769264221191e+00 -1.161313652992248535e-01 3.012377917766571045e-01
1.078602433204650879e+00 -1.036117672920227051e-01 2.604335844516754150e-01
1.005125761032104492e+00 -1.165867596864700317e-01 4.110667109489440918e-01
9.591252207756042480e-01 -1.257116347551345825e-01 4.347521960735321045e-01
9.711757898330688477e-01 -1.164473593235015869e-01 3.466986715793609619e-01
9.881381392478942871e-01 -1.155232340097427368e-01 3.923641145229339600e-01
1.013634562492370605e+00 -1.204376295208930969e-01 4.737255275249481201e-01
1.064044952392578125e+00 -1.160196661949157715e-01 2.978125810623168945e-01
1.057836771011352539e+00 -1.103828847408294678e-01 3.199093639850616455e-01
1.003676533699035645e+00 -1.015819758176803589e-01 4.540042281150817871e-01
1.040268301963806152e+00 -9.189200401306152344e-02 4.073208272457122803e-01
1.053111672401428223e+00 -9.552116692066192627e-02 4.941126108169555664e-01
1.098961710929870605e+00 -9.787739068269729614e-02 3.945933580398559570e-01
1.079308390617370605e+00 -9.939041733741760254e-02 4.754069745540618896e-01
1.150702834129333496e+00 -1.230766177177429199e-01 4.152678847312927246e-01
1.161220073699951172e+00 -1.358267813920974731e-01 3.539491891860961914e-01
1.134561419486999512e+00 -1.682788431644439697e-01 4.175058305263519287e-01
1.172316908836364746e+00 -1.475237607955932617e-01 3.813407123088836670e-01
1.132009029388427734e+00 -1.419153362512588501e-01 4.582806825637817383e-01
1.112338185310363770e+00 -1.251791864633560181e-01 4.793953895568847656e-01
1.058125853538513184e+00 -1.137294769287109375e-01 5.108405947685241699e-01
9.732154011726379395e-01 -1.252007335424423218e-01 5.265042185783386230e-01
9.542911052703857422e-01 -1.283216774463653564e-01 4.157798588275909424e-01
9.183242321014404297e-01 -1.341105699539184570e-01 4.231294095516204834e-01
8.906190991401672363e-01 -1.283718645572662354e-01 4.633567929267883301e-01
8.597942590713500977e-01 -1.255498230457305908e-01 5.274370312690734863e-01
8.712896108627319336e-01 -1.345562785863876343e-01 5.163077712059020996e-01
8.354373574256896973e-01 -1.378121376037597656e-01 5.015907883644104004e-01
9.332984089851379395e-01 -1.495801806449890137e-01 4.648511707782745361e-01
9.579164385795593262e-01 -1.756511181592941284e-01 5.885766148567199707e-01
9.151489734649658203e-01 -1.781072914600372314e-01 6.157134175300598145e-01
8.988251686096191406e-01 -1.794310957193374634e-01 6.300128698348999023e-01
9.022634625434875488e-01 -1.596878767013549805e-01 5.828567743301391602e-01
8.510981202125549316e-01 -1.516577601432800293e-01 5.535817742347717285e-01
8.590245246887207031e-01 -1.458218991756439209e-01 5.174300670623779297e-01
9.006348848342895508e-01 -1.438624262809753418e-01 5.547332763671875000e-01
9.544270634651184082e-01 -1.628235429525375366e-01 5.718555450439453125e-01
9.195340871810913086e-01 -1.567055732011795044e-01 6.911327838897705078e-01
9.624555706977844238e-01 -1.704425811767578125e-01 6.927760839462280273e-01
9.899502992630004883e-01 -1.648486703634262085e-01 6.798604726791381836e-01
1.010765075683593750e+00 -1.584765613079071045e-01 6.400384306907653809e-01
1.016572594642639160e+00 -1.409243643283843994e-01 6.044794321060180664e-01
9.292314052581787109e-01 -1.173854321241378784e-01 7.144454121589660645e-01
9.646583795547485352e-01 -1.134626045823097229e-01 7.301328182220458984e-01
9.731797575950622559e-01 -1.078254878520965576e-01 7.657074928283691406e-01
1.026803970336914062e+00 -1.207750439643859863e-01 6.507685184478759766e-01
9.013473987579345703e-01 -1.107439920306205750e-01 7.242136001586914062e-01
8.993937373161315918e-01 -9.934877604246139526e-02 6.130120754241943359e-01
8.453342318534851074e-01 -8.401191234588623047e-02 6.353334188461303711e-01
8.544934988021850586e-01 -9.411382675170898438e-02 5.785987973213195801e-01
7.705790400505065918e-01 -7.666901499032974243e-02 6.515747904777526855e-01
7.557612657546997070e-01 -7.303478568792343140e-02 6.444941163063049316e-01
7.396749854087829590e-01 -6.914941966533660889e-02 6.234379410743713379e-01
7.946520447731018066e-01 -8.322459459304809570e-02 6.235342025756835938e-01
8.362531065940856934e-01 -9.626556932926177979e-02 7.378743290901184082e-01
8.436157107353210449e-01 -1.041337624192237854e-01 8.074454069137573242e-01
9.390432834625244141e-01 -1.280636489391326904e-01 7.273371815681457520e-01
9.129565954208374023e-01 -1.186333149671554565e-01 6.710171699523925781e-01
8.672535419464111328e-01 -9.873001277446746826e-02 6.260759234428405762e-01
8.944407105445861816e-01 -8.635545521974563599e-02 6.113602519035339355e-01
9.189434051513671875e-01 -9.433002769947052002e-02 6.271405220031738281e-01
8.302145004272460938e-01 -8.552771806716918945e-02 7.348189949989318848e-01
8.496467471122741699e-01 -9.462634474039077759e-02 7.067661881446838379e-01
8.530820608139038086e-01 -9.991754591464996338e-02 7.520223259925842285e-01
9.065643548965454102e-01 -1.255539655685424805e-01 7.539564967155456543e-01
9.166958928108215332e-01 -1.388255953788757324e-01 7.550109624862670898e-01
8.002045154571533203e-01 -1.340701580047607422e-01 8.237918019294738770e-01
8.275193572044372559e-01 -1.293121427297592163e-01 7.557789087295532227e-01
7.427637577056884766e-01 -1.219315826892852783e-01 8.216639757156372070e-01
7.633874416351318359e-01 -1.098776012659072876e-01 7.056689262390136719e-01
7.457517981529235840e-01 -1.045036017894744873e-01 7.033551931381225586e-01
7.257973551750183105e-01 -9.528931230306625366e-02 7.150624394416809082e-01
7.187709212303161621e-01 -8.321589976549148560e-02 6.844351291656494141e-01
7.155734300613403320e-01 -7.814287394285202026e-02 6.727662682533264160e-01
7.335758805274963379e-01 -9.074179828166961670e-02 6.761497855186462402e-01
7.394731044769287109e-01 -9.261302649974822998e-02 7.387595176696777344e-01
8.123816251754760742e-01 -9.202449023723602295e-02 7.553330063819885254e-01
7.915534973144531250e-01 -7.877399772405624390e-02 8.339264988899230957e-01
7.985857129096984863e-01 -7.789497822523117065e-02 7.818375229835510254e-01
7.641702294349670410e-01 -8.520831912755966187e-02 7.942399978637695312e-01
8.239830136299133301e-01 -7.739361375570297241e-02 7.245185971260070801e-01
7.694344520568847656e-01 -8.043365180492401123e-02 7.716823816299438477e-01
7.526131868362426758e-01 -7.850529253482818604e-02 7.951432466506958008e-01
8.260502219200134277e-01 -7.322138547897338867e-02 7.253098487854003906e-01
7.790015935897827148e-01 -6.804208457469940186e-02 7.716435194015502930e-01
8.415729403495788574e-01 -6.334618479013442993e-02 7.384029626846313477e-01
7.742067575454711914e-01 -6.686110794544219971e-02 7.948063015937805176e-01
8.132958412170410156e-01 -6.960897147655487061e-02 7.214646339416503906e-01
7.809866070747375488e-01 -6.580246984958648682e-02 7.283797860145568848e-01
8.300691843032836914e-01 -6.799250841140747070e-02 7.273382544517517090e-01
8.273864984512329102e-01 -8.280577510595321655e-02 7.530596852302551270e-01
8.598034381866455078e-01 -7.573121786117553711e-02 6.979414224624633789e-01
8.070341944694519043e-01 -5.564665049314498901e-02 6.901284456253051758e-01
7.852026224136352539e-01 -5.319752544164657593e-02 5.833709239959716797e-01
6.442080736160278320e-01 -5.642991513013839722e-02 5.720433592796325684e-01
6.938335895538330078e-01 -4.583808034658432007e-02 4.871419966220855713e-01
6.591574549674987793e-01 -4.987352341413497925e-02 5.895197391510009766e-01
7.075930833816528320e-01 -4.948176816105842590e-02 6.271955966949462891e-01
8.191944360733032227e-01 -7.102245092391967773e-02 6.203442811965942383e-01
7.836986184120178223e-01 -8.526150882244110107e-02 7.055180072784423828e-01
8.625619411468505859e-01 -7.987856864929199219e-02 5.899426341056823730e-01
8.603243827819824219e-01 -8.887169510126113892e-02 5.932476520538330078e-01
8.045670986175537109e-01 -9.367436170578002930e-02 6.717671751976013184e-01
8.696699738502502441e-01 -9.812151640653610229e-02 5.607923865318298340e-01
7.826746702194213867e-01 -9.473736584186553955e-02 6.532778739929199219e-01
8.436953425407409668e-01 -9.166657179594039917e-02 5.549410581588745117e-01
8.256243467330932617e-01 -8.149302005767822266e-02 5.465675592422485352e-01
8.313195705413818359e-01 -8.993043005466461182e-02 6.057463884353637695e-01
8.318758606910705566e-01 -1.068369895219802856e-01 6.833784580230712891e-01
9.031375646591186523e-01 -1.185971349477767944e-01 6.663432717323303223e-01
9.354143738746643066e-01 -1.282512992620468140e-01 6.862452626228332520e-01
9.792312383651733398e-01 -1.233669742941856384e-01 5.864685177803039551e-01
9.308083057403564453e-01 -1.058439463376998901e-01 6.301313638687133789e-01
9.597225189208984375e-01 -8.888503909111022949e-02 5.425425171852111816e-01
9.844009280204772949e-01 -9.187979251146316528e-02 4.643794000148773193e-01
9.608341455459594727e-01 -8.992020040750503540e-02 5.195437073707580566e-01
1.000864863395690918e+00 -1.131953001022338867e-01 4.437612295150756836e-01
9.972290396690368652e-01 -1.202638745307922363e-01 4.656158089637756348e-01
9.556009173393249512e-01 -1.229236349463462830e-01 5.452447533607482910e-01
9.689861536026000977e-01 -1.127813011407852173e-01 4.680419564247131348e-01
8.981856107711791992e-01 -1.099592968821525574e-01 5.654115080833435059e-01
9.139501452445983887e-01 -1.223194077610969543e-01 5.730568766593933105e-01
9.367637038230895996e-01 -1.209841072559356689e-01 5.318658351898193359e-01
9.646065235137939453e-01 -1.221420988440513611e-01 5.088899731636047363e-01
9.688193202018737793e-01 -1.113799363374710083e-01 5.533326268196105957e-01
9.890921115875244141e-01 -9.905845671892166138e-02 4.930340945720672607e-01
9.515613913536071777e-01 -8.581082522869110107e-02 5.461489558219909668e-01
9.915120601654052734e-01 -8.792377263307571411e-02 4.027110338211059570e-01
9.680331349372863770e-01 -7.874481379985809326e-02 4.159352481365203857e-01
9.173399806022644043e-01 -8.601524680852890015e-02 5.184609293937683105e-01
9.433962106704711914e-01 -1.172038167715072632e-01 5.502619147300720215e-01
9.560129046440124512e-01 -1.325476318597793579e-01 4.921018779277801514e-01
9.615038633346557617e-01 -1.096751689910888672e-01 3.843289315700531006e-01
9.113940000534057617e-01 -8.314695209264755249e-02 3.959537446498870850e-01
8.760957121849060059e-01 -6.025900319218635559e-02 3.823790252208709717e-01
8.180001974105834961e-01 -6.060165166854858398e-02 3.745080828666687012e-01
8.089896440505981445e-01 -7.463692873716354370e-02 3.369400501251220703e-01
7.750926613807678223e-01 -7.112239301204681396e-02 3.726713061332702637e-01
7.833223938941955566e-01 -7.608728855848312378e-02 3.208237290382385254e-01
7.893388271331787109e-01 -1.006294190883636475e-01 4.209171533584594727e-01
8.361890912055969238e-01 -1.104961931705474854e-01 4.183852374553680420e-01
7.856426835060119629e-01 -9.616586565971374512e-02 4.380533993244171143e-01
7.868016362190246582e-01 -1.055304184556007385e-01 3.867372274398803711e-01
8.018660545349121094e-01 -1.077197492122650146e-01 3.492521941661834717e-01
7.630892992019653320e-01 -8.481868356466293335e-02 3.157173395156860352e-01
7.013731002807617188e-01 -6.113490834832191467e-02 3.893045186996459961e-01
7.301734089851379395e-01 -5.969130992889404297e-02 3.687381446361541748e-01
7.131903171539306641e-01 -6.271196901798248291e-02 3.431403934955596924e-01
7.349153757095336914e-01 -4.879802837967872620e-02 3.280889391899108887e-01
8.321742415428161621e-01 -5.347779020667076111e-02 3.349271714687347412e-01
8.165534734725952148e-01 -4.560007899999618530e-02 3.387489914894104004e-01
7.937666773796081543e-01 -4.030114412307739258e-02 2.079922854900360107e-01
7.712306380271911621e-01 -4.575351253151893616e-02 1.808505207300186157e-01
7.327637076377868652e-01 -5.434521287679672241e-02 2.040203809738159180e-01
7.662346959114074707e-01 -6.975634396076202393e-02 2.213164865970611572e-01
7.381551265716552734e-01 -8.780302107334136963e-02 2.924778461456298828e-01
7.812678217887878418e-01 -1.028923094272613525e-01 1.783025562763214111e-01
8.505432605743408203e-01 -1.138738617300987244e-01 2.480757832527160645e-01
8.844495415687561035e-01 -1.199677735567092896e-01 3.270896971225738525e-01
9.168935418128967285e-01 -1.202137172222137451e-01 2.682467103004455566e-01
9.755553007125854492e-01 -1.206454560160636902e-01 2.840727567672729492e-01
9.837973713874816895e-01 -1.147473901510238647e-01 3.332583308219909668e-01
9.402846693992614746e-01 -8.222517371177673340e-02 3.350481688976287842e-01
8.592190146446228027e-01 -6.481832265853881836e-02 2.627962529659271240e-01
8.027349710464477539e-01 -5.304550379514694214e-02 1.285834312438964844e-01
7.502288818359375000e-01 -5.512207746505737305e-02 8.529301732778549194e-02
8.481428623199462891e-01 -6.932185590267181396e-02 1.320188343524932861e-01
8.635737299919128418e-01 -8.632899075746536255e-02 2.891800105571746826e-01
9.515470862388610840e-01 -1.361660659313201904e-01 1.753342896699905396e-01
9.647653102874755859e-01 -1.481551826000213623e-01 1.697718948125839233e-01
8.864371776580810547e-01 -1.323327124118804932e-01 1.946782767772674561e-01
8.292644619941711426e-01 -1.042020916938781738e-01 2.629292607307434082e-01
8.263855576515197754e-01 -1.041938662528991699e-01 1.932806968688964844e-01
8.641153573989868164e-01 -1.235436797142028809e-01 2.130713909864425659e-01
9.622690677642822266e-01 -1.424303799867630005e-01 1.957157850265502930e-01
9.814991950988769531e-01 -1.581648588180541992e-01 1.574498414993286133e-01
9.208047986030578613e-01 -1.563278436660766602e-01 2.248378992080688477e-01
9.230924844741821289e-01 -1.392499208450317383e-01 2.059353888034820557e-01
9.444159269332885742e-01 -1.603464186191558838e-01 3.220725953578948975e-01
1.046193718910217285e+00 -1.843707114458084106e-01 2.514359354972839355e-01
1.096376895904541016e+00 -1.889013350009918213e-01 2.849179506301879883e-01
1.107931494712829590e+00 -2.077638804912567139e-01 1.207168474793434143e-01
1.056616783142089844e+00 -1.721315681934356689e-01 1.613715291023254395e-01
1.050096392631530762e+00 -1.686027795076370239e-01 1.579403728246688843e-01
1.043818354606628418e+00 -1.707164198160171509e-01 6.630981713533401489e-02
1.001567482948303223e+00 -1.355395019054412842e-01 5.333366245031356812e-02
9.711346030235290527e-01 -1.267831921577453613e-01 1.055512055754661560e-01
1.005387783050537109e+00 -1.344981491565704346e-01 1.939530819654464722e-01
1.028789281845092773e+00 -1.551403999328613281e-01 8.795949816703796387e-02
9.855700731277465820e-01 -1.477093845605850220e-01 1.108169108629226685e-01
9.539440870285034180e-01 -1.401831507682800293e-01 6.263417005538940430e-02
9.052749872207641602e-01 -1.194539666175842285e-01 1.986831277608871460e-01
8.593192696571350098e-01 -9.206493943929672241e-02 2.668968960642814636e-02
8.614641427993774414e-01 -9.848339855670928955e-02 1.575492471456527710e-01
8.641216158866882324e-01 -1.119284927845001221e-01 1.301750242710113525e-01
8.130754232406616211e-01 -1.012274622917175293e-01 1.221390143036842346e-01
7.729297876358032227e-01 -1.041444614529609680e-01 7.363136857748031616e-02
7.186042070388793945e-01 -9.920027852058410645e-02 1.090860962867736816e-01
6.574367284774780273e-01 -9.173906594514846802e-02 1.343793123960494995e-01
6.592699289321899414e-01 -8.452382683753967285e-02 7.493085414171218872e-02
6.635060310363769531e-01 -8.007593452930450439e-02 2.382304146885871887e-02
6.731066107749938965e-01 -8.333855867385864258e-02 7.947831600904464722e-02
7.718783617019653320e-01 -1.067181080579757690e-01 3.864386305212974548e-02
8.540738224983215332e-01 -1.063993126153945923e-01 1.059826239943504333e-01
8.731016516685485840e-01 -9.824152290821075439e-02 -2.205029875040054321e-02
8.838469386100769043e-01 -1.040972247719764709e-01 7.616398483514785767e-02
8.863139748573303223e-01 -1.115864962339401245e-01 1.226880475878715515e-01
8.985740542411804199e-01 -1.123597919940948486e-01 1.259151399135589600e-01
9.742307662963867188e-01 -1.122608035802841187e-01 2.269586548209190369e-02
9.470952153205871582e-01 -8.858419209718704224e-02 -2.932007052004337311e-02
9.302348494529724121e-01 -8.419954776763916016e-02 -8.233925700187683105e-02
9.539552927017211914e-01 -9.310019016265869141e-02 -5.284503474831581116e-02
1.002553820610046387e+00 -1.035530269145965576e-01 2.284282445907592773e-02
9.999803304672241211e-01 -1.170503497123718262e-01 1.050202101469039917e-01
1.078417301177978516e+00 -1.513767987489700317e-01 -6.450227648019790649e-02
1.162167549133300781e+00 -1.406319588422775269e-01 -8.313609659671783447e-02
1.209362745285034180e+00 -1.451514065265655518e-01 6.487566232681274414e-02
1.227255463600158691e+00 -1.319664567708969116e-01 -3.878412395715713501e-02
1.252789974212646484e+00 -1.120115518569946289e-01 -1.834785342216491699e-01
1.267369627952575684e+00 -1.115900576114654541e-01 -1.588575690984725952e-01
1.243756175041198730e+00 -1.058513969182968140e-01 -1.573373973369598389e-01
1.155762076377868652e+00 -9.667228907346725464e-02 -1.744487285614013672e-01
1.102637290954589844e+00 -1.016022488474845886e-01 -6.865385174751281738e-02
1.040898084640502930e+00 -1.062119975686073303e-01 -1.261140964925289154e-02
1.024749994277954102e+00 -1.420439034700393677e-01 1.106337979435920715e-01
1.001805067062377930e+00 -1.509945243597030640e-01 -9.198844432830810547e-02
9.313843846321105957e-01 -1.303011476993560791e-01 -3.224159032106399536e-02
9.729828238487243652e-01 -1.259214282035827637e-01 5.038201063871383667e-02
1.038729906082153320e+00 -1.306138634681701660e-01 -5.962022021412849426e-02
1.104246735572814941e+00 -1.166712567210197449e-01 -7.051817327737808228e-02
1.150283932685852051e+00 -1.581512093544006348e-01 4.865407943725585938e-02
1.169096589088439941e+00 -1.498466134071350098e-01 9.179243817925453186e-03
1.156540274620056152e+00 -9.795711934566497803e-02 2.549570053815841675e-03
1.073183894157409668e+00 -6.998903304338455200e-02 -1.542444825172424316e-01
1.097489953041076660e+00 -8.038580417633056641e-02 2.486250177025794983e-02
1.066628217697143555e+00 -9.191782772541046143e-02 -2.192879319190979004e-01
1.101223707199096680e+00 -8.747971802949905396e-02 -1.186524629592895508e-01
1.121962189674377441e+00 -1.431853920221328735e-01 -7.662023603916168213e-02
1.135463118553161621e+00 -8.406160026788711548e-02 3.940546885132789612e-03
1.122238874435424805e+00 -9.472657740116119385e-02 -1.290994137525558472e-02
1.125414371490478516e+00 -4.323496669530868530e-02 -1.644594222307205200e-01
1.127865433692932129e+00 -2.044227272272109985e-01 3.282059449702501297e-03
1.139594435691833496e+00 -2.077860236167907715e-01 -2.150457166135311127e-02
1.174760699272155762e+00 -1.226108968257904053e-01 -5.661323666572570801e-02
1.196238636970520020e+00 -9.596480429172515869e-02 -1.361467689275741577e-02
1.167428135871887207e+00 -8.138123899698257446e-02 -2.698695063591003418e-01
1.160218358039855957e+00 -1.940309703350067139e-01 -4.766811057925224304e-02
1.172895669937133789e+00 -1.083799228072166443e-01 1.825267262756824493e-02
1.129023909568786621e+00 -3.220749795436859131e-01 6.645173579454421997e-02
1.083675980567932129e+00 -1.623141914606094360e-01 3.594497963786125183e-02
1.008491277694702148e+00 -2.919004559516906738e-01 -6.095922552049160004e-03
9.494058489799499512e-01 -1.785017997026443481e-01 -2.230173163115978241e-02
8.159880638122558594e-01 -2.652896568179130554e-03 -6.478957086801528931e-02
7.437938451766967773e-01 -4.685664549469947815e-02 -9.394044429063796997e-02
8.119880557060241699e-01 -1.465542018413543701e-01 -3.752716258168220520e-02
8.967209458351135254e-01 -7.862851023674011230e-02 -5.678198486566543579e-02
9.426764845848083496e-01 -2.000645101070404053e-01 1.044855825603008270e-02
1.057892084121704102e+00 -8.906565606594085693e-02 -1.596889458596706390e-02
1.073898315429687500e+00 -1.465326398611068726e-01 -7.137339562177658081e-02
1.057757496833801270e+00 -1.392519921064376831e-01 -4.735979437828063965e-02
1.026356816291809082e+00 -1.462751477956771851e-01 -1.886502653360366821e-01
9.449139237403869629e-01 -1.005751118063926697e-01 -5.994335561990737915e-02
7.698779106140136719e-01 -6.982990354299545288e-02 -1.294441223144531250e-01
8.525452613830566406e-01 -8.764207363128662109e-02 -9.227885305881500244e-02
1.028013706207275391e+00 -9.889971464872360229e-02 -1.854091882705688477e-01
1.091708064079284668e+00 -1.091896146535873413e-01 -2.123246490955352783e-01
1.118627905845642090e+00 -1.166960895061492920e-01 6.970031186938285828e-03
1.077746391296386719e+00 -1.286660283803939819e-01 5.348987132310867310e-02
1.020460247993469238e+00 -1.253435015678405762e-01 4.855181276798248291e-02
1.003917813301086426e+00 -1.273840367794036865e-01 -1.027090474963188171e-01
9.815100431442260742e-01 -1.140500381588935852e-01 -4.906098917126655579e-02
9.436049461364746094e-01 -9.530226886272430420e-02 -1.315113902091979980e-01
8.692143559455871582e-01 -7.744460552930831909e-02 -8.376829326152801514e-03
7.834928035736083984e-01 -4.890330880880355835e-02 -9.568990021944046021e-02
7.566332817077636719e-01 -4.319684207439422607e-02 -1.073970049619674683e-01
6.978850364685058594e-01 -4.624843597412109375e-02 -8.023910224437713623e-02
6.172185540199279785e-01 -5.232997238636016846e-02 -7.946353405714035034e-03
5.903724431991577148e-01 -5.573344603180885315e-02 -5.406894534826278687e-02
5.356355309486389160e-01 -5.122982710599899292e-02 -5.750906467437744141e-02
3.868798613548278809e-01 -1.736322417855262756e-02 -1.319047436118125916e-02
2.598549127578735352e-01 1.703444682061672211e-02 -8.103812485933303833e-02
2.757093906402587891e-01 1.079037599265575409e-02 -5.646210908889770508e-02
2.722961902618408203e-01 4.702912643551826477e-03 -6.268786638975143433e-02
2.171107530593872070e-01 1.257376559078693390e-02 -3.783335536718368530e-02
1.989495605230331421e-01 1.202824153006076813e-02 -4.064621776342391968e-02
1.777272820472717285e-01 1.197330281138420105e-02 -5.700732022523880005e-02
1.981796622276306152e-01 1.167997717857360840e-03 -5.015459656715393066e-02
2.208477407693862915e-01 -5.451725795865058899e-03 -1.580931246280670166e-02
2.145024389028549194e-01 -7.415171712636947632e-03 -1.847913861274719238e-02
1.961291581392288208e-01 1.547239720821380615e-03 -2.737632952630519867e-02
1.879187226295471191e-01 -3.727151080965995789e-03 -2.005607075989246368e-02
1.706372648477554321e-01 4.235245287418365479e-03 -3.159799426794052124e-02
1.570475995540618896e-01 1.117956265807151794e-02 -3.723552823066711426e-02
1.641887575387954712e-01 1.172586716711521149e-02 -5.393318459391593933e-02
1.944399923086166382e-01 2.576306462287902832e-03 -3.685317188501358032e-02
2.328602671623229980e-01 -5.021769553422927856e-03 -5.009533092379570007e-02
3.161913454532623291e-01 -4.710596054792404175e-02 -6.296926178038120270e-03
3.282731771469116211e-01 -6.314495950937271118e-02 -8.348016068339347839e-03
3.459584414958953857e-01 -7.147438079118728638e-02 -3.712530434131622314e-02
3.518519699573516846e-01 -6.049808859825134277e-02 -4.198202863335609436e-03
4.198414087295532227e-01 -6.750220060348510742e-02 -3.365407511591911316e-02
5.073266029357910156e-01 -7.795791327953338623e-02 1.806334592401981354e-02
5.806660056114196777e-01 -7.972247153520584106e-02 -6.327980011701583862e-02
6.553732752799987793e-01 -9.713094681501388550e-02 -6.135523691773414612e-02
7.947331666946411133e-01 -1.111125648021697998e-01 -4.830216616392135620e-02
9.078991413116455078e-01 -1.311368942260742188e-01 6.292426586151123047e-02
9.504828453063964844e-01 -1.592560112476348877e-01 -4.248430952429771423e-02
8.981565237045288086e-01 -1.433129906654357910e-01 -1.392741501331329346e-01
8.649983406066894531e-01 -1.244950816035270691e-01 -4.873505979776382446e-02
8.901291489601135254e-01 -1.266903877258300781e-01 -2.819715626537799835e-02
8.947500586509704590e-01 -1.257072389125823975e-01 -1.462776660919189453e-01
8.650153875350952148e-01 -1.276723891496658325e-01 2.875931374728679657e-02
9.013853073120117188e-01 -1.609090268611907959e-01 3.810307756066322327e-02
8.615297079086303711e-01 -1.465462446212768555e-01 -4.292200505733489990e-02
8.238744735717773438e-01 -1.392331868410110474e-01 -1.105265542864799500e-01
8.980537056922912598e-01 -1.444351077079772949e-01 -4.719066619873046875e-02
9.843930602073669434e-01 -1.188993155956268311e-01 5.500342231243848801e-03
9.929977655410766602e-01 -1.468115448951721191e-01 -2.419527620077133179e-02
9.496759772300720215e-01 -8.638761192560195923e-02 -1.073167994618415833e-01
9.524748325347900391e-01 -1.259558498859405518e-01 -1.860986649990081787e-01
9.621751904487609863e-01 -4.931133240461349487e-02 -7.585848867893218994e-02
9.286099672317504883e-01 -8.734802156686782837e-02 -8.362427353858947754e-02
8.924736976623535156e-01 -5.548401921987533569e-02 -9.118134528398513794e-02
8.501089215278625488e-01 -4.171070829033851624e-02 -1.140552163124084473e-01
8.686139583587646484e-01 -9.874983876943588257e-02 -8.239959180355072021e-02
9.554947018623352051e-01 -6.718371808528900146e-02 8.212069049477577209e-03
1.013924241065979004e+00 -7.194074988365173340e-02 3.836389258503913879e-02
1.024958372116088867e+00 -1.143839508295059204e-01 -5.942351371049880981e-02
9.367091655731201172e-01 -1.046767234802246094e-01 -3.696590662002563477e-02
8.184119462966918945e-01 -1.298130750656127930e-01 -5.602096766233444214e-02
7.198511958122253418e-01 -6.147333979606628418e-02 -9.725549817085266113e-02
6.533635258674621582e-01 -4.016311839222908020e-02 -5.285197868943214417e-02
6.107787489891052246e-01 -5.597422271966934204e-02 -7.551768422126770020e-02
7.445771694183349609e-01 -1.066122204065322876e-01 -4.248872771859169006e-02
8.198987245559692383e-01 -1.218281015753746033e-01 -7.587300240993499756e-02
6.645798683166503906e-01 -1.268055588006973267e-01 -6.355483829975128174e-02
6.339995861053466797e-01 -1.004645824432373047e-01 6.747429072856903076e-02
8.094393610954284668e-01 -1.671085953712463379e-01 -5.165979266166687012e-02
9.926393032073974609e-01 -1.479802578687667847e-01 -9.399890899658203125e-02
1.054676890373229980e+00 -1.432508826255798340e-01 -1.444854773581027985e-02
1.017929196357727051e+00 -1.240411996841430664e-01 -6.546502560377120972e-02
1.000072717666625977e+00 -1.120924055576324463e-01 -3.358241170644760132e-03
1.048311591148376465e+00 -1.167049482464790344e-01 -7.172724604606628418e-02
1.115205168724060059e+00 -1.356186419725418091e-01 -1.307587474584579468e-01
1.048731446266174316e+00 -1.525852978229522705e-01 3.407761454582214355e-02
9.275026321411132812e-01 -1.135483384132385254e-01 4.962568730115890503e-02
8.441850543022155762e-01 -8.586598932743072510e-02 -1.465819180011749268e-01
6.809011697769165039e-01 -7.694504410028457642e-02 -3.739836066961288452e-02
5.671824216842651367e-01 -5.560909211635589600e-02 -4.171518236398696899e-02
5.379120707511901855e-01 -2.921980991959571838e-02 -1.060908287763595581e-01
5.192650556564331055e-01 -1.643589884042739868e-02 -1.665141433477401733e-03
5.308055877685546875e-01 -1.733468100428581238e-02 -9.308040142059326172e-02
6.416788697242736816e-01 -4.938440024852752686e-02 -6.998971849679946899e-02
5.987023115158081055e-01 -7.593230158090591431e-02 7.566489279270172119e-03
5.303668975830078125e-01 -6.341220438480377197e-02 -2.355055510997772217e-02
4.799987673759460449e-01 -7.919844985008239746e-02 -5.177747458219528198e-02
5.398114919662475586e-01 -1.044935286045074463e-01 2.527705393731594086e-03
5.842377543449401855e-01 -8.813661336898803711e-02 1.395436003804206848e-03
5.071228146553039551e-01 -9.500277787446975708e-02 -3.288407623767852783e-02
5.756274461746215820e-01 -8.922919631004333496e-02 -4.022826254367828369e-02
6.955665946006774902e-01 -1.104820296168327332e-01 -9.598432481288909912e-02
8.552888035774230957e-01 -1.038260161876678467e-01 -1.049709990620613098e-01
8.849925994873046875e-01 -1.463706493377685547e-01 -5.353336036205291748e-02
8.344922065734863281e-01 -1.402504295110702515e-01 3.823874518275260925e-02
8.841893672943115234e-01 -1.443874090909957886e-01 1.502322312444448471e-02
9.454326033592224121e-01 -1.585557758808135986e-01 2.375559136271476746e-02
1.033532977104187012e+00 -1.974254101514816284e-01 2.055977471172809601e-02
1.102200031280517578e+00 -2.265868186950683594e-01 1.769484207034111023e-02
1.117469906806945801e+00 -1.862154752016067505e-01 1.318682730197906494e-01
1.073774576187133789e+00 -1.876741200685501099e-01 -1.344663277268409729e-02
9.403159618377685547e-01 -1.648080050945281982e-01 -5.257905274629592896e-02
8.492112755775451660e-01 -1.109816655516624451e-01 -8.212327957153320312e-02
8.303270936012268066e-01 -1.046309992671012878e-01 2.692997455596923828e-02
8.668822050094604492e-01 -1.153214573860168457e-01 -2.396165579557418823e-02
8.680958151817321777e-01 -1.170246452093124390e-01 6.753526628017425537e-02
8.690259456634521484e-01 -1.143926605582237244e-01 1.158029437065124512e-01
8.210486173629760742e-01 -9.681822359561920166e-02 1.014531925320625305e-01
7.917867898941040039e-01 -8.318598568439483643e-02 3.421001508831977844e-02
7.713925838470458984e-01 -8.050707727670669556e-02 1.007623672485351562e-01
7.306454777717590332e-01 -8.869717270135879517e-02 3.492831811308860779e-02
6.705358028411865234e-01 -9.015420079231262207e-02 1.561435461044311523e-01
6.868343949317932129e-01 -9.174142032861709595e-02 3.413999825716018677e-02
7.624928951263427734e-01 -1.264807879924774170e-01 1.244835555553436279e-01
8.350428938865661621e-01 -1.325763165950775146e-01 1.250262111425399780e-01
8.688949346542358398e-01 -1.453310549259185791e-01 1.737633645534515381e-01
8.902896642684936523e-01 -1.330563873052597046e-01 8.160998672246932983e-02
8.771823048591613770e-01 -1.204987391829490662e-01 1.399319618940353394e-01
7.940864562988281250e-01 -1.422405987977981567e-01 2.599917948246002197e-01
7.510355710983276367e-01 -1.352085620164871216e-01 2.122042030096054077e-01
7.588789463043212891e-01 -1.348243057727813721e-01 1.828391551971435547e-01
8.763594627380371094e-01 -1.414528787136077881e-01 1.042993292212486267e-01
9.297888278961181641e-01 -1.324179470539093018e-01 2.595438361167907715e-01
8.837444186210632324e-01 -1.295904517173767090e-01 1.450980752706527710e-01
7.847288846969604492e-01 -1.272630989551544189e-01 2.403975278139114380e-01
7.403851747512817383e-01 -1.168370991945266724e-01 2.197347879409790039e-01
7.024577260017395020e-01 -1.159328594803810120e-01 1.278882175683975220e-01
6.330474019050598145e-01 -1.039011031389236450e-01 1.951021999120712280e-01
6.174275875091552734e-01 -9.116560220718383789e-02 1.031667739152908325e-01
6.282768845558166504e-01 -9.535604715347290039e-02 2.019979655742645264e-01
6.965556144714355469e-01 -1.255576461553573608e-01 2.801713347434997559e-01
7.079275846481323242e-01 -1.239921599626541138e-01 2.557544112205505371e-01
7.919822335243225098e-01 -1.256647408008575439e-01 1.858184933662414551e-01
9.045799970626831055e-01 -1.210963428020477295e-01 1.367831975221633911e-01
9.260677695274353027e-01 -1.184398010373115540e-01 1.690814495086669922e-01
8.915519118309020996e-01 -1.204080954194068909e-01 2.761071920394897461e-01
9.882377982139587402e-01 -1.881412565708160400e-01 2.128016501665115356e-01
1.037571191787719727e+00 -1.752390861511230469e-01 2.025462538003921509e-01
1.001014828681945801e+00 -1.484249532222747803e-01 2.016516923904418945e-01
9.498137831687927246e-01 -1.349176168441772461e-01 2.826229333877563477e-01
9.514424204826354980e-01 -1.337529271841049194e-01 2.072360664606094360e-01
8.697178959846496582e-01 -1.158104985952377319e-01 2.148964107036590576e-01
7.807009220123291016e-01 -1.026388630270957947e-01 1.903064996004104614e-01
7.690858244895935059e-01 -1.086900159716606140e-01 2.543458044528961182e-01
7.887760400772094727e-01 -1.037979274988174438e-01 1.705154478549957275e-01
7.842831611633300781e-01 -1.136684566736221313e-01 1.404032260179519653e-01
7.333683371543884277e-01 -9.100302308797836304e-02 1.505443602800369263e-01
7.391362190246582031e-01 -8.825882524251937866e-02 5.941507220268249512e-02
7.409274578094482422e-01 -9.574723243713378906e-02 8.721726387739181519e-02
7.529458999633789062e-01 -1.003858149051666260e-01 1.475820988416671753e-01
7.645301818847656250e-01 -1.006323397159576416e-01 1.772477328777313232e-01
7.444762587547302246e-01 -9.633299708366394043e-02 1.020950973033905029e-01
6.812656521797180176e-01 -9.417359530925750732e-02 1.691453456878662109e-01
7.293934226036071777e-01 -1.073711663484573364e-01 1.603484749794006348e-01
7.598783969879150391e-01 -1.151355355978012085e-01 1.313069015741348267e-01
7.325034141540527344e-01 -1.082632094621658325e-01 7.180120050907135010e-02
7.460288405418395996e-01 -1.103162392973899841e-01 1.484102755784988403e-01
8.007969856262207031e-01 -1.202950254082679749e-01 1.925694346427917480e-01
8.618937134742736816e-01 -1.175230741500854492e-01 1.023767068982124329e-01
8.753058314323425293e-01 -1.310023069381713867e-01 1.840474009513854980e-01
8.972092270851135254e-01 -1.420931220054626465e-01 2.648129761219024658e-01
9.610160589218139648e-01 -1.318068355321884155e-01 2.338652014732360840e-01
9.561685323715209961e-01 -1.358853280544281006e-01 2.403360009193420410e-01
1.001448035240173340e+00 -1.447360813617706299e-01 3.024874627590179443e-01
1.101801395416259766e+00 -1.383958905935287476e-01 2.092288136482238770e-01
1.116680979728698730e+00 -1.484386026859283447e-01 3.419210314750671387e-01
1.136592626571655273e+00 -1.404531598091125488e-01 2.735659480094909668e-01
1.139153480529785156e+00 -1.450746655464172363e-01 1.975599229335784912e-01
1.087944865226745605e+00 -1.420808732509613037e-01 3.181276321411132812e-01
1.078140377998352051e+00 -1.184748485684394836e-01 3.184619247913360596e-01
1.074089050292968750e+00 -1.350204199552536011e-01 1.548836231231689453e-01
9.986342787742614746e-01 -1.083565130829811096e-01 2.900469005107879639e-01
9.761005043983459473e-01 -1.104526445269584656e-01 1.713303774595260620e-01
9.740822911262512207e-01 -1.369014233350753784e-01 1.279068738222122192e-01
9.926604032516479492e-01 -1.344429105520248413e-01 2.095678895711898804e-01
9.486072063446044922e-01 -1.220418885350227356e-01 1.540131866931915283e-01
9.338002204895019531e-01 -1.186761260032653809e-01 1.774008274078369141e-01
9.331610202789306641e-01 -1.230213567614555359e-01 2.819124162197113037e-01
9.481844902038574219e-01 -1.104869544506072998e-01 1.012915298342704773e-01
9.012482762336730957e-01 -9.059007465839385986e-02 2.111558020114898682e-01
8.837529420852661133e-01 -1.099905297160148621e-01 2.298557162284851074e-01
9.178193211555480957e-01 -1.159319356083869934e-01 9.440515935420989990e-02
9.239599704742431641e-01 -1.201401352882385254e-01 2.248661816120147705e-01
9.874825477600097656e-01 -1.111905053257942200e-01 1.340741068124771118e-01
1.040562152862548828e+00 -1.325629353523254395e-01 1.241108775138854980e-01
1.019001245498657227e+00 -1.349323391914367676e-01 2.699438929557800293e-01
1.024861335754394531e+00 -1.149683222174644470e-01 7.488621771335601807e-02
9.401233196258544922e-01 -9.807548671960830688e-02 1.739688068628311157e-01
9.041442275047302246e-01 -1.087717711925506592e-01 1.835292428731918335e-01
9.255868196487426758e-01 -1.099057123064994812e-01 1.897404342889785767e-01
9.448618292808532715e-01 -1.000922322273254395e-01 2.309734225273132324e-01
9.500422477722167969e-01 -1.000990569591522217e-01 2.403844594955444336e-01
9.839366674423217773e-01 -9.970733523368835449e-02 2.766968905925750732e-01
1.055241584777832031e+00 -9.944016486406326294e-02 1.003399938344955444e-01
1.000385761260986328e+00 -1.062978357076644897e-01 1.638692617416381836e-01
9.508451819419860840e-01 -1.081320568919181824e-01 1.727421879768371582e-01
9.377360343933105469e-01 -1.102437227964401245e-01 2.384984493255615234e-01
9.532526135444641113e-01 -1.275399774312973022e-01 1.940245628356933594e-01
9.140502810478210449e-01 -1.205011904239654541e-01 2.331281006336212158e-01
9.329563975334167480e-01 -8.777865022420883179e-02 8.790286630392074585e-02
9.378821253776550293e-01 -6.983379274606704712e-02 2.150692790746688843e-01
9.565393924713134766e-01 -7.348546385765075684e-02 2.200156748294830322e-01
9.592690467834472656e-01 -9.110969305038452148e-02 2.191887348890304565e-01
9.632801413536071777e-01 -9.059581160545349121e-02 1.431766152381896973e-01
9.508511424064636230e-01 -8.353834599256515503e-02 2.264057695865631104e-01
9.706444740295410156e-01 -8.172161877155303955e-02 1.375607848167419434e-01
9.513695240020751953e-01 -7.680992037057876587e-02 1.999956071376800537e-01
9.670948386192321777e-01 -8.873702585697174072e-02 1.751279830932617188e-01
9.979940652847290039e-01 -8.137650787830352783e-02 1.445794552564620972e-01
1.022095680236816406e+00 -7.811813056468963623e-02 1.592469513416290283e-01
1.004046320915222168e+00 -7.319565117359161377e-02 1.590297520160675049e-01
9.926565289497375488e-01 -7.526247203350067139e-02 1.740916818380355835e-01
9.752596616744995117e-01 -6.574856489896774292e-02 1.173085197806358337e-01
9.446371793746948242e-01 -8.318476378917694092e-02 2.664956450462341309e-01
9.931820631027221680e-01 -9.143079817295074463e-02 1.648382246494293213e-01
9.743381738662719727e-01 -9.217242896556854248e-02 2.064991444349288940e-01
9.470996856689453125e-01 -1.115992888808250427e-01 2.688363194465637207e-01
9.519164562225341797e-01 -1.034772247076034546e-01 2.579779028892517090e-01
9.416911005973815918e-01 -1.128336265683174133e-01 3.085651397705078125e-01
9.722386598587036133e-01 -1.120601445436477661e-01 3.038779497146606445e-01
9.801926016807556152e-01 -1.237676739692687988e-01 3.108757734298706055e-01
9.974934458732604980e-01 -1.251955330371856689e-01 2.144736349582672119e-01
9.840415716171264648e-01 -1.278046667575836182e-01 2.412937134504318237e-01
9.734559059143066406e-01 -1.334459632635116577e-01 2.596460580825805664e-01
9.455459117889404297e-01 -1.253592520952224731e-01 1.799853146076202393e-01
8.727604150772094727e-01 -1.218336299061775208e-01 2.794767916202545166e-01
9.059169888496398926e-01 -1.136711239814758301e-01 2.145522683858871460e-01
9.497392773628234863e-01 -1.236165240406990051e-01 1.387220174074172974e-01
9.414012432098388672e-01 -1.343743503093719482e-01 2.768797874450683594e-01
9.537917375564575195e-01 -1.515142768621444702e-01 3.055994510650634766e-01
9.801911711692810059e-01 -1.504056006669998169e-01 2.263963818550109863e-01
9.483643174171447754e-01 -1.480402052402496338e-01 3.558658659458160400e-01
9.969363212585449219e-01 -1.373332738876342773e-01 1.600360721349716187e-01
9.812480211257934570e-01 -1.492377370595932007e-01 1.503955423831939697e-01
9.491135478019714355e-01 -1.301510930061340332e-01 1.642075181007385254e-01
9.302725195884704590e-01 -1.251472681760787964e-01 1.571673899888992310e-01
9.175164699554443359e-01 -1.260172724723815918e-01 1.776308864355087280e-01
9.224834442138671875e-01 -1.175753548741340637e-01 2.218949347734451294e-01
9.565714001655578613e-01 -1.146503835916519165e-01 1.318559795618057251e-01
9.379321932792663574e-01 -1.145819425582885742e-01 2.888566255569458008e-01
9.316970705986022949e-01 -1.244492679834365845e-01 3.014674186706542969e-01
9.617940187454223633e-01 -1.132588908076286316e-01 1.545952707529067993e-01
9.460503458976745605e-01 -1.097439825534820557e-01 2.653413414955139160e-01
9.236849546432495117e-01 -9.972844272851943970e-02 2.548176646232604980e-01
8.985968232154846191e-01 -9.578311443328857422e-02 2.475323677062988281e-01
9.068755507469177246e-01 -1.070333123207092285e-01 1.671141684055328369e-01
8.440316319465637207e-01 -1.073330119252204895e-01 3.050834536552429199e-01
8.415781259536743164e-01 -9.962467104196548462e-02 2.544532120227813721e-01
8.773195147514343262e-01 -1.088870316743850708e-01 2.602491378784179688e-01
8.583410978317260742e-01 -1.224116459488868713e-01 2.665923535823822021e-01
7.220949530601501465e-01 -1.045090779662132263e-01 3.658976852893829346e-01
7.323132753372192383e-01 -8.895441144704818726e-02 2.611811161041259766e-01
6.960304975509643555e-01 -8.148997277021408081e-02 3.666518330574035645e-01
7.099141478538513184e-01 -8.940986543893814087e-02 2.946906685829162598e-01
6.345760822296142578e-01 -8.108828961849212646e-02 3.496124148368835449e-01
5.643050074577331543e-01 -7.078140974044799805e-02 2.786045968532562256e-01
5.202309489250183105e-01 -5.295235663652420044e-02 2.220302671194076538e-01
5.166725516319274902e-01 -5.871430039405822754e-02 1.870188117027282715e-01
5.073788762092590332e-01 -5.533613637089729309e-02 1.615689396858215332e-01
4.036664068698883057e-01 -4.739180952310562134e-02 1.420412659645080566e-01
3.709769248962402344e-01 -4.066351801156997681e-02 9.850125014781951904e-02
4.455254077911376953e-01 -4.680258408188819885e-02 1.843071579933166504e-01
5.256208181381225586e-01 -6.199786439538002014e-02 2.040151655673980713e-01
5.232007503509521484e-01 -6.011776626110076904e-02 1.824539452791213989e-01
5.544769167900085449e-01 -6.606049090623855591e-02 1.356564015150070190e-01
6.028261184692382812e-01 -8.188867568969726562e-02 1.666563600301742554e-01
6.483194231986999512e-01 -8.928390592336654663e-02 1.909160465002059937e-01
6.782631874084472656e-01 -1.022010743618011475e-01 2.520307004451751709e-01
6.364473700523376465e-01 -8.742018043994903564e-02 2.611090540885925293e-01
6.657361984252929688e-01 -8.569861203432083130e-02 1.978677660226821899e-01
7.185062766075134277e-01 -9.344714134931564331e-02 1.934093385934829712e-01
7.330321669578552246e-01 -9.455124288797378540e-02 1.945380717515945435e-01
7.142968773841857910e-01 -9.965798258781433105e-02 2.479859888553619385e-01
7.349783778190612793e-01 -9.852659702301025391e-02 2.392404526472091675e-01
7.763877511024475098e-01 -1.019576117396354675e-01 1.101685762405395508e-01
7.549501061439514160e-01 -9.956681728363037109e-02 2.536927163600921631e-01
8.038672804832458496e-01 -1.159650459885597229e-01 1.869901269674301147e-01
8.509377837181091309e-01 -1.167835742235183716e-01 2.321691364049911499e-01
8.372201919555664062e-01 -1.201492920517921448e-01 2.774828076362609863e-01
7.819190621376037598e-01 -9.313275665044784546e-02 1.431648582220077515e-01
6.730023026466369629e-01 -7.251983135938644409e-02 1.258394718170166016e-01
6.413179039955139160e-01 -6.645218282938003540e-02 1.790516376495361328e-01
6.665981411933898926e-01 -8.055251091718673706e-02 2.073331028223037720e-01
6.568771600723266602e-01 -9.249993413686752319e-02 1.974190324544906616e-01
5.667602419853210449e-01 -7.536941021680831909e-02 1.879185438156127930e-01
5.261820554733276367e-01 -7.617009431123733521e-02 1.905312389135360718e-01
5.242257714271545410e-01 -7.210759818553924561e-02 1.901827007532119751e-01
5.057039856910705566e-01 -6.341910362243652344e-02 1.196125075221061707e-01
4.859068095684051514e-01 -6.509473174810409546e-02 1.694931387901306152e-01
4.613153040409088135e-01 -6.863893568515777588e-02 2.202591747045516968e-01
4.521681964397430420e-01 -7.052157074213027954e-02 2.297259271144866943e-01
5.092849135398864746e-01 -7.903588563203811646e-02 1.947975903749465942e-01
5.021207332611083984e-01 -8.955472707748413086e-02 2.961173951625823975e-01
5.073475837707519531e-01 -9.947769343852996826e-02 3.029229938983917236e-01
5.478411316871643066e-01 -9.372903406620025635e-02 3.099554777145385742e-01
5.315883755683898926e-01 -7.721765339374542236e-02 3.273290395736694336e-01
5.166452527046203613e-01 -6.632231175899505615e-02 2.551243007183074951e-01
4.901041686534881592e-01 -6.318199634552001953e-02 2.332308590412139893e-01
4.556674957275390625e-01 -6.264634430408477783e-02 2.639253437519073486e-01
4.630735814571380615e-01 -6.381330639123916626e-02 2.631285786628723145e-01
4.777975082397460938e-01 -6.865170598030090332e-02 2.287147492170333862e-01
4.453173875808715820e-01 -6.561939418315887451e-02 2.111528664827346802e-01
4.213622808456420898e-01 -6.262241303920745850e-02 2.070517539978027344e-01
4.018774330615997314e-01 -6.957730650901794434e-02 2.330939471721649170e-01
