1.358859613537788391e-02 3.619417548179626465e-03 9.396679401397705078e-01
1.507149264216423035e-02 -8.624888956546783447e-03 9.522260427474975586e-01
1.417304202914237976e-02 -1.078335195779800415e-02 9.866127371788024902e-01
8.426267653703689575e-03 -2.289224416017532349e-02 1.024112105369567871e+00
1.331444829702377319e-02 -3.597711771726608276e-02 1.035909056663513184e+00
2.050238475203514099e-02 -3.179540485143661499e-02 9.465231299400329590e-01
1.319747790694236755e-02 -3.278618305921554565e-02 9.297801852226257324e-01
2.344265580177307129e-03 -3.641980141401290894e-02 9.170600771903991699e-01
6.415359675884246826e-04 -3.772991150617599487e-02 8.844466209411621094e-01
-1.315880566835403442e-03 -3.942563384771347046e-02 9.015879034996032715e-01
-3.385581076145172119e-04 -3.249292820692062378e-02 9.044100642204284668e-01
-1.636436954140663147e-02 -1.863085478544235229e-02 8.740764856338500977e-01
-2.708474919199943542e-02 2.756714820861816406e-07 8.469911813735961914e-01
-2.550109103322029114e-02 8.445195853710174561e-03 7.561663985252380371e-01
-2.997242286801338196e-02 1.607305556535720825e-02 7.004320025444030762e-01
-1.742899045348167419e-02 3.863874822854995728e-02 6.273576617240905762e-01
-2.832716330885887146e-02 3.121753036975860596e-02 6.135542392730712891e-01
-2.816079184412956238e-02 7.811725139617919922e-03 6.880094408988952637e-01
-1.772413030266761780e-02 6.401881575584411621e-03 6.720797419548034668e-01
-2.138687297701835632e-02 1.977078616619110107e-03 6.767382025718688965e-01
-1.239166781306266785e-02 1.506669819355010986e-02 6.545209884643554688e-01
-7.144417613744735718e-03 2.117204666137695312e-02 6.126329302787780762e-01
-6.203632801771163940e-03 1.871219277381896973e-02 6.347302794456481934e-01
-7.730279117822647095e-03 9.302280843257904053e-03 7.020311355590820312e-01
-1.316907629370689392e-02 -6.445027887821197510e-03 7.677320241928100586e-01
-8.539926260709762573e-03 -1.050195842981338501e-02 7.920963764190673828e-01
-1.169722527265548706e-03 -1.569124311208724976e-02 8.752275705337524414e-01
-8.326347917318344116e-03 -1.566988974809646606e-02 8.398666381835937500e-01
-1.377114281058311462e-02 -1.622189581394195557e-02 7.966114282608032227e-01
-1.163672283291816711e-02 -2.037279307842254639e-02 8.500799536705017090e-01
-1.422519609332084656e-02 -2.142854779958724976e-02 8.706788420677185059e-01
-1.742620393633842468e-02 -2.468519657850265503e-02 9.208676815032958984e-01
-7.725026458501815796e-03 -2.582525461912155151e-02 1.014470696449279785e+00
-2.564016729593276978e-03 -3.199674934148788452e-02 1.065526962280273438e+00
2.238016575574874878e-03 -3.143378347158432007e-02 1.043409109115600586e+00
1.499440521001815796e-03 -3.334297984838485718e-02 1.042494654655456543e+00
1.687519252300262451e-04 -3.548992425203323364e-02 1.069300174713134766e+00
-1.843560487031936646e-03 -3.901623934507369995e-02 1.091264724731445312e+00
1.423534005880355835e-03 -4.136329144239425659e-02 1.096859693527221680e+00
2.766367048025131226e-03 -4.043658822774887085e-02 1.104785084724426270e+00
4.685927182435989380e-03 -4.121100157499313354e-02 1.136067986488342285e+00
9.270150214433670044e-03 -4.130002111196517944e-02 1.166657805442810059e+00
9.497117251157760620e-03 -4.319696873426437378e-02 1.177089095115661621e+00
1.118088886141777039e-02 -4.617770761251449585e-02 1.169574379920959473e+00
1.253751292824745178e-02 -4.801436513662338257e-02 1.131199479103088379e+00
1.485669240355491638e-02 -4.575660079717636108e-02 1.098345160484313965e+00
1.562407985329627991e-02 -4.259005934000015259e-02 1.121031165122985840e+00
1.689361408352851868e-02 -4.298733919858932495e-02 1.131648898124694824e+00
1.765296980738639832e-02 -4.499017447233200073e-02 1.160678386688232422e+00
1.810902729630470276e-02 -4.659015685319900513e-02 1.177796125411987305e+00
1.902528479695320129e-02 -4.670291393995285034e-02 1.189210295677185059e+00
1.948310807347297668e-02 -4.831872135400772095e-02 1.212523221969604492e+00
1.869374886155128479e-02 -5.187594145536422729e-02 1.221637725830078125e+00
1.785500720143318176e-02 -5.410476773977279663e-02 1.233145117759704590e+00
1.938815042376518250e-02 -5.202569812536239624e-02 1.199271440505981445e+00
1.747564598917961121e-02 -5.479628592729568481e-02 1.195189476013183594e+00
1.735528185963630676e-02 -5.399168282747268677e-02 1.191292166709899902e+00
1.787789538502693176e-02 -5.258438736200332642e-02 1.178024291992187500e+00
1.668611541390419006e-02 -5.263062566518783569e-02 1.147947430610656738e+00
1.464974507689476013e-02 -5.378619581460952759e-02 1.149214029312133789e+00
1.365489140152931213e-02 -5.689533799886703491e-02 1.175909280776977539e+00
1.111186668276786804e-02 -5.875108391046524048e-02 1.149354577064514160e+00
1.071840897202491760e-02 -5.767289549112319946e-02 1.115985393524169922e+00
1.040649786591529846e-02 -5.481658130884170532e-02 1.087686777114868164e+00
1.077911630272865295e-02 -5.203070491552352905e-02 1.065032482147216797e+00
1.120818778872489929e-02 -4.905547946691513062e-02 1.057452559471130371e+00
1.121659204363822937e-02 -4.585122317075729370e-02 1.064735412597656250e+00
1.145081594586372375e-02 -4.477495700120925903e-02 1.041998267173767090e+00
1.313684508204460144e-02 -4.270421713590621948e-02 1.034066796302795410e+00
1.233372464776039124e-02 -4.364439100027084351e-02 1.023241996765136719e+00
1.551592722535133362e-02 -3.415160626173019409e-02 9.750643372535705566e-01
1.706950739026069641e-02 -2.904399484395980835e-02 9.725731015205383301e-01
1.523717120289802551e-02 -3.326814621686935425e-02 1.049411177635192871e+00
1.754475757479667664e-02 -3.057443350553512573e-02 1.077921628952026367e+00
1.717574521899223328e-02 -3.010769933462142944e-02 1.092272639274597168e+00
1.426082476973533630e-02 -3.422447293996810913e-02 1.070156693458557129e+00
1.471584662795066833e-02 -3.003691881895065308e-02 1.033634185791015625e+00
8.521456271409988403e-03 -3.221980482339859009e-02 9.582788944244384766e-01
8.635811507701873779e-03 -2.407871931791305542e-02 9.292271137237548828e-01
1.041014865040779114e-02 -2.016068249940872192e-02 9.457530379295349121e-01
8.375652134418487549e-03 -1.524091511964797974e-02 8.836493492126464844e-01
5.765985697507858276e-03 -9.987570345401763916e-03 8.618738651275634766e-01
5.612991750240325928e-03 2.282716333866119385e-03 8.301614522933959961e-01
6.153766065835952759e-03 2.599559724330902100e-03 8.943966627120971680e-01
-1.229654997587203979e-03 -4.610873758792877197e-03 9.244888424873352051e-01
1.220814883708953857e-04 -6.284840404987335205e-03 9.487034082412719727e-01
3.045093268156051636e-03 -8.809916675090789795e-03 9.693776369094848633e-01
6.854534149169921875e-05 -2.190612256526947021e-03 9.549788832664489746e-01
3.274928778409957886e-03 -5.197852849960327148e-03 8.509292006492614746e-01
3.254838287830352783e-03 -7.581494748592376709e-03 7.592868208885192871e-01
1.480988413095474243e-02 -6.311714649200439453e-03 7.820985317230224609e-01
1.210112497210502625e-02 -1.121786236763000488e-02 7.601541280746459961e-01
9.451683610677719116e-03 -3.202334046363830566e-03 7.267728447914123535e-01
1.205111294984817505e-02 -9.626671671867370605e-04 7.990441322326660156e-01
1.857561990618705750e-02 -2.639191597700119019e-02 8.906750679016113281e-01
2.013847604393959045e-02 -3.292354196310043335e-02 9.699183702468872070e-01
1.537493616342544556e-02 -2.693627029657363892e-02 9.945387244224548340e-01
4.171241074800491333e-03 -2.777390927076339722e-02 9.216119050979614258e-01
-2.538252621889114380e-03 -3.055188804864883423e-02 8.789070844650268555e-01
-7.358986884355545044e-03 -3.721527010202407837e-02 9.078252315521240234e-01
6.498266011476516724e-03 -2.902073413133621216e-02 1.017934560775756836e+00
1.340772211551666260e-02 -2.184268832206726074e-02 8.863542675971984863e-01
1.558459550142288208e-02 -1.230254024267196655e-02 8.171567916870117188e-01
2.132054418325424194e-03 1.472157984972000122e-02 8.481696844100952148e-01
-6.939578801393508911e-03 7.162459194660186768e-03 7.549105286598205566e-01
1.016479730606079102e-02 -2.029923349618911743e-02 8.188103437423706055e-01
9.071499109268188477e-03 -2.696745842695236206e-02 8.071134090423583984e-01
1.130531355738639832e-02 -2.137961983680725098e-02 8.129120469093322754e-01
1.800099760293960571e-02 -5.555503070354461670e-03 8.098530769348144531e-01
2.443112060427665710e-02 -1.287162303924560547e-02 8.530722856521606445e-01
3.268384560942649841e-02 -1.647109538316726685e-02 9.118549823760986328e-01
2.627905830740928650e-02 -2.697937935590744019e-02 9.209194779396057129e-01
2.060813084244728088e-02 -3.401472419500350952e-02 8.881592750549316406e-01
1.751236245036125183e-02 -3.960604220628738403e-02 9.093052148818969727e-01
1.473239436745643616e-02 -4.206370562314987183e-02 9.326477050781250000e-01
1.416678354144096375e-02 -4.104699939489364624e-02 9.365203976631164551e-01
1.336399093270301819e-02 -4.327771812677383423e-02 9.331927299499511719e-01
1.242070272564888000e-02 -4.441162198781967163e-02 1.005521297454833984e+00
1.427054032683372498e-02 -4.102157801389694214e-02 1.032301902770996094e+00
1.677864417433738708e-02 -4.027786105871200562e-02 1.009148001670837402e+00
1.471122726798057556e-02 -4.056980460882186890e-02 1.056239962577819824e+00
1.145407184958457947e-02 -3.923963755369186401e-02 1.085152983665466309e+00
1.168059930205345154e-02 -3.845816105604171753e-02 1.116588711738586426e+00
1.025248691439628601e-02 -3.962173312902450562e-02 1.126244187355041504e+00
8.344326168298721313e-03 -4.088255017995834351e-02 1.102236747741699219e+00
2.997934818267822266e-03 -4.435016959905624390e-02 1.065205216407775879e+00
6.298299878835678101e-03 -3.758893162012100220e-02 1.007153868675231934e+00
1.186868920922279358e-02 -3.255469352006912231e-02 9.426715373992919922e-01
1.093420758843421936e-02 -3.410612791776657104e-02 9.156933426856994629e-01
7.728505879640579224e-03 -3.707741945981979370e-02 8.630155324935913086e-01
1.233479008078575134e-02 -3.167181462049484253e-02 8.895877599716186523e-01
1.189278811216354370e-02 -3.209685534238815308e-02 9.289417862892150879e-01
1.379340514540672302e-02 -2.716591209173202515e-02 9.618151187896728516e-01
1.599821075797080994e-02 -2.779410034418106079e-02 1.020469307899475098e+00
2.283519133925437927e-02 -2.312418073415756226e-02 1.072540640830993652e+00
2.566746994853019714e-02 -1.719928532838821411e-02 1.052456259727478027e+00
2.039648965001106262e-02 -1.996310800313949585e-02 1.029245972633361816e+00
1.318692788481712341e-02 -2.211191505193710327e-02 1.038191199302673340e+00
1.603006944060325623e-02 -1.882001012563705444e-02 1.049819827079772949e+00
1.697597652673721313e-02 -2.058132737874984741e-02 1.016433477401733398e+00
2.478991448879241943e-02 -1.460737735033035278e-02 1.007260203361511230e+00
1.888121664524078369e-02 -2.158849686384201050e-02 1.090822696685791016e+00
1.589604094624519348e-02 -2.718997746706008911e-02 1.152621626853942871e+00
1.468593254685401917e-02 -2.622000128030776978e-02 1.099522709846496582e+00
8.796919137239456177e-03 -2.799671143293380737e-02 9.806326031684875488e-01
4.679135978221893311e-03 -3.004314750432968140e-02 9.661132097244262695e-01
1.526478677988052368e-03 -3.614542633295059204e-02 9.647220373153686523e-01
-1.490958034992218018e-03 -4.019226878881454468e-02 9.673904776573181152e-01
-1.685518771409988403e-03 -3.706853836774826050e-02 9.498805999755859375e-01
-7.840618491172790527e-04 -3.351797908544540405e-02 9.560034275054931641e-01
-1.535635441541671753e-03 -3.134381026029586792e-02 9.477774500846862793e-01
-2.245221287012100220e-03 -3.555788844823837280e-02 9.644469618797302246e-01
-1.590222120285034180e-03 -3.861217945814132690e-02 9.754912257194519043e-01
-1.349821686744689941e-04 -3.942436724901199341e-02 9.334506988525390625e-01
5.378868430852890015e-03 -3.470160812139511108e-02 9.987165927886962891e-01
9.419877082109451294e-03 -3.083900362253189087e-02 1.016413211822509766e+00
6.998863071203231812e-03 -3.105001896619796753e-02 1.028749585151672363e+00
7.551718503236770630e-03 -3.116513043642044067e-02 1.027288317680358887e+00
8.129335939884185791e-03 -2.955951541662216187e-02 1.028808832168579102e+00
5.965698510408401489e-03 -2.890107780694961548e-02 1.032081365585327148e+00
9.066302329301834106e-03 -2.612116187810897827e-02 1.037503719329833984e+00
1.971030607819557190e-02 -2.133890241384506226e-02 1.045343518257141113e+00
2.350479364395141602e-02 -1.754950731992721558e-02 1.047065734863281250e+00
1.827272400259971619e-02 -2.144817262887954712e-02 1.054078221321105957e+00
1.616749539971351624e-02 -2.202146500349044800e-02 1.137832403182983398e+00
2.112641558051109314e-02 -1.754940301179885864e-02 1.170244336128234863e+00
1.897039264440536499e-02 -1.856150478124618530e-02 1.177027463912963867e+00
1.523656025528907776e-02 -2.126810699701309204e-02 1.181687593460083008e+00
1.637619733810424805e-02 -2.061894536018371582e-02 1.150528550148010254e+00
2.359441667795181274e-02 -1.575000584125518799e-02 1.194076657295227051e+00
2.436876296997070312e-02 -1.517107337713241577e-02 1.227217674255371094e+00
2.508448809385299683e-02 -1.514914631843566895e-02 1.232771992683410645e+00
2.365998178720474243e-02 -1.553839445114135742e-02 1.213841915130615234e+00
1.961258798837661743e-02 -1.967671513557434082e-02 1.198560595512390137e+00
2.380781248211860657e-02 -1.835196465253829956e-02 1.186386704444885254e+00
2.261159196496009827e-02 -1.994989067316055298e-02 1.193136930465698242e+00
1.997163891792297363e-02 -2.003086358308792114e-02 1.192588686943054199e+00
2.232869341969490051e-02 -1.596862077713012695e-02 1.228194117546081543e+00
2.699259854853153229e-02 -1.048243790864944458e-02 1.269615769386291504e+00
2.702833712100982666e-02 -1.024658232927322388e-02 1.259000778198242188e+00
2.451542392373085022e-02 -8.600033819675445557e-03 1.237708806991577148e+00
2.225071564316749573e-02 -9.377159178256988525e-03 1.193794131278991699e+00
2.218080684542655945e-02 -8.680038154125213623e-03 1.166159749031066895e+00
2.229373529553413391e-02 -9.810335934162139893e-03 1.168847680091857910e+00
2.316164225339889526e-02 -1.793159544467926025e-02 1.188017249107360840e+00
2.084784209728240967e-02 -3.187627345323562622e-02 1.192257404327392578e+00
1.950458809733390808e-02 -3.595369309186935425e-02 1.179654359817504883e+00
2.057659998536109924e-02 -3.212472051382064819e-02 1.161407709121704102e+00
2.270457148551940918e-02 -2.981390804052352905e-02 1.194132685661315918e+00
2.324678376317024231e-02 -2.385019510984420776e-02 1.166539669036865234e+00
2.289249375462532043e-02 -2.069128304719924927e-02 1.159118771553039551e+00
2.591438591480255127e-02 -2.011000365018844604e-02 1.195726990699768066e+00
2.466541156172752380e-02 -2.234569936990737915e-02 1.153152823448181152e+00
2.324948459863662720e-02 -2.412732690572738647e-02 1.148814797401428223e+00
2.109739556908607483e-02 -2.793066948652267456e-02 1.156392216682434082e+00
2.066648006439208984e-02 -2.896072715520858765e-02 1.157670497894287109e+00
2.044440060853958130e-02 -2.706652134656906128e-02 1.143951535224914551e+00
2.122394368052482605e-02 -2.241700142621994019e-02 1.096308469772338867e+00
2.377344295382499695e-02 -1.872179657220840454e-02 1.100560069084167480e+00
2.308693900704383850e-02 -1.773051917552947998e-02 1.146235942840576172e+00
2.367896959185600281e-02 -1.764633506536483765e-02 1.167871236801147461e+00
2.597239986062049866e-02 -2.727698534727096558e-02 1.187190771102905273e+00
2.584512159228324890e-02 -3.364350646734237671e-02 1.146294474601745605e+00
2.461427077651023865e-02 -2.740278095006942749e-02 1.057122588157653809e+00
2.517851069569587708e-02 -1.868855953216552734e-02 1.027609944343566895e+00
2.003406360745429993e-02 -2.036955207586288452e-02 1.024119853973388672e+00
2.505681291222572327e-02 2.492889761924743652e-04 1.069067478179931641e+00
2.059945836663246155e-02 5.361370742321014404e-03 1.074597001075744629e+00
1.778120175004005432e-02 -6.184779107570648193e-03 1.100984096527099609e+00
2.168761566281318665e-02 -5.102746188640594482e-03 1.118076562881469727e+00
1.847768574953079224e-02 -1.342616975307464600e-02 1.121395230293273926e+00
1.871284469962120056e-02 -1.481357216835021973e-02 1.131680965423583984e+00
1.864024624228477478e-02 -1.513841003179550171e-02 1.150573968887329102e+00
1.590366661548614502e-02 -2.181516587734222412e-02 1.179831385612487793e+00
9.323906153440475464e-03 -3.407975286245346069e-02 1.191347837448120117e+00
3.296490758657455444e-03 -4.428298026323318481e-02 1.190268754959106445e+00
6.233830004930496216e-03 -3.799866884946823120e-02 1.153160452842712402e+00
1.100795343518257141e-02 -2.778630703687667847e-02 1.129637718200683594e+00
1.307252421975135803e-02 -2.318782359361648560e-02 1.119660615921020508e+00
1.311567798256874084e-02 -1.776863634586334229e-02 1.104556202888488770e+00
1.917009428143501282e-02 -6.566405296325683594e-03 1.073187947273254395e+00
2.406140789389610291e-02 5.365163087844848633e-04 1.084638476371765137e+00
2.797059342265129089e-02 3.587134182453155518e-03 1.128641128540039062e+00
2.224908396601676941e-02 3.091767430305480957e-03 1.128010630607604980e+00
2.174497768282890320e-02 3.010816872119903564e-03 1.117535710334777832e+00
2.272592857480049133e-02 4.655502736568450928e-03 1.097465157508850098e+00
2.249182760715484619e-02 4.893936216831207275e-03 1.107389569282531738e+00
2.069241181015968323e-02 5.065269768238067627e-03 1.126591801643371582e+00
2.133194729685783386e-02 5.621224641799926758e-03 1.122053027153015137e+00
2.074518054723739624e-02 4.771500825881958008e-03 1.119027256965637207e+00
1.968540251255035400e-02 4.034116864204406738e-03 1.124762296676635742e+00
2.027447149157524109e-02 3.136642277240753174e-03 1.129585981369018555e+00
2.070086076855659485e-02 2.253130078315734863e-03 1.128554582595825195e+00
1.956530287861824036e-02 1.384511590003967285e-03 1.125162005424499512e+00
2.024084702134132385e-02 1.226224005222320557e-03 1.118295669555664062e+00
2.092849090695381165e-02 2.446129918098449707e-03 1.109769225120544434e+00
2.070257440209388733e-02 4.829674959182739258e-03 1.069016575813293457e+00
2.011654898524284363e-02 6.954371929168701172e-03 1.017156362533569336e+00
2.028774097561836243e-02 8.994571864604949951e-03 9.971171021461486816e-01
2.223280444741249084e-02 9.213931858539581299e-03 9.760003685951232910e-01
2.267024293541908264e-02 7.795892655849456787e-03 9.564979076385498047e-01
2.244723215699195862e-02 6.212539970874786377e-03 9.405919313430786133e-01
2.213484421372413635e-02 7.503919303417205811e-03 9.447921514511108398e-01
1.889096572995185852e-02 8.129052817821502686e-03 9.620425701141357422e-01
1.691652461886405945e-02 4.881747066974639893e-03 1.008523106575012207e+00
1.598807796835899353e-02 1.335501670837402344e-03 1.071457266807556152e+00
2.174915000796318054e-02 1.457042992115020752e-03 1.116924047470092773e+00
2.650359645485877991e-02 1.898542046546936035e-03 1.138686180114746094e+00
2.694148942828178406e-02 3.417655825614929199e-03 1.141396284103393555e+00
2.655727043747901917e-02 3.476820886135101318e-03 1.113259792327880859e+00
2.557482197880744934e-02 4.120253026485443115e-03 1.088670372962951660e+00
2.530814334750175476e-02 5.093008279800415039e-03 1.085667848587036133e+00
2.568006888031959534e-02 6.679691374301910400e-03 1.034847855567932129e+00
2.890095487236976624e-02 5.666218698024749756e-03 1.036617875099182129e+00
2.876890823245048523e-02 4.650890827178955078e-03 1.067541956901550293e+00
2.768864855170249939e-02 2.007290720939636230e-03 1.060204148292541504e+00
2.891711145639419556e-02 2.004213631153106689e-03 1.070318579673767090e+00
2.883689105510711670e-02 3.586597740650177002e-03 1.088582754135131836e+00
2.894769981503486633e-02 4.175148904323577881e-03 1.121784567832946777e+00
2.676840126514434814e-02 5.317568778991699219e-03 1.115787982940673828e+00
2.606065198779106140e-02 6.019674241542816162e-03 1.108877182006835938e+00
2.853614091873168945e-02 6.036967039108276367e-03 1.088947772979736328e+00
2.906236052513122559e-02 2.387352287769317627e-03 1.080683946609497070e+00
2.700942754745483398e-02 -9.522885084152221680e-04 1.056077361106872559e+00
2.602754160761833191e-02 2.147108316421508789e-04 1.029735565185546875e+00
2.803057804703712463e-02 5.768053233623504639e-03 1.012127399444580078e+00
2.821954712271690369e-02 9.545184671878814697e-03 1.032441854476928711e+00
2.698067203164100647e-02 1.002318412065505981e-02 1.041971087455749512e+00
2.764790132641792297e-02 9.103365242481231689e-03 1.039069294929504395e+00
2.677902206778526306e-02 7.926397025585174561e-03 1.033802270889282227e+00
2.631093934178352356e-02 7.181517779827117920e-03 1.041924118995666504e+00
2.658515796065330505e-02 7.779859006404876709e-03 1.041630864143371582e+00
2.676166221499443054e-02 7.963001728057861328e-03 1.043770670890808105e+00
2.717269212007522583e-02 7.979117333889007568e-03 1.040967702865600586e+00
2.749636024236679077e-02 8.108533918857574463e-03 1.045223474502563477e+00
2.784010767936706543e-02 8.572094142436981201e-03 1.040672421455383301e+00
2.811928465962409973e-02 8.629880845546722412e-03 1.041026949882507324e+00
2.640844509005546570e-02 8.971765637397766113e-03 1.023460388183593750e+00
2.484166994690895081e-02 8.767992258071899414e-03 9.971467256546020508e-01
2.561639063060283661e-02 8.312202990055084229e-03 9.945292472839355469e-01
2.532063052058219910e-02 7.959954440593719482e-03 9.937431812286376953e-01
2.424001321196556091e-02 8.435502648353576660e-03 9.866932034492492676e-01
2.410453185439109802e-02 8.760876953601837158e-03 9.726372957229614258e-01
2.415511384606361389e-02 7.772900164127349854e-03 9.712312221527099609e-01
2.358578518033027649e-02 8.255928754806518555e-03 9.663939476013183594e-01
2.320505306124687195e-02 8.705757558345794678e-03 9.612699747085571289e-01
2.321552112698554993e-02 8.081011474132537842e-03 9.702966213226318359e-01
2.386458590626716614e-02 7.901199162006378174e-03 9.788625240325927734e-01
2.444179728627204895e-02 9.488284587860107422e-03 9.830223321914672852e-01
2.444710955023765564e-02 8.865870535373687744e-03 9.878334999084472656e-01
2.319493144750595093e-02 8.528776466846466064e-03 9.843114614486694336e-01
2.315316721796989441e-02 8.592166006565093994e-03 9.814822673797607422e-01
2.408657968044281006e-02 7.892228662967681885e-03 9.856225848197937012e-01
2.316279336810112000e-02 8.205793797969818115e-03 9.740681052207946777e-01
2.298652380704879761e-02 7.536381483078002930e-03 9.749327898025512695e-01
2.375540509819984436e-02 5.837365984916687012e-03 9.875620007514953613e-01
2.443121746182441711e-02 4.468984901905059814e-03 9.981906414031982422e-01
2.418293431401252747e-02 4.568375647068023682e-03 1.007231712341308594e+00
2.325667813420295715e-02 7.512979209423065186e-03 9.994229674339294434e-01
2.270238474011421204e-02 9.505204856395721436e-03 9.825422167778015137e-01
2.339771017432212830e-02 9.059943258762359619e-03 1.000560164451599121e+00
2.472949400544166565e-02 7.123447954654693604e-03 1.033740997314453125e+00
2.530187740921974182e-02 6.099253892898559570e-03 1.042859554290771484e+00
2.435614541172981262e-02 6.173841655254364014e-03 1.033539891242980957e+00
2.456183731555938721e-02 8.060909807682037354e-03 1.009398698806762695e+00
2.533205971121788025e-02 8.886463940143585205e-03 9.927988052368164062e-01
2.531634271144866943e-02 7.720261812210083008e-03 1.004574894905090332e+00
2.489424869418144226e-02 6.079569458961486816e-03 1.021411657333374023e+00
2.604295872151851654e-02 6.168901920318603516e-03 1.020173907279968262e+00
2.757038921117782593e-02 6.697572767734527588e-03 1.010858654975891113e+00
2.616041153669357300e-02 4.804395139217376709e-03 1.023630976676940918e+00
2.557810209691524506e-02 4.035770893096923828e-03 1.022349119186401367e+00
2.583776786923408508e-02 3.448985517024993896e-03 1.012542366981506348e+00
2.588615193963050842e-02 3.554761409759521484e-03 9.956378936767578125e-01
2.567793056368827820e-02 3.500998020172119141e-03 9.851400256156921387e-01
2.503667399287223816e-02 3.430418670177459717e-03 9.785653352737426758e-01
2.488571032881736755e-02 3.136642277240753174e-03 9.709455966949462891e-01
2.493278309702873230e-02 3.243573009967803955e-03 9.701491594314575195e-01
2.496515586972236633e-02 3.357045352458953857e-03 9.804522991180419922e-01
2.497952058911323547e-02 3.036558628082275391e-03 9.830651283264160156e-01
2.496272698044776917e-02 3.085888922214508057e-03 9.762822389602661133e-01
2.475171163678169250e-02 3.127343952655792236e-03 9.795594811439514160e-01
2.498216554522514343e-02 3.634281456470489502e-03 9.856104850769042969e-01
2.532480657100677490e-02 4.155278205871582031e-03 9.792379140853881836e-01
2.510435879230499268e-02 5.410179495811462402e-03 9.681613445281982422e-01
2.511160448193550110e-02 6.223216652870178223e-03 9.624437093734741211e-01
2.700239792466163635e-02 7.547967135906219482e-03 9.448636770248413086e-01
2.552766539156436920e-02 6.325542926788330078e-03 9.290963411331176758e-01
2.301645651459693909e-02 6.220988929271697998e-03 9.509731531143188477e-01
2.314888313412666321e-02 6.654053926467895508e-03 9.526077508926391602e-01
2.423608675599098206e-02 8.182927966117858887e-03 9.371466040611267090e-01
2.470102533698081970e-02 1.049840450286865234e-02 9.318135976791381836e-01
2.500608190894126892e-02 1.090428233146667480e-02 9.261718988418579102e-01
2.455213293433189392e-02 1.041911542415618896e-02 9.134870171546936035e-01
2.328026667237281799e-02 8.906543254852294922e-03 9.263123273849487305e-01
2.330264076590538025e-02 7.375560700893402100e-03 9.364989995956420898e-01
2.325371280312538147e-02 5.997315049171447754e-03 9.363582730293273926e-01
2.151100710034370422e-02 6.681330502033233643e-03 9.411270618438720703e-01
2.237356826663017273e-02 9.071148931980133057e-03 9.437780380249023438e-01
2.282300218939781189e-02 8.335456252098083496e-03 9.628332853317260742e-01
2.380017563700675964e-02 8.170060813426971436e-03 9.705895185470581055e-01
2.435041591525077820e-02 7.262431085109710693e-03 9.719693064689636230e-01
2.484996989369392395e-02 7.267229259014129639e-03 9.634706974029541016e-01
2.433237060904502869e-02 7.243111729621887207e-03 9.728777408599853516e-01
2.326070144772529602e-02 6.757609546184539795e-03 9.924126863479614258e-01
2.322972193360328674e-02 6.583817303180694580e-03 9.957592487335205078e-01
2.462552115321159363e-02 8.866317570209503174e-03 9.840242266654968262e-01
2.407668903470039368e-02 1.046889275312423706e-02 9.663755297660827637e-01
2.396681532263755798e-02 1.081220805644989014e-02 9.572247266769409180e-01
2.337625250220298767e-02 9.928412735462188721e-03 9.657806158065795898e-01
2.176290377974510193e-02 8.130542933940887451e-03 9.695415496826171875e-01
2.101530507206916809e-02 7.539175450801849365e-03 9.839642047882080078e-01
2.002531290054321289e-02 8.889205753803253174e-03 9.950935840606689453e-01
1.910158619284629822e-02 1.083987951278686523e-02 9.889246225357055664e-01
2.025108039379119873e-02 1.316557824611663818e-02 9.594484567642211914e-01
1.984410732984542847e-02 1.431719958782196045e-02 9.239173531532287598e-01
1.887705177068710327e-02 1.408804208040237427e-02 9.022210836410522461e-01
1.909682527184486389e-02 1.302597671747207642e-02 9.046269655227661133e-01
2.097930386662483215e-02 1.168456673622131348e-02 9.156739711761474609e-01
2.149591967463493347e-02 1.031931489706039429e-02 9.234617948532104492e-01
1.893380656838417053e-02 8.046478033065795898e-03 9.069492220878601074e-01
1.869168505072593689e-02 9.095497429370880127e-03 8.798207044601440430e-01
2.158709242939949036e-02 1.139029115438461304e-02 8.625999689102172852e-01
2.470338717103004456e-02 7.875606417655944824e-03 8.787151575088500977e-01
2.683801576495170593e-02 5.802191793918609619e-03 9.368031024932861328e-01
2.440371736884117126e-02 5.794636905193328857e-03 9.854115843772888184e-01
2.510171756148338318e-02 1.019338518381118774e-02 9.812602400779724121e-01
2.433903142809867859e-02 1.126983761787414551e-02 1.008271694183349609e+00
2.204544469714164734e-02 6.398893892765045166e-03 1.080223321914672852e+00
1.716771349310874939e-02 7.302977144718170166e-03 1.047559261322021484e+00
1.588690653443336487e-02 6.136909127235412598e-03 8.933610320091247559e-01
2.176637947559356689e-02 8.120842278003692627e-03 9.184706807136535645e-01
2.816110849380493164e-02 7.762730121612548828e-03 9.471866488456726074e-01
2.617447450757026672e-02 8.540682494640350342e-03 9.179710149765014648e-01
2.605118975043296814e-02 1.031621545553207397e-02 9.211422801017761230e-01
2.718412131071090698e-02 1.158583909273147583e-02 9.179751873016357422e-01
2.908947691321372986e-02 1.054051518440246582e-02 9.386374950408935547e-01
2.967857196927070618e-02 9.740449488162994385e-03 9.551297426223754883e-01
3.066642209887504578e-02 9.941495954990386963e-03 9.699745774269104004e-01
3.058125451207160950e-02 1.041266322135925293e-02 9.685658216476440430e-01
2.913500741124153137e-02 1.035780459642410278e-02 9.689993262290954590e-01
2.866489812731742859e-02 1.023209095001220703e-02 9.626985192298889160e-01
2.872437611222267151e-02 1.099760085344314575e-02 9.513499140739440918e-01
2.855537459254264832e-02 1.059217005968093872e-02 9.406089186668395996e-01
2.834080718457698822e-02 1.083927601575851440e-02 9.306925535202026367e-01
2.770115062594413757e-02 1.105084270238876343e-02 9.282213449478149414e-01
2.694798074662685394e-02 9.328089654445648193e-03 9.266457557678222656e-01
2.546049654483795166e-02 9.198933839797973633e-03 9.081497788429260254e-01
2.388598769903182983e-02 9.771607816219329834e-03 8.814018964767456055e-01
2.209974080324172974e-02 9.017929434776306152e-03 8.604826927185058594e-01
2.069463953375816345e-02 7.403351366519927979e-03 8.502507209777832031e-01
1.932011172175407410e-02 6.133504211902618408e-03 8.523150086402893066e-01
1.920710131525993347e-02 4.934422671794891357e-03 8.758419156074523926e-01
1.947173103690147400e-02 4.933118820190429688e-03 8.745579123497009277e-01
2.147330716252326965e-02 7.773280143737792969e-03 8.582765460014343262e-01
1.930917426943778992e-02 7.247634232044219971e-03 8.454671502113342285e-01
1.592143252491950989e-02 3.098584711551666260e-03 8.485215902328491211e-01
1.653490588068962097e-02 2.648353576660156250e-03 8.635763525962829590e-01
1.767371222376823425e-02 3.423690795898437500e-03 8.761292695999145508e-01
1.841651275753974915e-02 3.618285059928894043e-03 8.755974173545837402e-01
1.887928694486618042e-02 5.430176854133605957e-03 8.457480072975158691e-01
1.989999786019325256e-02 7.346302270889282227e-03 8.266692161560058594e-01
2.090739831328392029e-02 8.712567389011383057e-03 8.403214216232299805e-01
1.962302252650260925e-02 8.632272481918334961e-03 8.571462035179138184e-01
1.978246495127677917e-02 9.196951985359191895e-03 8.722556829452514648e-01
1.979013159871101379e-02 9.750701487064361572e-03 8.721473217010498047e-01
1.973440870642662048e-02 1.021120697259902954e-02 8.657830953598022461e-01
1.776556670665740967e-02 9.015701711177825928e-03 8.451673984527587891e-01
1.578529551625251770e-02 7.495306432247161865e-03 8.300756812095642090e-01
1.460377499461174011e-02 7.464021444320678711e-03 8.105361461639404297e-01
1.411203667521476746e-02 8.353918790817260742e-03 8.090147972106933594e-01
1.470542326569557190e-02 8.079133927822113037e-03 8.271394371986389160e-01
1.669183000922203064e-02 8.304156363010406494e-03 8.401237726211547852e-01
1.576327905058860779e-02 8.228540420532226562e-03 8.270679712295532227e-01
1.545997336506843567e-02 8.727222681045532227e-03 8.037484288215637207e-01
1.680245622992515564e-02 1.037187874317169189e-02 7.988466024398803711e-01
1.765038073062896729e-02 1.140512526035308838e-02 8.035583496093750000e-01
1.732159033417701721e-02 1.039884239435195923e-02 8.073499202728271484e-01
1.472422853112220764e-02 9.375996887683868408e-03 8.070583343505859375e-01
1.420319080352783203e-02 9.634055197238922119e-03 8.084442615509033203e-01
1.530976593494415283e-02 9.544953703880310059e-03 8.176056146621704102e-01
1.645803451538085938e-02 1.013428717851638794e-02 8.290588855743408203e-01
1.387583836913108826e-02 1.033095270395278931e-02 8.127801418304443359e-01
1.111856475472450256e-02 9.606264531612396240e-03 7.997586727142333984e-01
1.152075454592704773e-02 1.026115566492080688e-02 8.215241432189941406e-01
1.404183730483055115e-02 1.309001445770263672e-02 8.387158513069152832e-01
1.693266257643699646e-02 1.276592910289764404e-02 8.363845348358154297e-01
1.805342361330986023e-02 1.214075088500976562e-02 8.466328382492065430e-01
1.818794384598731995e-02 1.112903654575347900e-02 8.560559749603271484e-01
1.651613041758537292e-02 1.100581884384155273e-02 8.288542628288269043e-01
1.574698463082313538e-02 8.300594985485076904e-03 8.596634864807128906e-01
1.505945995450019836e-02 7.550418376922607422e-03 8.659160137176513672e-01
1.459659263491630554e-02 7.927156984806060791e-03 8.425758481025695801e-01
1.437751203775405884e-02 8.044213056564331055e-03 8.360906839370727539e-01
1.463076099753379822e-02 7.934480905532836914e-03 8.370003700256347656e-01
1.290859282016754150e-02 6.302438676357269287e-03 8.631907701492309570e-01
1.179517433047294617e-02 4.297420382499694824e-03 8.872079849243164062e-01
1.043571159243583679e-02 4.032112658023834229e-03 9.075925350189208984e-01
1.084653288125991821e-02 5.268462002277374268e-03 9.206199645996093750e-01
1.112612709403038025e-02 5.080752074718475342e-03 9.204432964324951172e-01
8.955951780080795288e-03 3.594957292079925537e-03 8.937286138534545898e-01
8.308757096529006958e-03 2.545714378356933594e-03 8.643169999122619629e-01
8.068848401308059692e-03 3.063865005970001221e-03 8.453726768493652344e-01
8.396539837121963501e-03 4.045106470584869385e-03 8.448610305786132812e-01
9.164433926343917847e-03 3.869108855724334717e-03 8.579010367393493652e-01
8.905481547117233276e-03 3.630049526691436768e-03 8.742453455924987793e-01
1.049992814660072327e-02 4.475876688957214355e-03 9.079213142395019531e-01
1.017403230071067810e-02 4.331812262535095215e-03 8.966554999351501465e-01
8.677870035171508789e-03 1.754485070705413818e-03 8.830103874206542969e-01
8.944854140281677246e-03 1.140937209129333496e-03 8.891444206237792969e-01
1.292589679360389709e-02 2.605371177196502686e-03 9.228990077972412109e-01
1.497171074151992798e-02 1.890979707241058350e-03 9.479438066482543945e-01
1.628620922565460205e-02 1.624263823032379150e-03 9.573332071304321289e-01
1.474016159772872925e-02 -5.912780761718750000e-05 9.470940828323364258e-01
1.569272205233573914e-02 4.079267382621765137e-04 9.448151588439941406e-01
1.899559423327445984e-02 1.907058060169219971e-03 9.456307888031005859e-01
1.992310211062431335e-02 3.871209919452667236e-03 9.451856017112731934e-01
2.105051651597023010e-02 5.384415388107299805e-03 9.495140314102172852e-01
2.198975160717964172e-02 4.039265215396881104e-03 9.812340736389160156e-01
2.063673362135887146e-02 3.095842897891998291e-03 1.003276348114013672e+00
1.670632138848304749e-02 2.846643328666687012e-03 1.015715956687927246e+00
1.590346172451972961e-02 5.320280790328979492e-03 1.002016901969909668e+00
1.458177343010902405e-02 5.619488656520843506e-03 1.016903877258300781e+00
1.466364040970802307e-02 7.327899336814880371e-03 1.005605459213256836e+00
1.601682230830192566e-02 8.394367992877960205e-03 9.904043674468994141e-01
1.817157492041587830e-02 7.956251502037048340e-03 9.766767024993896484e-01
1.712601259350776672e-02 6.863616406917572021e-03 9.745409488677978516e-01
1.655546203255653381e-02 4.398368299007415771e-03 9.822731614112854004e-01
1.831873133778572083e-02 4.102744162082672119e-03 9.966187477111816406e-01
1.958474889397621155e-02 3.793515264987945557e-03 1.008625864982604980e+00
2.029918506741523743e-02 3.637172281742095947e-03 1.006947159767150879e+00
2.069433405995368958e-02 3.973521292209625244e-03 1.019344806671142578e+00
1.940330490469932556e-02 2.505034208297729492e-03 1.028602719306945801e+00
1.776013150811195374e-02 9.354352951049804688e-04 1.031548976898193359e+00
1.665155962109565735e-02 1.737289130687713623e-03 1.015097498893737793e+00
1.449672505259513855e-02 1.845367252826690674e-03 1.003585219383239746e+00
1.575108245015144348e-02 1.121185719966888428e-03 1.047299623489379883e+00
1.754034683108329773e-02 1.078337430953979492e-03 1.082846045494079590e+00
2.262035384774208069e-02 2.888344228267669678e-03 1.031832456588745117e+00
2.158279344439506531e-02 6.382375955581665039e-03 9.311875104904174805e-01
2.058543637394905090e-02 6.304658949375152588e-03 9.154875278472900391e-01
2.305761724710464478e-02 5.768664181232452393e-03 9.918319582939147949e-01
2.249312773346900940e-02 2.405196428298950195e-03 1.037915468215942383e+00
2.011714130640029907e-02 2.181485295295715332e-03 1.031193971633911133e+00
1.672098040580749512e-02 8.395612239837646484e-04 1.006573677062988281e+00
1.423176750540733337e-02 -1.194566488265991211e-03 9.986079931259155273e-01
1.589340344071388245e-02 -1.331612467765808105e-03 1.034246325492858887e+00
1.856198906898498535e-02 -9.686872363090515137e-04 1.074074268341064453e+00
1.847243681550025940e-02 -2.921670675277709961e-04 1.080314397811889648e+00
1.461901143193244934e-02 -1.848191022872924805e-04 1.036219120025634766e+00
1.329133287072181702e-02 -5.667656660079956055e-05 1.012756943702697754e+00
1.479920372366905212e-02 3.229826688766479492e-04 1.008583903312683105e+00
1.633327826857566833e-02 7.810220122337341309e-04 9.989928603172302246e-01
1.615950092673301697e-02 1.467406749725341797e-03 9.872853755950927734e-01
1.693785563111305237e-02 1.073874533176422119e-03 9.989419579505920410e-01
1.814081147313117981e-02 2.093255519866943359e-03 1.004618406295776367e+00
2.002696320414543152e-02 3.243789076805114746e-03 1.020615935325622559e+00
1.874913275241851807e-02 3.660127520561218262e-03 1.046412467956542969e+00
1.720248907804489136e-02 1.355901360511779785e-03 1.003463864326477051e+00
1.940710097551345825e-02 1.277156174182891846e-03 1.003029227256774902e+00
2.064513415098190308e-02 5.244061350822448730e-03 9.897007346153259277e-01
1.964126899838447571e-02 8.368417620658874512e-03 9.726271629333496094e-01
1.645663753151893616e-02 8.796311914920806885e-03 9.504648447036743164e-01
1.451894640922546387e-02 6.781719624996185303e-03 9.406682848930358887e-01
1.482185348868370056e-02 5.821257829666137695e-03 9.769514203071594238e-01
1.433498039841651917e-02 5.002774298191070557e-03 1.009722471237182617e+00
1.527036353945732117e-02 7.336944341659545898e-03 1.013647198677062988e+00
1.502286270260810852e-02 7.148504257202148438e-03 9.953531026840209961e-01
1.424931362271308899e-02 4.128359258174896240e-03 9.928331375122070312e-01
1.249675080180168152e-02 3.557279706001281738e-03 9.835032820701599121e-01
1.155811920762062073e-02 3.921411931514739990e-03 9.739272594451904297e-01
1.197623834013938904e-02 3.626376390457153320e-03 9.830030202865600586e-01
1.280611380934715271e-02 3.260351717472076416e-03 9.738807678222656250e-01
1.252517476677894592e-02 7.882937788963317871e-04 1.001957416534423828e+00
1.244936510920524597e-02 1.059249043464660645e-04 1.024153947830200195e+00
1.373293995857238770e-02 1.694932579994201660e-03 1.046328186988830566e+00
1.775487139821052551e-02 4.729256033897399902e-03 1.091644048690795898e+00
1.954851672053337097e-02 2.498872578144073486e-03 1.095371246337890625e+00
1.510273665189743042e-02 -6.348513066768646240e-03 1.064932346343994141e+00
1.295922324061393738e-02 -5.989141762256622314e-03 1.030772924423217773e+00
1.722221449017524719e-02 -1.322828233242034912e-03 1.084234714508056641e+00
1.697729155421257019e-02 -2.284020185470581055e-03 1.108471751213073730e+00
1.608775928616523743e-02 -5.268216133117675781e-03 1.108532428741455078e+00
1.675343886017799377e-02 -3.345184028148651123e-03 1.067918539047241211e+00
1.891267672181129456e-02 3.171317279338836670e-03 1.059839487075805664e+00
1.838184520602226257e-02 4.604719579219818115e-03 1.085312843322753906e+00
1.927032694220542908e-02 5.170352756977081299e-03 1.053709626197814941e+00
1.798094436526298523e-02 4.117831587791442871e-03 1.028621077537536621e+00
1.481048390269279480e-02 6.975457072257995605e-04 1.013905167579650879e+00
1.342624798417091370e-02 -1.724936068058013916e-03 1.019029974937438965e+00
1.137162372469902039e-02 -4.636913537979125977e-03 9.942095279693603516e-01
7.972355931997299194e-03 -8.454263210296630859e-03 9.884243011474609375e-01
3.430407494306564331e-03 -9.544067084789276123e-03 9.547431468963623047e-01
1.858893781900405884e-03 -6.147377192974090576e-03 9.446274638175964355e-01
2.441130578517913818e-03 -6.951875984668731689e-03 9.874853491783142090e-01
2.834495157003402710e-03 -1.410318166017532349e-02 1.052044749259948730e+00
1.903992146253585815e-03 -1.863099634647369385e-02 1.089038610458374023e+00
1.098480075597763062e-03 -1.868376135826110840e-02 1.087798476219177246e+00
1.728642731904983521e-03 -1.664439588785171509e-02 1.080386042594909668e+00
2.199523150920867920e-04 -1.361339539289474487e-02 1.032121896743774414e+00
-8.995570242404937744e-04 -1.447320729494094849e-02 1.019669890403747559e+00
-3.116838634014129639e-04 -1.597672700881958008e-02 1.023221135139465332e+00
-8.801408112049102783e-04 -1.422292739152908325e-02 1.001818418502807617e+00
9.984709322452545166e-04 -1.221074163913726807e-02 9.859499335289001465e-01
6.463900208473205566e-04 -1.150196045637130737e-02 9.471780061721801758e-01
-1.348592340946197510e-04 -1.246983557939529419e-02 9.427828192710876465e-01
1.397356390953063965e-03 -1.144551485776901245e-02 9.627130031585693359e-01
2.727478742599487305e-03 -1.038301736116409302e-02 9.649900197982788086e-01
1.171804964542388916e-03 -1.167189329862594604e-02 9.618296027183532715e-01
2.324156463146209717e-03 -1.185045391321182251e-02 9.609222412109375000e-01
5.456283688545227051e-04 -1.307625323534011841e-02 9.600271582603454590e-01
-8.555557578802108765e-03 -1.621248573064804077e-02 9.060941934585571289e-01
-1.054932549595832825e-02 -1.590297371149063110e-02 8.610655069351196289e-01
-1.124565675854682922e-02 -1.583752781152725220e-02 8.339725732803344727e-01
-9.379547089338302612e-03 -1.266996562480926514e-02 8.181998729705810547e-01
-8.088652044534683228e-03 -1.059199869632720947e-02 8.231774568557739258e-01
-5.754683166742324829e-03 -1.008158922195434570e-02 8.504539728164672852e-01
-8.146140724420547485e-03 -9.175539016723632812e-03 8.352538347244262695e-01
-1.008166745305061340e-02 -4.272744059562683105e-03 8.084927797317504883e-01
-9.151179343461990356e-03 -5.801633000373840332e-03 8.432760834693908691e-01
-1.060157641768455505e-02 -1.285972446203231812e-02 8.739448189735412598e-01
-1.046423986554145813e-02 -1.639928668737411499e-02 9.001342654228210449e-01
-1.134255900979042053e-02 -9.792543947696685791e-03 8.696704506874084473e-01
-1.357646659016609192e-02 -8.679524064064025879e-03 8.532166481018066406e-01
-1.301921531558036804e-02 -9.760119020938873291e-03 8.649573326110839844e-01
-1.373522356152534485e-02 -1.163686066865921021e-02 8.670067191123962402e-01
-1.552806422114372253e-02 -7.471956312656402588e-03 8.662096261978149414e-01
-1.833392307162284851e-02 -2.262704074382781982e-03 8.735786676406860352e-01
-2.007989957928657532e-02 1.314215362071990967e-03 8.474943041801452637e-01
-2.100078389048576355e-02 2.973608672618865967e-03 8.193188905715942383e-01
-2.179050073027610779e-02 3.909431397914886475e-03 8.247001171112060547e-01
-2.535976842045783997e-02 3.505371510982513428e-03 8.145898580551147461e-01
-2.656668052077293396e-02 2.669550478458404541e-03 8.144580125808715820e-01
-2.598268911242485046e-02 -1.822255551815032959e-03 8.526275753974914551e-01
-2.715362980961799622e-02 -1.606300473213195801e-03 8.389548659324645996e-01
-2.616484090685844421e-02 1.092322170734405518e-03 8.185247182846069336e-01
-2.316572144627571106e-02 -1.347027719020843506e-03 8.124243021011352539e-01
-2.075554803013801575e-02 -3.430403769016265869e-03 8.004714250564575195e-01
-1.796807721257209778e-02 1.908965408802032471e-03 7.982084155082702637e-01
-8.308444172143936157e-03 9.215727448463439941e-03 8.713753819465637207e-01
-1.143994554877281189e-02 7.351525127887725830e-03 8.686179518699645996e-01
-1.276152208447456360e-02 1.239690184593200684e-02 8.317704200744628906e-01
-3.680523484945297241e-03 1.340892910957336426e-02 8.839368820190429688e-01
-3.146506845951080322e-03 5.914099514484405518e-03 8.946647644042968750e-01
-3.901138901710510254e-03 3.286428749561309814e-03 7.520387172698974609e-01
-4.863958805799484253e-03 5.660422146320343018e-03 6.682745814323425293e-01
-6.098058074712753296e-03 5.851812660694122314e-03 7.113639712333679199e-01
-9.749982506036758423e-03 -7.322974503040313721e-03 7.066675424575805664e-01
-6.526615470647811890e-03 -1.005884259939193726e-02 6.795859336853027344e-01
5.231048911809921265e-03 -1.011300086975097656e-02 8.027209639549255371e-01
5.122501403093338013e-03 -9.929426014423370361e-03 8.893703222274780273e-01
3.682840615510940552e-03 -7.447302341461181641e-03 8.418927788734436035e-01
-4.375167191028594971e-03 -5.431555211544036865e-03 7.960356473922729492e-01
-7.333736866712570190e-03 -6.451137363910675049e-03 8.242446184158325195e-01
-1.170756295323371887e-02 -9.251810610294342041e-03 8.115856647491455078e-01
-1.238099858164787292e-02 -1.002287864685058594e-02 7.778962254524230957e-01
-6.738778203725814819e-03 -6.623186171054840088e-03 7.375941872596740723e-01
-1.208838447928428650e-02 -1.015781611204147339e-02 7.332190275192260742e-01
-1.592118665575981140e-02 -4.985347390174865723e-03 7.018402814865112305e-01
-1.427657529711723328e-02 -2.472676336765289307e-03 7.660319805145263672e-01
-1.604536548256874084e-02 -9.980976581573486328e-03 7.995338439941406250e-01
-1.486469432711601257e-02 -1.694197952747344971e-02 8.335301280021667480e-01
-1.585582271218299866e-02 -2.022320032119750977e-02 8.833847045898437500e-01
-1.735495403409004211e-02 -1.508653163909912109e-02 7.955852150917053223e-01
-1.239227131009101868e-02 -7.927328348159790039e-03 8.240015506744384766e-01
-1.618561521172523499e-02 -2.027772367000579834e-03 8.073160648345947266e-01
-1.663902029395103455e-02 -4.583232104778289795e-03 8.499972224235534668e-01
-1.601659879088401794e-02 -6.800517439842224121e-04 8.320483565330505371e-01
-1.971501484513282776e-02 -1.875557005405426025e-03 8.622004985809326172e-01
-2.237730100750923157e-02 -1.036771386861801147e-02 8.671861886978149414e-01
-1.579331979155540466e-02 -1.040933281183242798e-02 9.217315912246704102e-01
-7.860507816076278687e-03 -4.707142710685729980e-03 9.251573085784912109e-01
-4.641853272914886475e-03 -5.166910588741302490e-03 8.749653100967407227e-01
-2.664666622877120972e-03 -4.811801016330718994e-03 9.057102799415588379e-01
-3.105960786342620850e-03 -7.769770920276641846e-03 9.175207018852233887e-01
-4.323638975620269775e-03 -1.135531067848205566e-02 9.078279733657836914e-01
-6.343711167573928833e-03 -9.232141077518463135e-03 8.587266206741333008e-01
-7.446672767400741577e-03 -1.250915974378585815e-02 8.705847859382629395e-01
-1.024023815989494324e-02 -1.508060097694396973e-02 8.661086559295654297e-01
-1.158427074551582336e-02 -8.763834834098815918e-03 8.115742206573486328e-01
-7.299255579710006714e-03 -1.116903126239776611e-02 8.635216951370239258e-01
-9.036872535943984985e-03 -1.014577597379684448e-02 8.264377117156982422e-01
-9.415496140718460083e-03 -1.010914146900177002e-02 8.394088745117187500e-01
-7.725987583398818970e-03 -1.059377193450927734e-02 8.863809704780578613e-01
-1.144066825509071350e-02 -8.891813457012176514e-03 8.915435075759887695e-01
-1.478130742907524109e-02 -1.124805957078933716e-02 9.100646972656250000e-01
-1.743768528103828430e-02 -9.649857878684997559e-03 9.051278829574584961e-01
-1.912599429488182068e-02 -8.032038807868957520e-03 9.277899265289306641e-01
-2.155945077538490295e-02 -9.376347064971923828e-03 9.466805458068847656e-01
-2.459048852324485779e-02 -9.101875126361846924e-03 9.355303645133972168e-01
-2.130390331149101257e-02 7.216908037662506104e-03 8.398386240005493164e-01
-1.701627299189567566e-02 1.361048966646194458e-02 8.258770704269409180e-01
-1.909082755446434021e-02 2.340294420719146729e-03 8.781410455703735352e-01
-1.965196058154106140e-02 -9.429380297660827637e-03 8.840031623840332031e-01
-2.141358330845832825e-02 -9.132571518421173096e-03 8.955416679382324219e-01
-1.503570750355720520e-02 -4.025578498840332031e-03 9.401449561119079590e-01
-1.426408067345619202e-02 -6.319962441921234131e-03 9.596709609031677246e-01
-1.666680350899696350e-02 -6.053991615772247314e-03 9.392174482345581055e-01
-2.368168905377388000e-02 -6.059393286705017090e-03 9.717174768447875977e-01
-2.023157104849815369e-02 -6.963521242141723633e-03 1.012507677078247070e+00
-2.235632762312889099e-02 -1.330506056547164917e-02 1.004218935966491699e+00
-2.032437548041343689e-02 -6.845623254776000977e-03 9.010997414588928223e-01
-1.827871426939964294e-02 -1.319870352745056152e-04 8.711059093475341797e-01
-1.948582008481025696e-02 5.968235433101654053e-03 9.206867218017578125e-01
-2.264073118567466736e-02 7.204867899417877197e-03 8.843103647232055664e-01
-2.589799836277961731e-02 1.749843358993530273e-03 9.247586131095886230e-01
-2.784648910164833069e-02 1.904077827930450439e-03 9.252763986587524414e-01
-2.554836496710777283e-02 3.968343138694763184e-03 9.138709306716918945e-01
-2.095845714211463928e-02 5.527667701244354248e-03 9.317350387573242188e-01
-2.067389711737632751e-02 2.278871834278106689e-03 9.378459453582763672e-01
-2.342354878783226013e-02 -3.443203866481781006e-03 9.040911197662353516e-01
-2.818160131573677063e-02 4.325225949287414551e-03 8.775257468223571777e-01
-2.908336743712425232e-02 9.537182748317718506e-03 8.976929187774658203e-01
-2.508806809782981873e-02 1.412183791399002075e-02 8.986001014709472656e-01
-2.254724130034446716e-02 1.631531119346618652e-02 8.789333701133728027e-01
-2.237654849886894226e-02 1.628300547599792480e-02 8.722836375236511230e-01
-1.945484802126884460e-02 1.162246614694595337e-02 9.294665455818176270e-01
-2.104048803448677063e-02 9.246945381164550781e-03 9.347755908966064453e-01
-2.291479334235191345e-02 8.073978126049041748e-03 9.280703067779541016e-01
-2.428407594561576843e-02 8.032329380512237549e-03 8.939965367317199707e-01
-1.962562277913093567e-02 9.846620261669158936e-03 8.900190591812133789e-01
-1.698201522231101990e-02 1.180370151996612549e-02 8.896444439888000488e-01
-2.001398429274559021e-02 5.653567612171173096e-03 8.970403671264648438e-01
-2.023341879248619080e-02 7.901392877101898193e-03 8.893229365348815918e-01
-2.269093319773674011e-02 1.212999224662780762e-02 8.709524869918823242e-01
-2.105384692549705505e-02 9.423226118087768555e-03 8.754968047142028809e-01
-2.430075779557228088e-02 7.426179945468902588e-03 9.084511995315551758e-01
-2.988613024353981018e-02 -8.681640028953552246e-04 8.687327504158020020e-01
-2.457812801003456116e-02 -8.159004151821136475e-03 8.413121104240417480e-01
-2.164391800761222839e-02 -1.051675528287887573e-02 8.298698663711547852e-01
-1.756746694445610046e-02 -1.151389628648757935e-02 8.445630073547363281e-01
-1.628832891583442688e-02 -1.163510233163833618e-02 8.952286839485168457e-01
-2.100650593638420105e-02 -1.303116232156753540e-02 8.528113365173339844e-01
-2.724346145987510681e-02 -8.203424513339996338e-03 8.225567340850830078e-01
-3.274448588490486145e-02 -4.983775317668914795e-03 9.213030338287353516e-01
-3.225175663828849792e-02 -3.224305808544158936e-03 9.072395563125610352e-01
-3.184086456894874573e-02 -3.485456109046936035e-04 8.648631572723388672e-01
-3.112166747450828552e-02 3.770962357521057129e-04 8.815599679946899414e-01
-3.217666223645210266e-02 1.203939318656921387e-04 8.807222843170166016e-01
-3.166812285780906677e-02 1.162238419055938721e-03 8.549022674560546875e-01
-3.004777058959007263e-02 1.078240573406219482e-03 8.390795588493347168e-01
-2.807539328932762146e-02 8.585527539253234863e-04 8.410865664482116699e-01
-2.595200017094612122e-02 1.188643276691436768e-03 8.298824429512023926e-01
-2.184471860527992249e-02 -3.968626260757446289e-04 8.163112998008728027e-01
-1.728106662631034851e-02 1.164384186267852783e-03 8.258830308914184570e-01
-1.397680118680000305e-02 4.131630063056945801e-03 8.187385201454162598e-01
-1.367002353072166443e-02 9.126439690589904785e-04 8.440170884132385254e-01
-1.619780436158180237e-02 -3.302045166492462158e-03 8.690565228462219238e-01
-1.756032183766365051e-02 -5.466990172863006592e-03 8.836422562599182129e-01
-1.538129523396492004e-02 -5.313694477081298828e-03 9.118995666503906250e-01
-1.493742689490318298e-02 -4.950605332851409912e-03 9.281826019287109375e-01
-1.693641021847724915e-02 -4.909500479698181152e-03 9.357748627662658691e-01
-2.017826959490776062e-02 -1.795969903469085693e-03 8.995223045349121094e-01
-2.330616489052772522e-02 6.166324019432067871e-04 8.834000825881958008e-01
-2.426325157284736633e-02 1.857213675975799561e-03 8.632180690765380859e-01
-1.849887147545814514e-02 5.262456834316253662e-03 8.658536672592163086e-01
-1.364719495177268982e-02 1.068492978811264038e-02 8.495123386383056641e-01
-1.203968748450279236e-02 9.457193315029144287e-03 7.936023473739624023e-01
-1.329365000128746033e-02 7.683001458644866943e-03 7.752506732940673828e-01
-1.328059658408164978e-02 5.488008260726928711e-03 8.149094581604003906e-01
-1.409942284226417542e-02 -1.199662685394287109e-03 8.843371868133544922e-01
-1.600683853030204773e-02 -5.285233259201049805e-03 9.492854475975036621e-01
-1.890157535672187805e-02 8.699819445610046387e-04 9.386716485023498535e-01
-1.885202154517173767e-02 5.866184830665588379e-03 8.203332424163818359e-01
-2.655639871954917908e-02 1.097341626882553101e-02 7.913160920143127441e-01
-3.170618042349815369e-02 7.539786398410797119e-03 8.038965463638305664e-01
-2.961852028965950012e-02 7.250756025314331055e-04 8.373715877532958984e-01
-2.525566145777702332e-02 -2.341113984584808350e-03 8.664517998695373535e-01
-1.816124841570854187e-02 -1.444302499294281006e-03 8.399659395217895508e-01
-1.375690475106239319e-02 2.512045204639434814e-03 8.078513741493225098e-01
-7.234226912260055542e-03 -1.169882714748382568e-03 8.596707582473754883e-01
4.789140075445175171e-03 -3.788694739341735840e-04 8.873438835144042969e-01
4.109088331460952759e-03 1.418069005012512207e-03 8.526168465614318848e-01
-2.576712518930435181e-03 4.985168576240539551e-03 7.698183059692382812e-01
-9.219560772180557251e-03 3.917500376701354980e-03 8.005375266075134277e-01
-1.240278407931327820e-02 -2.233408391475677490e-03 8.066622614860534668e-01
-1.148821040987968445e-02 -8.425638079643249512e-03 8.511533737182617188e-01
-1.484256237745285034e-03 -6.179824471473693848e-03 8.458111286163330078e-01
-1.745868474245071411e-03 -8.505709469318389893e-03 8.279236555099487305e-01
-7.734727114439010620e-03 -8.508801460266113281e-03 8.221198320388793945e-01
-1.436470076441764832e-02 -4.077322781085968018e-03 8.619415760040283203e-01
-1.529690250754356384e-02 -4.633933305740356445e-03 8.425223827362060547e-01
-1.711829379200935364e-02 -4.906170070171356201e-03 8.062995672225952148e-01
-2.004700526595115662e-02 -8.394144475460052490e-03 8.085222244262695312e-01
-1.399206742644309998e-02 -1.166727393865585327e-02 8.597921133041381836e-01
-9.676028043031692505e-03 -1.621982455253601074e-02 8.938604593276977539e-01
-3.343936055898666382e-03 -1.564257591962814331e-02 9.303241968154907227e-01
-4.324760288000106812e-03 -1.571493595838546753e-02 9.128009080886840820e-01
-1.031484082341194153e-02 -1.519108563661575317e-02 9.220463633537292480e-01
-9.129729121923446655e-03 -1.530516892671585083e-02 9.583753943443298340e-01
-5.390036851167678833e-03 -1.387979835271835327e-02 9.798246026039123535e-01
-6.136186420917510986e-04 -1.187045127153396606e-02 9.813061952590942383e-01
-7.466785609722137451e-04 -1.517677307128906250e-02 9.723397493362426758e-01
2.489574253559112549e-04 -1.527525484561920166e-02 9.374680519104003906e-01
1.025866717100143433e-03 -1.415136456489562988e-02 9.337465763092041016e-01
4.343558102846145630e-03 -1.174021512269973755e-02 1.048464298248291016e+00
3.683995455503463745e-03 -1.291209459304809570e-02 9.950263500213623047e-01
-5.807515233755111694e-03 -1.732096821069717407e-02 9.005891084671020508e-01
-4.812862724065780640e-03 -1.643516868352890015e-02 8.770780563354492188e-01
-3.101740032434463501e-03 -1.446375995874404907e-02 9.110606908798217773e-01
-6.170216947793960571e-03 -1.726856082677841187e-02 8.786668181419372559e-01
-1.127340272068977356e-02 -1.301395893096923828e-02 8.626677989959716797e-01
-1.420537009835243225e-02 -1.107611507177352905e-02 9.220179319381713867e-01
-1.538286730647087097e-02 -1.111985743045806885e-02 9.481384158134460449e-01
-1.666821166872978210e-02 -1.087125390768051147e-02 9.544126391410827637e-01
-1.464524492621421814e-02 -8.969359099864959717e-03 9.100790023803710938e-01
-1.222479715943336487e-02 -1.074559986591339111e-02 8.760655522346496582e-01
-1.147038117051124573e-02 -1.237383484840393066e-02 8.781321048736572266e-01
-1.498692110180854797e-02 -1.254389435052871704e-02 8.848661780357360840e-01
-1.409172639250755310e-02 -1.115500181913375854e-02 9.189142584800720215e-01
-1.143472269177436829e-02 -8.168317377567291260e-03 9.256402850151062012e-01
-1.455940678715705872e-02 -1.044742017984390259e-02 8.771051764488220215e-01
-1.572658494114875793e-02 -1.213560253381729126e-02 8.432278633117675781e-01
-1.630064472556114197e-02 -6.578393280506134033e-03 8.916639089584350586e-01
-1.816127821803092957e-02 -5.843140184879302979e-03 8.873596787452697754e-01
-1.722216233611106873e-02 -4.137791693210601807e-03 8.828488588333129883e-01
-1.530560478568077087e-02 -3.340102732181549072e-03 8.821309208869934082e-01
-1.497082784771919250e-02 -4.127435386180877686e-03 8.940160274505615234e-01
-1.490989699959754944e-02 -3.007255494594573975e-03 9.069169759750366211e-01
-1.461564376950263977e-02 -2.061136066913604736e-03 8.878039717674255371e-01
-1.465847715735435486e-02 -2.405725419521331787e-03 8.708788156509399414e-01
-1.370615884661674500e-02 -2.411618828773498535e-03 8.794465661048889160e-01
-1.384435221552848816e-02 -4.157431423664093018e-03 8.946479558944702148e-01
-1.422254368662834167e-02 -4.972629249095916748e-03 8.934602737426757812e-01
-1.424339041113853455e-02 -2.453513443470001221e-03 8.548052310943603516e-01
-1.441168412566184998e-02 -2.494938671588897705e-03 8.352361917495727539e-01
-1.444865390658378601e-02 -4.612334072589874268e-03 8.395401835441589355e-01
-1.429345086216926575e-02 -7.301650941371917725e-03 8.685797452926635742e-01
-1.377669349312782288e-02 -7.549010217189788818e-03 8.958930969238281250e-01
-1.175559684634208679e-02 -7.632941007614135742e-03 9.172753095626831055e-01
-1.025223359465599060e-02 -6.477527320384979248e-03 8.920272588729858398e-01
-1.032172515988349915e-02 -4.760645329952239990e-03 8.865892887115478516e-01
-1.040861383080482483e-02 -6.018079817295074463e-03 9.071702957153320312e-01
-1.079056039452552795e-02 -8.108414709568023682e-03 9.154895544052124023e-01
-1.030983403325080872e-02 -9.560525417327880859e-03 9.151697754859924316e-01
-8.315790444612503052e-03 -1.037216931581497192e-02 9.327308535575866699e-01
-8.142400532960891724e-03 -1.180578023195266724e-02 9.874598383903503418e-01
-5.723685026168823242e-03 -9.990923106670379639e-03 1.018075108528137207e+00
-1.351598650217056274e-03 -6.878875195980072021e-03 1.020806431770324707e+00
2.468440681695938110e-03 -1.779720187187194824e-03 1.038460254669189453e+00
-6.617899984121322632e-03 -6.470724940299987793e-03 9.906716346740722656e-01
-9.233538061380386353e-03 -6.950281560420989990e-03 9.286111593246459961e-01
-1.322175189852714539e-02 -1.140168309211730957e-02 9.230968952178955078e-01
-1.369127258658409119e-02 -1.135621219873428345e-02 9.527831077575683594e-01
-9.780075401067733765e-03 -6.739817559719085693e-03 9.573748111724853516e-01
-7.551137357950210571e-03 -4.664845764636993408e-03 9.754981398582458496e-01
-8.244913071393966675e-03 -3.640837967395782471e-03 9.679008722305297852e-01
-9.032707661390304565e-03 -2.035580575466156006e-03 9.546415209770202637e-01
-1.026425883173942566e-02 -3.206945955753326416e-03 9.247424006462097168e-01
-1.326891407370567322e-02 -7.342591881752014160e-03 9.117932319641113281e-01
-1.827531680464744568e-02 -9.810671210289001465e-03 8.916528224945068359e-01
-1.956683024764060974e-02 -1.051821559667587280e-02 8.345698714256286621e-01
-1.379784569144248962e-02 -9.469024837017059326e-03 8.395493030548095703e-01
-1.029803231358528137e-02 -9.336858987808227539e-03 9.003611803054809570e-01
-6.732549518346786499e-03 -8.503712713718414307e-03 9.202846884727478027e-01
-7.323447614908218384e-03 -6.208255887031555176e-03 9.463601112365722656e-01
-5.922060459852218628e-03 -6.180629134178161621e-03 9.426824450492858887e-01
-6.643366068601608276e-03 -2.832122147083282471e-03 9.555019140243530273e-01
-7.268350571393966675e-03 -2.759769558906555176e-04 9.674075841903686523e-01
-8.478622883558273315e-03 -1.566901803016662598e-03 9.832910895347595215e-01
-7.528122514486312866e-03 1.382790505886077881e-03 9.861654639244079590e-01
-8.023124188184738159e-03 7.189609110355377197e-03 1.026073098182678223e+00
-6.972920149564743042e-03 9.357623755931854248e-03 1.013445258140563965e+00
-7.152166217565536499e-03 6.970651447772979736e-03 9.798356890678405762e-01
-9.963270276784896851e-03 3.669410943984985352e-05 9.816588163375854492e-01
-1.521972194314002991e-02 -3.730170428752899170e-03 9.565989971160888672e-01
-1.896381005644798279e-02 -2.936758100986480713e-03 9.405758380889892578e-01
-1.579795405268669128e-02 1.843981444835662842e-03 9.505924582481384277e-01
-1.239771768450737000e-02 3.903254866600036621e-03 9.453883171081542969e-01
-9.543221443891525269e-03 1.300573348999023438e-04 9.676352739334106445e-01
-9.700711816549301147e-03 -1.039735972881317139e-03 9.737067222595214844e-01
-9.568098932504653931e-03 1.966558396816253662e-03 9.613230824470520020e-01
-5.551718175411224365e-03 -4.029691219329833984e-03 1.020922660827636719e+00
-3.854539245367050171e-03 -4.680246114730834961e-03 1.072660207748413086e+00
-2.425059676170349121e-03 -6.308108568191528320e-04 1.036211848258972168e+00
-3.610774874687194824e-04 -5.426362156867980957e-03 1.029671072959899902e+00
1.112405210733413696e-03 -5.639448761940002441e-03 1.017962694168090820e+00
-2.158954739570617676e-04 -4.603594541549682617e-03 9.742572307586669922e-01
2.713169902563095093e-03 -7.693931460380554199e-03 9.942885637283325195e-01
-1.751553267240524292e-03 -4.920586943626403809e-03 9.348381757736206055e-01
-3.255587071180343628e-03 -5.658902227878570557e-03 8.743250966072082520e-01
-5.742423236370086670e-04 -1.278942823410034180e-02 9.035720825195312500e-01
1.018680632114410400e-04 -1.408996433019638062e-02 9.048702716827392578e-01
-3.594532608985900879e-05 -1.346983760595321655e-02 9.161622524261474609e-01
2.995699644088745117e-03 -1.132939010858535767e-02 9.487255811691284180e-01
3.719750791788101196e-03 -1.253752410411834717e-02 9.397706985473632812e-01
2.778004854917526245e-03 -1.343620568513870239e-02 9.341025948524475098e-01
2.250771969556808472e-03 -1.181299984455108643e-02 9.165220856666564941e-01
4.786707460880279541e-03 -1.211811602115631104e-02 9.335463643074035645e-01
7.045399397611618042e-03 -1.331508159637451172e-02 9.615488052368164062e-01
6.126344203948974609e-03 -1.004806160926818848e-02 9.041786193847656250e-01
6.580304354429244995e-03 -8.612677454948425293e-03 8.879919052124023438e-01
6.883282214403152466e-03 -6.162054836750030518e-03 9.312856793403625488e-01
6.589893251657485962e-03 -3.959096968173980713e-03 9.788869619369506836e-01
9.026907384395599365e-03 -9.570069611072540283e-03 1.054824709892272949e+00
8.881419897079467773e-03 -1.276352256536483765e-02 1.060167431831359863e+00
9.602516889572143555e-03 -1.142074912786483765e-02 1.038321614265441895e+00
9.890422224998474121e-03 -9.523130953311920166e-03 1.009363174438476562e+00
1.109483838081359863e-02 -1.066079735755920410e-02 9.474220871925354004e-01
1.085494086146354675e-02 -3.150030970573425293e-04 8.382049798965454102e-01
9.500268846750259399e-03 -2.317085862159729004e-03 7.578607201576232910e-01
7.200572639703750610e-03 -4.070565104484558105e-03 7.649549245834350586e-01
1.036041229963302612e-02 2.233281731605529785e-03 7.624629139900207520e-01
6.594605743885040283e-03 7.855109870433807373e-03 7.389314174652099609e-01
4.416964948177337646e-03 6.966613233089447021e-03 7.820562124252319336e-01
4.628334194421768188e-03 6.307743489742279053e-03 7.667981982231140137e-01
2.062831073999404907e-03 4.611581563949584961e-03 7.709779143333435059e-01
7.439218461513519287e-04 3.613419830799102783e-03 7.935960292816162109e-01
7.804594933986663818e-04 4.990980029106140137e-03 7.887887954711914062e-01
1.652512699365615845e-03 4.366844892501831055e-03 7.631929516792297363e-01
2.215649932622909546e-03 5.825720727443695068e-03 7.757190465927124023e-01
1.862645149230957031e-05 7.695257663726806641e-03 7.939327955245971680e-01
-3.819435834884643555e-03 5.310028791427612305e-03 8.097889423370361328e-01
-5.059480667114257812e-03 7.507130503654479980e-04 8.432943820953369141e-01
-4.439719021320343018e-03 5.076676607131958008e-04 8.614470958709716797e-01
-6.590615957975387573e-03 -2.502866089344024658e-03 9.005986452102661133e-01
-7.376257330179214478e-03 -2.384506165981292725e-03 8.825706243515014648e-01
-6.105925887823104858e-03 -2.391286194324493408e-03 8.427065610885620117e-01
-5.557645112276077271e-03 -3.216654062271118164e-03 8.586457967758178711e-01
-4.175830632448196411e-03 -2.504475414752960205e-03 9.163844585418701172e-01
-4.202388226985931396e-03 -3.735683858394622803e-03 9.710404872894287109e-01
-8.883241564035415649e-03 -7.427968084812164307e-03 9.914011955261230469e-01
-1.128311827778816223e-02 -1.297084987163543701e-02 1.006850838661193848e+00
-1.211937144398689270e-02 -1.239691674709320068e-02 1.003867387771606445e+00
-1.383491232991218567e-02 -1.297669857740402222e-02 1.011301755905151367e+00
-1.495015993714332581e-02 -1.400876790285110474e-02 1.040257930755615234e+00
-1.334849372506141663e-02 -1.322806626558303833e-02 1.042348742485046387e+00
-1.376954093575477600e-02 -1.307611912488937378e-02 1.057189941406250000e+00
-1.405320689082145691e-02 -1.101567596197128296e-02 1.061013460159301758e+00
-1.286774501204490662e-02 -9.724162518978118896e-03 1.050377607345581055e+00
-1.228478923439979553e-02 -9.087137877941131592e-03 1.030295968055725098e+00
-1.175647601485252380e-02 -7.749922573566436768e-03 1.017825365066528320e+00
-1.093025133013725281e-02 -6.133303046226501465e-03 1.020281076431274414e+00
-1.097920909523963928e-02 -3.914043307304382324e-03 1.002427697181701660e+00
-7.692601531744003296e-03 1.545995473861694336e-05 9.630457758903503418e-01
-2.987347543239593506e-03 5.373410880565643311e-03 9.165298938751220703e-01
-1.337941735982894897e-03 8.490033447742462158e-03 9.310698509216308594e-01
-6.899274885654449463e-04 6.855174899101257324e-03 9.080573320388793945e-01
-2.021502703428268433e-03 4.441879689693450928e-03 8.933520317077636719e-01
-1.361656934022903442e-03 5.131110548973083496e-03 9.093080163002014160e-01
2.726074308156967163e-03 9.194947779178619385e-03 8.620188236236572266e-01
5.653884261846542358e-03 1.226726919412612915e-02 9.060556292533874512e-01
4.483487457036972046e-03 1.148813217878341675e-02 9.816232323646545410e-01
-2.872683107852935791e-04 3.432817757129669189e-03 9.246797561645507812e-01
-3.106329590082168579e-03 -7.486246526241302490e-03 8.974156975746154785e-01
-6.498843431472778320e-04 -6.568104028701782227e-03 9.226080179214477539e-01
-1.351184770464897156e-02 9.605266153812408447e-03 9.316239356994628906e-01
-2.722952142357826233e-02 -2.553887665271759033e-03 9.717140197753906250e-01
-2.375714108347892761e-02 5.780756473541259766e-04 8.823844790458679199e-01
-1.315754279494285583e-02 -5.612522363662719727e-05 9.105529785156250000e-01
-1.399860903620719910e-02 1.521354168653488159e-02 8.778552412986755371e-01
-1.561605557799339294e-02 1.377829164266586304e-02 7.954916954040527344e-01
-1.594489440321922302e-02 7.704414427280426025e-03 7.715882658958435059e-01
-2.258516475558280945e-02 5.704537034034729004e-04 6.846031546592712402e-01
-1.495562866330146790e-02 4.533603787422180176e-04 6.187235116958618164e-01
-7.876884192228317261e-03 -8.516311645507812500e-04 6.279612183570861816e-01
-5.736976861953735352e-03 -1.319028437137603760e-03 5.864814519882202148e-01
-5.864661186933517456e-03 -5.784407258033752441e-04 5.608415603637695312e-01
-6.890784949064254761e-03 -2.310425043106079102e-05 5.529736876487731934e-01
-1.382932066917419434e-03 1.480296254158020020e-03 5.527449846267700195e-01
2.559114247560501099e-03 1.141361892223358154e-03 5.813163518905639648e-01
9.557474404573440552e-03 1.072873175144195557e-02 5.570650696754455566e-01
3.135222941637039185e-03 -1.705102622509002686e-03 4.973542094230651855e-01
-5.046557635068893433e-03 -5.460463464260101318e-03 5.310947895050048828e-01
-3.647487610578536987e-03 4.276201128959655762e-03 6.088042259216308594e-01
1.847051084041595459e-03 -1.822672784328460693e-03 6.191915273666381836e-01
-1.086189970374107361e-02 -3.232397884130477905e-02 5.918118953704833984e-01
-8.932668715715408325e-03 -4.504080861806869507e-02 6.355532407760620117e-01
-3.019984811544418335e-03 -4.595575481653213501e-02 7.210081815719604492e-01
4.479140043258666992e-04 -3.248345106840133667e-02 7.482163906097412109e-01
9.014844894409179688e-03 -3.406586498022079468e-02 8.145709037780761719e-01
7.795095443725585938e-03 -3.858795017004013062e-02 8.124625682830810547e-01
1.425992324948310852e-02 -3.070541471242904663e-02 8.768485784530639648e-01
1.593470945954322815e-02 -3.195098787546157837e-02 9.861606955528259277e-01
1.321240514516830444e-02 -3.796584159135818481e-02 1.063640356063842773e+00
8.905287832021713257e-03 -3.431751579046249390e-02 1.024190187454223633e+00
2.777311950922012329e-03 -3.730427473783493042e-02 1.044352054595947266e+00
4.180472344160079956e-03 -3.927705436944961548e-02 1.112414002418518066e+00
2.551902085542678833e-03 -4.058932512998580933e-02 1.085061669349670410e+00
3.898005932569503784e-03 -3.611055761575698853e-02 1.030089497566223145e+00
4.021540284156799316e-03 -3.763159364461898804e-02 1.033827304840087891e+00
7.578033953905105591e-03 -3.167184442281723022e-02 9.970487952232360840e-01
6.007444113492965698e-03 -3.242888301610946655e-02 9.611463546752929688e-01
8.461844176054000854e-03 -3.250809758901596069e-02 9.784362316131591797e-01
1.099019870162010193e-02 -2.880393713712692261e-02 1.027917146682739258e+00
6.043914705514907837e-03 -3.413116186857223511e-02 1.017494201660156250e+00
2.137977629899978638e-03 -4.000688344240188599e-02 1.015010595321655273e+00
-8.761100471019744873e-04 -4.607372730970382690e-02 1.022973537445068359e+00
-3.407709300518035889e-04 -4.205297678709030151e-02 9.923408031463623047e-01
-2.213086932897567749e-03 -3.644558042287826538e-02 9.415135383605957031e-01
-4.833258688449859619e-03 -3.476268798112869263e-02 9.572288990020751953e-01
-8.938349783420562744e-04 -2.989197522401809692e-02 1.015211939811706543e+00
-5.684975534677505493e-03 -3.226070851087570190e-02 1.133953690528869629e+00
4.798881709575653076e-04 -2.635755389928817749e-02 1.117813825607299805e+00
4.751402884721755981e-03 -1.784546673297882080e-02 1.089005827903747559e+00
6.649341434240341187e-03 -1.476973295211791992e-02 1.067202210426330566e+00
3.440357744693756104e-03 -1.738063246011734009e-02 1.014182925224304199e+00
1.045311242341995239e-02 -7.006779313087463379e-03 9.105629324913024902e-01
1.217113062739372253e-02 1.438448578119277954e-02 6.945209503173828125e-01
1.000158116221427917e-02 1.412170380353927612e-02 6.705952286720275879e-01
4.491623491048812866e-03 1.929941773414611816e-02 6.625084877014160156e-01
-1.237165182828903198e-03 7.062993943691253662e-03 7.833811044692993164e-01
-7.327582687139511108e-03 -1.068835705518722534e-02 8.887876272201538086e-01
-9.934093803167343140e-03 -1.305949687957763672e-02 9.522978663444519043e-01
-1.534881815314292908e-02 -1.048504561185836792e-02 9.199259281158447266e-01
-5.947347730398178101e-03 -8.138865232467651367e-03 7.921441197395324707e-01
-3.838159143924713135e-03 -6.657354533672332764e-03 8.354716300964355469e-01
-6.783418357372283936e-04 4.152260720729827881e-03 7.910879850387573242e-01
-9.703520685434341431e-03 1.867972314357757568e-03 7.775965929031372070e-01
-1.059663668274879456e-02 4.409141838550567627e-03 8.397129178047180176e-01
-1.278392598032951355e-02 8.968830108642578125e-03 8.849225044250488281e-01
-1.359158381819725037e-02 1.573427021503448486e-02 6.943530440330505371e-01
-1.233702525496482849e-02 1.494993269443511963e-02 6.653873324394226074e-01
-8.629258722066879272e-03 1.199838519096374512e-02 7.306936979293823242e-01
-9.513791650533676147e-03 1.445747911930084229e-02 7.207977175712585449e-01
-1.012591645121574402e-02 6.282284855842590332e-03 7.469309568405151367e-01
-1.363958045840263367e-02 -2.717688679695129395e-03 8.216037750244140625e-01
-1.651414111256599426e-02 5.129992961883544922e-03 8.274141550064086914e-01
-1.755402609705924988e-02 9.756937623023986816e-03 9.049754142761230469e-01
-1.526119187474250793e-02 6.319783627986907959e-03 8.776265382766723633e-01
-1.704327389597892761e-02 5.023486912250518799e-03 7.403876781463623047e-01
-1.817852631211280823e-02 -9.678378701210021973e-04 6.459147334098815918e-01
-1.657694205641746521e-02 -9.908646345138549805e-03 6.913545727729797363e-01
-1.401079073548316956e-02 -1.996468007564544678e-02 7.426516413688659668e-01
-7.103804498910903931e-03 -1.306596398353576660e-02 7.513682246208190918e-01
6.768293678760528564e-04 -6.244145333766937256e-03 7.849322557449340820e-01
-1.782868057489395142e-03 -5.402937531471252441e-03 8.495760560035705566e-01
-2.266928553581237793e-03 -1.067180186510086060e-02 9.793010950088500977e-01
-1.451779156923294067e-03 -4.802159965038299561e-03 8.863815069198608398e-01
-3.144975751638412476e-03 -2.588532865047454834e-03 8.597955107688903809e-01
-4.592768847942352295e-03 -8.511386811733245850e-03 8.559012413024902344e-01
-4.662744700908660889e-03 -1.254197210073471069e-02 8.373563289642333984e-01
-2.499360591173171997e-03 -1.868799328804016113e-02 8.987228274345397949e-01
3.037761896848678589e-03 -1.880343258380889893e-02 1.015843510627746582e+00
5.333680659532546997e-03 -1.948723942041397095e-02 1.078903079032897949e+00
8.143391460180282593e-03 -2.032375335693359375e-02 1.091009736061096191e+00
9.136725217103958130e-03 -1.963007450103759766e-02 1.092196941375732422e+00
5.898144096136093140e-03 -2.029769867658615112e-02 1.080093860626220703e+00
4.813205450773239136e-03 -2.228375524282455444e-02 1.085401654243469238e+00
2.006284892559051514e-03 -2.249398082494735718e-02 1.043357610702514648e+00
1.652386039495468140e-03 -2.305298298597335815e-02 1.023643612861633301e+00
2.178680151700973511e-03 -2.248666435480117798e-02 1.030799150466918945e+00
-4.304237663745880127e-04 -2.110473066568374634e-02 1.029295086860656738e+00
-2.536848187446594238e-03 -2.000204473733901978e-02 1.025029182434082031e+00
-1.410230994224548340e-03 -1.375391334295272827e-02 9.885629415512084961e-01
1.980289816856384277e-03 -7.143057882785797119e-03 9.739812612533569336e-01
9.674802422523498535e-04 -4.476614296436309814e-03 9.562607407569885254e-01
-4.353113472461700439e-04 -1.244217157363891602e-03 9.374818801879882812e-01
-1.201953738927841187e-03 3.601364791393280029e-03 9.477795958518981934e-01
-1.541599631309509277e-03 7.710956037044525146e-03 9.498676657676696777e-01
-6.774555891752243042e-03 -2.102099359035491943e-03 9.373485445976257324e-01
-7.795635610818862915e-03 -6.492279469966888428e-03 9.261577129364013672e-01
-8.022110909223556519e-03 -6.646588444709777832e-03 9.148842096328735352e-01
-7.991585880517959595e-03 -1.064025610685348511e-02 9.220380783081054688e-01
-5.667377263307571411e-03 -5.832418799400329590e-03 8.763865828514099121e-01
-4.974294453859329224e-03 -2.348564565181732178e-03 8.666155338287353516e-01
-5.527380853891372681e-03 -4.580996930599212646e-03 8.330584764480590820e-01
-4.389766603708267212e-03 -5.670614540576934814e-03 8.236551284790039062e-01
-1.630496233701705933e-03 9.152293205261230469e-05 7.962374687194824219e-01
5.682297050952911377e-04 6.911747157573699951e-03 7.752258777618408203e-01
1.216109842061996460e-03 4.619456827640533447e-03 7.811983823776245117e-01
-1.519519835710525513e-03 -1.457512378692626953e-03 7.621493339538574219e-01
-1.949097961187362671e-03 2.971179783344268799e-03 7.109957337379455566e-01
8.650682866573333740e-04 1.136215031147003174e-02 6.734617948532104492e-01
4.399791359901428223e-04 6.053015589714050293e-03 6.880618929862976074e-01
-6.861351430416107178e-04 -1.549139618873596191e-03 7.127475738525390625e-01
-1.639898866415023804e-03 1.749843358993530273e-03 7.130557894706726074e-01
-1.934502273797988892e-03 -9.464323520660400391e-04 7.310445904731750488e-01
-9.627752006053924561e-04 -7.749795913696289062e-04 7.351549863815307617e-01
8.120387792587280273e-04 4.722058773040771484e-03 7.068713903427124023e-01
2.328705042600631714e-03 8.930288255214691162e-03 6.890687346458435059e-01
5.194954574108123779e-04 5.988158285617828369e-03 7.093224525451660156e-01
-2.201635390520095825e-03 8.818238973617553711e-03 6.904823184013366699e-01
-4.121214151382446289e-03 1.452331990003585815e-02 6.221250295639038086e-01
-9.801935404539108276e-03 9.920187294483184814e-03 5.873630046844482422e-01
-1.139173284173011780e-02 -1.735389232635498047e-03 6.041681170463562012e-01
-1.184399798512458801e-02 -1.024832576513290405e-02 6.611679792404174805e-01
-8.844058960676193237e-03 -1.579016447067260742e-02 7.394758462905883789e-01
-1.395732164382934570e-03 -3.447778522968292236e-03 7.718451023101806641e-01
-2.360984683036804199e-03 -3.521487116813659668e-03 7.943388223648071289e-01
-6.882090121507644653e-03 -1.252544671297073364e-02 8.123438954353332520e-01
-7.442947477102279663e-03 -1.900195330381393433e-02 9.062635302543640137e-01
-6.852876394987106323e-03 -2.439247816801071167e-02 9.862742424011230469e-01
2.645887434482574463e-04 -1.784756034612655640e-02 9.955629110336303711e-01
1.627765595912933350e-03 -1.948153227567672729e-02 1.009799242019653320e+00
4.455953836441040039e-03 -2.132288366556167603e-02 1.013725280761718750e+00
5.260482430458068848e-03 -2.161724120378494263e-02 1.011366367340087891e+00
3.779701888561248779e-03 -2.242723852396011353e-02 1.024503350257873535e+00
2.819605171680450439e-03 -1.996327936649322510e-02 9.379101395606994629e-01
5.497511476278305054e-03 -1.453293859958648682e-02 8.371211290359497070e-01
3.175288438796997070e-04 -2.352914959192276001e-02 8.286572694778442383e-01
-5.128048360347747803e-04 -2.525603026151657104e-02 7.935476899147033691e-01
-1.079216599464416504e-04 -2.661516517400741577e-02 8.142374157905578613e-01
-6.608854979276657104e-03 -2.902045100927352905e-02 8.885747194290161133e-01
-2.451762557029724121e-03 -2.362950891256332397e-02 9.417069554328918457e-01
-2.990346401929855347e-03 -2.843897789716720581e-02 1.031235933303833008e+00
-4.871603101491928101e-03 -2.932276576757431030e-02 1.040676116943359375e+00
-2.774689346551895142e-03 -2.772063761949539185e-02 1.028256773948669434e+00
2.027820795774459839e-03 -2.666535228490829468e-02 1.125232100486755371e+00
3.699578344821929932e-03 -2.495834976434707642e-02 1.159579753875732422e+00
5.129463970661163330e-03 -1.832810789346694946e-02 1.137056708335876465e+00
6.562840193510055542e-03 -1.581905782222747803e-02 1.077448368072509766e+00
2.155475318431854248e-03 -1.572819054126739502e-02 9.798257350921630859e-01
-9.734593331813812256e-04 -1.597522944211959839e-02 9.540885090827941895e-01
-7.142689079046249390e-03 -2.547312527894973755e-02 9.357419013977050781e-01
-1.093704253435134888e-03 -1.986334472894668579e-02 8.747533559799194336e-01
-5.628392100334167480e-04 -2.420408278703689575e-02 8.222727179527282715e-01
-1.160681247711181641e-03 -2.817385643720626831e-02 8.019969463348388672e-01
-2.181734889745712280e-03 -3.696294873952865601e-02 8.261146545410156250e-01
1.897051930427551270e-03 -3.147485107183456421e-02 8.609775304794311523e-01
4.605256021022796631e-03 -2.731863409280776978e-02 8.483086824417114258e-01
2.424392849206924438e-03 -2.950327843427658081e-02 8.556853532791137695e-01
1.061950251460075378e-02 -1.842265576124191284e-02 9.065601825714111328e-01
1.194135472178459167e-02 -1.344149559736251831e-02 8.936935663223266602e-01
8.103139698505401611e-03 -1.793501526117324829e-02 8.529165387153625488e-01
8.277840912342071533e-03 -2.631854265928268433e-02 8.476535677909851074e-01
9.714890271425247192e-03 -2.044356614351272583e-02 8.485982418060302734e-01
6.948795169591903687e-03 -1.941729336977005005e-02 8.855638504028320312e-01
9.636122733354568481e-03 -1.502443104982376099e-02 9.517874717712402344e-01
1.203614100813865662e-02 -1.801318675279617310e-02 9.035066962242126465e-01
5.345128476619720459e-03 -2.367245405912399292e-02 6.614603400230407715e-01
-5.530439317226409912e-03 -1.687610894441604614e-02 6.265645623207092285e-01
3.585327416658401489e-03 -1.802688837051391602e-02 6.225562095642089844e-01
5.632955580949783325e-03 -2.634198218584060669e-02 7.622830271720886230e-01
1.262348517775535583e-02 -2.163547277450561523e-02 1.012084960937500000e+00
1.819084957242012024e-02 -1.581060141324996948e-02 1.012885093688964844e+00
1.569047197699546814e-02 -1.987212896347045898e-02 9.287453293800354004e-01
1.437665894627571106e-02 -2.290784567594528198e-02 8.299510478973388672e-01
9.093146771192550659e-03 -2.846436947584152222e-02 7.418392300605773926e-01
7.063508033752441406e-03 -2.952481061220169067e-02 7.370215058326721191e-01
1.294983550906181335e-02 -2.155558764934539795e-02 8.002368211746215820e-01
1.330524310469627380e-02 -2.158974111080169678e-02 7.894819974899291992e-01
1.256844773888587952e-02 -2.258092910051345825e-02 8.045415878295898438e-01
1.350917294621467590e-02 -1.847596466541290283e-02 7.956959009170532227e-01
1.048180088400840759e-02 -1.852335780858993530e-02 8.149975538253784180e-01
4.738159477710723877e-03 -2.407046407461166382e-02 8.448265790939331055e-01
3.726482391357421875e-04 -2.552815526723861694e-02 8.756773471832275391e-01
-2.475809305906295776e-03 -2.632685750722885132e-02 9.125792980194091797e-01
-3.785848617553710938e-03 -2.395465224981307983e-02 9.272194504737854004e-01
-8.558083325624465942e-03 -1.962450146675109863e-02 9.467790126800537109e-01
-4.999991506338119507e-03 -1.413643360137939453e-02 9.800615310668945312e-01
-3.649916499853134155e-03 -9.862579405307769775e-03 1.011817574501037598e+00
-6.022077053785324097e-03 -1.139298826456069946e-02 1.045314908027648926e+00
-1.032404229044914246e-02 -1.065741479396820068e-02 1.058654904365539551e+00
-1.172984763979911804e-02 -8.781038224697113037e-03 1.047404646873474121e+00
-1.299720630049705505e-02 -8.739590644836425781e-03 1.049424409866333008e+00
-1.521509513258934021e-02 -7.355585694313049316e-03 1.013713598251342773e+00
-1.545676216483116150e-02 -6.068795919418334961e-03 1.045973300933837891e+00
-1.468744501471519470e-02 -9.786449372768402100e-03 1.075516104698181152e+00
-1.229519769549369812e-02 -1.427147537469863892e-02 1.068486809730529785e+00
-9.699869900941848755e-03 -1.401627063751220703e-02 1.060464262962341309e+00
-7.656652480363845825e-03 -1.600138098001480103e-02 1.078363418579101562e+00
-7.828947156667709351e-03 -1.478859782218933105e-02 1.073585748672485352e+00
-8.459057658910751343e-03 -1.419660449028015137e-02 1.055682420730590820e+00
-8.823391050100326538e-03 -1.467138528823852539e-02 1.046437978744506836e+00
-1.102111861109733582e-02 -1.311547309160232544e-02 1.024701237678527832e+00
-1.158617064356803894e-02 -1.185574382543563843e-02 1.006089448928833008e+00
-1.010293886065483093e-02 -1.183906942605972290e-02 9.947563409805297852e-01
-9.576272219419479370e-03 -1.235165446996688843e-02 9.739781618118286133e-01
-9.612243622541427612e-03 -1.063539087772369385e-02 9.641641974449157715e-01
