4.550811368972063065e-03 -4.356677085161209106e-02 9.938712716102600098e-01
-1.948130899108946323e-03 -2.832491695880889893e-02 1.028169631958007812e+00
-6.119493627920746803e-04 -2.378864586353302002e-02 1.048331737518310547e+00
-2.488415222615003586e-03 -2.879785746335983276e-02 1.084043025970458984e+00
-6.159757729619741440e-03 -4.005567356944084167e-02 1.122846126556396484e+00
6.471194792538881302e-03 -3.769093751907348633e-02 1.040236353874206543e+00
1.774103008210659027e-02 -4.297914355993270874e-02 1.040757179260253906e+00
1.680661365389823914e-02 -3.341042250394821167e-02 1.074631690979003906e+00
2.291287109255790710e-02 -2.816099673509597778e-02 1.004565238952636719e+00
2.538969367742538452e-02 -3.235590830445289612e-02 9.644768238067626953e-01
2.849587984383106232e-02 -3.162439167499542236e-02 9.905225634574890137e-01
2.327521517872810364e-02 -2.507723681628704071e-02 1.044553518295288086e+00
1.669699884951114655e-02 -2.647842466831207275e-02 1.035720825195312500e+00
-4.088194575160741806e-03 -6.271891295909881592e-03 1.058550477027893066e+00
-4.897382110357284546e-03 -5.310811102390289307e-04 1.077342987060546875e+00
-7.105793338268995285e-03 -1.537207514047622681e-03 1.040647745132446289e+00
-2.008259110152721405e-02 1.753859221935272217e-03 1.032398939132690430e+00
-2.236883342266082764e-02 -8.135326206684112549e-03 1.008555531501770020e+00
-1.883331872522830963e-02 -1.318984478712081909e-02 9.763706326484680176e-01
-2.269436791539192200e-02 -1.153561100363731384e-02 9.866569042205810547e-01
-2.452208846807479858e-02 -9.920082986354827881e-03 9.892272949218750000e-01
-2.117393910884857178e-02 -3.687437623739242554e-03 9.765581488609313965e-01
-1.809819042682647705e-02 2.825301140546798706e-03 1.034801602363586426e+00
-1.906110532581806183e-02 6.026957184076309204e-03 1.096133351325988770e+00
-1.031760871410369873e-02 -1.405363529920578003e-02 1.123355984687805176e+00
8.004162227734923363e-04 -3.751020878553390503e-02 1.138601779937744141e+00
4.703778540715575218e-04 -4.449765384197235107e-02 1.089406013488769531e+00
4.540309775620698929e-03 -3.451875597238540649e-02 1.102237582206726074e+00
-1.044239499606192112e-03 -1.777843013405799866e-02 1.119198322296142578e+00
-8.851662278175354004e-03 -8.688554167747497559e-03 1.141451954841613770e+00
-2.223534043878316879e-03 -6.819441914558410645e-04 1.150145888328552246e+00
8.467477746307849884e-03 -2.916372194886207581e-02 1.156230211257934570e+00
1.538768131285905838e-02 -4.253793507814407349e-02 1.146612405776977539e+00
1.183214969933032990e-02 -4.371436685323715210e-02 1.102344989776611328e+00
-1.771924667991697788e-03 -3.954099863767623901e-02 1.097932577133178711e+00
-9.960286552086472511e-04 -4.294132068753242493e-02 1.130849480628967285e+00
3.410940617322921753e-02 -6.489624083042144775e-02 1.172068357467651367e+00
5.478262901306152344e-02 -6.353157013654708862e-02 1.185413122177124023e+00
4.313086718320846558e-02 -5.577414482831954956e-02 1.210564136505126953e+00
3.738315403461456299e-02 -5.910234153270721436e-02 1.197895526885986328e+00
2.592766098678112030e-02 -5.519901961088180542e-02 1.154322862625122070e+00
3.284843266010284424e-02 -6.865433603525161743e-02 1.159136652946472168e+00
4.020588099956512451e-02 -7.532815635204315186e-02 1.216139316558837891e+00
4.132889583706855774e-02 -7.826819270849227905e-02 1.208775520324707031e+00
2.451278641819953918e-02 -4.647519439458847046e-02 1.167744874954223633e+00
8.065398782491683960e-03 -1.682428643107414246e-02 1.164524078369140625e+00
-9.212657809257507324e-03 -5.938835442066192627e-03 1.146580100059509277e+00
-2.539351396262645721e-02 -8.380316197872161865e-03 1.139642596244812012e+00
-3.198600187897682190e-02 -6.913851946592330933e-03 1.159095525741577148e+00
-2.638522163033485413e-02 -9.404245764017105103e-03 1.178520083427429199e+00
-2.023793384432792664e-02 -9.175553917884826660e-03 1.194614171981811523e+00
-2.154800668358802795e-02 -1.588943600654602051e-02 1.163712024688720703e+00
-1.084801368415355682e-02 -2.021616324782371521e-02 1.136739969253540039e+00
6.667792331427335739e-03 -1.905990391969680786e-02 1.120485663414001465e+00
2.593407873064279556e-03 -1.176759228110313416e-02 1.076166510581970215e+00
-9.730032645165920258e-03 -5.312941968441009521e-03 1.049022316932678223e+00
-8.148362860083580017e-03 -1.081885769963264465e-02 1.002083182334899902e+00
3.412023186683654785e-03 -1.168033108115196228e-02 9.072731137275695801e-01
7.698005065321922302e-03 -3.899075090885162354e-04 8.057342767715454102e-01
8.372580632567405701e-04 3.054285794496536255e-02 7.274259328842163086e-01
2.376361284404993057e-03 4.717347025871276855e-02 6.609789729118347168e-01
4.731797613203525543e-03 4.462613910436630249e-02 5.940325856208801270e-01
1.659421436488628387e-02 3.436387330293655396e-02 6.026275157928466797e-01
2.397694997489452362e-02 2.157532423734664917e-02 6.697529554367065430e-01
3.136741742491722107e-02 5.204696208238601685e-03 7.246847748756408691e-01
3.695951774716377258e-02 -1.235327124595642090e-02 7.322764992713928223e-01
3.830094262957572937e-02 -1.580115407705307007e-02 6.859100461006164551e-01
2.608195506036281586e-02 -1.163018867373466492e-02 7.121725082397460938e-01
1.420093793421983719e-02 -2.573284506797790527e-02 7.935243248939514160e-01
1.648225821554660797e-02 -3.833800181746482849e-02 8.564049601554870605e-01
-1.775273005478084087e-03 -2.280281111598014832e-02 9.181516766548156738e-01
1.226910762488842010e-02 -2.630771137773990631e-02 9.121687412261962891e-01
2.917737513780593872e-02 -2.868953719735145569e-02 8.958898782730102539e-01
2.264799550175666809e-02 -2.923276275396347046e-02 8.584755063056945801e-01
1.456254441291093826e-02 -2.915081195533275604e-02 8.648308515548706055e-01
1.602655462920665741e-02 -2.615934051573276520e-02 8.650693893432617188e-01
1.828622259199619293e-02 -2.306380495429039001e-02 7.942727804183959961e-01
1.730720140039920807e-02 -7.064722478389739990e-03 6.458351016044616699e-01
2.730444632470607758e-02 7.342316210269927979e-03 5.858226418495178223e-01
2.302423492074012756e-02 1.941818743944168091e-03 6.957467794418334961e-01
2.769698575139045715e-02 -6.681442260742187500e-02 8.212062120437622070e-01
3.791511803865432739e-02 -6.469153612852096558e-02 8.653573393821716309e-01
3.502799943089485168e-02 -2.872662059962749481e-02 9.316181540489196777e-01
1.991618424654006958e-02 -3.039322793483734131e-02 8.879952430725097656e-01
3.500087186694145203e-03 -3.828614950180053711e-02 8.277247548103332520e-01
-2.092668414115905762e-02 -4.460717365145683289e-02 8.497468829154968262e-01
-4.170304909348487854e-02 -2.680625021457672119e-02 8.707153201103210449e-01
-5.593114346265792847e-02 -9.937666356563568115e-03 8.271448016166687012e-01
-4.746200144290924072e-02 -9.365454316139221191e-03 8.194056749343872070e-01
-3.672264516353607178e-02 -1.531631872057914734e-02 8.190419673919677734e-01
-1.208915282040834427e-02 -2.803158015012741089e-02 8.225615024566650391e-01
-6.082782987505197525e-03 -2.399946004152297974e-02 8.646952509880065918e-01
7.608951535075902939e-03 -2.644687704741954803e-02 8.360014557838439941e-01
-6.730380933731794357e-03 -4.613037407398223877e-02 8.349912762641906738e-01
-2.535364404320716858e-02 -1.052933931350708008e-02 7.635702490806579590e-01
-5.311817303299903870e-02 3.934096544981002808e-02 7.580871582031250000e-01
-3.374812752008438110e-02 3.406713157892227173e-02 7.187944054603576660e-01
-2.567291632294654846e-02 4.015487432479858398e-02 6.782736778259277344e-01
-1.442166417837142944e-02 3.867202997207641602e-02 7.582890391349792480e-01
1.899312436580657959e-02 2.124076336622238159e-02 7.423921823501586914e-01
5.343468487262725830e-02 -1.953511685132980347e-02 6.934419274330139160e-01
4.966758564114570618e-02 -4.211489856243133545e-02 7.305673360824584961e-01
2.903845161199569702e-02 -4.893099516630172729e-02 9.215202331542968750e-01
6.937575060874223709e-03 -4.701422899961471558e-02 1.076557993888854980e+00
5.927294958382844925e-03 -3.203277289867401123e-02 1.134836077690124512e+00
1.708078384399414062e-02 -2.265757322311401367e-02 1.068972826004028320e+00
2.201410010457038879e-02 -1.201383024454116821e-02 1.104005098342895508e+00
2.675927430391311646e-02 -7.078528404235839844e-03 1.198018789291381836e+00
4.880856350064277649e-02 -3.109777718782424927e-02 1.277807712554931641e+00
5.015465617179870605e-02 -4.514142125844955444e-02 1.264692544937133789e+00
4.461918026208877563e-02 -3.586308658123016357e-02 1.207486629486083984e+00
4.741678759455680847e-02 -2.957255393266677856e-02 1.139099836349487305e+00
4.189153388142585754e-02 -3.231584280729293823e-02 1.138679146766662598e+00
2.463583648204803467e-02 -2.700645476579666138e-02 1.149993419647216797e+00
1.041915267705917358e-02 -2.578900009393692017e-02 1.134951949119567871e+00
2.627134788781404495e-03 -3.959021717309951782e-02 1.089486718177795410e+00
-4.955976735800504684e-03 -4.667486995458602905e-02 1.071984767913818359e+00
-1.095496118068695068e-02 -4.009588807821273804e-02 1.080361604690551758e+00
-3.180115949362516403e-03 -2.852294594049453735e-02 1.106853723526000977e+00
1.910806819796562195e-02 -2.238310128450393677e-02 1.141771912574768066e+00
2.613950520753860474e-02 -4.008896648883819580e-03 1.176646471023559570e+00
1.695140823721885681e-02 1.387007534503936768e-03 1.203316211700439453e+00
1.244657486677169800e-02 -1.203681528568267822e-02 1.172466754913330078e+00
1.305012777447700500e-02 -2.287784963846206665e-02 1.159313678741455078e+00
9.791586548089981079e-03 -2.046484500169754028e-02 1.137964248657226562e+00
7.735081482678651810e-03 -2.203294634819030762e-02 1.127314567565917969e+00
7.462507579475641251e-03 -3.288589417934417725e-02 1.071403503417968750e+00
9.391916915774345398e-03 -3.788436204195022583e-02 1.037968397140502930e+00
4.026798997074365616e-03 -3.903304785490036011e-02 1.031335949897766113e+00
-1.249878667294979095e-02 -2.421326190233230591e-02 1.040830612182617188e+00
-2.625691331923007965e-02 -2.129436284303665161e-02 1.131300449371337891e+00
-1.187717728316783905e-02 -2.192324399948120117e-02 1.153017282485961914e+00
-3.136160084977746010e-04 -2.228969335556030273e-02 1.145370841026306152e+00
2.730384469032287598e-03 -1.879044249653816223e-02 1.114480972290039062e+00
2.393570262938737869e-03 -2.352127060294151306e-02 1.067802190780639648e+00
2.899146173149347305e-03 -2.694457769393920898e-02 1.054730176925659180e+00
1.452792203053832054e-04 -3.406098484992980957e-02 1.080716729164123535e+00
-9.951371699571609497e-03 -3.658024966716766357e-02 1.095196008682250977e+00
-1.794655621051788330e-02 -3.581857681274414062e-02 1.099879741668701172e+00
-2.437471784651279449e-02 -3.282615169882774353e-02 1.115598917007446289e+00
-2.401176840066909790e-02 -3.771153837442398071e-02 1.111570239067077637e+00
-2.193700149655342102e-02 -4.011516273021697998e-02 1.108785271644592285e+00
-2.380076423287391663e-02 -4.082801938056945801e-02 1.101921439170837402e+00
-2.116829156875610352e-02 -4.297907650470733643e-02 1.079414844512939453e+00
-1.723292283713817596e-02 -4.319969564676284790e-02 1.045177817344665527e+00
-1.552991755306720734e-02 -4.054988920688629150e-02 1.016970157623291016e+00
-5.414402112364768982e-03 -4.444508999586105347e-02 9.581034779548645020e-01
-5.491921212524175644e-03 -5.207822471857070923e-02 9.387289285659790039e-01
-4.644066561013460159e-03 -5.632856488227844238e-02 9.201738238334655762e-01
-1.047442015260457993e-02 -5.034064128994941711e-02 8.913028836250305176e-01
-1.330346055328845978e-02 -5.097312852740287781e-02 9.322010278701782227e-01
-1.771527342498302460e-02 -3.795518353581428528e-02 1.047766208648681641e+00
-1.308684609830379486e-02 -4.912516847252845764e-02 1.050039410591125488e+00
-1.982156932353973389e-02 -5.760756880044937134e-02 9.860981702804565430e-01
-2.775929123163223267e-02 -5.474002286791801453e-02 1.005345225334167480e+00
-2.367651090025901794e-02 -3.616355359554290771e-02 9.845232367515563965e-01
-2.145962417125701904e-02 -3.540203720331192017e-02 9.621618390083312988e-01
-2.814546599984169006e-02 -2.493072301149368286e-02 9.513036012649536133e-01
-3.508261218667030334e-02 -1.520839333534240723e-02 1.003052234649658203e+00
-3.345977514982223511e-02 -1.245254650712013245e-02 1.003139495849609375e+00
-3.146511316299438477e-02 -1.384176313877105713e-02 9.899941086769104004e-01
-2.618110366165637970e-02 -1.742460951209068298e-02 1.030812382698059082e+00
-1.913962885737419128e-02 -5.516245961189270020e-03 9.822990298271179199e-01
-1.696009561419487000e-02 -3.933954983949661255e-03 9.565477967262268066e-01
-1.261175982654094696e-02 -2.204414084553718567e-02 9.767074584960937500e-01
-1.215342991054058075e-02 -2.320378273725509644e-02 9.866443872451782227e-01
-2.064622566103935242e-02 9.391061961650848389e-03 9.432265162467956543e-01
-2.549505606293678284e-02 2.887919545173645020e-02 9.391641616821289062e-01
-2.409924194216728210e-02 3.195146471261978149e-02 9.442570209503173828e-01
-1.782578974962234497e-02 3.187450766563415527e-02 9.239976406097412109e-01
-2.067801542580127716e-02 2.881489694118499756e-02 8.703013062477111816e-01
-2.471095323562622070e-02 2.265062928199768066e-02 8.904135227203369141e-01
-2.641905099153518677e-02 9.779699146747589111e-03 9.189732074737548828e-01
-2.274246327579021454e-02 -1.392684504389762878e-02 9.712439179420471191e-01
-2.262571826577186584e-02 -2.286745980381965637e-02 1.012979388236999512e+00
-1.434975676238536835e-02 -3.040757216513156891e-02 1.038095235824584961e+00
-1.923770178109407425e-04 -2.685449272394180298e-02 1.064262390136718750e+00
-2.007537521421909332e-03 -1.000608503818511963e-02 1.000985145568847656e+00
1.927988370880484581e-03 -3.230083733797073364e-03 9.266266226768493652e-01
9.770240634679794312e-03 -3.259301930665969849e-02 8.961697816848754883e-01
2.123593352735042572e-03 -5.595410615205764771e-02 9.142938256263732910e-01
4.299309570342302322e-03 -6.578452140092849731e-02 9.199289083480834961e-01
4.606450442224740982e-03 -5.617810413241386414e-02 9.587945342063903809e-01
8.576528169214725494e-03 -5.020838230848312378e-02 9.792352914810180664e-01
-5.709740798920392990e-04 -5.768042430281639099e-02 9.939166903495788574e-01
-3.723017871379852295e-03 -6.829164177179336548e-02 9.904153943061828613e-01
-3.884197212755680084e-04 -7.780296355485916138e-02 1.006727814674377441e+00
-1.408373098820447922e-02 -5.028571560978889465e-02 1.027058601379394531e+00
-2.294908836483955383e-02 -3.957166522741317749e-02 1.026210784912109375e+00
-1.898731663823127747e-02 -4.184888303279876709e-02 9.768538475036621094e-01
-1.707998290657997131e-02 -3.702708333730697632e-02 9.759392738342285156e-01
-1.878032088279724121e-02 -1.789785176515579224e-02 9.730689525604248047e-01
-3.104086592793464661e-02 3.913491964340209961e-03 9.705935716629028320e-01
-3.574469685554504395e-02 7.504031062126159668e-03 9.877973794937133789e-01
-4.820449277758598328e-02 6.660163402557373047e-03 9.953880310058593750e-01
-6.419994682073593140e-02 2.083814144134521484e-02 9.677993059158325195e-01
-6.668609380722045898e-02 2.908006310462951660e-02 9.598799943923950195e-01
-6.442101299762725830e-02 2.637922018766403198e-02 1.020785450935363770e+00
-6.562349945306777954e-02 2.442961186170578003e-02 1.090357542037963867e+00
-5.398043617606163025e-02 1.451433449983596802e-02 1.129071712493896484e+00
-4.380397126078605652e-02 7.120460271835327148e-03 1.137074947357177734e+00
-3.835805878043174744e-02 3.196194767951965332e-03 1.132779121398925781e+00
-3.434520959854125977e-02 1.918189227581024170e-03 1.117989301681518555e+00
-3.385907411575317383e-02 3.852836787700653076e-03 1.106230020523071289e+00
-3.652137145400047302e-02 1.109814643859863281e-02 1.076601266860961914e+00
-3.386675193905830383e-02 1.355019956827163696e-02 1.052965521812438965e+00
-3.309984132647514343e-02 1.493172347545623779e-02 1.049268960952758789e+00
-3.446609526872634888e-02 1.301960647106170654e-02 1.054731726646423340e+00
-2.935382723808288574e-02 6.807625293731689453e-03 1.084716558456420898e+00
-2.529927715659141541e-02 6.508633494377136230e-03 1.118426203727722168e+00
-2.623480744659900665e-02 8.125960826873779297e-03 1.118123769760131836e+00
-2.792779728770256042e-02 1.047609001398086548e-02 1.104614734649658203e+00
-3.070304542779922485e-02 1.800590008497238159e-02 1.090403914451599121e+00
-3.111120313405990601e-02 1.774864643812179565e-02 1.100985646247863770e+00
-2.632166445255279541e-02 7.660321891307830811e-03 1.129821896553039551e+00
-2.185971289873123169e-02 -2.389289438724517822e-03 1.164599895477294922e+00
-1.568036898970603943e-02 -5.206443369388580322e-03 1.134562969207763672e+00
-8.620355278253555298e-03 -1.812420785427093506e-03 1.080177307128906250e+00
-2.484511118382215500e-03 -7.893927395343780518e-03 1.034438133239746094e+00
-8.967366302385926247e-04 -1.553467661142349243e-02 1.005711913108825684e+00
3.069892991334199905e-03 -2.816390246152877808e-02 1.001758575439453125e+00
4.199043381959199905e-03 -3.431621938943862915e-02 9.706902503967285156e-01
4.179269541054964066e-03 -3.794851154088973999e-02 9.972547292709350586e-01
3.763262648135423660e-03 -4.888983815908432007e-02 1.075788021087646484e+00
-3.446764778345823288e-03 -5.599110573530197144e-02 1.213549852371215820e+00
-1.805245876312255859e-02 -1.902072131633758545e-02 1.131894588470458984e+00
-2.597844786942005157e-02 -1.507762074470520020e-02 1.013887763023376465e+00
-2.060279250144958496e-02 -2.447436004877090454e-02 1.013762950897216797e+00
-1.466213166713714600e-02 -3.272774070501327515e-02 9.893743991851806641e-01
-1.408022828400135040e-02 -1.881051808595657349e-02 9.730315208435058594e-01
-3.738346975296735764e-03 -9.038649499416351318e-03 9.793339371681213379e-01
-4.120540106669068336e-04 -7.689513266086578369e-03 1.004923462867736816e+00
2.986148465424776077e-03 -1.394455879926681519e-02 1.027884006500244141e+00
1.011608541011810303e-02 -2.477314323186874390e-02 1.068250060081481934e+00
1.037249714136123657e-02 -2.493522316217422485e-02 1.084564685821533203e+00
1.125135086476802826e-02 -3.028439357876777649e-02 1.079769968986511230e+00
5.530816502869129181e-03 -3.167433291673660278e-02 1.087033033370971680e+00
-9.166511008515954018e-04 -2.554374933242797852e-02 1.084449768066406250e+00
-6.951435003429651260e-03 -2.059826999902725220e-02 1.062363624572753906e+00
-9.172463789582252502e-03 -2.533578500151634216e-02 1.026780128479003906e+00
-1.668361015617847443e-02 -2.452955767512321472e-02 1.001865386962890625e+00
-1.976525783538818359e-02 -3.088820166885852814e-02 1.034381031990051270e+00
-2.725371718406677246e-02 -4.518446326255798340e-02 1.090314030647277832e+00
-2.815318852663040161e-02 -5.351301655173301697e-02 1.105190753936767578e+00
-2.986996620893478394e-02 -4.591989889740943909e-02 1.074619531631469727e+00
-1.408415101468563080e-02 -4.234996810555458069e-02 1.051726460456848145e+00
-1.744555309414863586e-02 -3.476699069142341614e-02 1.034053921699523926e+00
-2.499158680438995361e-02 -2.832679450511932373e-02 1.017260313034057617e+00
-2.547397464513778687e-02 -1.574083045125007629e-02 1.003752350807189941e+00
-1.539684832096099854e-02 -1.678805425763130188e-02 1.019668698310852051e+00
-4.457379225641489029e-03 -2.538973279297351837e-02 1.010250568389892578e+00
1.483702682889997959e-03 -3.434050455689430237e-02 9.686703085899353027e-01
3.238401841372251511e-04 -3.955440595746040344e-02 9.204630851745605469e-01
-5.277544725686311722e-03 -2.991781570017337799e-02 8.374910950660705566e-01
-6.105676293373107910e-03 -1.869572699069976807e-02 8.552539944648742676e-01
-1.826675608754158020e-02 1.668650656938552856e-02 9.248085021972656250e-01
-1.479973644018173218e-02 1.009802520275115967e-02 1.000592827796936035e+00
-2.317847125232219696e-02 -2.184517681598663330e-03 1.077379584312438965e+00
-2.415003441274166107e-02 -1.712400466203689575e-03 1.077685713768005371e+00
-2.396425604820251465e-02 -5.756065249443054199e-03 9.846380352973937988e-01
-1.149159297347068787e-02 -8.068811148405075073e-03 9.348278641700744629e-01
-1.330295484513044357e-02 -1.855493709444999695e-02 9.432951211929321289e-01
-2.478760294616222382e-02 -1.095008850097656250e-02 9.962170720100402832e-01
-3.050515800714492798e-02 -7.883910089731216431e-03 9.968985915184020996e-01
-3.269315138459205627e-02 1.644492149353027344e-03 1.027372598648071289e+00
-3.123600408434867859e-02 3.536563366651535034e-03 1.076772570610046387e+00
-3.036563843488693237e-02 -4.069380462169647217e-03 1.090839743614196777e+00
-3.009739518165588379e-02 -6.656035780906677246e-03 1.095406055450439453e+00
-2.153855189681053162e-02 -1.234240084886550903e-02 1.081903338432312012e+00
-1.590860076248645782e-02 -2.671022154390811920e-02 1.063015937805175781e+00
-1.125620119273662567e-02 -4.511108621954917908e-02 1.069325089454650879e+00
-1.070286706089973450e-02 -4.534666985273361206e-02 1.098897814750671387e+00
-1.245429646223783493e-02 -4.916562139987945557e-02 1.143134236335754395e+00
4.293085541576147079e-03 -5.728726461529731750e-02 1.130588650703430176e+00
3.933323547244071960e-03 -6.470382213592529297e-02 1.136818885803222656e+00
5.910958279855549335e-04 -7.429029047489166260e-02 1.098564267158508301e+00
2.113262191414833069e-03 -7.067021727561950684e-02 1.048439383506774902e+00
5.899966694414615631e-03 -6.346550583839416504e-02 9.989960193634033203e-01
-2.381444908678531647e-03 -4.502685368061065674e-02 9.905977249145507812e-01
-2.370214462280273438e-02 -2.436872199177742004e-02 1.015605926513671875e+00
-3.211252018809318542e-02 -1.738861948251724243e-02 1.021633744239807129e+00
-3.170593455433845520e-02 -2.212675660848617554e-02 1.051548957824707031e+00
-3.222050145268440247e-02 -1.756813377141952515e-02 1.085095882415771484e+00
-2.617347985506057739e-02 -3.454501926898956299e-02 1.071095943450927734e+00
-2.509336546063423157e-02 -4.590097814798355103e-02 1.058359622955322266e+00
-2.159940451383590698e-02 -3.658701479434967041e-02 1.052532672882080078e+00
-2.532512322068214417e-02 -1.319839060306549072e-02 1.069185256958007812e+00
-2.511213347315788269e-02 -1.410128176212310791e-02 1.075171470642089844e+00
-2.226250246167182922e-02 -2.007075399160385132e-02 1.088208675384521484e+00
-1.366464048624038696e-02 -3.203614056110382080e-02 1.079869747161865234e+00
-1.314919069409370422e-02 -3.465069830417633057e-02 1.066679239273071289e+00
-1.073844358325004578e-02 -2.456878125667572021e-02 1.060195922851562500e+00
-1.001484319567680359e-02 -1.803107559680938721e-03 1.062659740447998047e+00
-1.624025404453277588e-02 1.296604424715042114e-02 1.045141696929931641e+00
-1.380425319075584412e-02 9.310111403465270996e-03 1.007431864738464355e+00
-1.413705945014953613e-02 7.158219814300537109e-03 9.825770854949951172e-01
-2.348106354475021362e-02 5.300328135490417480e-03 1.018036365509033203e+00
-2.603238075971603394e-02 9.921982884407043457e-03 1.064884066581726074e+00
-2.107018977403640747e-02 5.608297884464263916e-03 1.060308098793029785e+00
-1.232644543051719666e-02 8.157514035701751709e-03 1.043597936630249023e+00
-4.222351592034101486e-03 1.930828392505645752e-02 1.013408780097961426e+00
-3.967590164393186569e-03 3.172804415225982666e-02 9.324206709861755371e-01
-2.213743329048156738e-02 3.083983063697814941e-02 8.936293721199035645e-01
-3.304243832826614380e-02 3.110487014055252075e-02 8.879863619804382324e-01
-3.705279901623725891e-02 3.072009980678558350e-02 8.784888386726379395e-01
-3.496075794100761414e-02 3.088768571615219116e-02 8.727975487709045410e-01
-3.144285827875137329e-02 2.337358891963958740e-02 8.739435076713562012e-01
-2.683094888925552368e-02 1.510228961706161499e-02 8.718303442001342773e-01
-2.626580744981765747e-02 1.334261149168014526e-02 8.658344745635986328e-01
-2.059866860508918762e-02 1.816873997449874878e-02 8.761125206947326660e-01
-1.553247869014739990e-02 1.823655515909194946e-02 9.005241394042968750e-01
-1.277673617005348206e-02 1.995843648910522461e-02 8.945041298866271973e-01
-8.277289569377899170e-03 1.043010503053665161e-02 9.225761890411376953e-01
-3.003291320055723190e-03 -1.097249984741210938e-02 9.757204055786132812e-01
-2.125650178641080856e-03 -2.940193563699722290e-02 9.450439214706420898e-01
-3.252252470701932907e-03 -2.834842354059219360e-02 9.494294524192810059e-01
-8.364070206880569458e-03 -1.744627952575683594e-02 9.700605273246765137e-01
-7.092572282999753952e-03 -1.508860662579536438e-02 9.681385755538940430e-01
-9.720087051391601562e-03 -2.351793646812438965e-02 9.784792661666870117e-01
-7.688983809202909470e-03 -2.465026266872882843e-02 1.019039988517761230e+00
4.922546213492751122e-04 -2.977683022618293762e-02 1.029532551765441895e+00
-1.430980861186981201e-02 -3.177852928638458252e-02 1.035818219184875488e+00
-2.439840137958526611e-02 -2.080437541007995605e-02 9.438892602920532227e-01
-2.867809683084487915e-02 -1.347805559635162354e-02 9.338929653167724609e-01
-2.879504114389419556e-02 -1.676916331052780151e-02 9.594871997833251953e-01
-1.496989279985427856e-02 -8.997164666652679443e-03 8.243688344955444336e-01
-1.140563562512397766e-02 1.559031009674072266e-02 8.151134252548217773e-01
-8.133482187986373901e-03 1.001033186912536621e-02 8.555860519409179688e-01
-6.255894433706998825e-03 -5.461066961288452148e-03 9.273577332496643066e-01
-1.193360053002834320e-02 2.458520233631134033e-03 9.630053639411926270e-01
-2.531690709292888641e-02 1.753596961498260498e-02 9.610988497734069824e-01
-3.472732380032539368e-02 3.408875316381454468e-02 9.104481339454650879e-01
-2.539766207337379456e-02 1.098170131444931030e-02 9.121029973030090332e-01
-1.969017647206783295e-02 -9.754061698913574219e-03 9.310035109519958496e-01
-1.650997437536716461e-02 -1.424727961421012878e-02 9.319884777069091797e-01
-1.593311131000518799e-02 -6.104677915573120117e-03 9.819135665893554688e-01
-2.094492688775062561e-02 7.016465067863464355e-03 1.011515140533447266e+00
-1.578057371079921722e-02 -2.543832734227180481e-02 1.018257737159729004e+00
-1.781680248677730560e-02 -2.526399120688438416e-02 1.024526000022888184e+00
-1.108717732131481171e-02 -9.552352130413055420e-03 9.943328499794006348e-01
-4.228875041007995605e-03 -8.340660482645034790e-03 1.012995004653930664e+00
9.722095564939081669e-04 -1.543930172920227051e-02 1.051244020462036133e+00
-6.187190301716327667e-03 -1.994518190622329712e-02 1.046412348747253418e+00
-4.597041988745331764e-04 -3.042362071573734283e-02 1.035365819931030273e+00
6.429314147680997849e-03 -2.927982248365879059e-02 1.036833047866821289e+00
7.868617540225386620e-04 -1.814312860369682312e-02 1.008666992187500000e+00
7.415883708745241165e-03 -2.532477490603923798e-02 9.297090172767639160e-01
-1.510990201495587826e-03 -2.110182121396064758e-02 9.348602294921875000e-01
-7.891815155744552612e-03 -1.374025642871856689e-02 9.319662451744079590e-01
-1.403234992176294327e-02 -1.155961304903030396e-03 9.396505355834960938e-01
-2.137324586510658264e-02 2.036731690168380737e-03 9.537408947944641113e-01
-4.048190265893936157e-02 -2.612270414829254150e-03 9.924491047859191895e-01
-6.017499789595603943e-02 2.780377864837646484e-03 1.002519130706787109e+00
-6.192306429147720337e-02 1.418855786323547363e-02 1.022931098937988281e+00
-4.851434007287025452e-02 1.729553937911987305e-02 1.061764001846313477e+00
-3.179829940199851990e-02 2.315454185009002686e-03 1.041451334953308105e+00
-1.198872923851013184e-02 -2.456860244274139404e-02 1.009681940078735352e+00
1.557249692268669605e-03 -1.545104011893272400e-02 1.027118563652038574e+00
2.861544955521821976e-03 -1.494568586349487305e-02 1.036653637886047363e+00
-4.628861788660287857e-03 -2.984362281858921051e-02 1.043887615203857422e+00
-9.538138285279273987e-03 -3.511846065521240234e-02 9.973409771919250488e-01
-1.010722201317548752e-02 -4.184063151478767395e-02 9.866447448730468750e-01
-1.357949897646903992e-02 -4.738450050354003906e-02 1.008783698081970215e+00
-5.517816171050071716e-03 -4.842103645205497742e-02 9.974506497383117676e-01
-7.125424453988671303e-04 -5.176903307437896729e-02 9.426767230033874512e-01
-3.421906847506761551e-03 -5.211008712649345398e-02 9.191480278968811035e-01
-5.632173269987106323e-06 -5.087522417306900024e-02 9.371349215507507324e-01
-9.012515656650066376e-03 -4.698638617992401123e-02 9.383195042610168457e-01
-3.035532310605049133e-02 -2.541983500123023987e-02 1.005588650703430176e+00
-3.362161293625831604e-02 -2.375099435448646545e-02 9.954626560211181641e-01
-2.104245871305465698e-02 -2.364997938275337219e-02 9.158253073692321777e-01
-1.406523678451776505e-02 -1.385704800486564636e-02 8.915651440620422363e-01
-7.580603007227182388e-03 -1.651623845100402832e-02 8.983575105667114258e-01
-1.448514685034751892e-02 -3.198038786649703979e-03 8.750696182250976562e-01
-1.598833873867988586e-02 -2.092335373163223267e-03 8.230174779891967773e-01
-1.674998924136161804e-02 -3.284625709056854248e-04 7.990545034408569336e-01
-1.731519028544425964e-02 3.736898303031921387e-03 8.127171993255615234e-01
-1.822881400585174561e-02 -9.693205356597900391e-06 8.261752128601074219e-01
-3.215947002172470093e-02 1.980662345886230469e-04 8.425638675689697266e-01
-3.390869125723838806e-02 -3.853067755699157715e-03 8.473113775253295898e-01
-4.131910577416419983e-02 5.311705172061920166e-04 8.375242352485656738e-01
-5.484396219253540039e-02 1.353990286588668823e-02 8.370960950851440430e-01
-4.599220305681228638e-02 2.035079151391983032e-02 8.312338590621948242e-01
-4.542303085327148438e-02 3.379016369581222534e-02 8.076865673065185547e-01
-3.568246215581893921e-02 3.475739061832427979e-02 8.174670934677124023e-01
-3.150580823421478271e-02 3.019485622644424438e-02 8.364121913909912109e-01
-3.560222685337066650e-02 2.799107134342193604e-02 8.247535228729248047e-01
-2.635246142745018005e-02 1.168797165155410767e-02 8.320495486259460449e-01
-2.731126174330711365e-02 -1.652455329895019531e-02 8.330127596855163574e-01
-3.989954292774200439e-02 -2.547430247068405151e-02 8.147072792053222656e-01
-4.347370937466621399e-02 -2.712824195623397827e-02 7.986884713172912598e-01
-2.953637018799781799e-02 -2.804663777351379395e-02 7.514959573745727539e-01
-1.259532943367958069e-02 -3.361647576093673706e-02 7.939158678054809570e-01
1.239091902971267700e-02 -5.231184512376785278e-02 8.658394813537597656e-01
4.149117320775985718e-02 -6.433863192796707153e-02 9.004094600677490234e-01
4.046024382114410400e-02 -6.910998374223709106e-02 9.679497480392456055e-01
3.594910353422164917e-02 -6.832046061754226685e-02 1.015362620353698730e+00
3.593200445175170898e-02 -6.633407622575759888e-02 1.014976382255554199e+00
4.331877082586288452e-02 -6.533022969961166382e-02 9.688338041305541992e-01
4.585584253072738647e-02 -6.999408453702926636e-02 9.588859081268310547e-01
4.149803519248962402e-02 -7.789517194032669067e-02 1.026320219039916992e+00
4.259702563285827637e-02 -7.709211856126785278e-02 1.021320939064025879e+00
4.316134005784988403e-02 -7.693279534578323364e-02 9.652351140975952148e-01
4.145566374063491821e-02 -7.960548251867294312e-02 9.049297571182250977e-01
3.005374222993850708e-02 -7.513355463743209839e-02 8.937131166458129883e-01
1.953852921724319458e-02 -6.244461983442306519e-02 8.930993080139160156e-01
5.676925648003816605e-03 -5.192636698484420776e-02 8.932732939720153809e-01
3.113925922662019730e-03 -4.615219682455062866e-02 8.859951496124267578e-01
3.768134629353880882e-04 -3.627463430166244507e-02 8.921985030174255371e-01
-1.333459862507879734e-03 -3.161672502756118774e-02 8.886113762855529785e-01
-1.691799843683838844e-04 -3.302294760942459106e-02 8.772128820419311523e-01
2.450198400765657425e-03 -3.592240065336227417e-02 8.615117669105529785e-01
3.262222278863191605e-03 -3.737875074148178101e-02 8.521246910095214844e-01
6.563887465745210648e-03 -3.747325390577316284e-02 8.464900255203247070e-01
8.739106357097625732e-03 -4.113537818193435669e-02 8.457790613174438477e-01
1.156993955373764038e-02 -4.208660870790481567e-02 8.360289335250854492e-01
1.434564590454101562e-02 -4.761343449354171753e-02 8.318655490875244141e-01
1.625904440879821777e-02 -5.221328884363174438e-02 8.348285555839538574e-01
2.067563310265541077e-02 -5.498594790697097778e-02 8.508067727088928223e-01
2.056188881397247314e-02 -5.416791886091232300e-02 8.863565921783447266e-01
1.706007495522499084e-02 -5.194795131683349609e-02 8.787837028503417969e-01
7.644214201718568802e-03 -4.074981063604354858e-02 8.399191498756408691e-01
4.967827117070555687e-04 -2.660290151834487915e-02 8.306881189346313477e-01
-3.840575926005840302e-03 -1.722188666462898254e-02 8.297608494758605957e-01
-4.309344105422496796e-03 -1.138191670179367065e-02 8.165943026542663574e-01
2.685684245079755783e-03 -6.846930831670761108e-03 8.005741834640502930e-01
9.041980840265750885e-03 -1.092180609703063965e-04 8.393831849098205566e-01
7.959272712469100952e-03 1.650497317314147949e-03 8.591188192367553711e-01
6.319050211459398270e-03 -2.816077321767807007e-03 8.755257725715637207e-01
1.534429192543029785e-02 -4.804115742444992065e-03 9.116292595863342285e-01
1.737461052834987640e-02 -9.558051824569702148e-03 9.362056255340576172e-01
1.792743685655295849e-03 -1.462434604763984680e-02 8.958992958068847656e-01
-8.731125853955745697e-03 -1.959311962127685547e-02 8.705267906188964844e-01
-1.526150479912757874e-02 -2.421322464942932129e-02 8.868398666381835938e-01
-1.262542232871055603e-02 -3.164760023355484009e-02 9.260927438735961914e-01
3.542529884725809097e-05 -3.471153602004051208e-02 9.723770618438720703e-01
4.460512660443782806e-03 -2.307912334799766541e-02 1.017049789428710938e+00
-1.242619100958108902e-02 -4.306327551603317261e-03 1.016502380371093750e+00
-1.088746916502714157e-02 1.975256949663162231e-03 9.940512180328369141e-01
-1.010875590145587921e-02 -3.710590302944183350e-03 9.780275225639343262e-01
-2.428643777966499329e-02 4.662975668907165527e-03 9.874199032783508301e-01
-3.059021383523941040e-02 1.719182729721069336e-02 9.890987873077392578e-01
-4.468611441552639008e-03 6.849408149719238281e-03 9.948334693908691406e-01
1.533292420208454132e-02 -1.303374394774436951e-02 1.045534610748291016e+00
2.078163810074329376e-02 -2.479947172105312347e-02 1.080654263496398926e+00
2.853064797818660736e-02 -2.768064476549625397e-02 1.050111770629882812e+00
-3.947185818105936050e-03 -8.608181029558181763e-03 1.010044932365417480e+00
-1.214551832526922226e-02 -1.863210275769233704e-02 1.023980736732482910e+00
-2.253675460815429688e-02 -1.901778951287269592e-02 1.047077775001525879e+00
-2.831585519015789032e-02 -1.375915482640266418e-02 1.035000920295715332e+00
-2.435522526502609253e-02 -3.116317279636859894e-02 1.001415252685546875e+00
-2.486348524689674377e-02 -2.595272473990917206e-02 9.598327279090881348e-01
-2.136595547199249268e-03 -3.524685651063919067e-02 9.524856805801391602e-01
8.125077933073043823e-03 -3.358376026153564453e-02 9.758723974227905273e-01
5.511383060365915298e-03 -2.242417261004447937e-02 1.031184434890747070e+00
9.480675682425498962e-03 -2.133228629827499390e-02 1.085195541381835938e+00
6.491793785244226456e-03 -1.469013839960098267e-02 1.084343433380126953e+00
2.766058314591646194e-03 -1.284620538353919983e-02 1.087013125419616699e+00
4.583397414535284042e-03 -2.654474042356014252e-02 1.083042263984680176e+00
4.975392948836088181e-03 -3.661733120679855347e-02 1.127303719520568848e+00
-5.860420875251293182e-03 -4.597506672143936157e-02 1.157165527343750000e+00
-1.180242747068405151e-02 -3.073984570801258087e-02 1.130285143852233887e+00
-1.188982557505369186e-02 -2.104769647121429443e-02 1.104795217514038086e+00
-1.390664838254451752e-02 -1.947160810232162476e-02 1.088617086410522461e+00
-1.074791792780160904e-02 -1.984986290335655212e-02 1.096123695373535156e+00
-3.695144783705472946e-03 -2.366922795772552490e-02 1.093557596206665039e+00
-4.250001162290573120e-03 -2.298604696989059448e-02 1.086743712425231934e+00
-8.836195804178714752e-03 -2.323037758469581604e-02 1.073670387268066406e+00
-1.337525062263011932e-02 -2.389272674918174744e-02 1.080723404884338379e+00
-1.686661690473556519e-02 -1.911815255880355835e-02 1.086002230644226074e+00
-1.822971552610397339e-02 -1.036862283945083618e-02 1.077573537826538086e+00
-1.547713577747344971e-02 -9.826354682445526123e-03 1.074974298477172852e+00
-9.532723575830459595e-03 -1.142539829015731812e-02 1.072869420051574707e+00
-8.590202778577804565e-03 -6.539188325405120850e-03 1.053358316421508789e+00
-6.819031666964292526e-03 -8.358061313629150391e-04 1.026403188705444336e+00
-8.944179862737655640e-03 5.830526351928710938e-03 1.014811515808105469e+00
-2.630868554115295410e-02 2.044491469860076904e-02 1.018052458763122559e+00
-2.887529507279396057e-02 1.804333180189132690e-02 1.019321680068969727e+00
-2.728326246142387390e-02 4.203289747238159180e-03 1.047263860702514648e+00
-1.851827278733253479e-02 -2.089244127273559570e-02 1.015867829322814941e+00
-1.382419094443321228e-02 -2.900884300470352173e-02 9.605513811111450195e-01
-1.253522932529449463e-02 -1.985960453748703003e-02 9.440404176712036133e-01
-2.225484699010848999e-02 -4.170462489128112793e-04 9.345485568046569824e-01
-1.255268789827823639e-02 -8.330173790454864502e-03 9.832382202148437500e-01
-4.476729314774274826e-03 -1.285756379365921021e-02 1.017173647880554199e+00
5.657788133248686790e-04 -1.730035990476608276e-02 1.033860683441162109e+00
-1.460273051634430885e-04 -1.594477891921997070e-02 1.046615839004516602e+00
3.991980571299791336e-03 -1.555889099836349487e-02 1.093007087707519531e+00
7.621057797223329544e-03 -1.553358137607574463e-02 1.112402677536010742e+00
3.312502522021532059e-03 -7.059916853904724121e-03 1.063870668411254883e+00
2.116581425070762634e-02 -2.079803496599197388e-02 1.051482915878295898e+00
1.647125184535980225e-02 -2.487672865390777588e-02 1.078659892082214355e+00
5.280539859086275101e-03 -1.571483165025711060e-02 1.077432632446289062e+00
2.965949242934584618e-04 -1.127229630947113037e-02 1.082094192504882812e+00
1.091493642888963223e-03 -8.163429796695709229e-03 1.074694156646728516e+00
3.478659782558679581e-03 -7.456563413143157959e-03 1.071786403656005859e+00
9.817510843276977539e-03 -8.675403892993927002e-03 1.059058427810668945e+00
1.128383353352546692e-02 -1.065596938133239746e-02 1.048103570938110352e+00
-1.739831292070448399e-03 -8.623123168945312500e-03 1.030420780181884766e+00
-1.754856854677200317e-02 -7.419019937515258789e-03 1.007802724838256836e+00
-1.900788769125938416e-02 -4.687406122684478760e-03 9.800822734832763672e-01
-2.276511117815971375e-02 6.377838551998138428e-03 9.822698235511779785e-01
-2.069517411291599274e-02 7.509715855121612549e-03 9.624633193016052246e-01
-2.239291928708553314e-02 -9.281493723392486572e-03 1.006664276123046875e+00
-2.523568831384181976e-02 -2.256850898265838623e-02 1.058686971664428711e+00
-2.875329181551933289e-02 -2.581840753555297852e-02 1.079100966453552246e+00
-3.468202054500579834e-02 -2.654582262039184570e-02 1.087040662765502930e+00
-3.460605442523956299e-02 -1.008430495858192444e-02 9.965925216674804688e-01
-1.492449641227722168e-02 -9.766578674316406250e-03 8.710118532180786133e-01
-2.252897247672080994e-02 -3.790408372879028320e-03 7.753014564514160156e-01
-2.714255079627037048e-02 1.148551702499389648e-03 6.911920905113220215e-01
-2.461705729365348816e-02 -1.094695180654525757e-02 6.739912033081054688e-01
-2.238236740231513977e-02 -1.883648335933685303e-02 6.597725749015808105e-01
-2.606584131717681885e-02 -1.767558604478836060e-02 6.465566158294677734e-01
-2.998213097453117371e-02 -1.139415800571441650e-02 6.411094665527343750e-01
-2.944272756576538086e-02 -1.116828620433807373e-02 6.296427845954895020e-01
-2.086398005485534668e-02 -1.886524260044097900e-02 6.351791620254516602e-01
-1.787475124001502991e-02 -2.591535821557044983e-02 6.277433037757873535e-01
-2.489563636481761932e-02 -2.937871962785720825e-02 6.237812042236328125e-01
-2.429170720279216766e-02 -2.675729617476463318e-02 6.392047405242919922e-01
-9.905188344419002533e-03 -2.415301650762557983e-02 6.892099976539611816e-01
-3.852962516248226166e-03 -2.510263212025165558e-02 7.197040319442749023e-01
-6.228912156075239182e-03 -2.687868662178516388e-02 6.810073256492614746e-01
-1.295609213411808014e-02 -1.931386440992355347e-02 6.421224474906921387e-01
-1.822196878492832184e-02 -1.690383628010749817e-02 6.668025255203247070e-01
-4.055666923522949219e-02 -1.407125219702720642e-02 7.569055557250976562e-01
-4.979973658919334412e-02 -1.629664376378059387e-02 8.223580718040466309e-01
-6.660684198141098022e-02 7.243022322654724121e-03 8.552857041358947754e-01
-5.984691902995109558e-02 1.603569835424423218e-02 8.819236755371093750e-01
-5.387062579393386841e-02 -5.713365972042083740e-03 8.974993228912353516e-01
-4.702721163630485535e-02 2.054858207702636719e-02 9.236759543418884277e-01
-3.991382196545600891e-02 1.026944816112518311e-02 9.886698722839355469e-01
-4.574966430664062500e-02 1.427447795867919922e-02 1.033176541328430176e+00
-6.317802518606185913e-02 2.877599000930786133e-02 1.041848897933959961e+00
-6.159067898988723755e-02 3.208619356155395508e-02 9.894513487815856934e-01
-5.777585878968238831e-02 3.857940435409545898e-02 9.818403124809265137e-01
-5.736530199646949768e-02 4.736195504665374756e-02 9.669333100318908691e-01
-6.028895080089569092e-02 4.568087309598922729e-02 9.695435166358947754e-01
-6.151384115219116211e-02 4.181917756795883179e-02 9.884547591209411621e-01
-4.121040180325508118e-02 2.982190996408462524e-02 9.548084139823913574e-01
-2.087313681840896606e-03 1.595150679349899292e-02 9.331590533256530762e-01
-8.566724136471748352e-05 1.855976879596710205e-02 9.341526031494140625e-01
-4.503998439759016037e-03 3.754738718271255493e-03 1.007549285888671875e+00
-1.135138235986232758e-02 8.967593312263488770e-04 1.122819066047668457e+00
-4.290828946977853775e-04 -2.238374203443527222e-02 1.184514760971069336e+00
1.828092709183692932e-02 -4.384616389870643616e-02 1.166473150253295898e+00
2.210583724081516266e-02 -4.816474020481109619e-02 1.157121777534484863e+00
1.589764654636383057e-02 -4.861781001091003418e-02 1.160583019256591797e+00
1.352695748209953308e-03 -3.908253833651542664e-02 1.176246762275695801e+00
-1.955750770866870880e-02 -2.286407351493835449e-02 1.178046107292175293e+00
-2.822933159768581390e-02 -1.672669127583503723e-02 1.163480043411254883e+00
-3.370443731546401978e-02 -1.057479903101921082e-02 1.158855795860290527e+00
-3.352753445506095886e-02 1.050084829330444336e-04 1.145964622497558594e+00
-3.035713732242584229e-02 6.195865571498870850e-04 1.075432300567626953e+00
-2.603082358837127686e-02 -1.080056279897689819e-02 1.018487215042114258e+00
-4.406806826591491699e-02 -1.444698497653007507e-02 1.021427035331726074e+00
-5.461180210113525391e-02 -2.199944108724594116e-03 1.009767889976501465e+00
-5.219554156064987183e-02 4.200126975774765015e-03 1.023919701576232910e+00
-5.505158752202987671e-02 -2.910111099481582642e-03 1.027491211891174316e+00
-4.484950006008148193e-02 -7.821451872587203979e-03 1.028539299964904785e+00
-3.079415485262870789e-02 -7.914088666439056396e-03 1.040653705596923828e+00
-1.368836965411901474e-02 -2.129589021205902100e-02 1.069939136505126953e+00
-2.022114582359790802e-02 -5.858365446329116821e-03 1.026873826980590820e+00
-2.646887674927711487e-02 9.079672396183013916e-03 9.830880165100097656e-01
-2.542335912585258484e-02 -5.863059312105178833e-03 9.683161377906799316e-01
-2.285694330930709839e-02 -1.573161780834197998e-02 1.061453461647033691e+00
-1.639907062053680420e-02 -1.813835650682449341e-02 1.138696789741516113e+00
-1.591499149799346924e-02 -2.106581628322601318e-02 1.132743000984191895e+00
1.246594637632369995e-02 -2.372818440198898315e-02 1.149430274963378906e+00
5.553611088544130325e-03 -5.763337016105651855e-03 1.148088574409484863e+00
-6.863332819193601608e-03 -3.401100635528564453e-03 1.136653900146484375e+00
-1.044118311256170273e-02 -6.711438298225402832e-03 1.124765992164611816e+00
-2.583662606775760651e-02 -1.858901232481002808e-02 1.084287405014038086e+00
-2.948347292840480804e-02 -2.016552537679672241e-02 1.025815248489379883e+00
-4.061894491314888000e-02 -1.108590513467788696e-02 9.678019285202026367e-01
-7.065042853355407715e-02 1.399400085210800171e-02 9.423105716705322266e-01
-8.105544745922088623e-02 3.524217754602432251e-02 9.819533824920654297e-01
-6.178185343742370605e-02 1.437819749116897583e-02 1.055700182914733887e+00
-3.580264002084732056e-02 -2.059171348810195923e-02 1.098299860954284668e+00
-3.188354521989822388e-02 -3.127633780241012573e-02 1.112825036048889160e+00
-2.910514548420906067e-02 -2.835699915885925293e-02 1.041283845901489258e+00
-2.849438413977622986e-02 -1.365898549556732178e-02 9.303466677665710449e-01
-1.340864598751068115e-02 -4.051533341407775879e-02 9.190410375595092773e-01
-6.758123170584440231e-03 -3.905890136957168579e-02 9.683471918106079102e-01
-6.749677937477827072e-03 -3.611900657415390015e-02 9.451854825019836426e-01
-1.742893829941749573e-02 -3.574752062559127808e-02 8.583897352218627930e-01
-2.359682321548461914e-02 -5.221932381391525269e-02 9.341572523117065430e-01
-2.293578535318374634e-02 -8.871458470821380615e-03 1.100708484649658203e+00
-1.715115085244178772e-02 -9.652480483055114746e-03 1.165283322334289551e+00
-9.609358385205268860e-03 -5.714587867259979248e-03 1.091554522514343262e+00
-7.696502143517136574e-04 -2.307868003845214844e-02 1.080258250236511230e+00
2.208907622843980789e-03 -3.167244791984558105e-02 1.138262271881103516e+00
-8.153174072504043579e-03 -2.581099420785903931e-02 1.144724965095520020e+00
-2.779850736260414124e-02 9.787537157535552979e-03 1.067993164062500000e+00
-2.946327906101942062e-03 4.041194915771484375e-03 1.058618426322937012e+00
-5.305103491991758347e-03 1.625385880470275879e-02 1.056585192680358887e+00
-1.188228279352188110e-02 1.969178020954132080e-02 1.062605500221252441e+00
-8.483532816171646118e-03 8.246302604675292969e-03 1.042295813560485840e+00
5.091719795018434525e-03 -1.058029383420944214e-02 1.025695919990539551e+00
1.440760120749473572e-02 -1.811790466308593750e-02 1.033532023429870605e+00
7.155029568821191788e-03 -1.127564162015914917e-02 1.007304072380065918e+00
3.332376945763826370e-03 -9.099595248699188232e-03 1.052931308746337891e+00
7.172815967351198196e-03 -2.212825417518615723e-02 1.132485151290893555e+00
6.682206410914659500e-03 -2.729813009500503540e-02 1.163777709007263184e+00
9.429458528757095337e-03 -2.192977815866470337e-02 1.114956021308898926e+00
-8.176096016541123390e-04 -6.541974842548370361e-03 1.059978723526000977e+00
-6.608655210584402084e-03 3.934368491172790527e-03 9.899144172668457031e-01
-3.229151945561170578e-03 5.171000957489013672e-03 9.481145739555358887e-01
-3.376062493771314621e-03 4.816323518753051758e-03 9.043092727661132812e-01
-6.559036206454038620e-03 1.589944213628768921e-02 9.098563194274902344e-01
2.833389211446046829e-03 -2.506524324417114258e-04 9.482899308204650879e-01
2.353041432797908783e-03 -2.187776938080787659e-02 9.246594905853271484e-01
-1.157305948436260223e-02 -2.476566843688488007e-02 9.089497923851013184e-01
-8.141465485095977783e-03 -1.939962804317474365e-02 9.103927612304687500e-01
-6.352080032229423523e-03 -2.320563420653343201e-02 9.130937457084655762e-01
-1.465705223381519318e-02 -1.968428492546081543e-02 9.259940385818481445e-01
-2.087637595832347870e-02 7.912956178188323975e-03 9.527440667152404785e-01
-2.679823152720928192e-02 2.278199791908264160e-02 9.712210893630981445e-01
-2.513101883232593536e-02 2.083927392959594727e-04 1.028781533241271973e+00
-2.441498823463916779e-02 -2.158455178141593933e-02 1.003498077392578125e+00
-3.874368965625762939e-02 -1.196366548538208008e-02 9.920967221260070801e-01
-3.945594653487205505e-02 -5.073003470897674561e-03 1.009925484657287598e+00
-3.662148118019104004e-02 9.795390069484710693e-03 1.017740845680236816e+00
-5.412193015217781067e-02 2.088557928800582886e-02 9.602592587471008301e-01
-7.024970650672912598e-02 2.666191011667251587e-02 8.855603337287902832e-01
-4.958001151680946350e-02 2.054589241743087769e-02 8.701381087303161621e-01
-2.588400803506374359e-02 1.686524599790573120e-02 8.883751630783081055e-01
-3.480901569128036499e-02 2.166970819234848022e-02 9.079080820083618164e-01
-1.874610409140586853e-02 6.019033491611480713e-03 9.205703139305114746e-01
1.121729705482721329e-02 -1.464500278234481812e-02 9.381591081619262695e-01
3.210359439253807068e-02 -3.574003651738166809e-02 9.617519974708557129e-01
4.339137673377990723e-02 -4.363133385777473450e-02 1.007772564888000488e+00
3.638552874326705933e-02 -5.131072178483009338e-02 1.058617949485778809e+00
1.029912661761045456e-02 -4.994481801986694336e-02 1.077880859375000000e+00
-1.102664414793252945e-02 -5.110521614551544189e-02 1.061630725860595703e+00
-3.250803425908088684e-02 -2.706107869744300842e-02 1.000302553176879883e+00
-4.094060510396957397e-02 7.235445082187652588e-03 9.804866909980773926e-01
-4.924040287733078003e-02 3.748390823602676392e-02 1.064938902854919434e+00
-3.524770960211753845e-02 3.850942850112915039e-02 9.907986521720886230e-01
-2.923513390123844147e-02 3.113822638988494873e-02 9.812861084938049316e-01
-3.891276195645332336e-02 2.188390493392944336e-02 9.852762222290039062e-01
-3.752177953720092773e-02 -2.889223396778106689e-03 9.818701744079589844e-01
-2.563439123332500458e-02 -1.305777579545974731e-02 9.367171525955200195e-01
-3.747035190463066101e-02 -1.383913680911064148e-02 9.051735997200012207e-01
-4.679121077060699463e-02 -1.196434721350669861e-02 9.063727855682373047e-01
-6.003335490822792053e-02 -1.607807353138923645e-02 9.754221439361572266e-01
-6.635474413633346558e-02 -1.523474231362342834e-02 1.036561012268066406e+00
-6.944041699171066284e-02 -1.112219691276550293e-02 1.046583533287048340e+00
-6.815212219953536987e-02 -1.200573518872261047e-02 1.012294054031372070e+00
-5.852096900343894958e-02 -4.429556429386138916e-03 9.650931358337402344e-01
-5.942517891526222229e-02 1.173418015241622925e-03 9.566000103950500488e-01
-5.602725967764854431e-02 -6.001170724630355835e-03 9.551212191581726074e-01
-4.509811475872993469e-02 -7.345352321863174438e-03 9.112340807914733887e-01
-4.393640905618667603e-02 -1.467125117778778076e-02 9.134116768836975098e-01
-5.919199436902999878e-02 -4.335772246122360229e-03 1.030906081199645996e+00
-5.699168890714645386e-02 -8.322086185216903687e-03 1.017549395561218262e+00
-4.067797958850860596e-02 -5.960095673799514771e-03 9.294907450675964355e-01
-1.448829099535942078e-02 1.444157212972640991e-02 8.688247203826904297e-01
-6.315938662737607956e-03 2.522533386945724487e-02 8.631511926651000977e-01
-6.780303549021482468e-03 2.300924062728881836e-02 8.701326847076416016e-01
-1.290841028094291687e-02 1.304541528224945068e-02 8.761888742446899414e-01
-1.793788373470306396e-02 1.650512218475341797e-02 8.298291563987731934e-01
-1.627964526414871216e-02 7.200777530670166016e-03 8.251753449440002441e-01
-2.322397660464048386e-03 3.383699804544448853e-03 8.392665982246398926e-01
7.764824200421571732e-03 -7.005248218774795532e-03 8.617286682128906250e-01
1.574002555571496487e-03 -1.728903502225875854e-02 8.859075307846069336e-01
-8.150447160005569458e-03 -2.421891689300537109e-02 8.934359550476074219e-01
-4.762585740536451340e-03 -1.900473237037658691e-02 9.040499925613403320e-01
1.433015242218971252e-02 -3.224565088748931885e-02 8.561087846755981445e-01
3.168250992894172668e-02 -3.215841203927993774e-02 8.035225868225097656e-01
2.761212550103664398e-02 -2.768227458000183105e-02 7.900921106338500977e-01
2.615647017955780029e-02 -3.402705490589141846e-02 7.897457480430603027e-01
4.349742550402879715e-03 -1.341240108013153076e-02 8.670970201492309570e-01
-2.985667670145630836e-04 4.497289657592773438e-03 9.046606421470642090e-01
-2.895552897825837135e-04 -1.651607453823089600e-03 9.398150444030761719e-01
5.572267342358827591e-03 -1.240744441747665405e-02 9.624039530754089355e-01
5.158365238457918167e-03 -2.106545865535736084e-02 9.512780904769897461e-01
3.475115168839693069e-03 -3.196553885936737061e-02 9.386304616928100586e-01
-5.326956044882535934e-03 -2.892694622278213501e-02 9.329704046249389648e-01
-7.318306248635053635e-03 -2.945818752050399780e-02 9.636083841323852539e-01
2.160493750125169754e-03 -2.841449528932571411e-02 1.007590889930725098e+00
1.600848510861396790e-02 -3.289308398962020874e-02 1.041352510452270508e+00
1.667070016264915466e-02 -3.912430256605148315e-02 1.056717395782470703e+00
2.388639748096466064e-02 -3.456255048513412476e-02 1.029859662055969238e+00
1.705744490027427673e-02 -3.113052248954772949e-02 9.903930425643920898e-01
-9.737249463796615601e-03 -2.692679315805435181e-02 9.737514257431030273e-01
-1.745923794806003571e-02 -3.349982947111129761e-02 8.946120738983154297e-01
-1.614702492952346802e-02 -2.628044039011001587e-02 8.742955923080444336e-01
-3.833388444036245346e-03 -2.659123390913009644e-02 9.134610891342163086e-01
-1.624465221539139748e-04 -4.668525606393814087e-02 1.005638003349304199e+00
5.772600416094064713e-03 -5.110030621290206909e-02 9.965649247169494629e-01
-5.688245873898267746e-03 -6.492387503385543823e-02 9.253510236740112305e-01
-2.652290742844343185e-03 -6.678643822669982910e-02 9.240865707397460938e-01
9.983072057366371155e-03 -5.542743951082229614e-02 9.030397534370422363e-01
1.505229249596595764e-02 -6.399833410978317261e-02 9.570751786231994629e-01
1.318776980042457581e-02 -6.115043908357620239e-02 9.882360100746154785e-01
1.789930276572704315e-02 -5.344293266534805298e-02 9.964765310287475586e-01
1.103186607360839844e-02 -4.186055064201354980e-02 1.014733433723449707e+00
7.623125333338975906e-03 -3.619541972875595093e-02 1.024186849594116211e+00
6.723370868712663651e-03 -3.589003533124923706e-02 1.019698500633239746e+00
4.271880257874727249e-03 -3.662706911563873291e-02 1.018621563911437988e+00
1.555513939820230007e-03 -3.954785317182540894e-02 1.049854993820190430e+00
6.888307398185133934e-04 -4.437364637851715088e-02 1.078123092651367188e+00
-1.456934609450399876e-03 -4.800050705671310425e-02 1.084424972534179688e+00
-2.545907627791166306e-03 -5.648086220026016235e-02 1.100718498229980469e+00
-3.030914347618818283e-03 -5.721043795347213745e-02 1.107809782028198242e+00
1.117707462981343269e-03 -5.246123299002647400e-02 1.055708527565002441e+00
1.071118284016847610e-03 -4.441496357321739197e-02 1.040995121002197266e+00
-3.468854818493127823e-03 -4.162798821926116943e-02 1.075924515724182129e+00
-7.121783215552568436e-03 -3.735757619142532349e-02 1.104843497276306152e+00
-3.821770194917917252e-03 -3.392311558127403259e-02 1.105784416198730469e+00
7.275597192347049713e-03 -3.607508167624473572e-02 1.082145333290100098e+00
1.563208550214767456e-02 -3.952739387750625610e-02 1.088895320892333984e+00
1.737499050796031952e-02 -3.539714962244033813e-02 1.104028701782226562e+00
1.180071011185646057e-02 -3.099088743329048157e-02 1.113210201263427734e+00
2.477802801877260208e-03 -2.899758145213127136e-02 1.121873378753662109e+00
-5.430533550679683685e-03 -2.650084719061851501e-02 1.153220534324645996e+00
-7.037215400487184525e-03 -2.402465790510177612e-02 1.172209382057189941e+00
-7.102102506905794144e-03 -2.165261656045913696e-02 1.188473224639892578e+00
-1.601937413215637207e-02 -1.703576371073722839e-02 1.196781635284423828e+00
-2.440974861383438110e-02 -1.727876067161560059e-02 1.173116564750671387e+00
-2.465200237929821014e-02 -2.182819321751594543e-02 1.144311785697937012e+00
-2.364497445523738861e-02 -2.291041612625122070e-02 1.141102790832519531e+00
-1.969863660633563995e-02 -1.921189948916435242e-02 1.130735278129577637e+00
-1.036299299448728561e-02 -1.597044989466667175e-02 1.082026243209838867e+00
-9.836962446570396423e-03 -1.136479526758193970e-02 1.025280356407165527e+00
-4.225794691592454910e-03 -1.998692750930786133e-03 1.001932859420776367e+00
-1.637229579500854015e-03 4.218868911266326904e-03 9.728494882583618164e-01
-5.273974966257810593e-04 7.255971431732177734e-03 9.381238818168640137e-01
2.431950531899929047e-03 7.606998085975646973e-03 9.162147641181945801e-01
4.021632485091686249e-03 6.230600178241729736e-03 9.283999204635620117e-01
7.693575229495763779e-03 1.614116132259368896e-03 9.383679628372192383e-01
9.608861058950424194e-03 -2.363897860050201416e-03 9.401176571846008301e-01
9.329535998404026031e-03 -3.115370869636535645e-03 9.423729777336120605e-01
8.815241046249866486e-03 -2.258438616991043091e-03 9.540769457817077637e-01
8.767360821366310120e-03 -3.793481737375259399e-03 9.719207882881164551e-01
6.318169645965099335e-03 -6.351564079523086548e-03 9.944863319396972656e-01
3.621384501457214355e-03 -7.427979260683059692e-03 1.000754117965698242e+00
4.955442156642675400e-03 -1.171156764030456543e-02 9.902030825614929199e-01
9.592485614120960236e-03 -1.899336278438568115e-02 9.755971431732177734e-01
1.297939755022525787e-02 -3.127644211053848267e-02 9.774571061134338379e-01
1.073360815644264221e-02 -5.195027589797973633e-02 9.993923306465148926e-01
2.729112748056650162e-03 -6.768789142370223999e-02 9.918903112411499023e-01
-3.361343871802091599e-03 -6.960121542215347290e-02 9.784023165702819824e-01
-8.206017315387725830e-03 -6.400842219591140747e-02 9.718117713928222656e-01
-6.902871187776327133e-03 -5.293196439743041992e-02 9.708005785942077637e-01
-5.365419201552867889e-05 -3.259000182151794434e-02 9.467706084251403809e-01
-1.057221367955207825e-02 -2.734829485416412354e-02 9.295393824577331543e-01
-3.426923230290412903e-02 -4.905004054307937622e-03 9.454805850982666016e-01
-7.069592177867889404e-02 1.898959279060363770e-02 8.987199664115905762e-01
-8.534926921129226685e-02 3.993929922580718994e-02 8.063712120056152344e-01
-8.618780225515365601e-02 4.571637511253356934e-02 7.984113693237304688e-01
-8.658915013074874878e-02 3.433991223573684692e-02 8.121730089187622070e-01
-8.247815072536468506e-02 1.801692694425582886e-02 8.238654732704162598e-01
-7.441258430480957031e-02 2.481024712324142456e-02 7.964890003204345703e-01
-6.214776635169982910e-02 2.075183391571044922e-02 7.529337406158447266e-01
-5.045515298843383789e-02 -2.520177513360977173e-03 7.422785758972167969e-01
-5.898720026016235352e-02 1.231728494167327881e-02 7.776831388473510742e-01
-5.163261294364929199e-02 2.197390794754028320e-02 7.433283329010009766e-01
-3.794313967227935791e-02 1.494095474481582642e-02 6.908046007156372070e-01
-2.793250232934951782e-02 2.681653946638107300e-03 6.333555579185485840e-01
-1.955634355545043945e-02 -8.104808628559112549e-03 6.320901513099670410e-01
3.217649180442094803e-03 -2.024288475513458252e-02 6.817044615745544434e-01
1.727706193923950195e-02 -3.460240736603736877e-02 7.193952202796936035e-01
2.084236592054367065e-02 -3.784792497754096985e-02 7.346498966217041016e-01
1.659475266933441162e-02 -3.204143047332763672e-02 7.916132211685180664e-01
2.993144560605287552e-03 -3.018289059400558472e-02 8.782201409339904785e-01
7.506239926442503929e-04 -3.539009392261505127e-02 9.354520440101623535e-01
6.692231167107820511e-03 -3.779590502381324768e-02 9.583784937858581543e-01
4.809041041880846024e-03 -3.489406406879425049e-02 9.615389108657836914e-01
-1.856751390732824802e-03 -2.370775118470191956e-02 9.788628220558166504e-01
-7.581885438412427902e-03 -8.710768073797225952e-03 1.005538225173950195e+00
-1.078350096940994263e-02 -2.756334841251373291e-03 1.016489982604980469e+00
-6.162110250443220139e-03 -8.952934294939041138e-03 9.581499099731445312e-01
5.523257423192262650e-03 -2.234861999750137329e-02 7.657521963119506836e-01
-1.784187043085694313e-04 -2.622081711888313293e-02 6.857425570487976074e-01
-6.499192677438259125e-03 -2.425516024231910706e-02 6.633452773094177246e-01
-6.803799886256456375e-03 -2.770841121673583984e-02 6.626800894737243652e-01
3.098788205534219742e-03 -3.516896814107894897e-02 6.649661660194396973e-01
1.037025637924671173e-02 -4.124400764703750610e-02 6.325221061706542969e-01
1.264775171875953674e-02 -3.838720917701721191e-02 5.745949745178222656e-01
1.675716228783130646e-02 -3.792844340205192566e-02 5.486816763877868652e-01
1.764543913304805756e-02 -3.227711096405982971e-02 5.447034239768981934e-01
1.527684368193149567e-02 -2.743733860552310944e-02 5.067256093025207520e-01
1.454891078174114227e-02 -2.033985033631324768e-02 4.774826765060424805e-01
2.705946564674377441e-03 -3.627598285675048828e-03 5.044431090354919434e-01
-6.581509485840797424e-03 1.097464561462402344e-02 5.707705020904541016e-01
-5.835871677845716476e-03 1.503612101078033447e-02 5.891086459159851074e-01
-6.268949713557958603e-03 1.698762923479080200e-02 5.701267123222351074e-01
-5.045507568866014481e-03 1.031437516212463379e-02 5.697948932647705078e-01
-2.910666167736053467e-03 1.054458320140838623e-03 5.710889101028442383e-01
-5.760267376899719238e-04 -4.276137799024581909e-03 5.777695178985595703e-01
-8.269884623587131500e-03 -3.037143498659133911e-03 5.843366980552673340e-01
-1.552217267453670502e-02 6.527658551931381226e-03 5.771336555480957031e-01
-1.231173425912857056e-02 1.721829175949096680e-03 5.496789813041687012e-01
-8.011722005903720856e-03 -3.282107412815093994e-03 5.371771454811096191e-01
-7.791051175445318222e-03 -3.814984112977981567e-03 5.368816852569580078e-01
-1.258290559053421021e-02 -3.922693431377410889e-04 5.337258577346801758e-01
-1.936719939112663269e-02 7.948286831378936768e-03 5.357179641723632812e-01
-2.290867082774639130e-02 1.159763336181640625e-02 5.353825688362121582e-01
