-5.736592784523963928e-02 2.275474369525909424e-02 2.801032923161983490e-02
-5.286971479654312134e-02 8.046324364840984344e-03 3.390267863869667053e-02
-1.831783652305603027e-01 3.659714944660663605e-03 6.308487802743911743e-02
-1.469720900058746338e-01 -3.013350442051887512e-02 -1.639036461710929871e-02
7.458905223757028580e-03 -2.586666494607925415e-03 -1.683194190263748169e-02
1.333145797252655029e-01 3.880541771650314331e-02 -5.031011626124382019e-02
1.345055848360061646e-01 4.810157231986522675e-03 -8.482713997364044189e-02
-1.346893608570098877e-01 4.723015706986188889e-03 5.964725464582443237e-02
-1.957046389579772949e-01 -9.460525587201118469e-03 6.614933162927627563e-02
-1.216267868876457214e-01 -1.081459317356348038e-02 -2.203409932553768158e-02
1.232826802879571915e-02 2.251471206545829773e-02 2.739521488547325134e-02
1.449486762285232544e-01 3.300518542528152466e-02 -5.392843857407569885e-02
1.689599156379699707e-01 -2.344093471765518188e-02 -1.139686852693557739e-01
-8.121669292449951172e-02 1.595300738699734211e-03 3.938943892717361450e-02
-2.043701559305191040e-01 -5.550576839596033096e-03 6.869641691446304321e-02
-1.155622750520706177e-01 -4.051026329398155212e-02 -1.626443117856979370e-02
-3.267870843410491943e-02 -6.339985877275466919e-03 -2.949151676148176193e-03
-2.007267251610755920e-02 8.978183381259441376e-03 -1.295155752450227737e-02
5.595162510871887207e-03 2.766680158674716949e-02 7.618663832545280457e-03
5.004506092518568039e-03 2.312755770981311798e-02 9.970791637897491455e-03
1.330594997853040695e-02 4.713499918580055237e-02 6.645021494477987289e-03
-5.404814146459102631e-03 1.071599498391151428e-02 3.116907738149166107e-02
-1.312140934169292450e-02 3.736466914415359497e-02 3.682741895318031311e-02
-1.668063364923000336e-02 -1.453637331724166870e-02 9.440602734684944153e-03
-3.418954834342002869e-02 -2.944348566234111786e-02 -1.053251605480909348e-02
-6.290277838706970215e-02 -1.037627458572387695e-01 -1.532172877341508865e-02
-2.711494686082005501e-03 -3.675361350178718567e-02 2.054946310818195343e-02
-2.585790865123271942e-02 -4.719133302569389343e-02 -9.395914152264595032e-03
-5.032426491379737854e-02 -4.025408625602722168e-02 -3.733516857028007507e-02
2.735118754208087921e-02 7.414612919092178345e-02 1.390034914948046207e-03
-3.704697638750076294e-02 8.209528028964996338e-02 -2.632481791079044342e-02
-1.293682772666215897e-02 1.420996934175491333e-01 1.376790460199117661e-02
-5.556692369282245636e-03 7.636699080467224121e-02 -8.406183682382106781e-03
-8.091001072898507118e-04 5.564363300800323486e-02 1.097280811518430710e-02
-1.267815008759498596e-02 1.915368065237998962e-02 5.078016594052314758e-02
8.114574593491852283e-04 6.289124954491853714e-03 2.020054496824741364e-02
5.363268032670021057e-02 -3.234810382127761841e-02 6.627910584211349487e-02
1.669316180050373077e-02 -7.869447767734527588e-02 5.482355877757072449e-02
-3.524952754378318787e-02 -5.687215551733970642e-02 8.563831448554992676e-03
-1.164783015847206116e-01 -1.919817328453063965e-01 -1.085532680153846741e-01
-1.394705176353454590e-01 8.255361579358577728e-03 -9.149866551160812378e-02
-1.081762090325355530e-01 1.335673183202743530e-01 -8.656713366508483887e-02
-2.422415837645530701e-02 1.371665745973587036e-01 2.829905785620212555e-02
-3.128286451101303101e-02 -2.545457147061824799e-02 6.528516858816146851e-02
6.373587995767593384e-02 -1.099729835987091064e-01 8.110225200653076172e-02
-5.426589027047157288e-02 -2.093657106161117554e-01 7.603062782436609268e-03
-5.178961157798767090e-02 -3.243846073746681213e-02 -6.461481750011444092e-02
-9.917210787534713745e-02 1.610040217638015747e-01 -8.758840709924697876e-02
-6.245180964469909668e-02 1.029484942555427551e-01 -6.662338227033615112e-02
-6.350890547037124634e-02 -5.716116726398468018e-02 -6.964536756277084351e-02
-6.336551159620285034e-02 -6.664413213729858398e-02 -3.655484691262245178e-02
4.426953196525573730e-02 -2.202799357473850250e-02 1.175584122538566589e-01
7.530997693538665771e-02 -2.705077640712261200e-02 1.117338910698890686e-01
9.796107187867164612e-03 -5.220810696482658386e-02 5.021572485566139221e-02
-4.233422502875328064e-02 -1.832018792629241943e-02 -2.368230931460857391e-02
-1.125817000865936279e-01 2.078091911971569061e-02 -6.958338618278503418e-02
-5.639408156275749207e-02 8.320903033018112183e-02 1.181565318256616592e-02
-2.955800620838999748e-03 4.083767533302307129e-02 1.015680655837059021e-01
9.538305923342704773e-03 -1.707584247924387455e-03 4.510083422064781189e-02
1.579861040227115154e-03 1.760794594883918762e-02 6.538935005664825439e-03
8.144279010593891144e-03 8.550098165869712830e-03 9.605118073523044586e-03
6.520792376250028610e-03 2.688052598387002945e-03 1.086608786135911942e-02
5.425414536148309708e-03 9.983968921005725861e-04 1.148208230733871460e-02
5.408152937889099121e-03 7.381426403298974037e-04 1.140225864946842194e-02
5.438202060759067535e-03 7.992748869583010674e-04 1.144173275679349899e-02
5.432659760117530823e-03 7.839472964406013489e-04 1.141903549432754517e-02
5.278092809021472931e-03 6.781712290830910206e-04 1.134494226425886154e-02
5.173783283680677414e-03 6.267416174523532391e-04 1.138911955058574677e-02
5.117226392030715942e-03 6.007179617881774902e-04 1.129193045198917389e-02
5.123139824718236923e-03 5.894000642001628876e-04 1.132402941584587097e-02
5.099970847368240356e-03 6.111785769462585449e-04 1.130024529993534088e-02
5.057598464190959930e-03 5.647880607284605503e-04 1.132069621235132217e-02
5.109993740916252136e-03 5.258847377263009548e-04 1.137415226548910141e-02
5.148345138877630234e-03 5.244642961770296097e-04 1.142113655805587769e-02
5.225036293268203735e-03 5.531758069992065430e-04 1.141881383955478668e-02
5.190808326005935669e-03 5.719512701034545898e-04 1.149935461580753326e-02
5.148615688085556030e-03 5.840733647346496582e-04 1.151850260794162750e-02
5.103323608636856079e-03 5.684867501258850098e-04 1.152541674673557281e-02
5.063142627477645874e-03 5.659535527229309082e-04 1.153775490820407867e-02
5.777303129434585571e-03 5.878135561943054199e-04 1.244247891008853912e-02
6.085444241762161255e-03 6.875172257423400879e-04 1.217107661068439484e-02
6.040060892701148987e-03 6.797134410589933395e-04 1.213410403579473495e-02
6.018090993165969849e-03 6.632432341575622559e-04 1.213474757969379425e-02
5.997557193040847778e-03 6.462112069129943848e-04 1.211494393646717072e-02
6.024111062288284302e-03 6.731078028678894043e-04 1.208389736711978912e-02
5.958128720521926880e-03 7.171705365180969238e-04 1.229376532137393951e-02
6.031889468431472778e-03 6.517693400382995605e-04 1.212073303759098053e-02
6.018806248903274536e-03 6.536468863487243652e-04 1.210922934114933014e-02
6.000656634569168091e-03 6.718412041664123535e-04 1.209677197039127350e-02
6.027083843946456909e-03 6.847083568572998047e-04 1.208902336657047272e-02
6.012957543134689331e-03 7.001534104347229004e-04 1.205677725374698639e-02
6.036903709173202515e-03 7.057115435600280762e-04 1.202439703047275543e-02
6.116464268416166306e-03 7.372979307547211647e-04 1.201654039323329926e-02
6.173308938741683960e-03 8.729323744773864746e-04 1.198633946478366852e-02
6.063524633646011353e-03 8.650049567222595215e-04 1.208120025694370270e-02
5.842207465320825577e-03 1.038214773871004581e-03 1.139195356518030167e-02
5.135733634233474731e-03 1.796819269657135010e-03 1.101504452526569366e-02
4.446214064955711365e-03 1.850981498137116432e-03 1.090156193822622299e-02
4.749884828925132751e-03 1.622641342692077160e-03 1.072969660162925720e-02
4.759877454489469528e-03 1.272348803468048573e-03 1.070685032755136490e-02
4.879109561443328857e-03 1.619861344806849957e-03 1.115412823855876923e-02
4.715548362582921982e-03 2.112535992637276649e-03 1.102250069379806519e-02
4.797472152858972549e-03 1.263267593458294868e-03 1.122885663062334061e-02
4.803416319191455841e-03 1.495639909990131855e-03 1.036493107676506042e-02
5.195266567170619965e-03 2.780798589810729027e-03 1.037736330181360245e-02
4.949615802615880966e-03 3.095580963417887688e-03 1.025743503123521805e-02
5.402479320764541626e-03 2.186760306358337402e-03 1.056943275034427643e-02
5.179982632398605347e-03 1.659438014030456543e-03 1.072841323912143707e-02
4.942206665873527527e-03 1.513326889835298061e-03 1.066437084227800369e-02
4.871409386396408081e-03 1.436240971088409424e-03 1.069726981222629547e-02
4.870872944593429565e-03 1.409195363521575928e-03 1.069358922541141510e-02
4.855524748563766479e-03 1.450777053833007812e-03 1.067132689058780670e-02
4.853714257478713989e-03 1.437924802303314209e-03 1.069994457066059113e-02
4.849154502153396606e-03 1.436047255992889404e-03 1.073489524424076080e-02
4.824736621230840683e-03 1.422566827386617661e-03 1.071154046803712845e-02
4.820991307497024536e-03 1.424632966518402100e-03 1.074191369116306305e-02
4.807490855455398560e-03 1.389838755130767822e-03 1.076952554285526276e-02
4.817494191229343414e-03 1.355340355075895786e-03 1.079425681382417679e-02
4.804926924407482147e-03 1.380725530907511711e-03 1.080543082207441330e-02
4.793334752321243286e-03 1.380912959575653076e-03 1.080129481852054596e-02
4.800624214112758636e-03 9.729983285069465637e-04 1.152135338634252548e-02
4.731692373752593994e-03 1.142581226304173470e-03 1.121140737086534500e-02
4.707659129053354263e-03 1.167529611848294735e-03 1.127140223979949951e-02
4.541371017694473267e-03 9.276941418647766113e-04 1.145558990538120270e-02
4.885863047093153000e-03 8.070730254985392094e-04 1.167601626366376877e-02
4.879754036664962769e-03 9.028390049934387207e-04 1.161410845816135406e-02
4.868257790803909302e-03 6.008669734001159668e-04 1.161400415003299713e-02
4.838926251977682114e-03 4.063226515427231789e-04 1.133512798696756363e-02
4.843253642320632935e-03 5.507692694664001465e-04 1.162316091358661652e-02
4.865754395723342896e-03 6.957873702049255371e-04 1.154779084026813507e-02
4.813689738512039185e-03 6.413385272026062012e-04 1.156147755682468414e-02
4.804605618119239807e-03 4.394908319227397442e-04 1.133430469781160355e-02
4.839944653213024139e-03 3.212730225641280413e-04 1.131372246891260147e-02
4.766760859638452530e-03 7.062304648570716381e-04 1.147950906306505203e-02
4.947469569742679596e-03 6.654760800302028656e-04 1.150880008935928345e-02
5.125821102410554886e-03 3.685670671984553337e-04 1.154769584536552429e-02
5.177546758204698563e-03 3.690214653033763170e-04 1.156793627887964249e-02
5.329203326255083084e-03 7.282425649464130402e-04 1.170129794627428055e-02
4.862176254391670227e-03 2.317906357347965240e-03 1.112247537821531296e-02
4.979517310857772827e-03 1.719159632921218872e-02 1.135354395955801010e-02
-1.419524662196636200e-03 1.392430625855922699e-02 -4.233159124851226807e-02
-2.887208014726638794e-03 1.530395913869142532e-02 -2.518657781183719635e-02
1.529759820550680161e-02 1.049639377743005753e-02 6.620381958782672882e-03
7.216826826333999634e-02 6.135297939181327820e-03 1.257144007831811905e-02
9.898505359888076782e-02 -5.074486602097749710e-03 1.680580712854862213e-02
2.962221577763557434e-02 3.066778182983398438e-02 4.619275033473968506e-02
-4.712646827101707458e-03 1.738965511322021484e-02 3.807380422949790955e-02
-1.077629625797271729e-02 -1.957578025758266449e-02 8.965243585407733917e-03
5.196418240666389465e-02 -7.870533503592014313e-03 1.511189155280590057e-02
1.601669006049633026e-02 2.336944453418254852e-02 1.412910758517682552e-03
-4.517434164881706238e-02 -4.653932992368936539e-03 1.302760653197765350e-02
7.900502532720565796e-02 5.046309530735015869e-02 2.394880913197994232e-02
8.809328079223632812e-03 5.595131963491439819e-02 3.556425496935844421e-02
-2.506770379841327667e-02 6.701159477233886719e-02 4.596568644046783447e-02
1.923965290188789368e-02 8.939053118228912354e-02 4.117289185523986816e-02
-1.162457466125488281e-02 1.020146310329437256e-01 7.143232971429824829e-02
-6.436350196599960327e-02 1.448903530836105347e-01 1.496974080801010132e-01
1.739194057881832123e-02 1.009050607681274414e-01 1.540040969848632812e-01
8.222180604934692383e-02 9.093929082155227661e-02 1.536374539136886597e-01
6.087432056665420532e-02 7.536025345325469971e-02 1.580993980169296265e-01
1.965449005365371704e-02 7.246012240648269653e-02 1.663036793470382690e-01
-7.565246778540313244e-05 6.488644331693649292e-02 1.532810479402542114e-01
-5.233510863035917282e-03 6.653910130262374878e-02 1.604842692613601685e-01
1.129734236747026443e-02 7.048177719116210938e-02 1.452890783548355103e-01
7.244135718792676926e-03 6.933642178773880005e-02 1.168476790189743042e-01
-8.972772397100925446e-03 4.569688066840171814e-02 1.411618143320083618e-01
1.277633826248347759e-03 -2.184555307030677795e-02 -7.451573386788368225e-03
4.724890459328889847e-03 3.224766626954078674e-02 9.609714150428771973e-02
1.789127849042415619e-02 4.461162537336349487e-02 1.362433284521102905e-01
4.202217608690261841e-02 6.055948138236999512e-02 1.497925072908401489e-01
6.074170768260955811e-02 6.163435801863670349e-02 1.807828396558761597e-01
1.053466498851776123e-01 8.474544435739517212e-02 2.122417241334915161e-01
8.519338816404342651e-02 8.974290639162063599e-02 2.266352772712707520e-01
7.607926428318023682e-02 8.916282653808593750e-02 2.006314992904663086e-01
7.440576702356338501e-02 8.962433040142059326e-02 1.904472112655639648e-01
1.500396281480789185e-01 1.185324043035507202e-01 2.146151661872863770e-01
1.415735334157943726e-01 1.107793599367141724e-01 2.200856059789657593e-01
1.994174420833587646e-01 1.361703276634216309e-01 1.630963534116744995e-01
1.051385626196861267e-01 1.012628674507141113e-01 1.859078258275985718e-01
5.328072980046272278e-02 4.076198115944862366e-02 1.417991220951080322e-01
1.964185573160648346e-02 1.597830280661582947e-02 1.068554297089576721e-01
5.915076285600662231e-02 -2.904054475948214531e-03 1.118701770901679993e-01
8.181570470333099365e-02 1.346159726381301880e-02 1.541494876146316528e-01
6.673312932252883911e-02 2.987393364310264587e-02 1.460836082696914673e-01
2.050826884806156158e-02 2.368294261395931244e-02 1.398121416568756104e-01
9.453775733709335327e-02 1.827985607087612152e-02 1.615865379571914673e-01
6.008017808198928833e-02 6.673762947320938110e-02 2.008395940065383911e-01
3.521869704127311707e-02 9.690569341182708740e-02 2.356367558240890503e-01
7.881156355142593384e-02 8.199778944253921509e-02 1.584061533212661743e-01
2.674117498099803925e-02 7.312650233507156372e-02 1.166651546955108643e-01
2.231594361364841461e-02 7.433976233005523682e-02 1.206543743610382080e-01
1.443606428802013397e-02 8.619839698076248169e-02 1.323530673980712891e-01
2.362058311700820923e-02 9.201423823833465576e-02 1.137685403227806091e-01
2.037551812827587128e-02 8.036632835865020752e-02 8.831077069044113159e-02
2.392975240945816040e-02 6.075371429324150085e-02 7.219410687685012817e-02
3.744177147746086121e-02 5.540886148810386658e-02 6.561037153005599976e-02
2.866363711655139923e-02 6.348206847906112671e-02 7.274952530860900879e-02
-8.352468721568584442e-03 5.729066208004951477e-02 5.298602953553199768e-02
2.323198877274990082e-02 4.776854440569877625e-02 5.322166532278060913e-02
2.726914547383785248e-02 4.378321766853332520e-02 7.555087655782699585e-02
4.710686206817626953e-02 4.765113070607185364e-02 7.416593283414840698e-02
1.003323644399642944e-01 2.953935973346233368e-02 8.874204009771347046e-02
7.795824855566024780e-02 5.572975054383277893e-02 1.324135214090347290e-01
6.903870496898889542e-03 9.293639659881591797e-02 1.991287916898727417e-01
-3.394462168216705322e-02 1.016028448939323425e-01 1.900576502084732056e-01
-3.659245744347572327e-02 1.858914494514465332e-01 2.578260600566864014e-01
1.019234731793403625e-01 1.341635175049304962e-02 2.832374274730682373e-01
6.149168685078620911e-02 1.164296939969062805e-01 2.823907434940338135e-01
1.478593796491622925e-01 1.191060915589332581e-01 2.501021027565002441e-01
1.155857071280479431e-01 1.161894872784614563e-01 2.659294605255126953e-01
1.297594755887985229e-01 7.534914463758468628e-02 2.176564484834671021e-01
1.467235535383224487e-01 9.661248326301574707e-02 2.344089299440383911e-01
1.204130649566650391e-01 1.046642139554023743e-01 2.269808799028396606e-01
7.979288697242736816e-02 1.118542328476905823e-01 1.592183709144592285e-01
3.312908485531806946e-02 1.178291887044906616e-01 9.730461239814758301e-02
-2.167528867721557617e-02 1.434446573257446289e-01 1.318997740745544434e-01
9.093814529478549957e-03 9.429654479026794434e-02 2.230858802795410156e-02
4.013460129499435425e-02 1.306336075067520142e-01 1.007419526576995850e-01
1.189899966120719910e-01 1.177157983183860779e-01 3.614073619246482849e-02
1.334145516157150269e-01 1.280181705951690674e-01 -3.633619844913482666e-02
1.049469709396362305e-01 1.584881842136383057e-01 -4.989963769912719727e-02
3.578767552971839905e-02 4.846695438027381897e-02 8.321504294872283936e-02
-1.151551585644483566e-02 1.059454530477523804e-01 4.094202443957328796e-02
-3.567866608500480652e-02 1.351380646228790283e-01 4.987833648920059204e-02
1.581272482872009277e-02 1.105766519904136658e-01 4.517706111073493958e-03
1.312621310353279114e-02 1.055704206228256226e-01 -5.805699154734611511e-02
-8.062253706157207489e-03 1.138537675142288208e-01 -3.804041445255279541e-02
-5.946348980069160461e-02 7.906206697225570679e-02 -1.487294882535934448e-01
-1.205101087689399719e-01 1.987713873386383057e-01 -9.762986749410629272e-02
-3.911339491605758667e-02 1.515628397464752197e-01 -4.519302025437355042e-02
1.229373179376125336e-02 1.652647852897644043e-01 1.121271122246980667e-02
2.493204921483993530e-02 1.486078053712844849e-01 3.315683454275131226e-02
2.373507618904113770e-02 9.441344439983367920e-02 1.999313756823539734e-02
1.856116019189357758e-02 1.027198657393455505e-01 6.444694474339485168e-03
-9.650682099163532257e-03 9.468848258256912231e-02 8.984472369775176048e-04
1.206335984170436859e-02 1.099528074264526367e-01 -7.060375809669494629e-02
9.655232541263103485e-03 1.113179847598075867e-01 -6.052757427096366882e-02
-1.654473692178726196e-02 8.736385405063629150e-02 -1.553060766309499741e-02
-3.657300770282745361e-02 1.471413373947143555e-01 -6.917901337146759033e-02
-1.020379588007926941e-01 1.649304628372192383e-01 -1.366419345140457153e-01
-7.497884333133697510e-02 2.180464565753936768e-01 -7.510194182395935059e-02
9.535779245197772980e-03 2.201067954301834106e-01 -3.465081751346588135e-02
5.153596401214599609e-03 2.060023099184036255e-01 -5.853974819183349609e-02
-5.123607069253921509e-02 2.072092592716217041e-01 -7.825705409049987793e-02
-6.748101860284805298e-02 2.094336450099945068e-01 -7.478198409080505371e-02
-8.455681055784225464e-02 2.634932994842529297e-01 -8.878841251134872437e-02
-9.928498417139053345e-02 2.322433441877365112e-01 -9.489077329635620117e-02
-1.020672991871833801e-01 2.443891614675521851e-01 -5.063120648264884949e-02
-1.101836264133453369e-01 2.016316652297973633e-01 -4.863587766885757446e-02
-1.063285470008850098e-01 2.152037173509597778e-01 -1.662376709282398224e-02
-1.007986664772033691e-01 1.754869669675827026e-01 -1.242881175130605698e-02
-8.476825803518295288e-02 1.631449609994888306e-01 -3.078247979283332825e-02
-9.957084059715270996e-02 1.276087313890457153e-01 -2.471270971000194550e-02
-9.434010833501815796e-02 7.453236728906631470e-02 5.448588170111179352e-03
-8.333567529916763306e-02 3.757281228899955750e-02 4.733433946967124939e-02
-9.152075648307800293e-02 1.300551835447549820e-02 8.271447569131851196e-02
-1.167529150843620300e-01 9.231480769813060760e-03 6.441850215196609497e-02
-9.316051751375198364e-02 -3.766505792737007141e-02 3.582638874650001526e-02
-5.084517225623130798e-02 -4.985363408923149109e-02 -2.906223200261592865e-02
-1.280403137207031250e-02 -3.416014835238456726e-02 -7.374472916126251221e-02
-1.353984046727418900e-02 -4.181633144617080688e-02 -9.835669398307800293e-02
-4.239193722605705261e-02 -4.874045401811599731e-02 -9.261700510978698730e-02
-5.393174290657043457e-02 -1.153884641826152802e-02 -5.918093025684356689e-02
-3.585376963019371033e-02 -6.676375865936279297e-03 -2.740127220749855042e-02
-2.753718197345733643e-02 -1.939413323998451233e-02 5.077355727553367615e-02
2.724071778357028961e-02 -7.329238206148147583e-02 1.251332610845565796e-01
6.472764909267425537e-02 -1.501228958368301392e-01 1.371058374643325806e-01
-1.241481211036443710e-02 -1.737031936645507812e-01 1.153517588973045349e-01
-1.471524476073682308e-03 -2.269652038812637329e-01 9.545700997114181519e-02
4.412153363227844238e-02 -2.629159390926361084e-01 3.593763709068298340e-02
6.660354137420654297e-02 -2.206034064292907715e-01 3.679142519831657410e-02
8.143064379692077637e-02 -2.449690848588943481e-01 5.394794046878814697e-02
3.999646380543708801e-02 -2.253411561250686646e-01 4.804603382945060730e-02
5.011335946619510651e-03 -2.154815793037414551e-01 3.374805301427841187e-02
1.879666186869144440e-02 -2.022381871938705444e-01 3.338563721626996994e-03
1.801960356533527374e-02 -1.985057592391967773e-01 2.943389117717742920e-02
4.412867128849029541e-03 -1.845490485429763794e-01 4.678630083799362183e-02
-1.034588087350130081e-03 -1.550063937902450562e-01 5.862461775541305542e-02
8.962991647422313690e-03 -1.748158335685729980e-01 6.671918183565139771e-02
-5.907194688916206360e-03 -1.701938062906265259e-01 9.231054782867431641e-02
-1.022698078304529190e-02 -1.628980189561843872e-01 9.520919620990753174e-02
1.020043436437845230e-02 -1.976919472217559814e-01 8.741611242294311523e-02
2.919358946382999420e-02 -2.527734935283660889e-01 3.370489180088043213e-02
-1.021013874560594559e-02 -2.131850272417068481e-01 4.134829342365264893e-02
2.799605485051870346e-03 -1.821536123752593994e-01 2.172690443694591522e-02
7.779908925294876099e-02 -1.704274564981460571e-01 7.718436419963836670e-02
1.196250990033149719e-01 -1.557518611662089825e-03 7.523743063211441040e-02
4.825489595532417297e-02 1.557455211877822876e-01 -2.605535686016082764e-01
9.554132819175720215e-02 2.902145683765411377e-01 -3.162215650081634521e-01
7.667753100395202637e-02 2.731876671314239502e-01 -3.715031743049621582e-01
-7.854879647493362427e-02 4.776731431484222412e-01 -4.339275062084197998e-01
-6.153682619333267212e-02 3.536610007286071777e-01 -3.185109198093414307e-01
2.935329265892505646e-02 1.292395442724227905e-01 -6.887168437242507935e-02
-6.287788599729537964e-02 1.583575457334518433e-01 -4.837704822421073914e-03
-8.286572992801666260e-02 1.407769918441772461e-01 -3.825863078236579895e-02
-2.495641633868217468e-02 7.210995256900787354e-02 3.668858483433723450e-02
2.071603387594223022e-02 -4.059861227869987488e-02 7.061022520065307617e-02
1.881116628646850586e-02 -5.457574129104614258e-02 1.380583792924880981e-01
2.933531068265438080e-03 -9.773606806993484497e-02 1.431351900100708008e-01
-5.890386924147605896e-02 -1.250971257686614990e-01 1.422839313745498657e-01
-5.288223177194595337e-02 -1.034541279077529907e-01 2.085168808698654175e-01
2.895777672529220581e-02 -8.501631021499633789e-02 1.786257773637771606e-01
9.307323396205902100e-02 -1.263280957937240601e-01 2.350097596645355225e-01
5.842451378703117371e-02 -1.459494233131408691e-01 2.599277198314666748e-01
-1.473401393741369247e-02 -8.224581927061080933e-02 2.239153087139129639e-01
4.016587918158620596e-04 -5.873737111687660217e-02 2.226778566837310791e-01
4.582825675606727600e-02 -8.035522699356079102e-02 2.139107584953308105e-01
5.634215474128723145e-02 -1.327038854360580444e-01 2.213269770145416260e-01
-1.377011998556554317e-03 -1.588483005762100220e-01 2.381689101457595825e-01
5.960126966238021851e-02 -8.142516762018203735e-02 2.002618461847305298e-01
4.995587095618247986e-02 -6.924038380384445190e-02 1.325956284999847412e-01
4.051262885332107544e-02 -3.180266171693801880e-02 1.804904043674468994e-01
5.813238397240638733e-02 -4.820732283405959606e-04 9.667817503213882446e-02
8.859601803123950958e-03 -8.383447676897048950e-02 1.852417550981044769e-02
7.133887615054845810e-03 -4.978390783071517944e-02 1.219719946384429932e-01
1.166748907417058945e-02 -4.562030732631683350e-02 4.501151666045188904e-02
9.719122201204299927e-02 -4.254639893770217896e-02 -5.491991993039846420e-03
5.087738111615180969e-02 -1.500015705823898315e-01 -8.607903122901916504e-02
2.325569652020931244e-02 -1.476722210645675659e-01 -8.252988010644912720e-02
-4.953337833285331726e-03 -2.051799744367599487e-01 -1.137316972017288208e-01
-4.884582385420799255e-02 -2.098689824342727661e-01 -5.264528468251228333e-02
-3.250583633780479431e-02 -2.290862947702407837e-01 -4.279828071594238281e-02
-1.036837976425886154e-02 -2.355516105890274048e-01 -3.478847071528434753e-02
-1.157166995108127594e-02 -2.480752319097518921e-01 -6.217506527900695801e-02
-3.507049754261970520e-02 -2.396980077028274536e-01 -6.331052631139755249e-02
-3.439668938517570496e-02 -2.347090840339660645e-01 -4.836964234709739685e-02
-3.032401949167251587e-02 -2.563814520835876465e-01 -6.825186312198638916e-02
-3.206975385546684265e-02 -2.901698052883148193e-01 -6.205290928483009338e-02
-5.663240700960159302e-02 -2.711908519268035889e-01 -8.525654673576354980e-02
-5.453023314476013184e-02 -2.539382874965667725e-01 -8.569253236055374146e-02
-2.085477858781814575e-02 -2.674285173416137695e-01 -1.262100934982299805e-01
-1.615082286298274994e-02 -2.279446274042129517e-01 -1.047736257314682007e-01
-6.679835915565490723e-02 -2.046268582344055176e-01 -1.065740361809730530e-01
-5.421983078122138977e-02 -1.949267238378524780e-01 -1.175971776247024536e-01
-4.851837083697319031e-02 -2.241449058055877686e-01 -1.374119669198989868e-01
-8.538782596588134766e-02 -2.489085644483566284e-01 -1.451376378536224365e-01
-6.116466224193572998e-02 -2.303486764430999756e-01 -1.201153174042701721e-01
-4.037476703524589539e-02 -2.124418914318084717e-01 -1.185092031955718994e-01
-4.715356230735778809e-02 -2.000916898250579834e-01 -1.144710928201675415e-01
-6.114118173718452454e-02 -2.099598646163940430e-01 -1.208531036972999573e-01
-9.061875194311141968e-02 -1.787744909524917603e-01 -1.192866340279579163e-01
-5.022882670164108276e-02 -1.545461565256118774e-01 -5.449273809790611267e-02
-7.520355284214019775e-02 -1.242874339222908020e-01 -6.729403138160705566e-02
-1.247253268957138062e-01 -1.482239514589309692e-01 -4.761443287134170532e-02
-7.343054562807083130e-02 -1.125101745128631592e-01 -4.715385660529136658e-02
-3.472023084759712219e-02 -1.562453359365463257e-01 -4.037053510546684265e-02
-2.799068018794059753e-02 -1.862590909004211426e-01 -7.252696156501770020e-02
5.703578144311904907e-02 -1.864216774702072144e-01 -5.935100838541984558e-02
5.839229002594947815e-02 -1.837001591920852661e-01 -6.439211964607238770e-02
4.920854046940803528e-02 -8.787689357995986938e-02 1.267159730195999146e-02
8.001317828893661499e-02 -6.898951530456542969e-02 3.107966855168342590e-02
4.856094345450401306e-02 -3.415574878454208374e-02 9.954585880041122437e-02
4.588542506098747253e-02 -4.653320088982582092e-02 3.944011405110359192e-02
2.379429899156093597e-02 7.818862050771713257e-02 -7.950191199779510498e-02
3.510385006666183472e-02 1.892616897821426392e-01 -4.286890849471092224e-02
3.559911251068115234e-02 2.106016874313354492e-01 -1.150780841708183289e-01
9.505838900804519653e-02 2.466428130865097046e-01 -1.484835594892501831e-01
1.169727295637130737e-01 1.644862145185470581e-01 -9.090554714202880859e-02
1.017032638192176819e-01 1.376307010650634766e-01 -1.446905881166458130e-01
6.736019253730773926e-02 7.744301855564117432e-02 -6.737348437309265137e-02
4.705958440899848938e-02 3.852051123976707458e-02 -2.885541319847106934e-02
2.620800957083702087e-02 4.298816621303558350e-02 4.251153022050857544e-02
2.502167597413063049e-02 4.444779455661773682e-02 6.423988938331604004e-02
2.452687919139862061e-02 3.301872313022613525e-02 5.032882466912269592e-02
2.453609928488731384e-02 2.590340375900268555e-02 4.614078253507614136e-02
3.210725262761116028e-02 2.299231663346290588e-02 1.935117878019809723e-02
2.574534714221954346e-02 4.690653458237648010e-02 3.998428210616111755e-02
1.337255071848630905e-02 3.669426590204238892e-02 4.353465512394905090e-02
-1.600959524512290955e-02 1.291538868099451065e-02 4.159944877028465271e-02
-3.027183376252651215e-02 2.311106026172637939e-02 4.715056717395782471e-02
-1.339548360556364059e-02 -2.448028884828090668e-03 3.020827658474445343e-02
-2.755988389253616333e-02 -3.101667575538158417e-02 1.931513659656047821e-02
-3.895610803738236427e-03 -4.860025644302368164e-02 6.989810615777969360e-03
3.463867353275418282e-03 -6.550128757953643799e-02 -1.622379198670387268e-02
-2.056398615241050720e-02 -8.410787582397460938e-02 -5.252798274159431458e-02
-5.240996554493904114e-02 -7.668324559926986694e-02 -6.028636172413825989e-02
-5.209224298596382141e-02 -1.192466244101524353e-01 -2.355298493057489395e-03
-1.065678596496582031e-01 -1.361485272645950317e-01 -2.410086058080196381e-02
-4.544953629374504089e-02 -7.163414359092712402e-02 -8.679105341434478760e-02
-1.574487797915935516e-02 -7.108194380998611450e-02 -1.069361194968223572e-01
-4.154848307371139526e-02 -1.297650765627622604e-02 -6.184764951467514038e-02
-7.287866622209548950e-02 1.966757327318191528e-02 -3.149107471108436584e-02
-7.560755312442779541e-02 3.314349427819252014e-02 -1.443340480327606201e-01
-1.162495389580726624e-01 1.006539016962051392e-01 5.526599125005304813e-04
-2.098328992724418640e-02 6.094763427972793579e-02 1.087966375052928925e-02
-1.452982774935662746e-03 8.275215327739715576e-02 -6.767059210687875748e-03
6.681876722723245621e-03 8.652172237634658813e-02 2.316726930439472198e-02
-2.736124768853187561e-02 7.584080100059509277e-02 4.438319802284240723e-02
-6.238348409533500671e-02 1.048905253410339355e-01 1.021644249558448792e-01
-5.104761198163032532e-02 5.889146402478218079e-02 1.618429124355316162e-01
-8.338709175586700439e-02 5.045122653245925903e-02 1.713973283767700195e-01
-3.150646016001701355e-02 5.558500438928604126e-02 2.084352374076843262e-01
7.334739901125431061e-03 6.265492737293243408e-02 1.341564953327178955e-01
-7.661873940378427505e-03 5.791457742452621460e-02 1.696293652057647705e-01
-2.303469460457563400e-03 5.756639689207077026e-02 1.353920847177505493e-01
4.596516489982604980e-03 4.767941311001777649e-02 1.865340471267700195e-01
1.351862400770187378e-02 6.492455303668975830e-02 1.944868117570877075e-01
3.598739579319953918e-02 4.725344851613044739e-02 2.490974366664886475e-01
4.984727501869201660e-02 2.332362905144691467e-02 2.495731413364410400e-01
4.058493301272392273e-02 3.274501068517565727e-03 2.836161553859710693e-01
6.060785800218582153e-02 1.285235048271715641e-03 2.717483341693878174e-01
1.025930047035217285e-02 1.884997636079788208e-02 2.381875962018966675e-01
4.939311370253562927e-02 8.088332600891590118e-03 2.353359758853912354e-01
1.180285587906837463e-01 -3.862030059099197388e-02 3.038252592086791992e-01
1.662230789661407471e-01 -1.045784503221511841e-01 3.189204931259155273e-01
1.667115986347198486e-01 -1.235490217804908752e-01 2.810119986534118652e-01
1.026367694139480591e-01 -1.039316803216934204e-01 3.169277310371398926e-01
3.170949220657348633e-02 -8.673155307769775391e-02 2.658092975616455078e-01
2.546731196343898773e-02 -4.039513412863016129e-03 2.878651320934295654e-01
3.552987799048423767e-02 -4.476572386920452118e-03 2.674512565135955811e-01
4.049832001328468323e-02 -4.582244530320167542e-02 2.242573052644729614e-01
4.031680151820182800e-02 -7.717768102884292603e-02 2.100761383771896362e-01
3.424587845802307129e-02 -1.077607423067092896e-01 2.242862284183502197e-01
2.559994347393512726e-02 -1.533340364694595337e-01 1.591017246246337891e-01
1.460509956814348698e-03 -1.492771208286285400e-01 1.479737460613250732e-01
-2.982433885335922241e-02 -1.577156335115432739e-01 1.018874868750572205e-01
1.841369830071926117e-02 -1.476558595895767212e-01 1.118528693914413452e-01
2.720340527594089508e-02 -1.449888795614242554e-01 8.682501316070556641e-02
3.654139116406440735e-02 -1.748626232147216797e-01 1.258527394384145737e-02
3.497765213251113892e-02 -1.883485615253448486e-01 -3.204124793410301208e-02
7.149271667003631592e-02 -1.965686529874801636e-01 -7.821468263864517212e-02
6.877378374338150024e-02 -1.327485442161560059e-01 3.041355311870574951e-02
4.784905165433883667e-02 -1.567151099443435669e-01 -7.978914678096771240e-02
4.241301864385604858e-02 -1.678939014673233032e-01 -2.379900515079498291e-01
5.074151977896690369e-02 -1.373164653778076172e-01 -2.422866523265838623e-01
1.657399348914623260e-02 -9.931766241788864136e-02 -2.446910887956619263e-01
-2.805350348353385925e-02 -7.706028968095779419e-02 -2.429226785898208618e-01
-5.567996576428413391e-02 -3.895267844200134277e-02 -2.453111261129379272e-01
1.749476045370101929e-02 -4.026530683040618896e-02 -5.390795320272445679e-02
2.112578414380550385e-02 -4.897829517722129822e-02 -1.764837056398391724e-01
5.159375257790088654e-03 -5.795955657958984375e-02 -1.225402280688285828e-01
-1.686017215251922607e-02 -3.872638195753097534e-02 -8.269077539443969727e-02
-1.896561123430728912e-02 -1.882514171302318573e-02 -1.212042793631553650e-01
-3.362984582781791687e-02 5.813370458781719208e-03 -1.416067183017730713e-01
-4.468685388565063477e-02 1.416096277534961700e-02 -1.411927640438079834e-01
-3.315124288201332092e-02 -8.969847112894058228e-03 -1.439242660999298096e-01
-5.519797652959823608e-02 -2.090517245233058929e-02 -1.972324848175048828e-01
-4.266208410263061523e-02 -1.047229245305061340e-01 -1.708988845348358154e-01
-5.495606735348701477e-02 -1.106278896331787109e-01 -1.527503728866577148e-01
-2.307426929473876953e-02 -6.643957644701004028e-02 -4.232506453990936279e-02
-1.085783913731575012e-02 -1.471552848815917969e-01 -6.418064236640930176e-02
-7.346935570240020752e-02 -2.122402042150497437e-01 -6.514451652765274048e-02
-3.841450810432434082e-02 -1.993576884269714355e-01 -6.349974125623703003e-02
-4.269890487194061279e-02 -2.074553221464157104e-01 -8.729442954063415527e-02
-4.782425239682197571e-02 -1.782047748565673828e-01 -1.176707148551940918e-01
-6.205796822905540466e-02 -9.801751375198364258e-02 -9.369210153818130493e-02
-4.558345302939414978e-02 -9.728059172630310059e-02 -6.652985513210296631e-02
-3.243804350495338440e-02 -6.527883559465408325e-02 -7.632696628570556641e-02
-3.683579340577125549e-02 -3.842215612530708313e-02 -8.361883461475372314e-02
-1.852991431951522827e-02 6.306392606347799301e-04 -6.945584714412689209e-02
-2.206622064113616943e-02 8.919297717511653900e-03 -7.256253063678741455e-02
-2.994812093675136566e-02 3.153814235702157021e-03 -7.537160068750381470e-02
-3.050753660500049591e-02 -3.031525760889053345e-03 -8.051563054323196411e-02
-2.303715981543064117e-02 -1.213988754898309708e-02 -9.278133511543273926e-02
-5.866013932973146439e-03 -3.218702971935272217e-02 -1.044734939932823181e-01
-9.803504683077335358e-03 -3.629267215728759766e-02 -1.194065809249877930e-01
-4.747609142214059830e-03 -3.877525031566619873e-02 -1.001800075173377991e-01
-1.747125573456287384e-02 -3.862198442220687866e-02 -1.010485440492630005e-01
-8.265366405248641968e-02 -1.190999150276184082e-02 -1.599255204200744629e-01
-3.546169027686119080e-02 -2.422565221786499023e-02 -1.054120212793350220e-01
6.798705458641052246e-02 -4.702131822705268860e-02 -1.433548331260681152e-01
9.448897093534469604e-02 -3.893060237169265747e-02 -1.328183859586715698e-01
6.493847817182540894e-02 -4.167368263006210327e-02 -9.726803749799728394e-02
2.258296497166156769e-02 -4.030149802565574646e-02 -8.162664622068405151e-02
5.938506365055218339e-05 -3.526141494512557983e-02 -7.770919799804687500e-02
-4.977081902325153351e-03 -2.874810807406902313e-02 -6.701357662677764893e-02
3.471597284078598022e-02 -1.636249013245105743e-02 -6.970733404159545898e-02
6.263844668865203857e-02 4.920213483273983002e-03 -1.034994050860404968e-01
5.978038534522056580e-02 -1.457520481199026108e-02 -1.252296864986419678e-01
5.399130284786224365e-02 -2.280897088348865509e-02 -1.445234566926956177e-01
4.095545038580894470e-02 -4.516301676630973816e-02 -1.445769071578979492e-01
1.633122563362121582e-02 -6.958580017089843750e-02 -1.193430051207542419e-01
-1.735167315928265452e-04 -6.825994700193405151e-02 -1.097213104367256165e-01
-1.752131059765815735e-02 -7.626010477542877197e-02 -1.092609465122222900e-01
-2.191901765763759613e-02 -8.948640525341033936e-02 -1.145137324929237366e-01
-2.447422780096530914e-02 -1.202861145138740540e-01 -1.406561732292175293e-01
-3.585448116064071655e-02 -1.475027352571487427e-01 -1.735485792160034180e-01
-5.702928453683853149e-02 -1.490257829427719116e-01 -1.546770334243774414e-01
-5.772003903985023499e-02 -1.438912302255630493e-01 -1.325966268777847290e-01
-2.066964283585548401e-02 -1.247329115867614746e-01 -1.226432099938392639e-01
1.688086241483688354e-02 -9.893793612718582153e-02 -7.858666777610778809e-02
-3.740835189819335938e-02 -3.211755678057670593e-02 -7.880934514105319977e-03
-3.580436855554580688e-02 -4.189278557896614075e-02 -1.943731866776943207e-02
-3.977645188570022583e-02 -4.865406826138496399e-02 -2.160970121622085571e-02
-5.091564357280731201e-02 -5.331550166010856628e-02 -3.643319383263587952e-02
-3.192904964089393616e-02 -6.711713224649429321e-02 -7.638999074697494507e-02
-9.295897558331489563e-03 -9.096147865056991577e-02 -1.205245628952980042e-01
-1.024581026285886765e-02 -1.117033362388610840e-01 -1.473070383071899414e-01
-3.050331724807620049e-03 -1.269814223051071167e-01 -1.652386784553527832e-01
1.709094038233160973e-03 -1.270363777875900269e-01 -1.562077999114990234e-01
1.200475636869668961e-02 -1.111927255988121033e-01 -1.351451873779296875e-01
1.348383724689483643e-02 -1.195241957902908325e-01 -1.508254557847976685e-01
5.200246814638376236e-03 -1.236115321516990662e-01 -1.310159265995025635e-01
1.503535266965627670e-02 -1.251070052385330200e-01 -1.389388442039489746e-01
2.648301981389522552e-02 -1.052990630269050598e-01 -1.047570481896400452e-01
3.443928435444831848e-02 -8.291647583246231079e-02 -7.169435173273086548e-02
4.487769678235054016e-02 -5.053714290261268616e-02 -5.277402326464653015e-02
3.555984050035476685e-02 -5.613484606146812439e-02 -4.005604609847068787e-02
1.579358242452144623e-02 -9.365408867597579956e-02 -3.834474459290504456e-02
8.153731934726238251e-03 -1.257060617208480835e-01 -6.229630857706069946e-02
1.726465485990047455e-02 -1.129033267498016357e-01 -6.939785927534103394e-02
3.458853065967559814e-02 -8.114344626665115356e-02 -7.454750686883926392e-02
4.909480363130569458e-02 -5.104095116257667542e-02 -6.300427764654159546e-02
3.941546753048896790e-02 -4.757247865200042725e-02 -3.519997745752334595e-02
2.055075950920581818e-02 -3.994540311396121979e-03 4.740297154057770967e-04
7.963301613926887512e-03 5.271098762750625610e-02 5.072192475199699402e-02
-5.404911935329437256e-02 6.321565806865692139e-02 6.662987917661666870e-02
-5.415177345275878906e-02 8.552019298076629639e-02 4.884401708841323853e-02
-3.530552983283996582e-02 7.820846140384674072e-02 3.164184838533401489e-02
-6.650822609663009644e-02 7.256032526493072510e-02 4.480424523353576660e-02
-9.169951081275939941e-02 5.681637302041053772e-02 4.980399832129478455e-02
-8.070753514766693115e-02 6.234915927052497864e-02 4.397851973772048950e-02
-8.597753196954727173e-02 6.075977534055709839e-02 4.381895437836647034e-02
-1.271075159311294556e-01 4.914521053433418274e-02 4.359116777777671814e-02
-8.076978474855422974e-02 9.117570705711841583e-03 4.258660227060317993e-02
-6.943520903587341309e-02 -9.643427911214530468e-04 4.003388434648513794e-02
-6.916735321283340454e-02 -8.643000386655330658e-03 4.193067178130149841e-02
-6.933651864528656006e-02 1.449116133153438568e-02 4.811627417802810669e-02
-6.350765377283096313e-02 1.406440511345863342e-02 4.497651010751724243e-02
-6.037290394306182861e-02 -1.296165585517883301e-02 4.470954090356826782e-02
3.453851910308003426e-03 4.584421589970588684e-02 1.710128784179687500e-01
-4.907619953155517578e-02 4.936825856566429138e-02 1.560993194580078125e-01
-9.754788130521774292e-02 4.828798770904541016e-02 1.551119089126586914e-01
-1.350941956043243408e-01 1.076755113899707794e-02 1.553600132465362549e-01
-1.627569198608398438e-01 5.567578971385955811e-02 1.711597144603729248e-01
-8.196678012609481812e-02 2.234628796577453613e-02 9.043046087026596069e-02
4.069566726684570312e-03 -1.518787164241075516e-02 6.991668045520782471e-02
9.458725340664386749e-03 3.193222358822822571e-02 7.321598380804061890e-02
6.284565478563308716e-02 -7.954488508403301239e-03 2.618959546089172363e-02
4.202993586659431458e-02 -5.665520578622817993e-02 -6.257469765841960907e-03
-1.067047193646430969e-02 -7.117471098899841309e-02 -9.652679786086082458e-03
2.221411839127540588e-02 -6.458988040685653687e-02 6.496297568082809448e-02
4.283507913351058960e-02 -6.597462296485900879e-02 9.071221575140953064e-04
2.195589430630207062e-02 -4.345234483480453491e-02 1.789001747965812683e-02
6.954410672187805176e-02 -8.739831298589706421e-02 2.167854830622673035e-02
9.795318543910980225e-02 -8.825252950191497803e-02 3.362753242254257202e-02
7.935988903045654297e-02 -1.077705994248390198e-01 1.069671660661697388e-02
7.748135924339294434e-02 -1.190192252397537231e-01 -2.258146414533257484e-04
8.187639713287353516e-02 -9.403304010629653931e-02 -5.917683243751525879e-03
6.814926862716674805e-02 -3.747246786952018738e-02 1.004629116505384445e-02
7.186964899301528931e-02 1.206060592085123062e-02 1.199022121727466583e-02
4.608711227774620056e-02 1.650096289813518524e-02 -6.984663661569356918e-03
8.381693810224533081e-02 -4.746214952319860458e-03 -2.989266254007816315e-02
1.428456902503967285e-01 -4.536329954862594604e-02 -8.907893300056457520e-02
1.400514543056488037e-01 -5.707384273409843445e-02 -9.467581659555435181e-02
1.243896484375000000e-01 -5.579829961061477661e-02 -7.468968629837036133e-02
1.113390550017356873e-01 -3.856921941041946411e-02 -6.775145232677459717e-02
9.141883254051208496e-02 -1.067876722663640976e-02 -3.892977535724639893e-02
1.051591858267784119e-01 -1.290740538388490677e-02 -1.635306328535079956e-02
-1.701384782791137695e-02 -2.235685288906097412e-02 -3.809125348925590515e-02
3.051340952515602112e-02 2.923182211816310883e-02 -3.480471670627593994e-02
2.272527199238538742e-03 -2.760024182498455048e-02 5.317221861332654953e-03
3.415697813034057617e-02 -3.524845093488693237e-02 -1.474576629698276520e-02
2.424883656203746796e-02 -8.034854382276535034e-02 -3.862177208065986633e-02
3.495039045810699463e-02 -8.151714503765106201e-02 -5.170221626758575439e-02
3.538078442215919495e-02 -9.781464189291000366e-02 -8.034852147102355957e-02
5.442417412996292114e-02 -1.361454427242279053e-01 -1.222534477710723877e-01
1.335694734007120132e-02 -1.792130172252655029e-01 -1.175814494490623474e-01
4.086709395051002502e-02 -1.943410336971282959e-01 -1.201309487223625183e-01
3.690148144960403442e-02 -1.685885041952133179e-01 -6.720056384801864624e-02
1.281472295522689819e-02 -2.099530696868896484e-01 -7.656886428594589233e-02
1.332605537027120590e-02 -2.363008260726928711e-01 -1.215581819415092468e-01
-3.537575155496597290e-02 -2.292674779891967773e-01 -1.567989885807037354e-01
-1.148473657667636871e-02 -2.023268342018127441e-01 -1.521661132574081421e-01
-2.914878539741039276e-02 -9.793891012668609619e-02 -9.053730219602584839e-02
-3.320938348770141602e-02 -1.467190384864807129e-01 -1.268446892499923706e-01
1.448620390146970749e-02 -1.789246946573257446e-01 -9.744046628475189209e-02
2.738595008850097656e-02 -2.877286970615386963e-01 -9.463637322187423706e-02
-4.045312851667404175e-02 -1.898662447929382324e-01 1.537993457168340683e-02
2.579696662724018097e-02 -1.200827956199645996e-02 -8.218376897275447845e-03
-6.994355469942092896e-02 -5.210294201970100403e-02 2.826979570090770721e-02
-8.160240948200225830e-02 -4.263489693403244019e-02 2.547876909375190735e-02
-5.096613615751266479e-02 -3.917217627167701721e-02 -4.110316280275583267e-03
-5.502807721495628357e-02 -1.915776543319225311e-02 -1.004447881132364273e-02
-5.449510738253593445e-02 -2.805624157190322876e-02 5.325874779373407364e-03
-8.233580738306045532e-02 -2.862732112407684326e-02 -1.268460787832736969e-02
-1.253191847354173660e-02 -1.800928451120853424e-02 2.436059527099132538e-03
-6.422778125852346420e-03 -2.214371226727962494e-02 8.621599525213241577e-03
-2.533590048551559448e-02 -2.658731490373611450e-02 -2.662754617631435394e-03
6.513547152280807495e-03 1.539721153676509857e-03 6.784372497349977493e-03
2.991351997479796410e-03 -2.735857106745243073e-02 8.517243899405002594e-03
