-1.047935605049133301e+00 3.562470078468322754e-01 -9.519490599632263184e-01 6.892598271369934082e-01 9.514106512069702148e-01 4.496105313301086426e-01
-1.048058509826660156e+00 3.562711477279663086e-01 -9.519505500793457031e-01 6.893523335456848145e-01 9.514689445495605469e-01 4.505073428153991699e-01
-1.048209071159362793e+00 3.563462495803833008e-01 -9.519405961036682129e-01 6.894416213035583496e-01 9.515649080276489258e-01 4.515048265457153320e-01
-1.047472357749938965e+00 3.559689819812774658e-01 -9.520496129989624023e-01 6.888113617897033691e-01 9.513435363769531250e-01 4.447560906410217285e-01
-1.046720385551452637e+00 3.555939197540283203e-01 -9.520936012268066406e-01 6.881369948387145996e-01 9.511409997940063477e-01 4.376364946365356445e-01
-1.047455430030822754e+00 3.559701442718505859e-01 -9.519823193550109863e-01 6.887372732162475586e-01 9.513962268829345703e-01 4.439779520034790039e-01
-1.047212123870849609e+00 3.558574020862579346e-01 -9.520518779754638672e-01 6.885637640953063965e-01 9.512689113616943359e-01 4.420520067214965820e-01
-1.047181963920593262e+00 3.558184802532196045e-01 -9.521158337593078613e-01 6.886016726493835449e-01 9.511581659317016602e-01 4.422715306282043457e-01
-1.047150135040283203e+00 3.557853102684020996e-01 -9.521608948707580566e-01 6.886391043663024902e-01 9.510480165481567383e-01 4.424974322319030762e-01
-1.047224640846252441e+00 3.558312654495239258e-01 -9.521833062171936035e-01 6.887471675872802734e-01 9.510164260864257812e-01 4.434214234352111816e-01
-1.047474980354309082e+00 3.559871017932891846e-01 -9.521953463554382324e-01 6.890050768852233887e-01 9.510732889175415039e-01 4.457683563232421875e-01
-1.047478556632995605e+00 3.560031056404113770e-01 -9.522242546081542969e-01 6.890279650688171387e-01 9.510709047317504883e-01 4.458404183387756348e-01
-1.046866536140441895e+00 3.557313680648803711e-01 -9.523263573646545410e-01 6.885090470314025879e-01 9.508866071701049805e-01 4.406904578208923340e-01
-1.046240210533142090e+00 3.554227352142333984e-01 -9.524517655372619629e-01 6.879826188087463379e-01 9.507704973220825195e-01 4.350143074989318848e-01
-1.045615792274475098e+00 3.551284372806549072e-01 -9.525322914123535156e-01 6.874781847000122070e-01 9.506216049194335938e-01 4.295536875724792480e-01
-1.045533418655395508e+00 3.550636172294616699e-01 -9.525436758995056152e-01 6.874236464500427246e-01 9.505537748336791992e-01 4.289763569831848145e-01
-1.045564651489257812e+00 3.550562858581542969e-01 -9.525150060653686523e-01 6.874230504035949707e-01 9.505342245101928711e-01 4.292603135108947754e-01
-1.045658349990844727e+00 3.551180958747863770e-01 -9.524814486503601074e-01 6.874788403511047363e-01 9.505404233932495117e-01 4.302645921707153320e-01
-1.045969724655151367e+00 3.552661836147308350e-01 -9.524440765380859375e-01 6.877368688583374023e-01 9.506343603134155273e-01 4.330635070800781250e-01
-1.045665740966796875e+00 3.551398515701293945e-01 -9.524841904640197754e-01 6.874924302101135254e-01 9.505728483200073242e-01 4.302010536193847656e-01
-1.045095562934875488e+00 3.548817038536071777e-01 -9.525081515312194824e-01 6.869786977767944336e-01 9.504127502441406250e-01 4.249019026756286621e-01
-1.045060515403747559e+00 3.548925518989562988e-01 -9.524986147880554199e-01 6.869320869445800781e-01 9.504283666610717773e-01 4.244714379310607910e-01
-1.045141100883483887e+00 3.549247086048126221e-01 -9.525317549705505371e-01 6.870269179344177246e-01 9.504768848419189453e-01 4.253086447715759277e-01
-1.044835090637207031e+00 3.548311889171600342e-01 -9.526259303092956543e-01 6.868140697479248047e-01 9.503481388092041016e-01 4.231195449829101562e-01
-1.044559359550476074e+00 3.547185063362121582e-01 -9.526883363723754883e-01 6.866048574447631836e-01 9.502091407775878906e-01 4.209902286529541016e-01
-1.044514894485473633e+00 3.546961843967437744e-01 -9.526835083961486816e-01 6.865552067756652832e-01 9.501980543136596680e-01 4.205293059349060059e-01
-1.044528007507324219e+00 3.546962440013885498e-01 -9.526656270027160645e-01 6.865498423576354980e-01 9.502129554748535156e-01 4.205241203308105469e-01
-1.044538140296936035e+00 3.547017872333526611e-01 -9.526568055152893066e-01 6.865550875663757324e-01 9.502266645431518555e-01 4.205567240715026855e-01
-1.044489383697509766e+00 3.546843528747558594e-01 -9.526682496070861816e-01 6.865198016166687012e-01 9.502081871032714844e-01 4.201683998107910156e-01
-1.044575810432434082e+00 3.547204136848449707e-01 -9.526470899581909180e-01 6.865792274475097656e-01 9.502433538436889648e-01 4.208185076713562012e-01
-1.044706225395202637e+00 3.547776043415069580e-01 -9.526175856590270996e-01 6.866760253906250000e-01 9.503059387207031250e-01 4.218294620513916016e-01
-1.044866919517517090e+00 3.548456430435180664e-01 -9.525905251502990723e-01 6.868114471435546875e-01 9.503818750381469727e-01 4.231485724449157715e-01
-1.044951438903808594e+00 3.548819124698638916e-01 -9.525932073593139648e-01 6.868964433670043945e-01 9.504203796386718750e-01 4.239136576652526855e-01
-1.045000076293945312e+00 3.548995554447174072e-01 -9.525924921035766602e-01 6.869493722915649414e-01 9.504418373107910156e-01 4.243693947792053223e-01
-1.045078158378601074e+00 3.549289107322692871e-01 -9.525740742683410645e-01 6.870065331459045410e-01 9.504742622375488281e-01 4.249647259712219238e-01
-1.045195460319519043e+00 3.549736738204956055e-01 -9.525403380393981934e-01 6.870853304862976074e-01 9.505295753479003906e-01 4.258173704147338867e-01
-1.045134425163269043e+00 3.549457788467407227e-01 -9.525500535964965820e-01 6.870289444923400879e-01 9.504923820495605469e-01 4.253075122833251953e-01
-1.045027017593383789e+00 3.548990488052368164e-01 -9.525681138038635254e-01 6.869322657585144043e-01 9.504283666610717773e-01 4.244365692138671875e-01
-1.045012474060058594e+00 3.548935353755950928e-01 -9.525685310363769531e-01 6.869044303894042969e-01 9.504177570343017578e-01 4.242677092552185059e-01
-1.045023679733276367e+00 3.549042940139770508e-01 -9.525693058967590332e-01 6.868964433670043945e-01 9.504246711730957031e-01 4.242972731590270996e-01
-1.045008301734924316e+00 3.549011647701263428e-01 -9.525823593139648438e-01 6.868867278099060059e-01 9.504091739654541016e-01 4.242259263992309570e-01
-1.045060634613037109e+00 3.549247086048126221e-01 -9.525845050811767578e-01 6.869415640830993652e-01 9.504359960556030273e-01 4.247155189514160156e-01
-1.045177578926086426e+00 3.549777269363403320e-01 -9.525760412216186523e-01 6.870476007461547852e-01 9.505069255828857422e-01 4.256778955459594727e-01
-1.045199275016784668e+00 3.549893796443939209e-01 -9.525771141052246094e-01 6.870741844177246094e-01 9.505357742309570312e-01 4.258450865745544434e-01
-1.045179247856140137e+00 3.549823462963104248e-01 -9.525797367095947266e-01 6.870589852333068848e-01 9.505332708358764648e-01 4.256632328033447266e-01
-1.045124173164367676e+00 3.549606502056121826e-01 -9.525913596153259277e-01 6.870114207267761230e-01 9.504947662353515625e-01 4.252308011054992676e-01
-1.045030951499938965e+00 3.549187183380126953e-01 -9.525982141494750977e-01 6.869292259216308594e-01 9.504406452178955078e-01 4.244574904441833496e-01
-1.044928073883056641e+00 3.548715114593505859e-01 -9.526047110557556152e-01 6.868428587913513184e-01 9.503946304321289062e-01 4.235644340515136719e-01
-1.044942498207092285e+00 3.548741340637207031e-01 -9.525798559188842773e-01 6.868445873260498047e-01 9.504102468490600586e-01 4.235852956771850586e-01
-1.045137166976928711e+00 3.549554347991943359e-01 -9.525300264358520508e-01 6.869907379150390625e-01 9.505047798156738281e-01 4.250726699829101562e-01
-1.045333981513977051e+00 3.550428152084350586e-01 -9.525026679039001465e-01 6.871431469917297363e-01 9.505847692489624023e-01 4.266502261161804199e-01
-1.045429706573486328e+00 3.550880253314971924e-01 -9.524918794631958008e-01 6.872233748435974121e-01 9.506253004074096680e-01 4.274597167968750000e-01
-1.045470118522644043e+00 3.551068603992462158e-01 -9.524824619293212891e-01 6.872563362121582031e-01 9.506471157073974609e-01 4.277803897857666016e-01
-1.045450568199157715e+00 3.550969660282135010e-01 -9.524763822555541992e-01 6.872304677963256836e-01 9.506357908248901367e-01 4.275878667831420898e-01
-1.045447349548339844e+00 3.550979793071746826e-01 -9.524624943733215332e-01 6.872127652168273926e-01 9.506425857543945312e-01 4.275028109550476074e-01
-1.045496702194213867e+00 3.551219105720520020e-01 -9.524386525154113770e-01 6.872342824935913086e-01 9.506740570068359375e-01 4.278181195259094238e-01
-1.045511126518249512e+00 3.551282286643981934e-01 -9.524273276329040527e-01 6.872380375862121582e-01 9.506795406341552734e-01 4.279168248176574707e-01
-1.045475721359252930e+00 3.551144003868103027e-01 -9.524230360984802246e-01 6.872078180313110352e-01 9.506655931472778320e-01 4.276509284973144531e-01
-1.045411229133605957e+00 3.550843596458435059e-01 -9.524381756782531738e-01 6.871588826179504395e-01 9.506254196166992188e-01 4.271772503852844238e-01
-1.045411229133605957e+00 3.550790250301361084e-01 -9.524474143981933594e-01 6.871659755706787109e-01 9.506127834320068359e-01 4.272310733795166016e-01
-1.045409679412841797e+00 3.550746142864227295e-01 -9.524580836296081543e-01 6.871739625930786133e-01 9.506056308746337891e-01 4.272554516792297363e-01
-1.045367717742919922e+00 3.550573289394378662e-01 -9.524630904197692871e-01 6.871382594108581543e-01 9.505885839462280273e-01 4.269073009490966797e-01
-1.045342087745666504e+00 3.550466299057006836e-01 -9.524613022804260254e-01 6.871116161346435547e-01 9.505789279937744141e-01 4.266655445098876953e-01
-1.045375585556030273e+00 3.550587296485900879e-01 -9.524509310722351074e-01 6.871344447135925293e-01 9.505980014801025391e-01 4.268948435783386230e-01
-1.045409679412841797e+00 3.550726771354675293e-01 -9.524499177932739258e-01 6.871647238731384277e-01 9.506223201751708984e-01 4.271546006202697754e-01
-1.045454978942871094e+00 3.550952374935150146e-01 -9.524415135383605957e-01 6.872038841247558594e-01 9.506587982177734375e-01 4.275622367858886719e-01
-1.045492053031921387e+00 3.551118373870849609e-01 -9.524355530738830566e-01 6.872411370277404785e-01 9.506815671920776367e-01 4.279563426971435547e-01
-1.045500636100769043e+00 3.551182448863983154e-01 -9.524322152137756348e-01 6.872524619102478027e-01 9.507024288177490234e-01 4.279581904411315918e-01
-1.045588970184326172e+00 3.551560044288635254e-01 -9.524093270301818848e-01 6.873211264610290527e-01 9.507538080215454102e-01 4.286783933639526367e-01
-1.045688867568969727e+00 3.551936447620391846e-01 -9.523920416831970215e-01 6.874007582664489746e-01 9.507864713668823242e-01 4.295701384544372559e-01
-1.045863151550292969e+00 3.552677631378173828e-01 -9.523583650588989258e-01 6.875320672988891602e-01 9.508397579193115234e-01 4.311012029647827148e-01
-1.045889973640441895e+00 3.552929461002349854e-01 -9.523487687110900879e-01 6.875489354133605957e-01 9.508453607559204102e-01 4.313989877700805664e-01
-1.045841336250305176e+00 3.552675843238830566e-01 -9.523526430130004883e-01 6.875020265579223633e-01 9.508051872253417969e-01 4.310201406478881836e-01
-1.045927762985229492e+00 3.552880883216857910e-01 -9.523497223854064941e-01 6.875736117362976074e-01 9.507777690887451172e-01 4.319452643394470215e-01
-1.045909404754638672e+00 3.552769124507904053e-01 -9.523543715476989746e-01 6.875606775283813477e-01 9.507623910903930664e-01 4.318323135375976562e-01
-1.045820951461791992e+00 3.552459478378295898e-01 -9.523684382438659668e-01 6.874929666519165039e-01 9.507402181625366211e-01 4.311844110488891602e-01
-1.045866131782531738e+00 3.552771210670471191e-01 -9.523437023162841797e-01 6.875239014625549316e-01 9.507609605789184570e-01 4.317214488983154297e-01
-1.045722365379333496e+00 3.552178144454956055e-01 -9.523659348487854004e-01 6.874118447303771973e-01 9.507193565368652344e-01 4.303855299949645996e-01
-1.045654296875000000e+00 3.551591634750366211e-01 -9.523703455924987793e-01 6.873554587364196777e-01 9.506589174270629883e-01 4.298751354217529297e-01
-1.045754313468933105e+00 3.551906943321228027e-01 -9.523495435714721680e-01 6.874384284019470215e-01 9.506772756576538086e-01 4.307960271835327148e-01
-1.045974850654602051e+00 3.552731275558471680e-01 -9.523083567619323730e-01 6.876381635665893555e-01 9.507049322128295898e-01 4.330299496650695801e-01
-1.046584844589233398e+00 3.554824292659759521e-01 -9.522126317024230957e-01 6.881921887397766113e-01 9.508327245712280273e-01 4.388099312782287598e-01
-1.047311067581176758e+00 3.557883501052856445e-01 -9.520692229270935059e-01 6.887310147285461426e-01 9.510539770126342773e-01 4.447557926177978516e-01
-1.047656893730163574e+00 3.559280633926391602e-01 -9.520056843757629395e-01 6.889863610267639160e-01 9.511332511901855469e-01 4.476197957992553711e-01
-1.047719001770019531e+00 3.559614419937133789e-01 -9.519959092140197754e-01 6.890348196029663086e-01 9.511508941650390625e-01 4.481619596481323242e-01
-1.047668814659118652e+00 3.559540808200836182e-01 -9.520143866539001465e-01 6.889947652816772461e-01 9.511293172836303711e-01 4.478613734245300293e-01
-1.048877835273742676e+00 3.564896583557128906e-01 -9.518476128578186035e-01 6.899737119674682617e-01 9.514496326446533203e-01 4.581864476203918457e-01
-1.049845337867736816e+00 3.569087386131286621e-01 -9.517176151275634766e-01 6.907443404197692871e-01 9.517154693603515625e-01 4.663287401199340820e-01
-1.050628900527954102e+00 3.572536110877990723e-01 -9.516076445579528809e-01 6.913825869560241699e-01 9.519275426864624023e-01 4.729701280593872070e-01
-1.051055908203125000e+00 3.574500977993011475e-01 -9.515557289123535156e-01 6.917547583580017090e-01 9.520378112792968750e-01 4.767171740531921387e-01
-1.050541877746582031e+00 3.572691380977630615e-01 -9.516426920890808105e-01 6.913951039314270020e-01 9.518902301788330078e-01 4.728214740753173828e-01
-1.050078034400939941e+00 3.570753335952758789e-01 -9.516817927360534668e-01 6.910163164138793945e-01 9.517627954483032227e-01 4.689403772354125977e-01
-1.050181865692138672e+00 3.571203351020812988e-01 -9.516406059265136719e-01 6.910899281501770020e-01 9.517955780029296875e-01 4.697292447090148926e-01
-1.050626635551452637e+00 3.573198020458221436e-01 -9.515346884727478027e-01 6.914326548576354980e-01 9.519510269165039062e-01 4.732285141944885254e-01
-1.051622033119201660e+00 3.577534258365631104e-01 -9.513674974441528320e-01 6.922127008438110352e-01 9.522546529769897461e-01 4.813749194145202637e-01
-1.052364706993103027e+00 3.580914139747619629e-01 -9.512478709220886230e-01 6.927804350852966309e-01 9.525191783905029297e-01 4.873914122581481934e-01
-1.052158236503601074e+00 3.580010831356048584e-01 -9.512928724288940430e-01 6.926003694534301758e-01 9.525067806243896484e-01 4.854686260223388672e-01
-1.051629543304443359e+00 3.577667176723480225e-01 -9.513770937919616699e-01 6.921912431716918945e-01 9.523887634277343750e-01 4.808574318885803223e-01
-1.050645470619201660e+00 3.573379218578338623e-01 -9.514586329460144043e-01 6.913304328918457031e-01 9.521164894104003906e-01 4.718899726867675781e-01
-1.050005197525024414e+00 3.570879101753234863e-01 -9.515210390090942383e-01 6.907668113708496094e-01 9.519705772399902344e-01 4.659703969955444336e-01
-1.049193263053894043e+00 3.567317426204681396e-01 -9.516693353652954102e-01 6.901257634162902832e-01 9.517303705215454102e-01 4.589091539382934570e-01
-1.048480272293090820e+00 3.564299345016479492e-01 -9.517656564712524414e-01 6.895375847816467285e-01 9.515541791915893555e-01 4.526337981224060059e-01
-1.048728585243225098e+00 3.566100001335144043e-01 -9.516515731811523438e-01 6.896509528160095215e-01 9.517468214035034180e-01 4.543325304985046387e-01
-1.047901511192321777e+00 3.562327027320861816e-01 -9.517725110054016113e-01 6.889014840126037598e-01 9.515620470046997070e-01 4.463741183280944824e-01
-1.047237634658813477e+00 3.558922111988067627e-01 -9.519002437591552734e-01 6.883667707443237305e-01 9.513437747955322266e-01 4.406532645225524902e-01
-1.047875165939331055e+00 3.562359511852264404e-01 -9.518182277679443359e-01 6.889235973358154297e-01 9.515593051910400391e-01 4.465801119804382324e-01
-1.048495292663574219e+00 3.565711975097656250e-01 -9.517397284507751465e-01 6.894863247871398926e-01 9.517453908920288086e-01 4.524291753768920898e-01
-1.048115849494934082e+00 3.564000129699707031e-01 -9.518133401870727539e-01 6.892198324203491211e-01 9.515961408615112305e-01 4.495141506195068359e-01
-1.047670125961303711e+00 3.561571240425109863e-01 -9.519294500350952148e-01 6.889126896858215332e-01 9.514018297195434570e-01 4.460788369178771973e-01
-1.046745896339416504e+00 3.556750714778900146e-01 -9.521301388740539551e-01 6.881380677223205566e-01 9.511154890060424805e-01 4.377307295799255371e-01
-1.046825647354125977e+00 3.557331562042236328e-01 -9.521057009696960449e-01 6.882205605506896973e-01 9.511708021163940430e-01 4.385555982589721680e-01
-1.047697186470031738e+00 3.560920357704162598e-01 -9.518930315971374512e-01 6.888868808746337891e-01 9.514479637145996094e-01 4.459421634674072266e-01
-1.047587394714355469e+00 3.559775352478027344e-01 -9.519380331039428711e-01 6.887268424034118652e-01 9.513503313064575195e-01 4.448806643486022949e-01
-1.047126293182373047e+00 3.556847870349884033e-01 -9.519733786582946777e-01 6.883292198181152344e-01 9.512118101119995117e-01 4.411474466323852539e-01
-1.047089695930480957e+00 3.556553721427917480e-01 -9.519699811935424805e-01 6.883153319358825684e-01 9.511749744415283203e-01 4.411019682884216309e-01
-1.047212481498718262e+00 3.557446002960205078e-01 -9.520167112350463867e-01 6.885013580322265625e-01 9.511625766754150391e-01 4.427846670150756836e-01
-1.047089099884033203e+00 3.556884825229644775e-01 -9.520828723907470703e-01 6.885952353477478027e-01 9.509879350662231445e-01 4.431300759315490723e-01
-1.046779870986938477e+00 3.555236756801605225e-01 -9.520688652992248535e-01 6.882802844047546387e-01 9.508999586105346680e-01 4.399335980415344238e-01
-1.046558976173400879e+00 3.555124104022979736e-01 -9.521242976188659668e-01 6.880635023117065430e-01 9.508961439132690430e-01 4.377265572547912598e-01
-1.046060681343078613e+00 3.552870452404022217e-01 -9.522575736045837402e-01 6.877371072769165039e-01 9.507247209548950195e-01 4.341641068458557129e-01
-1.045619249343872070e+00 3.550977110862731934e-01 -9.523935914039611816e-01 6.873995661735534668e-01 9.505425691604614258e-01 4.307881593704223633e-01
-1.045333266258239746e+00 3.549847602844238281e-01 -9.524719715118408203e-01 6.871801018714904785e-01 9.504413604736328125e-01 4.282492995262145996e-01
-1.045238375663757324e+00 3.549403548240661621e-01 -9.525070190429687500e-01 6.871073246002197266e-01 9.503920078277587891e-01 4.274151325225830078e-01
-1.045308351516723633e+00 3.549604415893554688e-01 -9.524812102317810059e-01 6.871567964553833008e-01 9.504202604293823242e-01 4.281352758407592773e-01
-1.045354843139648438e+00 3.549796938896179199e-01 -9.524652957916259766e-01 6.871911287307739258e-01 9.504423141479492188e-01 4.286053776741027832e-01
-1.045377016067504883e+00 3.550111651420593262e-01 -9.524530172348022461e-01 6.872032880783081055e-01 9.504721164703369141e-01 4.287582635879516602e-01
-1.045350074768066406e+00 3.550054132938385010e-01 -9.524587988853454590e-01 6.871748566627502441e-01 9.504923820495605469e-01 4.283345341682434082e-01
-1.045301675796508789e+00 3.549799323081970215e-01 -9.524788260459899902e-01 6.871300935745239258e-01 9.504680633544921875e-01 4.278074502944946289e-01
-1.045271039009094238e+00 3.549759387969970703e-01 -9.524847269058227539e-01 6.870847940444946289e-01 9.504941701889038086e-01 4.270955920219421387e-01
-1.045353055000305176e+00 3.550314307212829590e-01 -9.524658322334289551e-01 6.871232390403747559e-01 9.505668878555297852e-01 4.275256991386413574e-01
-1.045427322387695312e+00 3.550687432289123535e-01 -9.524627923965454102e-01 6.871830821037292480e-01 9.505982398986816406e-01 4.282290339469909668e-01
-1.045382618904113770e+00 3.550562560558319092e-01 -9.524758458137512207e-01 6.871515512466430664e-01 9.505726099014282227e-01 4.279317259788513184e-01
-1.045173406600952148e+00 3.549672067165374756e-01 -9.525168538093566895e-01 6.870231628417968750e-01 9.504394531250000000e-01 4.262853860855102539e-01
-1.045092821121215820e+00 3.549449443817138672e-01 -9.525278210639953613e-01 6.869662404060363770e-01 9.504270553588867188e-01 4.254655241966247559e-01
-1.045055508613586426e+00 3.549143075942993164e-01 -9.525343775749206543e-01 6.869388222694396973e-01 9.503977298736572266e-01 4.251018166542053223e-01
-1.045086622238159180e+00 3.549344539642333984e-01 -9.525402188301086426e-01 6.869699358940124512e-01 9.504102468490600586e-01 4.254263639450073242e-01
-1.045193552970886230e+00 3.550000190734863281e-01 -9.525356888771057129e-01 6.870589852333068848e-01 9.504513740539550781e-01 4.264972209930419922e-01
-1.045186161994934082e+00 3.550052344799041748e-01 -9.525536298751831055e-01 6.870630383491516113e-01 9.504572153091430664e-01 4.263486862182617188e-01
-1.045246124267578125e+00 3.550226390361785889e-01 -9.525664448738098145e-01 6.871281862258911133e-01 9.504680633544921875e-01 4.266927838325500488e-01
-1.045277118682861328e+00 3.550467789173126221e-01 -9.525824189186096191e-01 6.871655583381652832e-01 9.504616260528564453e-01 4.269771575927734375e-01
-1.045280337333679199e+00 3.550532758235931396e-01 -9.525877833366394043e-01 6.871797442436218262e-01 9.504425525665283203e-01 4.270404577255249023e-01
-1.045373201370239258e+00 3.551073670387268066e-01 -9.525616765022277832e-01 6.872469782829284668e-01 9.504711627960205078e-01 4.279033541679382324e-01
-1.045578241348266602e+00 3.552071154117584229e-01 -9.525215029716491699e-01 6.874052882194519043e-01 9.505301713943481445e-01 4.298401474952697754e-01
-1.045663595199584961e+00 3.552393317222595215e-01 -9.524933695793151855e-01 6.874687671661376953e-01 9.505521059036254883e-01 4.306134581565856934e-01
-1.045636415481567383e+00 3.552308082580566406e-01 -9.525086283683776855e-01 6.874682307243347168e-01 9.505530595779418945e-01 4.302301406860351562e-01
-1.045457363128662109e+00 3.551566004753112793e-01 -9.525576233863830566e-01 6.873351931571960449e-01 9.505479335784912109e-01 4.284155368804931641e-01
-1.045752525329589844e+00 3.552874624729156494e-01 -9.525553584098815918e-01 6.876038312911987305e-01 9.506493806838989258e-01 4.309827685356140137e-01
-1.046376824378967285e+00 3.555823564529418945e-01 -9.525051712989807129e-01 6.881193518638610840e-01 9.508224725723266602e-01 4.366606473922729492e-01
-1.046822071075439453e+00 3.558021187782287598e-01 -9.524253606796264648e-01 6.884300708770751953e-01 9.509494304656982422e-01 4.400805234909057617e-01
-1.046974778175354004e+00 3.558715581893920898e-01 -9.524067044258117676e-01 6.885552406311035156e-01 9.509831666946411133e-01 4.411379098892211914e-01
-1.047250270843505859e+00 3.560177683830261230e-01 -9.523482918739318848e-01 6.887874007225036621e-01 9.510679244995117188e-01 4.433391094207763672e-01
-1.047209262847900391e+00 3.559901416301727295e-01 -9.523373842239379883e-01 6.887694597244262695e-01 9.510606527328491211e-01 4.431605339050292969e-01
-1.046735882759094238e+00 3.557460308074951172e-01 -9.524077773094177246e-01 6.884600520133972168e-01 9.508854150772094727e-01 4.398056864738464355e-01
-1.046228647232055664e+00 3.554918467998504639e-01 -9.524965882301330566e-01 6.880621314048767090e-01 9.507094621658325195e-01 4.358339905738830566e-01
-1.045692801475524902e+00 3.552296459674835205e-01 -9.525911211967468262e-01 6.876016259193420410e-01 9.505456686019897461e-01 4.310873150825500488e-01
-1.045515298843383789e+00 3.551484346389770508e-01 -9.526036381721496582e-01 6.874284148216247559e-01 9.505079984664916992e-01 4.293646216392517090e-01
-1.045415520668029785e+00 3.550936281681060791e-01 -9.526022076606750488e-01 6.873269677162170410e-01 9.504781961441040039e-01 4.284211397171020508e-01
-1.045318007469177246e+00 3.550335168838500977e-01 -9.526084065437316895e-01 6.872413754463195801e-01 9.504326581954956055e-01 4.274967312812805176e-01
-1.045345664024353027e+00 3.550343215465545654e-01 -9.525932669639587402e-01 6.872504353523254395e-01 9.504284858703613281e-01 4.276798367500305176e-01
-1.045413017272949219e+00 3.550526201725006104e-01 -9.525734782218933105e-01 6.872959733009338379e-01 9.504364728927612305e-01 4.282019138336181641e-01
-1.045526266098022461e+00 3.551019430160522461e-01 -9.525498747825622559e-01 6.873753070831298828e-01 9.504798650741577148e-01 4.291094541549682617e-01
-1.045711755752563477e+00 3.551823496818542480e-01 -9.525303840637207031e-01 6.875165700912475586e-01 9.505422115325927734e-01 4.306007623672485352e-01
-1.045924067497253418e+00 3.552665710449218750e-01 -9.525246620178222656e-01 6.877039670944213867e-01 9.505783319473266602e-01 4.324524402618408203e-01
-1.046256899833679199e+00 3.554095625877380371e-01 -9.525209069252014160e-01 6.879882216453552246e-01 9.506571292877197266e-01 4.352524280548095703e-01
-1.046407103538513184e+00 3.554873168468475342e-01 -9.525115489959716797e-01 6.881035566329956055e-01 9.507007598876953125e-01 4.363154172897338867e-01
-1.046542882919311523e+00 3.555524945259094238e-01 -9.524730443954467773e-01 6.881889700889587402e-01 9.507424831390380859e-01 4.372536540031433105e-01
-1.046772360801696777e+00 3.556580245494842529e-01 -9.523906707763671875e-01 6.883297562599182129e-01 9.508142471313476562e-01 4.389744997024536133e-01
-1.047260165214538574e+00 3.559342920780181885e-01 -9.522241353988647461e-01 6.886845827102661133e-01 9.509913921356201172e-01 4.428856968879699707e-01
-1.047637104988098145e+00 3.561382293701171875e-01 -9.521359205245971680e-01 6.889783143997192383e-01 9.511374235153198242e-01 4.456896185874938965e-01
-1.047745943069458008e+00 3.561953008174896240e-01 -9.521039724349975586e-01 6.890471577644348145e-01 9.512108564376831055e-01 4.460613727569580078e-01
-1.047579765319824219e+00 3.561133444309234619e-01 -9.521470069885253906e-01 6.889191865921020508e-01 9.511936902999877930e-01 4.444216489791870117e-01
-1.047493338584899902e+00 3.560557961463928223e-01 -9.521721005439758301e-01 6.888612508773803711e-01 9.511700868606567383e-01 4.438782334327697754e-01
-1.047442197799682617e+00 3.560100197792053223e-01 -9.521890878677368164e-01 6.888256669044494629e-01 9.511363506317138672e-01 4.436443448066711426e-01
-1.047102689743041992e+00 3.558367490768432617e-01 -9.522887468338012695e-01 6.885834336280822754e-01 9.510134458541870117e-01 4.410693645477294922e-01
-1.047025799751281738e+00 3.557859957218170166e-01 -9.523157477378845215e-01 6.885518431663513184e-01 9.509695768356323242e-01 4.407312870025634766e-01
-1.046820998191833496e+00 3.556680381298065186e-01 -9.523916244506835938e-01 6.884353160858154297e-01 9.508810043334960938e-01 4.392400383949279785e-01
-1.046371221542358398e+00 3.554858863353729248e-01 -9.525036215782165527e-01 6.881229877471923828e-01 9.507602453231811523e-01 4.359958171844482422e-01
-1.046147584915161133e+00 3.553935885429382324e-01 -9.525416493415832520e-01 6.879705190658569336e-01 9.507030248641967773e-01 4.343575835227966309e-01
-1.045851230621337891e+00 3.552570044994354248e-01 -9.525846242904663086e-01 6.877503395080566406e-01 9.506148099899291992e-01 4.320738315582275391e-01
-1.045614480972290039e+00 3.551338315010070801e-01 -9.526108503341674805e-01 6.875596046447753906e-01 9.505113363265991211e-01 4.302318096160888672e-01
-1.045697569847106934e+00 3.551428616046905518e-01 -9.525863528251647949e-01 6.876215934753417969e-01 9.505151510238647461e-01 4.308753609657287598e-01
-1.045767903327941895e+00 3.551480770111083984e-01 -9.525560140609741211e-01 6.876606345176696777e-01 9.505162239074707031e-01 4.314203858375549316e-01
-1.045746803283691406e+00 3.551188111305236816e-01 -9.525346159934997559e-01 6.876232028007507324e-01 9.504909515380859375e-01 4.312129616737365723e-01
-1.045740127563476562e+00 3.551183938980102539e-01 -9.525253176689147949e-01 6.876038312911987305e-01 9.505057334899902344e-01 4.310831427574157715e-01
-1.045858383178710938e+00 3.551620543003082275e-01 -9.525284767150878906e-01 6.877104043960571289e-01 9.505213499069213867e-01 4.320716261863708496e-01
-1.046050548553466797e+00 3.552448749542236328e-01 -9.525109529495239258e-01 6.878613233566284180e-01 9.505485296249389648e-01 4.336786866188049316e-01
-1.045822024345397949e+00 3.551660478115081787e-01 -9.525427222251892090e-01 6.877005100250244141e-01 9.504557847976684570e-01 4.319746494293212891e-01
-1.045758724212646484e+00 3.551477193832397461e-01 -9.525488615036010742e-01 6.876617670059204102e-01 9.504212141036987305e-01 4.316173195838928223e-01
-1.045565962791442871e+00 3.550661504268646240e-01 -9.525631070137023926e-01 6.874914169311523438e-01 9.503778219223022461e-01 4.299743771553039551e-01
-1.045302271842956543e+00 3.549477756023406982e-01 -9.525758624076843262e-01 6.872474551200866699e-01 9.503258466720581055e-01 4.276319146156311035e-01
-1.045314073562622070e+00 3.549637794494628906e-01 -9.525582790374755859e-01 6.872511506080627441e-01 9.503363370895385742e-01 4.277116060256958008e-01
-1.045510411262512207e+00 3.550129234790802002e-01 -9.525196552276611328e-01 6.874151229858398438e-01 9.503477811813354492e-01 4.293823838233947754e-01
-1.045543074607849121e+00 3.550187647342681885e-01 -9.525122642517089844e-01 6.874470710754394531e-01 9.503401517868041992e-01 4.296388626098632812e-01
-1.045347809791564941e+00 3.549277186393737793e-01 -9.525334239006042480e-01 6.872719526290893555e-01 9.503062963485717773e-01 4.278047084808349609e-01
-1.045344829559326172e+00 3.549041152000427246e-01 -9.525309205055236816e-01 6.872646808624267578e-01 9.502830505371093750e-01 4.276702404022216797e-01
-1.045137643814086914e+00 3.548511266708374023e-01 -9.525738954544067383e-01 6.871084570884704590e-01 9.502077102661132812e-01 4.261131882667541504e-01
-1.044719099998474121e+00 3.547368645668029785e-01 -9.526624083518981934e-01 6.867470145225524902e-01 9.501127004623413086e-01 4.226712584495544434e-01
-1.044600844383239746e+00 3.546807765960693359e-01 -9.526867270469665527e-01 6.866310238838195801e-01 9.500519037246704102e-01 4.215791225433349609e-01
-1.044459342956542969e+00 3.546401262283325195e-01 -9.527062773704528809e-01 6.864894032478332520e-01 9.500170946121215820e-01 4.201837182044982910e-01
-1.044365525245666504e+00 3.546166419982910156e-01 -9.527099728584289551e-01 6.863999366760253906e-01 9.500031471252441406e-01 4.192771315574645996e-01
-1.044363260269165039e+00 3.546171784400939941e-01 -9.526987671852111816e-01 6.863934397697448730e-01 9.500035047531127930e-01 4.192327857017517090e-01
-1.044240593910217285e+00 3.545637130737304688e-01 -9.527202248573303223e-01 6.862974762916564941e-01 9.499603509902954102e-01 4.181865453720092773e-01
-1.044132709503173828e+00 3.545146584510803223e-01 -9.527300000190734863e-01 6.862062811851501465e-01 9.499317407608032227e-01 4.172137379646301270e-01
-1.044107794761657715e+00 3.544958829879760742e-01 -9.527108669281005859e-01 6.861841082572937012e-01 9.499441385269165039e-01 4.169079065322875977e-01
-1.044109225273132324e+00 3.544890582561492920e-01 -9.526889920234680176e-01 6.861813664436340332e-01 9.499536752700805664e-01 4.168501496315002441e-01
-1.044180154800415039e+00 3.545200824737548828e-01 -9.526718258857727051e-01 6.862340569496154785e-01 9.499819278717041016e-01 4.174154996871948242e-01
-1.044283628463745117e+00 3.545665740966796875e-01 -9.526627659797668457e-01 6.863186359405517578e-01 9.500068426132202148e-01 4.183330535888671875e-01
-1.044386267662048340e+00 3.546190559864044189e-01 -9.526361823081970215e-01 6.863962411880493164e-01 9.500436782836914062e-01 4.191207289695739746e-01
-1.044415712356567383e+00 3.546422719955444336e-01 -9.526330828666687012e-01 6.864175796508789062e-01 9.500588178634643555e-01 4.193112850189208984e-01
-1.044283270835876465e+00 3.545559644699096680e-01 -9.526006579399108887e-01 6.862666010856628418e-01 9.500402212142944336e-01 4.179594516754150391e-01
-1.044251799583435059e+00 3.545399904251098633e-01 -9.526019692420959473e-01 6.862550377845764160e-01 9.500290155410766602e-01 4.177780747413635254e-01
-1.044251322746276855e+00 3.545396924018859863e-01 -9.525977969169616699e-01 6.862522959709167480e-01 9.500296115875244141e-01 4.177364706993103027e-01
-1.044363856315612793e+00 3.545889854431152344e-01 -9.525605440139770508e-01 6.863245368003845215e-01 9.500834941864013672e-01 4.185535311698913574e-01
-1.044543385505676270e+00 3.546696603298187256e-01 -9.525046348571777344e-01 6.864451169967651367e-01 9.501780271530151367e-01 4.199053645133972168e-01
-1.044733285903930664e+00 3.547533154487609863e-01 -9.524431824684143066e-01 6.865774393081665039e-01 9.502846002578735352e-01 4.213097691535949707e-01
-1.044920086860656738e+00 3.548516035079956055e-01 -9.524049162864685059e-01 6.867341995239257812e-01 9.503676891326904297e-01 4.228903651237487793e-01
-1.045092344284057617e+00 3.549620509147644043e-01 -9.524157047271728516e-01 6.869117021560668945e-01 9.504154920578002930e-01 4.245966672897338867e-01
-1.045451521873474121e+00 3.551205098628997803e-01 -9.524083137512207031e-01 6.872450709342956543e-01 9.504758119583129883e-01 4.279370307922363281e-01
-1.045651197433471680e+00 3.552210628986358643e-01 -9.523872733116149902e-01 6.873984336853027344e-01 9.505348205566406250e-01 4.301257133483886719e-01
-1.045687317848205566e+00 3.552421331405639648e-01 -9.523568749427795410e-01 6.874237060546875000e-01 9.505441188812255859e-01 4.306662082672119141e-01
-1.045958042144775391e+00 3.553647994995117188e-01 -9.523014426231384277e-01 6.876667141914367676e-01 9.505933523178100586e-01 4.334293007850646973e-01
-1.046247243881225586e+00 3.554573059082031250e-01 -9.522560238838195801e-01 6.878812313079833984e-01 9.506708383560180664e-01 4.357065558433532715e-01
-1.047001838684082031e+00 3.557789623737335205e-01 -9.521595835685729980e-01 6.885313987731933594e-01 9.508429765701293945e-01 4.425351023674011230e-01
-1.048287510871887207e+00 3.563634753227233887e-01 -9.519995450973510742e-01 6.896576881408691406e-01 9.511604309082031250e-01 4.541506171226501465e-01
-1.048944830894470215e+00 3.566533625125885010e-01 -9.519473910331726074e-01 6.902450323104858398e-01 9.513416290283203125e-01 4.599187970161437988e-01
-1.048527240753173828e+00 3.564457297325134277e-01 -9.520335197448730469e-01 6.899172663688659668e-01 9.511963129043579102e-01 4.563930630683898926e-01
-1.047370910644531250e+00 3.558672070503234863e-01 -9.522227644920349121e-01 6.889489293098449707e-01 9.508403539657592773e-01 4.464135766029357910e-01
-1.046577930450439453e+00 3.554745018482208252e-01 -9.523417353630065918e-01 6.882925033569335938e-01 9.505705833435058594e-01 4.395401477813720703e-01
-1.046140670776367188e+00 3.552940189838409424e-01 -9.524027109146118164e-01 6.878953576087951660e-01 9.504820108413696289e-01 4.353996515274047852e-01
-1.045871734619140625e+00 3.551844954490661621e-01 -9.524537324905395508e-01 6.876456141471862793e-01 9.504647254943847656e-01 4.326809048652648926e-01
-1.045837879180908203e+00 3.551867902278900146e-01 -9.524744153022766113e-01 6.876078844070434570e-01 9.505227804183959961e-01 4.318588376045227051e-01
-1.046159625053405762e+00 3.553234636783599854e-01 -9.524400830268859863e-01 6.878504157066345215e-01 9.506298303604125977e-01 4.344914555549621582e-01
-1.046129822731018066e+00 3.553043603897094727e-01 -9.524472355842590332e-01 6.878095865249633789e-01 9.506312608718872070e-01 4.339562058448791504e-01
-1.046432733535766602e+00 3.554148972034454346e-01 -9.524105191230773926e-01 6.880266070365905762e-01 9.507088661193847656e-01 4.364438056945800781e-01
-1.047845363616943359e+00 3.560638129711151123e-01 -9.521741867065429688e-01 6.891655325889587402e-01 9.510651826858520508e-01 4.487650394439697266e-01
-1.048611044883728027e+00 3.564427196979522705e-01 -9.520756006240844727e-01 6.898321509361267090e-01 9.512811899185180664e-01 4.556832909584045410e-01
-1.047292947769165039e+00 3.557873666286468506e-01 -9.522941708564758301e-01 6.887872815132141113e-01 9.508973360061645508e-01 4.446194171905517578e-01
-1.046781420707702637e+00 3.555177748203277588e-01 -9.523349404335021973e-01 6.883421540260314941e-01 9.507446289062500000e-01 4.400892853736877441e-01
-1.047439694404602051e+00 3.557990491390228271e-01 -9.522755146026611328e-01 6.888582110404968262e-01 9.509370326995849609e-01 4.457060098648071289e-01
-1.047999978065490723e+00 3.561003208160400391e-01 -9.521763920783996582e-01 6.893132328987121582e-01 9.511108398437500000e-01 4.505617022514343262e-01
-1.048280477523803711e+00 3.562586903572082520e-01 -9.521211385726928711e-01 6.895776391029357910e-01 9.512159824371337891e-01 4.531698226928710938e-01
-1.047447562217712402e+00 3.558534383773803711e-01 -9.522348046302795410e-01 6.888774037361145020e-01 9.510182142257690430e-01 4.457974433898925781e-01
-1.047427296638488770e+00 3.558442294597625732e-01 -9.522344470024108887e-01 6.888680458068847656e-01 9.510000944137573242e-01 4.456552863121032715e-01
-1.047153949737548828e+00 3.557075858116149902e-01 -9.522451758384704590e-01 6.886419653892517090e-01 9.508876800537109375e-01 4.432352185249328613e-01
-1.046161651611328125e+00 3.552824258804321289e-01 -9.523276686668395996e-01 6.878174543380737305e-01 9.506045579910278320e-01 4.343584179878234863e-01
-1.045750737190246582e+00 3.551206290721893311e-01 -9.523901939392089844e-01 6.874920129776000977e-01 9.504916667938232422e-01 4.305161833763122559e-01
-1.045810818672180176e+00 3.551558256149291992e-01 -9.524426460266113281e-01 6.875893473625183105e-01 9.505021572113037109e-01 4.311524629592895508e-01
-1.045573353767395020e+00 3.550852835178375244e-01 -9.524935483932495117e-01 6.874113082885742188e-01 9.504529237747192383e-01 4.294238686561584473e-01
-1.045166850090026855e+00 3.549007475376129150e-01 -9.525172114372253418e-01 6.870424747467041016e-01 9.503457546234130859e-01 4.259682297706604004e-01
-1.045268297195434570e+00 3.549152314662933350e-01 -9.524896740913391113e-01 6.871114969253540039e-01 9.503744840621948242e-01 4.267596602439880371e-01
-1.045751571655273438e+00 3.551103770732879639e-01 -9.524519443511962891e-01 6.875501871109008789e-01 9.504674673080444336e-01 4.310232996940612793e-01
-1.046051144599914551e+00 3.552825450897216797e-01 -9.524450302124023438e-01 6.877919435501098633e-01 9.506000280380249023e-01 4.333384037017822266e-01
-1.046411395072937012e+00 3.554550409317016602e-01 -9.523866176605224609e-01 6.880714893341064453e-01 9.507315158843994141e-01 4.360064864158630371e-01
-1.047103643417358398e+00 3.557722270488739014e-01 -9.522505402565002441e-01 6.886086463928222656e-01 9.509248733520507812e-01 4.416410326957702637e-01
-1.047457695007324219e+00 3.559533655643463135e-01 -9.521716833114624023e-01 6.889033913612365723e-01 9.510092735290527344e-01 4.448427557945251465e-01
-1.047668695449829102e+00 3.560567498207092285e-01 -9.521340131759643555e-01 6.890863180160522461e-01 9.510172605514526367e-01 4.472469091415405273e-01
-1.047998666763305664e+00 3.561406433582305908e-01 -9.520812034606933594e-01 6.893842220306396484e-01 9.510155916213989258e-01 4.505711197853088379e-01
-1.047482252120971680e+00 3.558835983276367188e-01 -9.521618485450744629e-01 6.889770627021789551e-01 9.508286714553833008e-01 4.462790489196777344e-01
-1.048261165618896484e+00 3.561986684799194336e-01 -9.520491957664489746e-01 6.896560788154602051e-01 9.510325193405151367e-01 4.532127380371093750e-01
-1.048077940940856934e+00 3.560795485973358154e-01 -9.520902037620544434e-01 6.894825696945190430e-01 9.509316682815551758e-01 4.514220356941223145e-01
-1.046894431114196777e+00 3.555107116699218750e-01 -9.523006081581115723e-01 6.885386109352111816e-01 9.506804943084716797e-01 4.405956268310546875e-01
-1.046627163887023926e+00 3.553913235664367676e-01 -9.523244500160217285e-01 6.882959008216857910e-01 9.506741762161254883e-01 4.381939172744750977e-01
-1.047118186950683594e+00 3.556251227855682373e-01 -9.522777199745178223e-01 6.887318491935729980e-01 9.506795406341552734e-01 4.430211782455444336e-01
-1.047433495521545410e+00 3.557755351066589355e-01 -9.522085189819335938e-01 6.890115737915039062e-01 9.507153034210205078e-01 4.462620019912719727e-01
-1.046770572662353516e+00 3.554465770721435547e-01 -9.522899389266967773e-01 6.884220242500305176e-01 9.505566358566284180e-01 4.401623606681823730e-01
-1.046077013015747070e+00 3.551653921604156494e-01 -9.523168802261352539e-01 6.877987980842590332e-01 9.504512548446655273e-01 4.335555434226989746e-01
-1.045694708824157715e+00 3.550419807434082031e-01 -9.523495435714721680e-01 6.874727606773376465e-01 9.503793716430664062e-01 4.302787184715270996e-01
-1.045507192611694336e+00 3.549604117870330811e-01 -9.523993134498596191e-01 6.873482465744018555e-01 9.502605199813842773e-01 4.289429187774658203e-01
-1.045566916465759277e+00 3.549911379814147949e-01 -9.524153470993041992e-01 6.874166131019592285e-01 9.502331018447875977e-01 4.296435117721557617e-01
-1.045085191726684570e+00 3.548280894756317139e-01 -9.525060057640075684e-01 6.870366930961608887e-01 9.501254558563232422e-01 4.258514642715454102e-01
