4.600994288921356201e-02 5.553988367319107056e-02 -7.015090435743331909e-02
4.938488826155662537e-02 4.139042645692825317e-02 -5.958382785320281982e-02
9.897529147565364838e-03 2.278614230453968048e-02 -6.106965988874435425e-02
-4.986425116658210754e-02 6.630868185311555862e-03 -3.991339728236198425e-02
-7.059003412723541260e-02 -6.886548362672328949e-03 -2.863843180239200592e-02
-7.893940061330795288e-02 -1.071366202086210251e-02 -3.407128900289535522e-02
-6.538943201303482056e-02 1.776347495615482330e-02 -2.593321911990642548e-02
-6.437871605157852173e-02 2.920359931886196136e-02 -2.188066206872463226e-02
-6.714998185634613037e-02 3.710125014185905457e-02 -1.900116354227066040e-02
-6.809981167316436768e-02 4.145844280719757080e-02 -1.700443960726261139e-02
-6.998510658740997314e-02 4.201534390449523926e-02 -1.714105717837810516e-02
-6.769759207963943481e-02 4.156915098428726196e-02 -1.583180576562881470e-02
-6.968374550342559814e-02 4.362149909138679504e-02 -1.624898985028266907e-02
-6.794111430644989014e-02 4.297986254096031189e-02 -1.387044973671436310e-02
-6.590853631496429443e-02 4.308215528726577759e-02 -1.362362131476402283e-02
-6.805948913097381592e-02 4.226810485124588013e-02 -1.355537958443164825e-02
-7.705751806497573853e-02 4.308944940567016602e-02 -1.538001559674739838e-02
-7.908093184232711792e-02 4.981212317943572998e-02 -1.638724468648433685e-02
-7.709631323814392090e-02 5.132701247930526733e-02 -1.589120551943778992e-02
-7.705637067556381226e-02 5.002085119485855103e-02 -1.680620014667510986e-02
-7.595793157815933228e-02 5.189452320337295532e-02 -1.691096834838390350e-02
-6.264138966798782349e-02 5.595603212714195251e-02 -1.455140113830566406e-02
-5.218251794576644897e-02 5.525372177362442017e-02 -9.290115907788276672e-03
-4.863664507865905762e-02 5.514134839177131653e-02 -6.593137513846158981e-03
-4.976145178079605103e-02 5.267510935664176941e-02 -6.366887595504522324e-03
-6.799406558275222778e-02 5.108486860990524292e-02 -1.285340916365385056e-02
-8.631964027881622314e-02 4.794381931424140930e-02 -1.095137093216180801e-02
-9.804029762744903564e-02 4.294951260089874268e-02 -8.695119991898536682e-03
-1.165106520056724548e-01 3.952847793698310852e-02 -8.346477523446083069e-03
-1.347282081842422485e-01 3.558200597763061523e-02 -1.575866248458623886e-03
-1.591160148382186890e-01 3.144512698054313660e-02 4.328699782490730286e-03
-1.893240660429000854e-01 2.837672829627990723e-02 1.426852308213710785e-02
-2.181875109672546387e-01 2.734541147947311401e-02 1.754654385149478912e-02
-2.447075694799423218e-01 2.428678236901760101e-02 2.359561249613761902e-02
-2.507700026035308838e-01 3.502018004655838013e-02 3.696434572339057922e-02
-2.546168863773345947e-01 3.005935810506343842e-02 4.165454208850860596e-02
-2.746007144451141357e-01 9.784366004168987274e-03 3.355412930250167847e-02
-2.818059027194976807e-01 5.049178842455148697e-03 2.954383566975593567e-02
-2.709344327449798584e-01 6.264124996960163116e-03 2.965883910655975342e-02
-2.490401715040206909e-01 1.025598216801881790e-02 1.865454390645027161e-02
-2.263137698173522949e-01 1.869729720056056976e-02 1.516395341604948044e-02
-2.125126123428344727e-01 2.350779436528682709e-02 8.707027882337570190e-03
-1.769302934408187866e-01 3.295240178704261780e-02 2.314234152436256409e-02
-1.867807507514953613e-01 2.791162393987178802e-02 1.993991248309612274e-02
-1.761113554239273071e-01 3.170252591371536255e-02 1.989569514989852905e-02
-1.748409271240234375e-01 3.198316693305969238e-02 2.935993857681751251e-02
-1.807563155889511108e-01 3.076322935521602631e-02 2.005459181964397430e-02
-1.896882206201553345e-01 2.092159353196620941e-02 2.478135935962200165e-02
-1.858435571193695068e-01 1.155233755707740784e-02 1.786007173359394073e-02
-1.716235727071762085e-01 9.130001068115234375e-03 2.491505816578865051e-02
-1.563132256269454956e-01 -2.372454153373837471e-03 4.681159928441047668e-02
-1.416414529085159302e-01 -8.398915641009807587e-03 7.637797296047210693e-02
-1.881786286830902100e-01 -5.955656617879867554e-02 9.699647128582000732e-02
-2.041971981525421143e-01 -6.229037418961524963e-02 5.649237707257270813e-02
-1.549081355333328247e-01 -5.606462061405181885e-02 2.836719714105129242e-02
-1.048209518194198608e-01 -1.180738806724548340e-01 1.728688366711139679e-02
-1.041466370224952698e-01 -1.549305617809295654e-01 6.030898168683052063e-02
-2.164847552776336670e-01 -1.899136304855346680e-01 1.599038690328598022e-01
-2.525071203708648682e-01 -1.740104705095291138e-01 2.750542461872100830e-01
-1.843799501657485962e-01 -1.975202113389968872e-01 2.429984956979751587e-01
-4.639863222837448120e-02 -1.723646223545074463e-01 2.748674750328063965e-01
1.180528253316879272e-01 -5.186979100108146667e-02 4.037545025348663330e-01
1.779762059450149536e-01 8.695245534181594849e-02 5.014877319335937500e-01
9.497299045324325562e-02 1.396111845970153809e-01 6.556792855262756348e-01
1.269751936197280884e-01 1.373896747827529907e-01 6.988262534141540527e-01
1.689939349889755249e-01 1.552773565053939819e-01 5.628548860549926758e-01
1.434342116117477417e-01 1.446350514888763428e-01 5.423315167427062988e-01
1.452937424182891846e-01 8.121842890977859497e-02 5.819413065910339355e-01
1.423515528440475464e-01 3.172101080417633057e-02 6.029647588729858398e-01
8.449897915124893188e-02 6.105421483516693115e-02 6.073827147483825684e-01
5.862444266676902771e-02 9.767787903547286987e-02 6.500637531280517578e-01
4.883513227105140686e-02 9.199349582195281982e-02 7.406336665153503418e-01
2.431168407201766968e-02 2.465125871822237968e-03 6.453529000282287598e-01
-1.987384632229804993e-03 -2.204561751568689942e-04 6.538742184638977051e-01
-1.808636449277400970e-02 -3.033677488565444946e-02 6.414099335670471191e-01
-2.989391796290874481e-02 -3.635279461741447449e-02 6.223761439323425293e-01
-2.392129600048065186e-02 -3.405425325036048889e-02 6.378980875015258789e-01
-3.765563294291496277e-02 -2.494516223669052124e-02 6.318925619125366211e-01
-5.910998955368995667e-02 4.479003604501485825e-03 5.766097903251647949e-01
-1.004322320222854614e-01 -1.158279087394475937e-02 4.884100258350372314e-01
-9.741128236055374146e-02 -1.243376079946756363e-02 4.425162971019744873e-01
-8.343540877103805542e-02 -3.026508260518312454e-03 4.253187477588653564e-01
-1.344664394855499268e-01 1.840518205426633358e-03 3.748021125793457031e-01
-1.605596840381622314e-01 -7.694290019571781158e-03 3.300400078296661377e-01
-2.087061107158660889e-01 -3.460603579878807068e-02 2.807486951351165771e-01
-2.185865044593811035e-01 -5.757606402039527893e-02 2.660194635391235352e-01
-1.897689998149871826e-01 -5.153268948197364807e-02 3.626674413681030273e-01
-1.616748869419097900e-01 -5.074759200215339661e-02 4.563426375389099121e-01
-2.718888223171234131e-02 -2.760642953217029572e-02 5.440040230751037598e-01
1.120697334408760071e-01 9.964604862034320831e-03 5.427011251449584961e-01
2.202784866094589233e-01 3.244590759277343750e-02 4.807548820972442627e-01
2.727830708026885986e-01 2.073637954890727997e-02 4.036599397659301758e-01
3.422600924968719482e-01 -2.803055569529533386e-02 2.939977645874023438e-01
3.985233306884765625e-01 -4.823431745171546936e-02 2.539478540420532227e-01
4.890873134136199951e-01 -6.296722590923309326e-02 2.315661162137985229e-01
5.491124391555786133e-01 -6.345372647047042847e-02 1.627104282379150391e-01
5.411278009414672852e-01 -7.981738448143005371e-02 9.584936499595642090e-02
5.621628761291503906e-01 -8.760003745555877686e-02 4.911593347787857056e-02
5.507897138595581055e-01 -6.587135046720504761e-02 5.649323388934135437e-02
5.604684352874755859e-01 -8.569060266017913818e-02 8.320019394159317017e-02
5.826489329338073730e-01 -1.058542355895042419e-01 8.783379942178726196e-02
6.042243838310241699e-01 -1.215323656797409058e-01 2.667693234980106354e-02
6.243371963500976562e-01 -1.306804567575454712e-01 -4.622941836714744568e-03
6.392090320587158203e-01 -1.282760947942733765e-01 -3.147896379232406616e-02
6.697078943252563477e-01 -1.337526440620422363e-01 -3.889112174510955811e-02
7.035335302352905273e-01 -1.438356339931488037e-01 -1.751006953418254852e-02
6.900038123130798340e-01 -1.893695741891860962e-01 2.623922564089298248e-02
6.708739995956420898e-01 -1.765347123146057129e-01 7.214886695146560669e-02
5.961173772811889648e-01 -1.830956637859344482e-01 9.824045002460479736e-02
5.039711594581604004e-01 -1.693118214607238770e-01 9.985457360744476318e-02
5.014881491661071777e-01 -1.643196642398834229e-01 1.133516207337379456e-01
5.593960881233215332e-01 -1.357412636280059814e-01 1.436183601617813110e-01
6.201694607734680176e-01 -1.409547328948974609e-01 1.743474006652832031e-01
6.582165360450744629e-01 -1.568917185068130493e-01 1.612680554389953613e-01
6.700116395950317383e-01 -1.491565853357315063e-01 1.620153784751892090e-01
6.621481180191040039e-01 -1.504902988672256470e-01 1.786825805902481079e-01
6.271524429321289062e-01 -1.506201773881912231e-01 1.670599728822708130e-01
6.180367469787597656e-01 -1.400124579668045044e-01 1.536366045475006104e-01
6.160213947296142578e-01 -1.293209791183471680e-01 1.458326429128646851e-01
5.992402434349060059e-01 -1.273481696844100952e-01 1.279287040233612061e-01
5.605999827384948730e-01 -1.033808365464210510e-01 1.185446828603744507e-01
5.432054400444030762e-01 -1.147938892245292664e-01 1.223460733890533447e-01
5.191521048545837402e-01 -1.099765300750732422e-01 1.079258397221565247e-01
4.674246907234191895e-01 -9.280531853437423706e-02 9.388967603445053101e-02
3.986237943172454834e-01 -6.947642564773559570e-02 8.146588504314422607e-02
3.444030880928039551e-01 -5.905791744589805603e-02 6.708372384309768677e-02
3.937960565090179443e-01 -5.971707776188850403e-02 1.056242808699607849e-01
4.002983868122100830e-01 -4.108370468020439148e-02 9.127262979745864868e-02
3.801549971103668213e-01 -3.759282827377319336e-02 7.098738849163055420e-02
3.765736222267150879e-01 -3.892773389816284180e-02 7.002618163824081421e-02
3.494965434074401855e-01 -4.114984720945358276e-02 6.503488868474960327e-02
3.629485666751861572e-01 -5.040344968438148499e-02 7.267528027296066284e-02
3.419313728809356689e-01 -4.536600783467292786e-02 7.412020862102508545e-02
3.136806786060333252e-01 -4.825493693351745605e-02 6.889019906520843506e-02
3.238677382469177246e-01 -5.772412940859794617e-02 7.968614250421524048e-02
3.493416607379913330e-01 -7.385913282632827759e-02 5.359789729118347168e-02
4.032738208770751953e-01 -7.872349768877029419e-02 4.185186326503753662e-02
4.161364138126373291e-01 -7.432738691568374634e-02 1.540452521294355392e-02
4.211350083351135254e-01 -4.597447067499160767e-02 4.037117585539817810e-02
4.330489337444305420e-01 -4.654970765113830566e-02 6.095809862017631531e-02
4.507900476455688477e-01 -3.673560544848442078e-02 4.644988104701042175e-02
4.552699029445648193e-01 -3.088026493787765503e-02 4.586099460721015930e-02
4.666173458099365234e-01 -3.973771259188652039e-02 5.305778607726097107e-02
4.847985208034515381e-01 -5.609529092907905579e-02 5.885105580091476440e-02
4.801553785800933838e-01 -5.485901981592178345e-02 5.042527988553047180e-02
4.783755242824554443e-01 -6.218708679080009460e-02 5.025110393762588501e-02
4.790763556957244873e-01 -7.277344912290573120e-02 5.563020333647727966e-02
4.704450666904449463e-01 -6.799870729446411133e-02 4.700237140059471130e-02
4.548096954822540283e-01 -6.900691241025924683e-02 4.033462330698966980e-02
4.517874121665954590e-01 -8.722161501646041870e-02 3.849216923117637634e-02
4.434078037738800049e-01 -1.070103943347930908e-01 3.525017574429512024e-02
4.464693665504455566e-01 -1.333205997943878174e-01 2.031392045319080353e-02
4.182285368442535400e-01 -1.485789120197296143e-01 2.895645424723625183e-02
3.854808509349822998e-01 -2.164748162031173706e-01 3.389768302440643311e-02
3.967961072921752930e-01 -2.593742012977600098e-01 5.660799145698547363e-02
3.707142770290374756e-01 -2.788054347038269043e-01 7.123635709285736084e-02
2.776797115802764893e-01 -3.602297008037567139e-01 7.880131155252456665e-02
3.438493013381958008e-01 -3.625630736351013184e-01 1.526581645011901855e-01
3.906468749046325684e-01 -3.892252445220947266e-01 2.166735976934432983e-01
3.451039195060729980e-01 -4.310248196125030518e-01 1.886970698833465576e-01
3.248456418514251709e-01 -4.216270446777343750e-01 1.586852967739105225e-01
2.844131290912628174e-01 -3.917619287967681885e-01 2.035692632198333740e-01
2.075448483228683472e-01 -4.188000857830047607e-01 2.756286263465881348e-01
1.868302375078201294e-01 -4.645208120346069336e-01 3.345567286014556885e-01
1.389153003692626953e-01 -4.508595168590545654e-01 4.075877070426940918e-01
1.368924975395202637e-01 -3.972225487232208252e-01 4.843109548091888428e-01
8.703559637069702148e-02 -3.478730320930480957e-01 5.264273285865783691e-01
1.383329089730978012e-02 -3.014295697212219238e-01 5.757080912590026855e-01
3.048804588615894318e-03 -1.988384276628494263e-01 5.815110802650451660e-01
2.265234664082527161e-02 -1.726585328578948975e-01 5.973532795906066895e-01
1.778437569737434387e-02 -1.307124495506286621e-01 5.701736211776733398e-01
5.468853935599327087e-02 -1.029855608940124512e-01 5.789178609848022461e-01
4.064152762293815613e-02 -7.409635186195373535e-02 6.121821999549865723e-01
2.989090420305728912e-02 -6.535732746124267578e-02 6.481496691703796387e-01
5.145692732185125351e-03 -7.332509011030197144e-02 6.600032448768615723e-01
-8.231693878769874573e-03 -4.825900495052337646e-02 6.869536042213439941e-01
1.499716774560511112e-03 -5.018005892634391785e-02 7.502814531326293945e-01
-2.478127926588058472e-02 -6.105709448456764221e-02 7.774822115898132324e-01
-3.344630450010299683e-02 -3.543959185481071472e-02 8.132421970367431641e-01
1.383148715831339359e-03 1.830244995653629303e-02 8.341554403305053711e-01
-5.095491185784339905e-02 2.407600358128547668e-02 8.637683391571044922e-01
-8.445463329553604126e-02 3.995538130402565002e-02 8.965522646903991699e-01
-4.483989253640174866e-02 5.317722633481025696e-02 9.024102091789245605e-01
-2.930283918976783752e-02 5.771106109023094177e-02 8.627483248710632324e-01
-2.737488597631454468e-02 4.841642454266548157e-02 8.629558682441711426e-01
-2.621888183057308197e-02 6.176251545548439026e-02 8.696711659431457520e-01
-1.733263209462165833e-02 9.421929717063903809e-02 8.723539710044860840e-01
-2.597462758421897888e-02 1.008514463901519775e-01 8.783898353576660156e-01
-2.308388613164424896e-02 1.195463165640830994e-01 9.046990275382995605e-01
-5.311084911227226257e-02 1.135755479335784912e-01 9.432470798492431641e-01
-3.557478263974189758e-02 1.181532666087150574e-01 9.535032510757446289e-01
-5.114902928471565247e-02 1.077564135193824768e-01 9.724927544593811035e-01
-2.991441823542118073e-02 1.302804052829742432e-01 9.818945527076721191e-01
-5.115908384323120117e-02 1.097762212157249451e-01 1.006568312644958496e+00
-4.476868733763694763e-02 1.069583892822265625e-01 1.017133235931396484e+00
-2.450209576636552811e-03 1.289150267839431763e-01 1.031841516494750977e+00
-6.199730094522237778e-03 1.269010156393051147e-01 1.034076452255249023e+00
-3.058819286525249481e-02 1.257441341876983643e-01 1.047402262687683105e+00
-7.698773592710494995e-02 7.653374969959259033e-02 1.045497655868530273e+00
-8.503443002700805664e-02 8.842334896326065063e-02 1.055530071258544922e+00
-5.003627762198448181e-02 8.994396775960922241e-02 1.111627578735351562e+00
-6.228918954730033875e-02 1.085729077458381653e-01 1.117700576782226562e+00
-7.588076591491699219e-02 1.224668845534324646e-01 1.097100138664245605e+00
-5.418742820620536804e-02 1.280436515808105469e-01 1.116700530052185059e+00
-8.212159574031829834e-02 1.615834981203079224e-01 1.059407472610473633e+00
-9.246465563774108887e-02 1.944490671157836914e-01 1.008737683296203613e+00
-7.935646921396255493e-02 2.001352310180664062e-01 9.912691116333007812e-01
-8.481307327747344971e-02 1.825370639562606812e-01 9.890671968460083008e-01
-9.928434342145919800e-02 1.655717343091964722e-01 9.985252618789672852e-01
-7.499320060014724731e-02 1.899295002222061157e-01 9.817613363265991211e-01
-9.286475926637649536e-02 1.895201206207275391e-01 9.627844691276550293e-01
-8.786908537149429321e-02 1.886358410120010376e-01 9.483492374420166016e-01
-1.153002828359603882e-01 1.707170605659484863e-01 9.031296968460083008e-01
-8.176893740892410278e-02 1.451276391744613647e-01 8.911780714988708496e-01
-7.083528488874435425e-02 1.284933537244796753e-01 9.286577105522155762e-01
-9.507127106189727783e-02 1.404944062232971191e-01 9.011901617050170898e-01
-1.267912983894348145e-01 1.415499448776245117e-01 8.909985423088073730e-01
-1.409538090229034424e-01 1.408713608980178833e-01 8.414447307586669922e-01
-1.281470060348510742e-01 1.582824438810348511e-01 8.070326447486877441e-01
-1.001601740717887878e-01 1.470933109521865845e-01 7.305925488471984863e-01
-1.036898419260978699e-01 1.481228321790695190e-01 7.354025840759277344e-01
-1.055142059922218323e-01 1.448868662118911743e-01 7.366908192634582520e-01
-1.108224689960479736e-01 1.403387188911437988e-01 7.327412366867065430e-01
-1.327391415834426880e-01 1.403550356626510620e-01 7.307763695716857910e-01
-1.694799512624740601e-01 1.672107130289077759e-01 7.111170291900634766e-01
-1.299876421689987183e-01 1.549334228038787842e-01 7.136298418045043945e-01
-1.175735741853713989e-01 1.473223119974136353e-01 7.151035070419311523e-01
-9.210357815027236938e-02 1.450386643409729004e-01 6.826962232589721680e-01
-1.232914254069328308e-01 1.338481307029724121e-01 7.241578102111816406e-01
-1.492297500371932983e-01 1.439376622438430786e-01 7.400900721549987793e-01
-1.243371739983558655e-01 1.621472835540771484e-01 7.320410609245300293e-01
-1.538010537624359131e-01 1.411945819854736328e-01 7.383425235748291016e-01
-1.089303791522979736e-01 1.577440500259399414e-01 8.223259449005126953e-01
-9.073544293642044067e-02 1.413168013095855713e-01 8.214171528816223145e-01
-6.600365787744522095e-02 1.314940750598907471e-01 7.975246310234069824e-01
-3.304850310087203979e-02 1.379443556070327759e-01 7.930790781974792480e-01
-3.662613034248352051e-02 1.156043335795402527e-01 8.454430699348449707e-01
-5.165755748748779297e-02 1.261633783578872681e-01 8.683830499649047852e-01
-6.680379062891006470e-02 1.388953626155853271e-01 8.390474319458007812e-01
-7.513592392206192017e-02 1.191877126693725586e-01 8.054739832878112793e-01
-1.005259603261947632e-01 1.222337856888771057e-01 8.041741847991943359e-01
-1.007877588272094727e-01 1.379278004169464111e-01 7.855171561241149902e-01
-7.690411061048507690e-02 1.409324258565902710e-01 7.884706258773803711e-01
-5.598950386047363281e-02 1.095007359981536865e-01 8.062980175018310547e-01
-3.231902420520782471e-02 1.336413323879241943e-01 8.525338172912597656e-01
-7.722210139036178589e-02 1.623378396034240723e-01 8.379416465759277344e-01
-8.059187233448028564e-02 1.788239777088165283e-01 8.874523639678955078e-01
-4.143330827355384827e-02 1.469560712575912476e-01 8.889909386634826660e-01
-2.513760328292846680e-02 1.299051195383071899e-01 8.872980475425720215e-01
-4.945915937423706055e-02 1.243024617433547974e-01 9.084580540657043457e-01
-6.531948596239089966e-02 9.151640534400939941e-02 9.260910749435424805e-01
-7.024818658828735352e-02 7.826994359493255615e-02 9.076402187347412109e-01
-6.222245097160339355e-02 9.775856137275695801e-02 9.158042669296264648e-01
-9.249527752399444580e-02 9.689756482839584351e-02 9.586369395256042480e-01
-1.179951652884483337e-01 1.024627909064292908e-01 9.591410160064697266e-01
-9.472195804119110107e-02 8.853527158498764038e-02 9.356917142868041992e-01
-7.451379299163818359e-02 9.439615160226821899e-02 9.608398079872131348e-01
-1.179880872368812561e-01 1.161625161767005920e-01 9.090362191200256348e-01
-1.119859367609024048e-01 1.285219490528106689e-01 9.356092214584350586e-01
-7.588258385658264160e-02 1.121185198426246643e-01 1.005180478096008301e+00
-8.927677571773529053e-02 1.045548468828201294e-01 9.387280941009521484e-01
-9.730177372694015503e-02 1.040282696485519409e-01 9.101375341415405273e-01
-9.762322157621383667e-02 9.605991095304489136e-02 8.857823610305786133e-01
-7.287755608558654785e-02 9.895725548267364502e-02 8.968249559402465820e-01
-9.657310694456100464e-02 9.357067942619323730e-02 8.887481689453125000e-01
-9.997866302728652954e-02 8.264213800430297852e-02 8.247188329696655273e-01
-4.962952062487602234e-02 7.463765889406204224e-02 7.998542189598083496e-01
-2.387000434100627899e-02 7.719805091619491577e-02 7.960916161537170410e-01
-2.376745082437992096e-02 7.401315122842788696e-02 7.642650604248046875e-01
-7.178800646215677261e-03 7.706590741872787476e-02 7.591831088066101074e-01
2.580344490706920624e-02 7.697501778602600098e-02 7.702751755714416504e-01
2.052743546664714813e-02 7.289122045040130615e-02 7.617101073265075684e-01
1.341973897069692612e-02 7.118448615074157715e-02 7.642164230346679688e-01
-2.666020591277629137e-04 7.746109366416931152e-02 7.831041216850280762e-01
-1.593310758471488953e-02 7.624576985836029053e-02 7.913817763328552246e-01
-1.359270885586738586e-02 7.643330842256546021e-02 8.095830678939819336e-01
-1.805934309959411621e-02 8.332879096269607544e-02 7.640893459320068359e-01
-2.483694441616535187e-02 7.882440090179443359e-02 7.193874716758728027e-01
-1.978863216936588287e-02 7.810421288013458252e-02 6.877111196517944336e-01
-5.982354748994112015e-03 7.888496667146682739e-02 6.944384574890136719e-01
-2.981563471257686615e-02 7.447042316198348999e-02 7.127906084060668945e-01
-1.167866364121437073e-01 4.929135367274284363e-02 6.926825642585754395e-01
-2.092840820550918579e-01 7.316236943006515503e-02 6.708686351776123047e-01
-2.355346679687500000e-01 8.515579998493194580e-02 6.369772553443908691e-01
-1.955713778734207153e-01 7.694178819656372070e-02 6.094728708267211914e-01
-2.239859253168106079e-01 3.406067192554473877e-02 5.453583598136901855e-01
-2.230143994092941284e-01 2.721695043146610260e-02 5.280890464782714844e-01
-2.007930129766464233e-01 6.175186857581138611e-02 5.469268560409545898e-01
-2.490581423044204712e-01 9.713765233755111694e-02 4.990008175373077393e-01
-3.343079686164855957e-01 1.026312187314033508e-01 3.712069690227508545e-01
-3.854935467243194580e-01 9.436251223087310791e-02 2.965551316738128662e-01
-3.609071075916290283e-01 7.815705984830856323e-02 2.521430552005767822e-01
-3.517306149005889893e-01 4.443232342600822449e-02 2.827629148960113525e-01
-3.402086496353149414e-01 2.235342562198638916e-02 2.799696624279022217e-01
-3.582546710968017578e-01 -3.160883486270904541e-02 2.724445462226867676e-01
-3.835920393466949463e-01 -1.008583381772041321e-01 2.158812582492828369e-01
-4.362019896507263184e-01 -1.563720256090164185e-01 2.546270489692687988e-01
-4.660957157611846924e-01 -1.601124405860900879e-01 1.619768738746643066e-01
-5.424270033836364746e-01 -1.402024179697036743e-01 5.995026975870132446e-02
-5.155252218246459961e-01 -1.337621361017227173e-01 2.793834358453750610e-02
-4.846459925174713135e-01 -1.265842318534851074e-01 1.089820861816406250e-01
-4.606642723083496094e-01 -1.376408040523529053e-01 1.790959089994430542e-01
-3.756807446479797363e-01 -1.362994909286499023e-01 1.472855508327484131e-01
-2.875962555408477783e-01 -1.136882156133651733e-01 2.066392600536346436e-01
-2.631001174449920654e-01 -1.094927117228507996e-01 2.449637502431869507e-01
-2.278902977705001831e-01 -1.235396340489387512e-01 2.921476364135742188e-01
-2.381178587675094604e-01 -9.369610249996185303e-02 3.151463568210601807e-01
-2.083210945129394531e-01 -3.882601484656333923e-02 3.971382975578308105e-01
-2.217728048563003540e-01 -1.889693178236484528e-02 4.012921154499053955e-01
-3.629796504974365234e-01 -4.709649085998535156e-02 3.868102133274078369e-01
-4.170071780681610107e-01 -8.722908049821853638e-02 3.805709183216094971e-01
-4.728089570999145508e-01 -1.364058554172515869e-01 3.185220360755920410e-01
-5.167769193649291992e-01 -1.328941136598587036e-01 2.850997149944305420e-01
-4.631282389163970947e-01 -8.886981755495071411e-02 2.465411126613616943e-01
-4.029819667339324951e-01 -7.499891519546508789e-02 2.462483346462249756e-01
-4.142697751522064209e-01 -6.929261237382888794e-02 2.164544612169265747e-01
-4.240074157714843750e-01 -6.422752887010574341e-02 2.193062454462051392e-01
-4.310026764869689941e-01 -5.547250434756278992e-02 2.430629134178161621e-01
-4.531839489936828613e-01 -3.840672597289085388e-02 2.430282533168792725e-01
-4.978989064693450928e-01 -5.437305942177772522e-02 2.448720932006835938e-01
-5.138735771179199219e-01 -6.593380868434906006e-02 2.792334258556365967e-01
-5.254113674163818359e-01 -7.310079038143157959e-02 2.706506848335266113e-01
-5.532831549644470215e-01 -8.730309456586837769e-02 2.409853041172027588e-01
-5.631769299507141113e-01 -8.118169754743576050e-02 2.361186891794204712e-01
-5.471370220184326172e-01 -8.951292186975479126e-02 2.444566935300827026e-01
-5.919424891471862793e-01 -1.183693408966064453e-01 2.649574279785156250e-01
-6.311458349227905273e-01 -1.102939918637275696e-01 2.357309311628341675e-01
-6.602488160133361816e-01 -1.292017698287963867e-01 2.178385406732559204e-01
-6.550183892250061035e-01 -1.053200438618659973e-01 2.189342230558395386e-01
-7.096750140190124512e-01 -1.572237163782119751e-01 1.761423498392105103e-01
-7.404808998107910156e-01 -1.863527446985244751e-01 1.570195704698562622e-01
-7.653580307960510254e-01 -1.942653208971023560e-01 1.513898670673370361e-01
-7.777705788612365723e-01 -2.101382166147232056e-01 1.367615759372711182e-01
-7.929560542106628418e-01 -2.334943860769271851e-01 1.601366400718688965e-01
-7.747859358787536621e-01 -2.232136577367782593e-01 1.770165264606475830e-01
-7.213498353958129883e-01 -1.620663404464721680e-01 2.139479219913482666e-01
-7.094711065292358398e-01 -1.808228641748428345e-01 1.919866651296615601e-01
-7.758318185806274414e-01 -2.165999263525009155e-01 1.688257902860641479e-01
-7.912791967391967773e-01 -2.361417412757873535e-01 1.467838883399963379e-01
-7.554437518119812012e-01 -2.183039784431457520e-01 1.531069129705429077e-01
-7.351853847503662109e-01 -2.084521502256393433e-01 1.619145423173904419e-01
-7.304794192314147949e-01 -2.127265483140945435e-01 1.680968403816223145e-01
-7.283219099044799805e-01 -2.093644887208938599e-01 1.807343065738677979e-01
-6.300880908966064453e-01 -1.230232715606689453e-01 2.510253489017486572e-01
-6.308641433715820312e-01 -1.183179169893264771e-01 2.135040611028671265e-01
-7.200084328651428223e-01 -1.802175790071487427e-01 1.514814049005508423e-01
-7.712166309356689453e-01 -2.152090966701507568e-01 1.292238086462020874e-01
-8.144301176071166992e-01 -2.285266220569610596e-01 1.641324162483215332e-01
-7.712903618812561035e-01 -2.071508169174194336e-01 2.086175680160522461e-01
-6.069154143333435059e-01 -1.228116825222969055e-01 2.407823503017425537e-01
-6.284025311470031738e-01 -1.313714832067489624e-01 1.697172969579696655e-01
-6.789360642433166504e-01 -1.669095754623413086e-01 1.362030059099197388e-01
-6.679788827896118164e-01 -1.773652434349060059e-01 1.593967229127883911e-01
-5.686076283454895020e-01 -1.268384754657745361e-01 2.016587108373641968e-01
-5.313242077827453613e-01 -7.586377114057540894e-02 2.176712155342102051e-01
-5.171751976013183594e-01 -5.756737664341926575e-02 2.234211862087249756e-01
-4.857175052165985107e-01 -4.445420578122138977e-02 2.263699769973754883e-01
-5.645840167999267578e-01 -9.774016588926315308e-02 2.048971503973007202e-01
-6.819652318954467773e-01 -1.495621502399444580e-01 1.503490507602691650e-01
-6.477581262588500977e-01 -1.900442838668823242e-01 1.607587635517120361e-01
-5.958611965179443359e-01 -1.872380226850509644e-01 1.364948153495788574e-01
-5.542722344398498535e-01 -1.717122942209243774e-01 1.975524872541427612e-01
-4.410493373870849609e-01 -5.017975717782974243e-02 2.828551232814788818e-01
-2.712118029594421387e-01 4.612642899155616760e-02 3.897516429424285889e-01
-2.623283863067626953e-01 4.227496683597564697e-02 4.097915887832641602e-01
-3.650475442409515381e-01 -4.668755456805229187e-03 3.018677532672882080e-01
-3.890456259250640869e-01 -3.472303226590156555e-02 2.830773591995239258e-01
-3.433054685592651367e-01 -3.466999903321266174e-02 3.775439262390136719e-01
-3.843298852443695068e-01 -3.395402804017066956e-02 3.464681208133697510e-01
-4.364953935146331787e-01 -7.585453242063522339e-02 2.737729847431182861e-01
-5.375378727912902832e-01 -1.446982771158218384e-01 2.967143654823303223e-01
-6.759204864501953125e-01 -2.572534084320068359e-01 1.477311104536056519e-01
-6.454730033874511719e-01 -2.282979935407638550e-01 9.794192016124725342e-02
-5.425326228141784668e-01 -1.792180091142654419e-01 1.240204498171806335e-01
-5.676741600036621094e-01 -1.874271929264068604e-01 1.143521144986152649e-01
-5.779218077659606934e-01 -2.160393148660659790e-01 1.632370203733444214e-01
-5.810015797615051270e-01 -1.653832942247390747e-01 1.865855604410171509e-01
-6.072455644607543945e-01 -2.181485146284103394e-01 1.810294687747955322e-01
-6.183809638023376465e-01 -2.102999240159988403e-01 2.111158221960067749e-01
-6.219980716705322266e-01 -2.420493364334106445e-01 1.946562975645065308e-01
-6.351064443588256836e-01 -2.591393291950225830e-01 1.393105089664459229e-01
-6.047404408454895020e-01 -2.353729754686355591e-01 8.365799486637115479e-02
-5.498650074005126953e-01 -2.006196081638336182e-01 7.005564868450164795e-02
-4.446518719196319580e-01 -1.355098783969879150e-01 1.004790738224983215e-01
-2.930119931697845459e-01 -6.012728810310363770e-02 2.044917345046997070e-01
-2.037121653556823730e-01 3.170925378799438477e-02 4.399950206279754639e-01
-2.150390855967998505e-02 1.402686834335327148e-01 6.310017108917236328e-01
-1.488755177706480026e-02 1.550199538469314575e-01 6.495081186294555664e-01
-5.831620097160339355e-02 1.469409912824630737e-01 6.471242308616638184e-01
-2.021467313170433044e-02 1.761790812015533447e-01 6.692208647727966309e-01
-1.692045107483863831e-02 1.912981122732162476e-01 6.848838329315185547e-01
-1.324788015335798264e-02 2.035644352436065674e-01 7.042796015739440918e-01
1.071481034159660339e-02 2.236522883176803589e-01 7.214475870132446289e-01
1.495389360934495926e-02 2.326541692018508911e-01 7.316834330558776855e-01
1.515446789562702179e-02 2.400026023387908936e-01 7.249414920806884766e-01
1.731286570429801941e-02 2.410163283348083496e-01 7.277917265892028809e-01
1.353869866579771042e-02 2.405337244272232056e-01 7.277868390083312988e-01
1.289544627070426941e-02 2.365906834602355957e-01 7.288341522216796875e-01
8.594702929258346558e-03 2.354787588119506836e-01 7.140569090843200684e-01
8.303360082209110260e-04 2.288727462291717529e-01 6.968078613281250000e-01
-1.349445618689060211e-02 2.204930931329727173e-01 6.725209951400756836e-01
-6.368518806993961334e-03 2.202021181583404541e-01 6.803068518638610840e-01
-1.739155687391757965e-02 2.123173177242279053e-01 6.659144163131713867e-01
-2.462569624185562134e-02 2.009136229753494263e-01 6.549828052520751953e-01
-2.830962650477886200e-02 1.979809403419494629e-01 6.468169689178466797e-01
-2.301869727671146393e-02 2.022605985403060913e-01 6.584370136260986328e-01
-2.294341474771499634e-02 2.061731517314910889e-01 6.656208038330078125e-01
-1.573580130934715271e-02 2.131884098052978516e-01 6.635349988937377930e-01
-2.207175455987453461e-02 2.033269852399826050e-01 6.600760817527770996e-01
-2.166730165481567383e-02 2.058512568473815918e-01 6.579569578170776367e-01
-3.220126032829284668e-02 2.016369998455047607e-01 6.497956514358520508e-01
-2.523941546678543091e-02 2.018289864063262939e-01 6.550460457801818848e-01
-2.710062079131603241e-02 1.996848285198211670e-01 6.513249278068542480e-01
-2.855814062058925629e-02 1.968523114919662476e-01 6.513277888298034668e-01
-3.101883828639984131e-02 1.972103565931320190e-01 6.463361382484436035e-01
-3.585208579897880554e-02 1.942514032125473022e-01 6.387205719947814941e-01
-3.746407851576805115e-02 1.948263049125671387e-01 6.328336596488952637e-01
-3.688351809978485107e-02 1.910120993852615356e-01 6.342990398406982422e-01
-3.325475379824638367e-02 1.887516230344772339e-01 6.376634240150451660e-01
-3.850938007235527039e-02 1.883558183908462524e-01 6.278461217880249023e-01
-4.156903177499771118e-02 1.853315383195877075e-01 6.253266930580139160e-01
-4.420548677444458008e-02 1.845516860485076904e-01 6.173546910285949707e-01
-4.319398850202560425e-02 1.815291941165924072e-01 6.189696788787841797e-01
-3.994525223970413208e-02 1.828803420066833496e-01 6.211097836494445801e-01
-4.647999629378318787e-02 1.824383288621902466e-01 6.151808500289916992e-01
-5.402799323201179504e-02 1.788601130247116089e-01 6.053014397621154785e-01
-6.351612508296966553e-02 1.678111404180526733e-01 5.986504554748535156e-01
-5.719000473618507385e-02 1.692795008420944214e-01 5.962479710578918457e-01
-6.529238820075988770e-02 1.691335290670394897e-01 5.888662338256835938e-01
-6.599609553813934326e-02 1.684326529502868652e-01 5.968800187110900879e-01
-6.467294692993164062e-02 1.731994152069091797e-01 6.059060692787170410e-01
-4.953717067837715149e-02 1.836352497339248657e-01 6.293849945068359375e-01
-4.955305159091949463e-02 1.916100084781646729e-01 6.446956992149353027e-01
-3.666805475950241089e-02 2.127557098865509033e-01 6.703317761421203613e-01
-2.563882060348987579e-02 2.140235155820846558e-01 6.960385441780090332e-01
-1.729805953800678253e-02 2.193822562694549561e-01 7.133773565292358398e-01
-1.526948530226945877e-02 2.176875919103622437e-01 7.300221920013427734e-01
-1.293473783880472183e-02 2.217528671026229858e-01 7.357285022735595703e-01
-1.324912253767251968e-02 2.209924310445785522e-01 7.452810406684875488e-01
-9.190521202981472015e-03 2.265146076679229736e-01 7.468150854110717773e-01
-1.977922860532999039e-03 2.256138473749160767e-01 7.619872689247131348e-01
-2.288162708282470703e-03 2.257316559553146362e-01 7.623654603958129883e-01
-4.441822879016399384e-03 2.230761498212814331e-01 7.568564414978027344e-01
-2.535653766244649887e-03 2.251168489456176758e-01 7.565246224403381348e-01
-1.868390012532472610e-03 2.273442745208740234e-01 7.571715712547302246e-01
5.950936611043289304e-05 2.281965762376785278e-01 7.595498561859130859e-01
1.823651953600347042e-03 2.317409217357635498e-01 7.658026218414306641e-01
6.810190971009433270e-04 2.285077571868896484e-01 7.685337066650390625e-01
7.009487599134445190e-03 2.360809147357940674e-01 7.703427076339721680e-01
8.536065928637981415e-03 2.375481575727462769e-01 7.739655971527099609e-01
1.005264557898044586e-02 2.376108020544052124e-01 7.747974395751953125e-01
1.105172466486692429e-02 2.378230839967727661e-01 7.775983214378356934e-01
1.229050103574991226e-02 2.394197583198547363e-01 7.829671502113342285e-01
1.328838150948286057e-02 2.422494292259216309e-01 7.824952602386474609e-01
1.236790884286165237e-02 2.420708984136581421e-01 7.775484919548034668e-01
1.440525706857442856e-02 2.433780133724212646e-01 7.840013504028320312e-01
1.425511948764324188e-02 2.411333918571472168e-01 7.871681451797485352e-01
1.594875939190387726e-02 2.429676502943038940e-01 7.935330271720886230e-01
1.512913778424263000e-02 2.422338873147964478e-01 7.960699200630187988e-01
1.390240993350744247e-02 2.452810704708099365e-01 7.934535741806030273e-01
1.511252019554376602e-02 2.468089163303375244e-01 8.004935383796691895e-01
1.421632710844278336e-02 2.510964274406433105e-01 8.015996217727661133e-01
1.834728009998798370e-02 2.512283325195312500e-01 8.156346082687377930e-01
2.019494771957397461e-02 2.533054053783416748e-01 8.258730173110961914e-01
1.984651014208793640e-02 2.564039826393127441e-01 8.301199674606323242e-01
2.042088285088539124e-02 2.586253881454467773e-01 8.367626667022705078e-01
2.270821854472160339e-02 2.595930993556976318e-01 8.464881181716918945e-01
2.012047357857227325e-02 2.599342167377471924e-01 8.457780480384826660e-01
2.127300016582012177e-02 2.599197328090667725e-01 8.530611991882324219e-01
2.233791537582874298e-02 2.619020044803619385e-01 8.586043119430541992e-01
2.036436088383197784e-02 2.662689685821533203e-01 8.567733764648437500e-01
2.812807448208332062e-02 2.628861367702484131e-01 8.720313906669616699e-01
2.657563984394073486e-02 2.638859748840332031e-01 8.689464330673217773e-01
2.377313561737537384e-02 2.630450129508972168e-01 8.618467450141906738e-01
2.382102981209754944e-02 2.588281929492950439e-01 8.587762117385864258e-01
2.219870127737522125e-02 2.570758163928985596e-01 8.523620367050170898e-01
1.947438530623912811e-02 2.583788931369781494e-01 8.482794761657714844e-01
2.059084549546241760e-02 2.564871907234191895e-01 8.534296751022338867e-01
1.787909492850303650e-02 2.571790516376495361e-01 8.457859158515930176e-01
1.837602257728576660e-02 2.566034197807312012e-01 8.459002971649169922e-01
2.081701345741748810e-02 2.580989003181457520e-01 8.490425348281860352e-01
1.886780187487602234e-02 2.561463713645935059e-01 8.499141931533813477e-01
1.595243066549301147e-02 2.575908303260803223e-01 8.422444462776184082e-01
1.389463152736425400e-02 2.561497986316680908e-01 8.422477245330810547e-01
1.538259815424680710e-02 2.562661170959472656e-01 8.505945205688476562e-01
1.210587937384843826e-02 2.587878704071044922e-01 8.451981544494628906e-01
6.770276464521884918e-03 2.606151401996612549e-01 8.376407027244567871e-01
1.071585249155759811e-02 2.574548721313476562e-01 8.495966196060180664e-01
1.109962258487939835e-02 2.590060830116271973e-01 8.510198593139648438e-01
1.081337872892618179e-02 2.590927183628082275e-01 8.545846343040466309e-01
1.279598288238048553e-02 2.589205503463745117e-01 8.572654724121093750e-01
1.122048310935497284e-02 2.610486447811126709e-01 8.510553836822509766e-01
9.233777411282062531e-03 2.614437341690063477e-01 8.503975868225097656e-01
1.064987666904926300e-02 2.612478733062744141e-01 8.546741604804992676e-01
9.122754447162151337e-03 2.654309868812561035e-01 8.458191156387329102e-01
1.247686147689819336e-02 2.636088430881500244e-01 8.586750626564025879e-01
1.213954016566276550e-02 2.657619118690490723e-01 8.616053462028503418e-01
1.274996902793645859e-02 2.673416733741760254e-01 8.686391115188598633e-01
1.361948903650045395e-02 2.695790529251098633e-01 8.674426674842834473e-01
1.418641488999128342e-02 2.703485488891601562e-01 8.732568025588989258e-01
1.208675745874643326e-02 2.688095569610595703e-01 8.812736868858337402e-01
1.912071928381919861e-02 2.729025781154632568e-01 8.893961310386657715e-01
1.678178831934928894e-02 2.731388211250305176e-01 8.909140229225158691e-01
1.570503972470760345e-02 2.765591740608215332e-01 8.885362744331359863e-01
1.828171312808990479e-02 2.774582505226135254e-01 8.971921801567077637e-01
1.818017475306987762e-02 2.785160243511199951e-01 8.989697694778442383e-01
1.866768300533294678e-02 2.811826467514038086e-01 9.017974138259887695e-01
2.120111510157585144e-02 2.833218574523925781e-01 9.085613489151000977e-01
1.723090000450611115e-02 2.838519513607025146e-01 9.028569459915161133e-01
1.611945964395999908e-02 2.824595272541046143e-01 9.015530347824096680e-01
9.811758063733577728e-03 2.787478864192962646e-01 8.872131705284118652e-01
8.131517097353935242e-03 2.755118608474731445e-01 8.845170140266418457e-01
9.050951339304447174e-03 2.764050066471099854e-01 8.822637200355529785e-01
6.135926581919193268e-03 2.782824933528900146e-01 8.712126016616821289e-01
4.743100609630346298e-03 2.709808349609375000e-01 8.694733977317810059e-01
-8.098579011857509613e-03 2.586956024169921875e-01 8.420150876045227051e-01
-1.653365604579448700e-02 2.503280043601989746e-01 7.987854480743408203e-01
-2.001995407044887543e-02 2.322343140840530396e-01 7.779699563980102539e-01
-3.838574886322021484e-02 2.091685980558395386e-01 7.406625151634216309e-01
-6.030113250017166138e-02 1.885135471820831299e-01 7.095108628273010254e-01
-8.885880559682846069e-02 1.719088107347488403e-01 6.972684264183044434e-01
-1.417431086301803589e-01 1.410738825798034668e-01 6.635597348213195801e-01
-1.810960918664932251e-01 1.284493654966354370e-01 6.348841190338134766e-01
-1.890241652727127075e-01 1.190759465098381042e-01 6.305887699127197266e-01
-1.961125582456588745e-01 1.034305989742279053e-01 6.246901750564575195e-01
-1.967900395393371582e-01 9.390138834714889526e-02 6.419578790664672852e-01
-1.708799451589584351e-01 9.502424299716949463e-02 6.798947453498840332e-01
-1.276565939188003540e-01 9.315005689859390259e-02 7.003871798515319824e-01
-1.684253364801406860e-01 5.271732807159423828e-02 6.376315355300903320e-01
-2.469004690647125244e-01 1.694486360065639019e-03 5.229212045669555664e-01
-2.985216081142425537e-01 -1.896259747445583344e-02 4.700987637042999268e-01
-3.921579718589782715e-01 -7.235449552536010742e-02 3.528456687927246094e-01
-5.012257099151611328e-01 -1.510487943887710571e-01 2.292843163013458252e-01
-5.581479072570800781e-01 -1.650578826665878296e-01 1.659269034862518311e-01
-5.027374625205993652e-01 -1.488672345876693726e-01 1.720860302448272705e-01
-4.562211930751800537e-01 -1.473748236894607544e-01 1.908539533615112305e-01
-4.378513693809509277e-01 -1.147913560271263123e-01 2.226204425096511841e-01
-4.424952864646911621e-01 -1.216591596603393555e-01 2.547635734081268311e-01
-4.681471884250640869e-01 -1.370409429073333740e-01 2.389562577009201050e-01
-4.969975054264068604e-01 -1.544175893068313599e-01 2.393371313810348511e-01
-4.747426807880401611e-01 -1.566589325666427612e-01 3.013445436954498291e-01
-4.481582641601562500e-01 -1.308603137731552124e-01 2.992875874042510986e-01
-4.470003843307495117e-01 -1.086734160780906677e-01 2.428495138883590698e-01
-4.184204041957855225e-01 -1.193536818027496338e-01 2.725382149219512939e-01
-4.166821837425231934e-01 -1.335677653551101685e-01 2.966405451297760010e-01
-4.184061288833618164e-01 -1.347749084234237671e-01 3.167105615139007568e-01
-4.335395395755767822e-01 -1.392022669315338135e-01 2.823852896690368652e-01
-4.061859548091888428e-01 -1.792499870061874390e-01 3.240580856800079346e-01
-3.983869254589080811e-01 -1.830240190029144287e-01 3.152297437191009521e-01
-3.983461260795593262e-01 -1.719300001859664917e-01 2.676988840103149414e-01
-4.180321097373962402e-01 -1.622700393199920654e-01 2.073642164468765259e-01
-4.293007254600524902e-01 -1.557477712631225586e-01 1.908904016017913818e-01
-4.098449051380157471e-01 -1.538605988025665283e-01 2.266653776168823242e-01
-4.243725836277008057e-01 -1.356405168771743774e-01 1.974866688251495361e-01
-4.353458881378173828e-01 -1.188521906733512878e-01 1.727580577135086060e-01
-3.888359665870666504e-01 -6.432493776082992554e-02 2.438860833644866943e-01
-4.372198879718780518e-01 -7.785280048847198486e-02 2.483781725168228149e-01
-5.677027702331542969e-01 -1.648267060518264771e-01 2.172945737838745117e-01
-5.646175742149353027e-01 -1.587601304054260254e-01 1.681282967329025269e-01
-5.806019306182861328e-01 -1.421254128217697144e-01 1.957055181264877319e-01
-5.965496897697448730e-01 -1.639600247144699097e-01 2.185247838497161865e-01
-5.701912641525268555e-01 -1.501011550426483154e-01 1.880745291709899902e-01
-5.315065383911132812e-01 -1.276468932628631592e-01 1.729140728712081909e-01
-5.336726903915405273e-01 -1.179488897323608398e-01 1.266193985939025879e-01
-4.953460693359375000e-01 -1.182902008295059204e-01 6.246421486139297485e-02
-5.040551424026489258e-01 -1.194592192769050598e-01 6.581462174654006958e-02
-5.343578457832336426e-01 -1.363351494073867798e-01 1.000296771526336670e-01
-4.862760305404663086e-01 -1.094404682517051697e-01 6.904944777488708496e-02
-5.186870098114013672e-01 -1.347951889038085938e-01 7.495538890361785889e-02
-5.137479901313781738e-01 -1.315059810876846313e-01 1.072512790560722351e-01
-4.479863941669464111e-01 -8.228143304586410522e-02 8.824887126684188843e-02
-4.752784371376037598e-01 -9.894320368766784668e-02 8.789910376071929932e-02
-4.851707518100738525e-01 -9.622225910425186157e-02 1.060708314180374146e-01
-5.142511129379272461e-01 -1.137590184807777405e-01 1.198047250509262085e-01
-4.682796597480773926e-01 -9.498682618141174316e-02 1.116712465882301331e-01
-4.086645841598510742e-01 -8.064081519842147827e-02 1.273746192455291748e-01
-3.811161220073699951e-01 -8.289932459592819214e-02 6.036854907870292664e-02
-4.242628812789916992e-01 -1.072818487882614136e-01 6.215478107333183289e-02
-4.498371481895446777e-01 -1.195480152964591980e-01 1.021804660558700562e-01
-4.481802880764007568e-01 -1.107702329754829407e-01 9.195525199174880981e-02
-4.124291241168975830e-01 -9.538105875253677368e-02 6.946974247694015503e-02
-3.991224765777587891e-01 -9.821107238531112671e-02 4.482640698552131653e-02
-3.934696018695831299e-01 -9.833110123872756958e-02 2.759402245283126831e-02
-3.928141295909881592e-01 -9.431751817464828491e-02 3.460920974612236023e-02
-4.013924300670623779e-01 -1.030074208974838257e-01 4.124311357736587524e-02
-4.224230349063873291e-01 -1.242485567927360535e-01 6.337213516235351562e-02
-4.342378377914428711e-01 -1.201836764812469482e-01 9.852775931358337402e-02
-3.924682736396789551e-01 -1.330327540636062622e-01 1.435240656137466431e-01
-3.230594992637634277e-01 -1.598878055810928345e-01 2.034840136766433716e-01
-2.701081037521362305e-01 -1.804886907339096069e-01 2.668911218643188477e-01
-2.486094981431961060e-01 -1.726771593093872070e-01 3.021902740001678467e-01
-2.414605468511581421e-01 -2.028257548809051514e-01 2.582455277442932129e-01
-1.936185806989669800e-01 -2.183553725481033325e-01 2.481165081262588501e-01
-1.500648856163024902e-01 -1.735205203294754028e-01 2.568221986293792725e-01
-1.468130797147750854e-01 -1.623698920011520386e-01 2.960166931152343750e-01
-1.815362572669982910e-01 -1.816967725753784180e-01 2.851973176002502441e-01
-1.705569773912429810e-01 -2.202845662832260132e-01 2.528045177459716797e-01
-1.135780215263366699e-01 -2.073429822921752930e-01 2.446433454751968384e-01
-7.022494822740554810e-02 -1.922497600317001343e-01 2.914276421070098877e-01
-4.210294038057327271e-02 -1.395586580038070679e-01 3.789186477661132812e-01
-4.152131080627441406e-02 -9.349270910024642944e-02 4.225288629531860352e-01
-9.560544043779373169e-02 -1.151425689458847046e-01 4.393019676208496094e-01
-6.872609257698059082e-02 -1.595150977373123169e-01 4.576331377029418945e-01
-6.825543940067291260e-02 -1.324788779020309448e-01 5.759422779083251953e-01
-2.991894260048866272e-02 -7.296273112297058105e-02 6.854988932609558105e-01
2.891218289732933044e-03 -2.999193221330642700e-02 7.184465527534484863e-01
7.255113124847412109e-02 -1.778613030910491943e-02 6.874096393585205078e-01
7.198140770196914673e-02 6.180486828088760376e-02 7.237988114356994629e-01
5.661054700613021851e-02 1.287277042865753174e-01 7.688041925430297852e-01
5.130542814731597900e-02 1.103833019733428955e-01 8.162840604782104492e-01
4.440482333302497864e-02 1.049635931849479675e-01 9.027144908905029297e-01
4.898317158222198486e-02 1.823541671037673950e-01 9.195449948310852051e-01
4.978144541382789612e-02 1.868753880262374878e-01 8.886944055557250977e-01
4.030387103557586670e-02 1.993386000394821167e-01 8.877711892127990723e-01
5.448359623551368713e-02 2.440247833728790283e-01 8.850911855697631836e-01
2.805022522807121277e-03 2.323395609855651855e-01 8.260086178779602051e-01
1.290901005268096924e-02 1.891945898532867432e-01 8.167043328285217285e-01
1.914465054869651794e-02 2.130348682403564453e-01 8.060941100120544434e-01
-2.609519474208354950e-02 1.934997141361236572e-01 7.807258963584899902e-01
7.175435777753591537e-03 2.353158146142959595e-01 7.144032716751098633e-01
7.065500319004058838e-02 2.517987191677093506e-01 7.060080170631408691e-01
5.429246276617050171e-02 2.427027374505996704e-01 7.018622159957885742e-01
5.700644478201866150e-02 2.649209797382354736e-01 7.322162389755249023e-01
4.456919431686401367e-02 2.560789883136749268e-01 7.077566385269165039e-01
-4.426420200616121292e-03 2.510499358177185059e-01 7.675592303276062012e-01
-5.851758643984794617e-02 2.451250106096267700e-01 8.134294748306274414e-01
-4.528295993804931641e-02 2.350047230720520020e-01 6.549711227416992188e-01
-5.951067432761192322e-02 2.436835169792175293e-01 6.406460404396057129e-01
-6.875304132699966431e-02 2.332315891981124878e-01 7.463803291320800781e-01
-7.675829529762268066e-02 2.529042661190032959e-01 8.603103756904602051e-01
-1.331740524619817734e-02 2.854093909263610840e-01 9.609416127204895020e-01
4.351577255874872208e-03 2.879397571086883545e-01 9.943768382072448730e-01
6.171558517962694168e-03 2.725654244422912598e-01 9.750130772590637207e-01
1.901191845536231995e-02 2.935234010219573975e-01 9.247516989707946777e-01
1.692616194486618042e-02 2.814818918704986572e-01 9.151671528816223145e-01
-4.732155799865722656e-02 2.750251591205596924e-01 8.588455915451049805e-01
-2.869630604982376099e-02 2.956304550170898438e-01 9.687715768814086914e-01
-6.865968555212020874e-02 2.655777931213378906e-01 9.393327832221984863e-01
-2.822487615048885345e-02 2.758393585681915283e-01 8.644129037857055664e-01
-4.127995297312736511e-02 2.751308381557464600e-01 8.002363443374633789e-01
-1.049140319228172302e-01 2.685450017452239990e-01 8.096797466278076172e-01
-1.689818948507308960e-01 2.632128894329071045e-01 7.164554595947265625e-01
-1.812509000301361084e-01 2.339916080236434937e-01 6.819451451301574707e-01
-1.630761921405792236e-01 2.249576896429061890e-01 6.844843626022338867e-01
-1.065039932727813721e-01 2.240943014621734619e-01 7.154124379158020020e-01
-7.574017345905303955e-02 2.040129601955413818e-01 7.543841600418090820e-01
-2.089322358369827271e-02 2.167719751596450806e-01 8.172990083694458008e-01
-7.053661346435546875e-02 1.946141272783279419e-01 7.416328787803649902e-01
-1.166029274463653564e-01 1.821726858615875244e-01 7.500211000442504883e-01
-1.535480916500091553e-01 1.641509830951690674e-01 7.026728391647338867e-01
-9.349329769611358643e-02 1.687378436326980591e-01 7.147541046142578125e-01
-6.348111480474472046e-02 1.550681591033935547e-01 6.621121168136596680e-01
-1.013114005327224731e-01 1.445257514715194702e-01 6.838954091072082520e-01
-1.022302284836769104e-01 1.540698558092117310e-01 6.501464843750000000e-01
-1.069091558456420898e-01 1.321592479944229126e-01 6.040210127830505371e-01
-1.016441509127616882e-01 1.142801865935325623e-01 5.729767680168151855e-01
-8.589185774326324463e-02 1.222119256854057312e-01 5.338179469108581543e-01
-9.115874022245407104e-02 1.341108828783035278e-01 4.808733165264129639e-01
-1.210894510149955750e-01 1.267803907394409180e-01 4.483864307403564453e-01
-1.513417363166809082e-01 1.178387328982353210e-01 4.169444143772125244e-01
-1.456321477890014648e-01 1.260874718427658081e-01 3.992151021957397461e-01
-1.890269368886947632e-01 1.394518911838531494e-01 3.898057639598846436e-01
-1.898345649242401123e-01 1.300253421068191528e-01 2.920080721378326416e-01
-2.859306931495666504e-01 1.327859312295913696e-01 2.764709889888763428e-01
-3.507765233516693115e-01 1.111164167523384094e-01 3.246896862983703613e-01
-3.832747042179107666e-01 1.008367612957954407e-01 3.481328189373016357e-01
-3.497384190559387207e-01 1.055072546005249023e-01 3.001183569431304932e-01
-3.796797096729278564e-01 1.238030493259429932e-01 2.612993121147155762e-01
-4.092211425304412842e-01 1.101167872548103333e-01 2.846279442310333252e-01
-3.874376118183135986e-01 9.996528923511505127e-02 2.938016355037689209e-01
-4.298508465290069580e-01 7.506469637155532837e-02 3.102966248989105225e-01
-4.352274239063262939e-01 3.133398294448852539e-02 2.956181168556213379e-01
-5.925996899604797363e-01 -4.557088762521743774e-02 3.200406730175018311e-01
-6.699939966201782227e-01 -1.209287941455841064e-01 2.980223000049591064e-01
-6.352267861366271973e-01 -1.352490335702896118e-01 2.469201087951660156e-01
-5.780515670776367188e-01 -1.432102620601654053e-01 1.973183304071426392e-01
-5.265693664550781250e-01 -6.582635641098022461e-02 3.551183044910430908e-01
-4.952236413955688477e-01 2.358396910130977631e-02 4.634016454219818115e-01
-4.234670698642730713e-01 7.455085963010787964e-02 4.525823891162872314e-01
-3.641874194145202637e-01 1.179826408624649048e-01 4.498900473117828369e-01
-2.970545291900634766e-01 1.129889562726020813e-01 5.164852142333984375e-01
-3.507786691188812256e-01 -5.173683632165193558e-03 3.237287402153015137e-01
-4.779570698738098145e-01 -6.534370779991149902e-02 2.766192555427551270e-01
-5.410097837448120117e-01 -1.191329658031463623e-01 2.306653261184692383e-01
-6.277281045913696289e-01 -1.637022793292999268e-01 2.151777744293212891e-01
-6.407121419906616211e-01 -1.936921775341033936e-01 2.732095122337341309e-01
-6.049749255180358887e-01 -2.228949517011642456e-01 2.728472650051116943e-01
-5.307493209838867188e-01 -1.905578672885894775e-01 2.585218548774719238e-01
-4.391063749790191650e-01 -1.316284388303756714e-01 2.364322096109390259e-01
-4.829850792884826660e-01 -1.462019681930541992e-01 2.675028145313262939e-01
-5.788435935974121094e-01 -1.833262890577316284e-01 1.539297997951507568e-01
-5.547580122947692871e-01 -2.063155025243759155e-01 9.918119758367538452e-02
-5.123668909072875977e-01 -2.303831577301025391e-01 9.520013630390167236e-02
-4.205574691295623779e-01 -1.993951648473739624e-01 1.009415686130523682e-01
-3.576650321483612061e-01 -1.371180564165115356e-01 1.414271891117095947e-01
-4.014375507831573486e-01 -1.360902637243270874e-01 7.292556762695312500e-02
-4.369684755802154541e-01 -1.353411674499511719e-01 9.945302456617355347e-02
-4.360395967960357666e-01 -1.414051949977874756e-01 1.009631156921386719e-01
-4.343793988227844238e-01 -1.384055167436599731e-01 6.379823386669158936e-02
-4.260136187076568604e-01 -1.108203157782554626e-01 5.378682166337966919e-02
-4.388539195060729980e-01 -1.165584251284599304e-01 9.462854266166687012e-02
-4.055913090705871582e-01 -1.009337678551673889e-01 7.360207289457321167e-02
-3.585624098777770996e-01 -1.084093898534774780e-01 6.347982585430145264e-02
-3.263699412345886230e-01 -1.068718731403350830e-01 5.206735432147979736e-02
-2.826209366321563721e-01 -8.516737818717956543e-02 3.603351116180419922e-02
-2.730991244316101074e-01 -8.146257698535919189e-02 2.644841000437736511e-02
-2.986802458763122559e-01 -8.396272361278533936e-02 5.033943429589271545e-02
-3.249540627002716064e-01 -7.930443435907363892e-02 4.404162243008613586e-02
-3.230224847793579102e-01 -7.260710746049880981e-02 4.536937549710273743e-02
-3.172009885311126709e-01 -7.085766643285751343e-02 3.844280168414115906e-02
-3.282520174980163574e-01 -7.738883048295974731e-02 4.133642092347145081e-02
-3.244385421276092529e-01 -7.091946899890899658e-02 2.613132633268833160e-02
-3.234762549400329590e-01 -7.011909782886505127e-02 2.717610821127891541e-02
-3.359637260437011719e-01 -7.533580064773559570e-02 2.851905487477779388e-02
-3.448584377765655518e-01 -7.471966743469238281e-02 2.248947322368621826e-02
-3.438561558723449707e-01 -7.831339538097381592e-02 2.788022719323635101e-02
-3.397499024868011475e-01 -7.725959271192550659e-02 2.767779305577278137e-02
-3.552583158016204834e-01 -7.515615969896316528e-02 2.078067325055599213e-02
-3.664138913154602051e-01 -7.431314885616302490e-02 1.684457249939441681e-02
-3.692429065704345703e-01 -7.441724091768264771e-02 1.834780164062976837e-02
-3.704978227615356445e-01 -7.431751489639282227e-02 1.844734698534011841e-02
-3.706547617912292480e-01 -7.655037194490432739e-02 1.931324787437915802e-02
-3.713497519493103027e-01 -7.447852939367294312e-02 1.942355185747146606e-02
-3.734348714351654053e-01 -7.666552811861038208e-02 2.147711068391799927e-02
-3.705749809741973877e-01 -7.585299015045166016e-02 2.072844654321670532e-02
-3.708184659481048584e-01 -7.573231309652328491e-02 2.124583907425403595e-02
-3.698898553848266602e-01 -7.617420703172683716e-02 1.946454681456089020e-02
-3.724784255027770996e-01 -7.446430623531341553e-02 2.299713715910911560e-02
-3.173167705535888672e-01 -6.397028267383575439e-02 2.502242103219032288e-02
-2.271614670753479004e-01 -6.223298981785774231e-02 4.877097159624099731e-02
-1.463218927383422852e-01 -4.996559768915176392e-02 1.870170384645462036e-01
-1.006946563720703125e-01 -4.219926521182060242e-02 2.450200170278549194e-01
-1.185212582349777222e-01 -5.811860784888267517e-02 2.695397734642028809e-01
-2.060727626085281372e-01 -6.983241438865661621e-02 2.976042330265045166e-01
-2.514452934265136719e-01 -7.583965361118316650e-02 2.001882642507553101e-01
-3.629899919033050537e-01 -9.364311397075653076e-02 9.829964488744735718e-02
-4.107997119426727295e-01 -8.264879137277603149e-02 5.936530977487564087e-02
-4.588617384433746338e-01 -9.529776871204376221e-02 8.563780784606933594e-02
-4.747249782085418701e-01 -1.001156195998191833e-01 5.844102799892425537e-02
-5.100528001785278320e-01 -8.597194403409957886e-02 2.693405374884605408e-02
-4.998363852500915527e-01 -8.138833194971084595e-02 2.456205338239669800e-02
-4.823744595050811768e-01 -7.453354448080062866e-02 8.429188281297683716e-03
-4.281612038612365723e-01 -6.692982465028762817e-02 8.070954936556518078e-04
-3.974349498748779297e-01 -7.424553483724594116e-02 1.390334591269493103e-02
-3.944517076015472412e-01 -9.148394316434860229e-02 3.218770399689674377e-02
-3.996115028858184814e-01 -1.228788197040557861e-01 5.707940459251403809e-02
-3.778771460056304932e-01 -1.500122845172882080e-01 8.476760238409042358e-02
-3.530136644840240479e-01 -1.703467965126037598e-01 1.239561364054679871e-01
-3.145349025726318359e-01 -1.876525878906250000e-01 1.669461876153945923e-01
-2.444077283143997192e-01 -1.661268621683120728e-01 1.225166916847229004e-01
-2.512712180614471436e-01 -1.546858400106430054e-01 1.105638444423675537e-01
-2.390232980251312256e-01 -1.661825627088546753e-01 1.982324421405792236e-01
-2.321650534868240356e-01 -1.713460981845855713e-01 2.283058315515518188e-01
-2.577139139175415039e-01 -1.661207973957061768e-01 1.737295240163803101e-01
-2.777108252048492432e-01 -1.707486063241958618e-01 2.138014733791351318e-01
-2.476450651884078979e-01 -1.768577545881271362e-01 2.192237079143524170e-01
-2.446549236774444580e-01 -1.696101278066635132e-01 2.390649765729904175e-01
-2.904474735260009766e-01 -2.027338892221450806e-01 2.715844213962554932e-01
-2.905208766460418701e-01 -1.933207958936691284e-01 2.079202979803085327e-01
-2.260459214448928833e-01 -2.090369015932083130e-01 2.410825788974761963e-01
-1.931353807449340820e-01 -2.002407163381576538e-01 2.709746062755584717e-01
-1.875654608011245728e-01 -1.750155985355377197e-01 3.075765371322631836e-01
-1.694857478141784668e-01 -1.749969124794006348e-01 3.280590176582336426e-01
-1.808643490076065063e-01 -1.889806091785430908e-01 3.062066733837127686e-01
-2.112296968698501587e-01 -1.985915303230285645e-01 2.692259550094604492e-01
-1.623666733503341675e-01 -1.805673539638519287e-01 3.603115975856781006e-01
-1.378825604915618896e-01 -1.566709578037261963e-01 4.369064271450042725e-01
-1.356853991746902466e-01 -1.474022865295410156e-01 4.808357357978820801e-01
-1.211389824748039246e-01 -1.345029771327972412e-01 5.278217196464538574e-01
-7.044131308794021606e-02 -8.688010275363922119e-02 6.263577342033386230e-01
-5.649634078145027161e-02 -4.231786727905273438e-02 7.189774513244628906e-01
-1.128498092293739319e-01 -7.494931668043136597e-02 7.023747563362121582e-01
-1.869535893201828003e-01 -6.707464158535003662e-02 7.292734980583190918e-01
-1.668873876333236694e-01 -1.149266399443149567e-02 8.536820411682128906e-01
-1.315998435020446777e-01 1.668825000524520874e-02 8.571876287460327148e-01
-6.795638799667358398e-02 1.071912795305252075e-01 9.058269858360290527e-01
-5.946217104792594910e-02 1.110026016831398010e-01 9.244345426559448242e-01
-4.153810441493988037e-02 1.152928173542022705e-01 9.940429925918579102e-01
5.502225831151008606e-04 1.585838645696640015e-01 9.879322648048400879e-01
-1.660024560987949371e-02 1.630085706710815430e-01 1.015490889549255371e+00
-3.113026171922683716e-02 1.666285991668701172e-01 1.019417881965637207e+00
-4.235697165131568909e-02 1.660202592611312866e-01 9.647511243820190430e-01
-7.853976637125015259e-02 1.536567211151123047e-01 8.596342206001281738e-01
-6.972604990005493164e-02 1.502128541469573975e-01 8.761557340621948242e-01
-1.298375576734542847e-01 1.204587519168853760e-01 8.337374329566955566e-01
-1.775808334350585938e-01 7.672297209501266479e-02 6.795713305473327637e-01
-1.981597244739532471e-01 9.643103927373886108e-02 6.496797800064086914e-01
-1.345060467720031738e-01 1.572219282388687134e-01 7.647945284843444824e-01
-1.739150881767272949e-01 1.503681689500808716e-01 7.288909554481506348e-01
-1.933831423521041870e-01 1.441544890403747559e-01 7.224138975143432617e-01
-2.165576964616775513e-01 1.377689391374588013e-01 7.408038377761840820e-01
-1.828178018331527710e-01 1.740527749061584473e-01 7.496659755706787109e-01
-1.586834043264389038e-01 1.972512155771255493e-01 7.599841952323913574e-01
-1.488739699125289917e-01 1.856448799371719360e-01 7.336029410362243652e-01
-1.444979459047317505e-01 2.051605433225631714e-01 6.979225873947143555e-01
-1.962039321660995483e-01 2.155449539422988892e-01 6.709892749786376953e-01
-2.148920148611068726e-01 2.015282809734344482e-01 6.559165120124816895e-01
-1.157741695642471313e-01 2.360494434833526611e-01 7.004597187042236328e-01
-9.428272396326065063e-02 2.425604462623596191e-01 6.575678586959838867e-01
-9.380666166543960571e-02 2.183621525764465332e-01 6.593517065048217773e-01
-7.426114380359649658e-02 2.055869847536087036e-01 6.209918260574340820e-01
-5.916018784046173096e-02 1.988929659128189087e-01 6.335678100585937500e-01
-2.171221887692809105e-03 2.028836160898208618e-01 6.756107211112976074e-01
3.982725366950035095e-02 2.045893818140029907e-01 7.417299151420593262e-01
-5.076159536838531494e-02 1.650527864694595337e-01 7.633105516433715820e-01
-5.792343243956565857e-02 1.751243025064468384e-01 7.978708744049072266e-01
-2.701152302324771881e-02 1.947740614414215088e-01 8.427293300628662109e-01
-1.017519384622573853e-01 1.510435491800308228e-01 8.143267035484313965e-01
-7.510246336460113525e-02 1.262545734643936157e-01 7.603830099105834961e-01
-6.884927861392498016e-03 1.593605130910873413e-01 9.095721244812011719e-01
3.321023657917976379e-02 1.723959743976593018e-01 1.071218490600585938e+00
1.016688256640918553e-04 1.241979300975799561e-01 1.056846976280212402e+00
-3.192252665758132935e-02 1.312503367662429810e-01 9.143838882446289062e-01
-1.178995333611965179e-02 9.799043089151382446e-02 8.356377482414245605e-01
-7.062558084726333618e-03 6.739845126867294312e-02 8.510615825653076172e-01
2.112834528088569641e-02 1.429221481084823608e-01 9.244943857192993164e-01
-7.554268930107355118e-03 5.788990482687950134e-02 8.295798301696777344e-01
-1.538862008601427078e-02 6.975238770246505737e-02 6.976901292800903320e-01
-3.348282352089881897e-02 3.110442683100700378e-02 6.776775121688842773e-01
-2.582939527928829193e-02 3.346048668026924133e-02 6.073234677314758301e-01
-1.553520653396844864e-02 5.478950217366218567e-02 4.812975525856018066e-01
-3.182983770966529846e-02 6.855563819408416748e-02 4.751076102256774902e-01
-1.137848477810621262e-02 4.673068225383758545e-02 4.818386435508728027e-01
-5.986980162560939789e-03 4.064327105879783630e-02 5.041382312774658203e-01
5.997132393531501293e-04 3.821741789579391479e-02 4.916047155857086182e-01
1.292062643915414810e-02 1.709321327507495880e-02 4.799327552318572998e-01
1.052388735115528107e-02 2.795771509408950806e-02 5.153459310531616211e-01
3.484160453081130981e-02 2.304925210773944855e-02 4.879260957241058350e-01
6.540097296237945557e-02 4.251885041594505310e-02 4.582299888134002686e-01
1.003294810652732849e-01 4.938681423664093018e-02 3.887577056884765625e-01
1.520686745643615723e-01 3.639971837401390076e-02 3.730472624301910400e-01
1.803046166896820068e-01 6.235975399613380432e-02 3.343714177608489990e-01
1.426437497138977051e-01 3.325728699564933777e-02 3.100500106811523438e-01
1.536552011966705322e-01 5.631032958626747131e-02 3.076591193675994873e-01
2.204932570457458496e-01 9.391655027866363525e-02 2.681926190853118896e-01
2.256215363740921021e-01 8.947842568159103394e-02 2.445003986358642578e-01
2.664880454540252686e-01 1.048168987035751343e-01 2.414514273405075073e-01
2.505093216896057129e-01 8.283405005931854248e-02 2.680085897445678711e-01
2.731700241565704346e-01 1.092878729104995728e-01 2.129232436418533325e-01
3.681401908397674561e-01 1.361495852470397949e-01 1.552302688360214233e-01
4.141255617141723633e-01 1.171416044235229492e-01 1.424009948968887329e-01
4.020269215106964111e-01 9.018015861511230469e-02 1.669812500476837158e-01
4.610270857810974121e-01 7.499597966670989990e-02 1.497851163148880005e-01
5.031459331512451172e-01 8.512897044420242310e-02 1.041514053940773010e-01
5.156247019767761230e-01 9.522973001003265381e-02 1.156686246395111084e-01
5.119375586509704590e-01 1.149869188666343689e-01 1.791825443506240845e-01
4.724530279636383057e-01 1.068118438124656677e-01 2.998083829879760742e-01
5.572593212127685547e-01 3.739809244871139526e-02 3.133601844310760498e-01
6.547165513038635254e-01 7.289682980626821518e-03 2.702086567878723145e-01
7.063356637954711914e-01 -2.215079963207244873e-02 2.424788326025009155e-01
7.554254531860351562e-01 -6.592521816492080688e-02 1.961900740861892700e-01
7.642602324485778809e-01 -7.954528182744979858e-02 1.934281140565872192e-01
7.510043382644653320e-01 -6.811259686946868896e-02 2.097023725509643555e-01
7.268470525741577148e-01 -7.181953638792037964e-02 2.080873697996139526e-01
7.366343736648559570e-01 -7.100730389356613159e-02 2.039069384336471558e-01
7.677839398384094238e-01 -5.084099993109703064e-02 2.407600730657577515e-01
8.246954083442687988e-01 -4.434150829911231995e-02 2.468897998332977295e-01
7.742130160331726074e-01 -5.328138917684555054e-02 2.020119577646255493e-01
7.939239144325256348e-01 -4.734828695654869080e-02 1.927036494016647339e-01
8.100315332412719727e-01 -1.740842871367931366e-02 2.276501357555389404e-01
8.168231844902038574e-01 -2.086479915305972099e-03 2.274976968765258789e-01
8.124468922615051270e-01 -2.249261178076267242e-02 2.135969996452331543e-01
8.124173879623413086e-01 -2.966566011309623718e-02 2.093811482191085815e-01
8.442786931991577148e-01 -2.761653997004032135e-02 2.389267832040786743e-01
8.335791826248168945e-01 -4.606800526380538940e-02 1.974794119596481323e-01
8.631736040115356445e-01 -7.694463431835174561e-02 1.719954907894134521e-01
8.330869078636169434e-01 -5.042921379208564758e-02 1.992226392030715942e-01
8.490035533905029297e-01 -5.562876164913177490e-02 1.824996620416641235e-01
9.056861400604248047e-01 -4.025477170944213867e-02 2.645263969898223877e-01
8.371033072471618652e-01 -2.490105107426643372e-02 2.472164630889892578e-01
8.546735644340515137e-01 -1.683493331074714661e-02 2.673181891441345215e-01
8.926975727081298828e-01 -4.949076101183891296e-02 2.746533751487731934e-01
9.022389650344848633e-01 -5.978604033589363098e-02 2.445753216743469238e-01
8.473654985427856445e-01 -6.683769822120666504e-02 1.869840472936630249e-01
8.382328748703002930e-01 -6.978453695774078369e-02 1.892686784267425537e-01
8.436589241027832031e-01 -6.380843371152877808e-02 2.128971815109252930e-01
8.277759552001953125e-01 -7.475487887859344482e-02 1.887293010950088501e-01
8.220167160034179688e-01 -6.335876882076263428e-02 1.961908340454101562e-01
8.317918181419372559e-01 -5.404438823461532593e-02 2.134049683809280396e-01
8.542231917381286621e-01 -7.110203802585601807e-02 1.871369332075119019e-01
8.826173543930053711e-01 -8.126336336135864258e-02 1.702162027359008789e-01
8.895360231399536133e-01 -8.439765870571136475e-02 1.733638942241668701e-01
8.632389307022094727e-01 -8.407596498727798462e-02 1.893023252487182617e-01
8.399598598480224609e-01 -8.156692236661911011e-02 2.151695340871810913e-01
8.421686291694641113e-01 -6.954065710306167603e-02 1.960920840501785278e-01
8.441000580787658691e-01 -7.978662848472595215e-02 1.754732131958007812e-01
8.932676911354064941e-01 -9.017753601074218750e-02 1.949746757745742798e-01
9.211652278900146484e-01 -1.043158918619155884e-01 2.163579612970352173e-01
9.029726386070251465e-01 -9.329164028167724609e-02 2.103755325078964233e-01
9.522555470466613770e-01 -9.857405722141265869e-02 2.381141930818557739e-01
9.383249878883361816e-01 -1.066360473632812500e-01 1.921703219413757324e-01
9.549202322959899902e-01 -1.044048443436622620e-01 1.995748728513717651e-01
9.585744142532348633e-01 -1.135802939534187317e-01 1.827446669340133667e-01
9.592040777206420898e-01 -1.155715808272361755e-01 1.710197925567626953e-01
9.709633588790893555e-01 -1.213044002652168274e-01 1.924987286329269409e-01
9.730267524719238281e-01 -1.345558464527130127e-01 2.058292329311370850e-01
9.625045657157897949e-01 -1.260960549116134644e-01 2.186763435602188110e-01
9.559608101844787598e-01 -8.594065904617309570e-02 2.365687340497970581e-01
1.027592658996582031e+00 -9.692556411027908325e-02 2.889032661914825439e-01
9.471780061721801758e-01 -9.340209513902664185e-02 1.674035042524337769e-01
9.077879190444946289e-01 -8.177920430898666382e-02 1.819120049476623535e-01
9.201014637947082520e-01 -6.381639093160629272e-02 1.794275194406509399e-01
9.461449980735778809e-01 -9.194935113191604614e-02 1.617254018783569336e-01
9.005113244056701660e-01 -1.009372100234031677e-01 1.357659697532653809e-01
9.101194143295288086e-01 -9.488374739885330200e-02 1.464313864707946777e-01
9.137379527091979980e-01 -9.183538705110549927e-02 1.445843726396560669e-01
9.485647678375244141e-01 -7.472182810306549072e-02 1.684497892856597900e-01
9.352763295173645020e-01 -8.449240028858184814e-02 1.702000796794891357e-01
9.500959515571594238e-01 -9.647019207477569580e-02 1.839932799339294434e-01
9.087870717048645020e-01 -1.172410547733306885e-01 1.709195822477340698e-01
8.982623815536499023e-01 -9.750278294086456299e-02 1.487982720136642456e-01
9.812656641006469727e-01 -3.734990954399108887e-02 1.728512048721313477e-01
1.010409355163574219e+00 -2.084988541901111603e-02 2.296495586633682251e-01
9.866811037063598633e-01 -2.410084754228591919e-02 2.337769865989685059e-01
9.093243479728698730e-01 -3.481022268533706665e-02 2.485654950141906738e-01
8.748763799667358398e-01 -3.585179895162582397e-02 2.698683738708496094e-01
8.762865066528320312e-01 -4.553598165512084961e-02 2.626107931137084961e-01
8.006297945976257324e-01 -5.390135198831558228e-02 2.254086881875991821e-01
7.240629792213439941e-01 -5.999867618083953857e-02 1.663387566804885864e-01
7.073962688446044922e-01 -7.058700919151306152e-02 1.685052067041397095e-01
6.680800318717956543e-01 -6.717425584793090820e-02 1.380183398723602295e-01
6.300486922264099121e-01 -7.452543824911117554e-02 1.705012470483779907e-01
5.585498809814453125e-01 -8.929035067558288574e-02 1.474379301071166992e-01
5.913460850715637207e-01 -1.061761975288391113e-01 1.432470530271530151e-01
6.535196900367736816e-01 -1.061633750796318054e-01 2.207919359207153320e-01
7.569972872734069824e-01 -1.044155880808830261e-01 2.336959838867187500e-01
8.568632602691650391e-01 -1.017203256487846375e-01 2.181805372238159180e-01
8.565992116928100586e-01 -1.011771857738494873e-01 2.353397309780120850e-01
8.721769452095031738e-01 -1.125876456499099731e-01 2.516603767871856689e-01
8.677903413772583008e-01 -1.069732829928398132e-01 2.522405683994293213e-01
8.441712260246276855e-01 -9.917535632848739624e-02 2.511271834373474121e-01
8.499727845191955566e-01 -9.932086616754531860e-02 2.548705339431762695e-01
8.736449480056762695e-01 -8.877068012952804565e-02 2.558896541595458984e-01
8.067618608474731445e-01 -6.863991171121597290e-02 2.687767744064331055e-01
7.859396934509277344e-01 -6.667736917734146118e-02 2.811807990074157715e-01
8.160445094108581543e-01 -9.545034915208816528e-02 2.910252511501312256e-01
7.631247639656066895e-01 -1.006574630737304688e-01 2.341448217630386353e-01
6.343867182731628418e-01 -9.586378186941146851e-02 1.970142573118209839e-01
5.233743786811828613e-01 -8.482296764850616455e-02 1.619782447814941406e-01
6.939801573753356934e-01 -7.754496484994888306e-02 2.409287095069885254e-01
8.056743144989013672e-01 -6.288390606641769409e-02 2.602077424526214600e-01
7.908835411071777344e-01 -4.928778856992721558e-02 2.961971163749694824e-01
7.348171472549438477e-01 -4.134795814752578735e-02 3.223128318786621094e-01
7.493597269058227539e-01 -5.532357841730117798e-02 2.857164442539215088e-01
8.251233100891113281e-01 -5.277424678206443787e-02 2.727318406105041504e-01
8.313822150230407715e-01 -5.161190405488014221e-02 3.322688937187194824e-01
8.826202154159545898e-01 -6.140417605638504028e-02 3.161452412605285645e-01
9.442195892333984375e-01 -7.190670073032379150e-02 3.240346312522888184e-01
9.164304137229919434e-01 -1.059390306472778320e-01 3.459316492080688477e-01
9.265151619911193848e-01 -1.577277481555938721e-01 3.310824334621429443e-01
8.060803413391113281e-01 -1.492228358983993530e-01 3.215917348861694336e-01
5.778329372406005859e-01 -1.617994904518127441e-01 3.269851803779602051e-01
3.063922822475433350e-01 -1.858016848564147949e-01 3.192912638187408447e-01
2.491708546876907349e-01 -1.861922740936279297e-01 4.898701608180999756e-01
2.332880198955535889e-01 -2.112423628568649292e-01 4.718570411205291748e-01
2.278347313404083252e-02 -2.018712759017944336e-01 4.631060659885406494e-01
-5.501946434378623962e-02 -1.460340619087219238e-01 3.765404224395751953e-01
-8.920753747224807739e-02 -1.182173192501068115e-01 3.403656482696533203e-01
-2.730722427368164062e-01 -1.145900934934616089e-01 3.286870718002319336e-01
-5.176725387573242188e-01 -7.231389731168746948e-02 2.435653358697891235e-01
-5.284063220024108887e-01 1.343438960611820221e-02 2.661117613315582275e-01
-6.121056675910949707e-01 4.709735140204429626e-02 1.651123315095901489e-01
-5.873909592628479004e-01 1.002706494182348251e-02 1.986421048641204834e-01
-5.598836541175842285e-01 -4.332962259650230408e-02 2.663816213607788086e-01
-5.419424772262573242e-01 -6.823465228080749512e-02 2.735815346240997314e-01
-5.490996241569519043e-01 -8.065146952867507935e-02 2.502471804618835449e-01
-5.407140254974365234e-01 -9.120453149080276489e-02 2.559435367584228516e-01
-4.962936341762542725e-01 -1.004344075918197632e-01 2.818555533885955811e-01
-4.386226236820220947e-01 -1.087481677532196045e-01 3.568792045116424561e-01
-3.748264908790588379e-01 -1.193292662501335144e-01 4.230025112628936768e-01
-2.576685249805450439e-01 -1.644426584243774414e-01 5.380209684371948242e-01
-2.144229710102081299e-01 -2.103620916604995728e-01 6.815876364707946777e-01
-1.743943095207214355e-01 -1.899136900901794434e-01 8.980286121368408203e-01
-2.112053036689758301e-01 -1.691555231809616089e-01 8.921616077423095703e-01
-2.741276025772094727e-01 -1.505555361509323120e-01 7.847054600715637207e-01
-2.924265861511230469e-01 -1.648983806371688843e-01 7.027561068534851074e-01
-2.962076067924499512e-01 -1.804295182228088379e-01 6.905785799026489258e-01
-3.012328743934631348e-01 -1.236745044589042664e-01 5.920885801315307617e-01
-3.698957562446594238e-01 -6.347174942493438721e-02 4.468461275100708008e-01
-2.995121479034423828e-01 -5.556746851652860641e-03 4.740512371063232422e-01
-3.778289258480072021e-01 5.276553705334663391e-02 3.474622666835784912e-01
-3.317528367042541504e-01 4.556505382061004639e-02 3.781893253326416016e-01
-1.965625733137130737e-01 2.208884060382843018e-02 4.332940578460693359e-01
-2.530198693275451660e-01 2.928936854004859924e-02 5.114794373512268066e-01
-1.598699018359184265e-02 4.586549103260040283e-02 4.391923546791076660e-01
-1.229780018329620361e-01 1.099774520844221115e-02 2.707486152648925781e-01
-2.062876820564270020e-01 -5.232910439372062683e-02 1.683115363121032715e-01
-1.723962426185607910e-01 -5.910047888755798340e-02 1.480965912342071533e-01
-2.991353869438171387e-01 -4.421550408005714417e-02 1.278537660837173462e-01
-3.858191967010498047e-01 -5.674493312835693359e-02 4.729477688670158386e-02
-3.851591348648071289e-01 -5.937238410115242004e-02 9.943831712007522583e-02
-2.857991755008697510e-01 1.116933650337159634e-03 1.438556611537933350e-01
-2.473523169755935669e-01 1.723131723701953888e-02 9.976764768362045288e-02
-2.356137335300445557e-01 -3.248880850151181221e-03 5.328461527824401855e-02
-2.073993682861328125e-01 6.284140050411224365e-03 5.009147897362709045e-02
-1.881935596466064453e-01 9.024805389344692230e-03 4.730680957436561584e-02
-1.747653037309646606e-01 8.255365304648876190e-03 3.894978761672973633e-02
-1.523233801126480103e-01 1.296764146536588669e-02 4.343546181917190552e-02
-1.559876501560211182e-01 1.200785767287015915e-02 4.800477996468544006e-02
-1.686007529497146606e-01 6.033997051417827606e-03 4.537193104624748230e-02
-1.716082543134689331e-01 8.879924193024635315e-03 4.693315550684928894e-02
-1.617694199085235596e-01 1.061478443443775177e-02 4.507722333073616028e-02
-1.549953073263168335e-01 9.569073095917701721e-03 4.074318706989288330e-02
-1.549100279808044434e-01 9.183210320770740509e-03 4.098817333579063416e-02
-1.541820317506790161e-01 7.719526067376136780e-03 4.081996530294418335e-02
-1.549779325723648071e-01 8.462637662887573242e-03 3.932538628578186035e-02
-1.536588370800018311e-01 9.239036589860916138e-03 4.111720994114875793e-02
-1.542505472898483276e-01 1.017463020980358124e-02 4.045907035470008850e-02
-1.542757004499435425e-01 1.071158517152070999e-02 4.138876870274543762e-02
-1.546169966459274292e-01 1.028230786323547363e-02 4.160119593143463135e-02
-1.574126332998275757e-01 9.115920402109622955e-03 4.102411866188049316e-02
-1.548506170511245728e-01 9.159038774669170380e-03 4.017855972051620483e-02
