1.5443e-06,-4.707e-06,0.00023596
-0.00022361,0.00013023,0.00087625
0.00018032,0.00051447,0.0022409
0.0004935,0.00077835,0.0047413
0.00055239,0.0011934,0.0092174
0.00083445,0.0015556,0.015935
0.00077857,0.0015799,0.024276
0.00081534,0.0022171,0.033142
0.00024996,0.0029647,0.042803
-0.0015122,0.0030269,0.053474
-0.00355,0.0027493,0.064586
-0.005662,0.0025955,0.076298
-0.0081541,0.0032186,0.088936
-0.011712,0.0041406,0.10286
-0.015355,0.0056556,0.116
-0.019925,0.0083889,0.12845
-0.02524,0.0099889,0.1403
-0.030487,0.011146,0.15171
-0.036411,0.012517,0.16352
-0.042749,0.014471,0.17577
-0.048889,0.015796,0.18878
-0.055518,0.016358,0.19835
-0.064111,0.016412,0.20689
-0.074829,0.016967,0.21078
-0.084721,0.018055,0.21297
-0.094352,0.019689,0.21717
-0.10433,0.022049,0.22
-0.11541,0.024021,0.22025
-0.12666,0.025879,0.21764
-0.13764,0.027418,0.21253
-0.1484,0.029323,0.20506
-0.1599,0.031241,0.19602
-0.17196,0.033576,0.18986
-0.1857,0.035302,0.18511
-0.20083,0.037426,0.17952
-0.21641,0.040689,0.17301
-0.23178,0.043469,0.16302
-0.24804,0.047204,0.15161
-0.26562,0.051337,0.13998
-0.28195,0.055693,0.12982
-0.2985,0.058549,0.12066
-0.31449,0.061698,0.11097
-0.33038,0.06464,0.10083
-0.34684,0.066692,0.090979
-0.36359,0.068798,0.081536
-0.37969,0.0704,0.070884
-0.39594,0.07154,0.060132
-0.41173,0.072444,0.050229
-0.42766,0.072561,0.04318
-0.44348,0.073067,0.036385
-0.45895,0.072558,0.029929
-0.47382,0.071163,0.022476
-0.49029,0.07056,0.015288
-0.50627,0.069911,0.009527
-0.52193,0.069322,0.0036644
-0.53753,0.068851,-0.0021458
-0.55367,0.067945,-0.0060231
-0.56901,0.067036,-0.0089389
-0.58401,0.066675,-0.01112
-0.59934,0.067489,-0.011377
-0.61416,0.068319,-0.011669
-0.62944,0.069749,-0.013846
-0.64359,0.071261,-0.01456
-0.65727,0.071766,-0.016725
-0.66858,0.072312,-0.019371
-0.67948,0.072625,-0.020596
-0.69083,0.072346,-0.022206
-0.70237,0.072642,-0.023576
-0.71378,0.072125,-0.0257
-0.72488,0.072052,-0.02678
-0.73435,0.071889,-0.029107
-0.74305,0.072135,-0.030968
-0.75054,0.072978,-0.033781
-0.75696,0.074071,-0.035097
-0.76232,0.074993,-0.03735
-0.76678,0.075792,-0.038987
-0.77091,0.07623,-0.040535
-0.77397,0.077573,-0.041347
-0.77742,0.079322,-0.043344
-0.78102,0.079441,-0.045099
-0.78382,0.07904,-0.047607
-0.78648,0.077936,-0.050712
-0.78905,0.077764,-0.051738
-0.79,0.077557,-0.051156
-0.78991,0.076102,-0.051774
-0.78837,0.074211,-0.053452
-0.78645,0.071437,-0.055483
-0.78481,0.068837,-0.055981
-0.78379,0.066838,-0.05596
-0.78333,0.065218,-0.055876
-0.78275,0.062432,-0.056501
-0.78287,0.060126,-0.056055
-0.78366,0.056615,-0.056528
-0.78454,0.053615,-0.056697
-0.78415,0.050093,-0.056613
-0.78429,0.047991,-0.056066
-0.78304,0.045738,-0.057338
-0.78119,0.042879,-0.059249
-0.77966,0.04075,-0.060864
-0.7786,0.038559,-0.062192
-0.77752,0.037848,-0.062922
-0.77503,0.036571,-0.062314
-0.77128,0.03488,-0.0625
-0.76746,0.032674,-0.062262
-0.7637,0.031106,-0.062421
-0.76039,0.030841,-0.063073
-0.75738,0.030395,-0.063536
-0.75514,0.030634,-0.063892
-0.75278,0.031558,-0.062802
-0.74879,0.031553,-0.061368
-0.7445,0.030874,-0.060548
-0.739,0.031144,-0.058308
-0.73259,0.031231,-0.055807
-0.72443,0.031049,-0.053475
-0.71662,0.031859,-0.051859
-0.70922,0.032104,-0.047102
-0.70112,0.031372,-0.042491
-0.69319,0.030981,-0.036206
-0.68499,0.030142,-0.029403
-0.67531,0.028922,-0.021028
-0.66461,0.027463,-0.011609
-0.65262,0.026346,-0.0010418
-0.63924,0.025404,0.0095644
-0.62573,0.02547,0.019701
-0.61111,0.026552,0.032553
-0.59641,0.0273,0.046869
-0.58276,0.027915,0.062397
-0.5689,0.027432,0.079186
-0.55519,0.02574,0.098655
-0.5395,0.023307,0.11758
-0.52495,0.02113,0.13696
-0.51177,0.02006,0.1592
-0.50015,0.019074,0.18605
-0.4876,0.01816,0.21342
-0.47213,0.017562,0.23711
-0.45807,0.017711,0.25668
-0.44232,0.01802,0.2754
-0.4274,0.018232,0.29683
-0.41145,0.017762,0.32186
-0.39664,0.016907,0.3474
-0.38134,0.015779,0.37388
-0.36559,0.014478,0.39703
-0.35061,0.012161,0.4204
-0.33499,0.010153,0.44589
-0.3206,0.009589,0.47305
-0.30534,0.009168,0.50082
-0.28858,0.0088795,0.53095
-0.27182,0.0082601,0.56214
-0.25522,0.0077065,0.59185
-0.23979,0.0068367,0.61992
-0.22707,0.0064854,0.6462
-0.21535,0.0057865,0.67414
-0.20351,0.0061623,0.70252
-0.19173,0.0064857,0.72769
-0.18038,0.0066924,0.75227
-0.16843,0.006597,0.77655
-0.15654,0.0057346,0.79944
-0.14498,0.0048367,0.82092
-0.13243,0.0040226,0.84125
-0.12148,0.0026618,0.85917
-0.112,0.00025772,0.87557
-0.10301,-0.0016131,0.89108
-0.093801,-0.0021391,0.90476
-0.084667,-0.0029405,0.91553
-0.075925,-0.0030909,0.9256
-0.067724,-0.0025516,0.93567
-0.06044,-0.0029113,0.94462
-0.054035,-0.0025641,0.95149
-0.047466,-0.0024912,0.95583
-0.043322,-0.0015393,0.96008
-0.039986,-0.0014813,0.9615
-0.036312,-0.001637,0.96232
-0.033589,-0.0019965,0.96533
-0.033307,-0.0023511,0.96634
-0.033998,-0.0027039,0.96531
-0.034231,-0.0019857,0.96177
-0.034345,-0.0018382,0.95564
-0.033983,-0.0016137,0.94988
-0.033724,-0.00083909,0.9459
-0.03309,-0.00030518,0.94303
-0.032728,0.00062908,0.94451
-0.032512,0.0020763,0.94759
-0.03267,0.0028876,0.95296
-0.033968,0.0037121,0.95781
-0.034632,0.0045991,0.96407
-0.035754,0.0038974,0.97
-0.037482,0.003556,0.97631
-0.038606,0.0033792,0.98072
-0.039924,0.00327,0.98157
-0.041473,0.0036572,0.98188
-0.043379,0.0043172,0.98161
-0.044863,0.0043529,0.9809
-0.046533,0.0050882,0.98168
-0.049045,0.0052709,0.98248
-0.05145,0.0050118,0.98231
-0.052594,0.0045538,0.98104
-0.053516,0.0044735,0.97855
-0.054562,0.0043865,0.97337
-0.054698,0.0048012,0.96782
-0.054137,0.0052701,0.96274
-0.053552,0.0064458,0.95928
-0.053145,0.0069093,0.95685
-0.052095,0.0075895,0.95404
-0.051554,0.0083706,0.9517
-0.05068,0.0094773,0.94917
-0.049697,0.010991,0.94642
-0.048469,0.01182,0.9417
-0.048741,0.011902,0.93638
-0.047964,0.012001,0.93138
-0.047279,0.012454,0.92733
-0.047247,0.011871,0.92576
-0.047828,0.012163,0.92448
-0.047535,0.014034,0.92027
-0.046352,0.015807,0.91227
-0.045877,0.017184,0.90307
-0.046442,0.016789,0.89531
-0.047019,0.015835,0.88733
-0.047598,0.015262,0.87856
-0.048569,0.013326,0.86988
-0.050444,0.011769,0.86196
-0.051965,0.009855,0.85412
-0.053753,0.0089008,0.84696
-0.055579,0.0084583,0.84156
-0.05707,0.0087366,0.83627
-0.059064,0.0089944,0.83177
-0.061137,0.010335,0.8256
-0.063537,0.012005,0.81871
-0.066241,0.013943,0.81236
-0.068797,0.015771,0.80945
-0.070667,0.017293,0.80476
-0.073317,0.017746,0.80082
-0.0777,0.01769,0.79736
-0.081131,0.018521,0.79466
-0.085149,0.017853,0.79201
-0.087937,0.01731,0.79137
-0.09138,0.016704,0.79075
-0.095098,0.015279,0.78875
-0.10038,0.01377,0.78627
-0.10672,0.013488,0.78506
-0.11407,0.012761,0.78425
-0.1203,0.012485,0.78291
-0.12724,0.012899,0.77922
-0.13402,0.013429,0.77453
-0.14037,0.014505,0.76969
-0.1458,0.016139,0.76645
-0.15314,0.016352,0.76559
-0.15967,0.01724,0.76356
-0.1663,0.018831,0.76064
-0.17232,0.020647,0.75736
-0.17692,0.021786,0.75316
-0.18164,0.022035,0.75019
-0.18668,0.021892,0.74929
-0.19243,0.021416,0.74614
-0.19928,0.022733,0.74195
-0.20509,0.0247,0.73823
-0.21132,0.025818,0.73501
-0.21841,0.026444,0.72929
-0.22502,0.027602,0.72189
-0.22994,0.028536,0.71383
-0.23546,0.028923,0.70853
-0.2411,0.028571,0.70356
-0.24687,0.028289,0.70024
-0.25153,0.027083,0.69819
-0.2563,0.026454,0.69735
-0.26141,0.025337,0.69604
-0.26678,0.024705,0.69461
-0.27191,0.023094,0.69285
-0.27724,0.021475,0.6933
-0.28229,0.020497,0.69311
-0.28654,0.01971,0.69464
-0.2911,0.019202,0.69331
-0.29599,0.018097,0.68895
-0.30111,0.016537,0.68255
-0.30653,0.014866,0.67902
-0.31072,0.013898,0.67289
-0.31453,0.013564,0.6661
-0.3186,0.012998,0.66098
-0.32248,0.013072,0.65805
-0.32696,0.013737,0.65727
-0.32961,0.013208,0.65266
-0.33156,0.012895,0.64648
-0.33267,0.012801,0.63872
-0.33239,0.013609,0.63019
-0.33265,0.01358,0.61963
-0.33243,0.014616,0.60882
-0.33126,0.015807,0.5951
-0.32862,0.016723,0.57897
-0.32616,0.017532,0.56336
-0.32356,0.018532,0.54833
-0.32047,0.019288,0.5345
-0.31641,0.019055,0.52099
-0.31177,0.018448,0.50568
-0.30761,0.017327,0.49043
-0.30314,0.016378,0.47718
-0.29832,0.016179,0.46541
-0.2925,0.016128,0.45118
-0.28701,0.015887,0.43505
-0.28186,0.014895,0.41856
-0.27649,0.014596,0.40274
-0.27098,0.014181,0.3881
-0.26412,0.013707,0.37544
-0.2572,0.012831,0.36367
-0.25144,0.01204,0.35115
-0.24467,0.011703,0.33796
-0.23787,0.010465,0.3239
-0.23097,0.0087542,0.30873
-0.22431,0.0065959,0.2939
-0.21795,0.0037128,0.27768
-0.2103,0.0013361,0.26227
-0.20446,-0.00095027,0.24697
-0.2009,-0.003664,0.2345
-0.19771,-0.0066081,0.22279
-0.1951,-0.0079475,0.21304
-0.19283,-0.0091053,0.20366
-0.19184,-0.010345,0.19316
-0.19278,-0.010776,0.18313
-0.19353,-0.010797,0.17465
-0.19483,-0.011253,0.16749
-0.19763,-0.011363,0.16119
-0.20044,-0.011875,0.15548
-0.20298,-0.013717,0.15087
-0.20662,-0.015139,0.14608
-0.21045,-0.016456,0.14031
-0.2169,-0.016756,0.13557
-0.22499,-0.016235,0.12958
-0.2351,-0.016006,0.1253
-0.24614,-0.015751,0.1198
-0.25644,-0.015494,0.11321
-0.26854,-0.015016,0.10504
-0.28112,-0.014063,0.094033
-0.29129,-0.013137,0.080124
-0.30354,-0.012442,0.066447
-0.31426,-0.012016,0.050049
-0.32675,-0.012058,0.034019
-0.33936,-0.012562,0.017789
-0.35051,-0.012888,-0.00025629
-0.36374,-0.012745,-0.017987
-0.3769,-0.011829,-0.036768
-0.39016,-0.010032,-0.05746
-0.40436,-0.0076458,-0.078663
-0.41616,-0.0051695,-0.10229
-0.42767,-0.0025375,-0.12625
-0.43936,0.0013243,-0.15089
-0.44968,0.0052669,-0.17662
-0.46059,0.0084035,-0.20221
-0.47143,0.010535,-0.22707
-0.4826,0.013265,-0.25079
-0.49408,0.016775,-0.27244
-0.50654,0.020362,-0.29468
-0.51884,0.023419,-0.31592
-0.53151,0.025786,-0.33669
-0.5439,0.027523,-0.35738
-0.55711,0.029488,-0.37692
-0.57045,0.031352,-0.39469
-0.5839,0.033691,-0.41194
-0.59786,0.03568,-0.42871
-0.6104,0.037531,-0.44579
-0.62308,0.040846,-0.46229
-0.63535,0.043063,-0.47805
-0.64733,0.043701,-0.4924
-0.65836,0.044247,-0.50632
-0.6699,0.045012,-0.51983
-0.68081,0.045336,-0.53292
-0.69068,0.044715,-0.54409
-0.69942,0.043709,-0.5541
-0.70749,0.04198,-0.56449
-0.71567,0.041041,-0.5753
-0.72442,0.040493,-0.5872
-0.7336,0.040502,-0.59865
-0.74252,0.038895,-0.60979
-0.75138,0.037705,-0.62092
-0.7595,0.035722,-0.63161
-0.76839,0.035711,-0.64294
-0.77592,0.034823,-0.65255
-0.78402,0.033679,-0.66121
-0.78982,0.031353,-0.6693
-0.79633,0.030041,-0.67768
-0.80209,0.028996,-0.68456
-0.80724,0.028462,-0.69221
-0.81304,0.026921,-0.69968
-0.81831,0.025609,-0.70643
-0.82269,0.024486,-0.71329
-0.82729,0.024459,-0.71972
-0.83104,0.024686,-0.72382
-0.83524,0.024521,-0.72873
-0.83829,0.024942,-0.73328
-0.84129,0.024629,-0.73641
-0.84415,0.023731,-0.73906
-0.84721,0.020208,-0.74181
-0.84992,0.016544,-0.74402
-0.8525,0.012796,-0.74509
-0.85473,0.008562,-0.74599
-0.85617,0.0044008,-0.74581
-0.85818,0.0010084,-0.74637
-0.8592,-0.0030435,-0.7452
-0.85891,-0.0060335,-0.74294
-0.85963,-0.0073539,-0.74127
-0.86012,-0.0076297,-0.7398
-0.85994,-0.0072056,-0.73747
-0.85916,-0.0058815,-0.73577
-0.85933,-0.0045234,-0.73485
-0.85994,-0.0042676,-0.73534
-0.86062,-0.0031479,-0.73579
-0.86168,-0.0020778,-0.73467
-0.86328,-0.0023596,-0.73428
-0.86625,-0.0020817,-0.73523
-0.86954,-0.0011637,-0.73714
-0.87246,0.00039085,-0.73802
-0.87547,0.0023047,-0.73952
-0.87712,0.0029968,-0.73991
-0.87834,0.0033649,-0.74067
-0.8792,0.0043002,-0.74122
-0.87998,0.0048699,-0.74254
-0.88048,0.0061093,-0.74343
-0.88135,0.0075436,-0.74323
-0.88176,0.0074458,-0.7432
-0.88284,0.0064953,-0.7424
-0.88434,0.0057339,-0.74143
-0.88483,0.0057468,-0.74034
-0.88441,0.0063973,-0.73896
-0.88493,0.0072205,-0.73693
-0.88414,0.0057651,-0.73288
-0.88324,0.0040881,-0.72792
-0.88172,0.0030196,-0.72421
-0.87997,0.0020158,-0.71957
-0.8784,-0.00045436,-0.71601
-0.87529,-0.0030729,-0.71095
-0.87251,-0.0044559,-0.70733
-0.86821,-0.0069693,-0.70195
-0.86345,-0.0080898,-0.6964
-0.85829,-0.0089744,-0.69058
-0.85335,-0.0091482,-0.68552
-0.84832,-0.0081493,-0.68145
-0.84322,-0.007146,-0.67795
-0.83806,-0.0071119,-0.6745
-0.83137,-0.0069413,-0.6712
-0.8251,-0.0069668,-0.66726
-0.81805,-0.0071065,-0.66283
-0.81165,-0.0063968,-0.65819
-0.80581,-0.0047334,-0.65298
-0.79925,-0.0041632,-0.64978
-0.79281,-0.0044846,-0.64393
-0.78621,-0.0051207,-0.63824
-0.78028,-0.0047436,-0.63246
-0.77428,-0.0039922,-0.62791
-0.76763,-0.0023738,-0.62392
-0.75983,-0.0019276,-0.62069
-0.75145,-0.0022779,-0.61967
-0.74281,-0.0026328,-0.61945
-0.73428,-0.0015461,-0.61958
-0.72532,0.00040951,-0.62101
-0.71564,0.0027248,-0.62334
-0.70207,0.0034859,-0.62638
-0.68654,0.0045465,-0.62894
-0.66984,0.0060818,-0.63282
-0.64874,0.0063468,-0.63538
-0.62768,0.0069316,-0.63561
-0.60572,0.0071912,-0.63473
-0.57962,0.0060819,-0.63409
-0.5547,0.0064087,-0.63608
-0.52824,0.0049955,-0.63716
-0.50173,0.0036558,-0.64088
-0.47712,0.0031298,-0.64321
-0.44985,0.0020206,-0.64635
-0.42198,0.00095789,-0.64572
-0.39434,0.0020662,-0.64721
-0.36353,0.0026829,-0.64921
-0.33559,0.0022225,-0.64817
-0.30753,0.00073763,-0.64289
-0.27654,-0.0015038,-0.63423
-0.24618,-0.0049738,-0.62043
-0.21228,-0.009688,-0.60206
-0.18169,-0.012659,-0.5826
-0.15341,-0.016071,-0.5629
-0.1253,-0.018994,-0.5445
-0.099068,-0.021885,-0.52655
-0.071752,-0.023341,-0.5138
-0.047638,-0.024237,-0.49928
-0.023953,-0.025164,-0.48513
-0.0011162,-0.02534,-0.47332
0.020354,-0.025122,-0.46595
0.042432,-0.025206,-0.45889
0.062808,-0.024445,-0.45146
0.082371,-0.024393,-0.44877
0.10139,-0.02422,-0.44958
0.11871,-0.023943,-0.45249
0.13461,-0.022861,-0.45375
0.14907,-0.021866,-0.45401
0.16298,-0.020279,-0.45558
0.17738,-0.01917,-0.45972
0.1927,-0.01818,-0.46557
0.20783,-0.016586,-0.47257
0.22215,-0.014634,-0.48139
0.2344,-0.013229,-0.49085
0.24646,-0.011794,-0.50026
0.25813,-0.010901,-0.50923
0.27024,-0.010085,-0.51836
0.28243,-0.0078145,-0.53043
0.29425,-0.0054504,-0.54341
0.30665,-0.0051534,-0.55524
0.32043,-0.0046239,-0.56615
0.33491,-0.0029598,-0.57794
0.3485,-0.0031235,-0.58889
0.36181,-0.003237,-0.59964
0.37457,-0.00162,-0.61134
0.38705,-0.0014172,-0.6216
0.39777,-0.00064672,-0.63099
0.40962,0.00022076,-0.64069
0.42074,0.0024701,-0.65153
0.43206,0.0051922,-0.66323
0.44408,0.007155,-0.6736
0.4563,0.0089635,-0.68465
0.46643,0.009807,-0.69494
0.47543,0.010145,-0.70368
0.48417,0.01134,-0.71105
0.49302,0.011132,-0.72049
0.5021,0.011305,-0.72862
0.51004,0.011695,-0.73635
0.51716,0.012004,-0.74303
0.52385,0.010784,-0.74711
0.52923,0.0095849,-0.74882
0.53379,0.0095467,-0.75156
0.53919,0.0098337,-0.75399
0.5449,0.010778,-0.7561
0.54887,0.012056,-0.75746
0.55146,0.013678,-0.75807
0.55355,0.015079,-0.75895
0.55525,0.015554,-0.75913
0.55698,0.015315,-0.75904
0.55837,0.01453,-0.75884
0.55868,0.013581,-0.75951
0.55874,0.011478,-0.75907
0.55769,0.010414,-0.758
0.55663,0.0088107,-0.75998
0.55438,0.0070491,-0.76125
0.55072,0.0067216,-0.76342
0.54635,0.0058155,-0.76597
0.54069,0.0050539,-0.77013
0.534,0.0045336,-0.77593
0.52518,0.0051688,-0.78229
0.51579,0.0054774,-0.78768
0.50356,0.0073864,-0.79358
0.49008,0.0097537,-0.79933
0.47557,0.013702,-0.80679
0.45781,0.017173,-0.81388
0.44052,0.020249,-0.82119
0.41965,0.022667,-0.82986
0.39952,0.024425,-0.83861
0.37737,0.027112,-0.84626
0.35537,0.029181,-0.85424
0.33379,0.030914,-0.85985
0.31311,0.032447,-0.86402
0.29371,0.033505,-0.87061
0.27371,0.03553,-0.87797
0.25461,0.037267,-0.8852
0.23654,0.039168,-0.89258
0.21775,0.041017,-0.90086
0.19962,0.042765,-0.91058
0.18334,0.044431,-0.92014
0.16886,0.046219,-0.92789
0.15543,0.048425,-0.93535
0.14374,0.05101,-0.94123
0.13389,0.053064,-0.94639
0.12602,0.054963,-0.95276
0.11942,0.055646,-0.95725
0.11342,0.057091,-0.96221
0.10916,0.058191,-0.96518
0.10542,0.059697,-0.96934
0.10206,0.060107,-0.97284
0.099653,0.060662,-0.97504
0.097912,0.061966,-0.97753
0.096358,0.062259,-0.98007
0.095499,0.060644,-0.98092
0.093849,0.059766,-0.98291
0.091786,0.057811,-0.9825
0.089968,0.056861,-0.98357
0.088554,0.055897,-0.98579
0.087787,0.05517,-0.98757
0.088339,0.054381,-0.98962
0.087804,0.052919,-0.98921
0.087326,0.051971,-0.9885
0.086716,0.050388,-0.98971
0.086097,0.049151,-0.98791
0.085873,0.047527,-0.98335
0.08489,0.046252,-0.9804
0.082909,0.046336,-0.97737
0.081417,0.04621,-0.97466
0.0798,0.045827,-0.97092
0.078533,0.045487,-0.9706
0.076805,0.044667,-0.96859
0.074152,0.044112,-0.96541
0.070945,0.042633,-0.96215
0.067739,0.041173,-0.95981
0.065134,0.039216,-0.95711
0.062002,0.03764,-0.95254
0.058896,0.036293,-0.94787
0.055814,0.034662,-0.94336
0.052871,0.033301,-0.93801
0.050397,0.030328,-0.93307
0.048428,0.027442,-0.9317
0.046977,0.024874,-0.93196
0.04565,0.022971,-0.93251
0.044216,0.020749,-0.93371
0.042531,0.01888,-0.9349
0.041156,0.016377,-0.934
0.03981,0.013862,-0.93086
0.038373,0.011032,-0.92865
0.036762,0.0090847,-0.92598
0.035243,0.0082163,-0.92393
0.034422,0.0076171,-0.91923
0.034063,0.0074654,-0.91544
0.033452,0.0068407,-0.91383
0.033005,0.006872,-0.91466
0.03238,0.0066136,-0.91503
0.031229,0.0065038,-0.91317
0.030751,0.0052183,-0.90588
0.030501,0.0046211,-0.89476
0.029675,0.0054288,-0.8845
0.028163,0.0065602,-0.87431
0.025517,0.0085432,-0.86684
0.022626,0.009354,-0.85951
0.018859,0.010229,-0.85067
0.015091,0.010844,-0.84112
0.011392,0.011722,-0.83053
0.0071673,0.012237,-0.81751
0.0041958,0.01356,-0.80143
0.00075019,0.014261,-0.78237
-0.0029062,0.014605,-0.76325
-0.0065254,0.015775,-0.74608
-0.010572,0.015815,-0.72807
-0.015378,0.015317,-0.71334
-0.019982,0.014794,-0.6996
-0.02464,0.014016,-0.68052
-0.028508,0.014009,-0.66052
-0.03219,0.012812,-0.63683
-0.035151,0.011515,-0.61064
-0.037489,0.010049,-0.58197
-0.03905,0.0099386,-0.55337
-0.040444,0.0092933,-0.52511
-0.04066,0.0091365,-0.49919
-0.041118,0.0091863,-0.47732
-0.041795,0.010184,-0.45606
-0.041347,0.011068,-0.43607
-0.040718,0.012335,-0.41797
-0.040253,0.014657,-0.40138
-0.039841,0.015997,-0.38794
-0.039069,0.015284,-0.37805
-0.037593,0.014996,-0.37133
-0.035298,0.013889,-0.36722
-0.032858,0.013898,-0.36342
-0.031425,0.013285,-0.35616
-0.0297,0.012928,-0.34803
-0.026789,0.012684,-0.34235
-0.023599,0.012116,-0.34286
-0.020473,0.012344,-0.34576
-0.017603,0.012401,-0.34551
-0.014729,0.012868,-0.34389
-0.011975,0.013572,-0.34295
-0.0099837,0.013538,-0.33955
-0.0084193,0.013501,-0.33676
-0.0066401,0.013796,-0.33321
-0.0043598,0.014358,-0.32942
-0.0024694,0.015329,-0.3265
-0.0011302,0.016987,-0.32495
0.00011719,0.018659,-0.32534
0.00091268,0.019847,-0.32734
0.00099448,0.021109,-0.33175
0.0012413,0.022979,-0.33712
0.0014996,0.024701,-0.34277
0.00063145,0.026373,-0.34753
7.2322e-05,0.028116,-0.35124
-0.00053006,0.030067,-0.3534
0.00010595,0.031815,-0.35658
0.00045136,0.033575,-0.36132
0.00073213,0.034767,-0.36824
0.00043851,0.036762,-0.37561
0.0013403,0.038372,-0.38457
0.0020305,0.040593,-0.39514
0.0023139,0.04282,-0.40387
0.0023395,0.044208,-0.41091
0.002877,0.045314,-0.41714
0.0043275,0.046677,-0.42458
0.0059344,0.046811,-0.43197
0.0073246,0.047434,-0.43961
0.0087422,0.047316,-0.44688
0.010724,0.047034,-0.45329
0.013382,0.047525,-0.46128
0.017512,0.047653,-0.46984
0.020635,0.047841,-0.47893
0.022404,0.048008,-0.48883
0.024169,0.048491,-0.49854
0.025487,0.048881,-0.50889
0.027317,0.049583,-0.51916
0.028765,0.048898,-0.52739
0.029318,0.047989,-0.53513
0.029648,0.047641,-0.54377
0.030421,0.048421,-0.55486
0.03105,0.050036,-0.56538
0.032475,0.051762,-0.57624
0.0337,0.053996,-0.58565
0.035191,0.055942,-0.59358
0.035511,0.05761,-0.602
0.035465,0.058033,-0.60924
0.035074,0.058758,-0.61547
0.035226,0.057922,-0.62095
0.035557,0.057948,-0.62617
0.035736,0.058692,-0.6312
0.036164,0.059107,-0.63686
0.036456,0.059274,-0.64129
0.036015,0.059277,-0.64625
0.035465,0.058924,-0.6525
0.034271,0.057254,-0.65875
0.032744,0.055448,-0.66538
0.031283,0.053544,-0.67148
0.030253,0.052036,-0.67648
0.025917,0.053457,-0.6831
0.023392,0.052683,-0.68952
0.021482,0.052071,-0.69644
0.019822,0.050852,-0.70284
0.018404,0.049434,-0.7103
0.017433,0.04798,-0.71791
0.017284,0.045967,-0.72447
0.017323,0.044068,-0.73072
0.018695,0.041648,-0.73559
0.020171,0.03968,-0.73982
0.022987,0.037512,-0.74275
0.025195,0.035173,-0.74455
0.027731,0.033082,-0.74714
0.029689,0.031042,-0.75041
0.031872,0.028957,-0.75182
0.035419,0.027785,-0.75284
0.039256,0.027388,-0.75324
0.043087,0.026411,-0.75544
0.048943,0.024908,-0.75816
0.05431,0.023243,-0.76248
0.060067,0.022112,-0.76503
0.065734,0.021092,-0.76558
0.071091,0.020572,-0.76328
0.077671,0.019351,-0.75622
0.084782,0.017572,-0.75015
0.092791,0.016277,-0.74504
0.10121,0.014668,-0.74073
0.10934,0.013602,-0.73996
0.11932,0.012165,-0.73772
0.1309,0.010095,-0.72904
0.14253,0.0074245,-0.71986
0.15722,0.0049804,-0.71266
0.17028,0.0037394,-0.70847
0.18449,0.0024582,-0.70289
0.20276,0.00084153,-0.69489
0.22117,-0.0017755,-0.68582
0.24048,-0.0054634,-0.67062
0.26249,-0.0093889,-0.65062
0.28313,-0.013536,-0.62677
0.30582,-0.018104,-0.59122
0.32747,-0.020675,-0.56108
0.35007,-0.023929,-0.52936
0.37607,-0.026364,-0.49906
0.40117,-0.028549,-0.46856
0.42867,-0.029916,-0.4393
0.45432,-0.031576,-0.41199
0.48042,-0.033373,-0.38751
0.50784,-0.03402,-0.3626
0.53441,-0.035323,-0.33666
0.56064,-0.035913,-0.30762
0.5864,-0.036341,-0.27545
0.61095,-0.037653,-0.24374
0.63526,-0.039042,-0.2181
0.66023,-0.040015,-0.19762
0.68495,-0.040607,-0.17783
0.70976,-0.041565,-0.15687
0.73411,-0.041685,-0.13871
0.75792,-0.042462,-0.11981
0.78212,-0.043523,-0.10352
0.80613,-0.043943,-0.089513
0.83176,-0.045248,-0.0774
0.85791,-0.046562,-0.066414
0.88262,-0.047928,-0.056842
0.9072,-0.048833,-0.047624
0.93078,-0.050113,-0.03627
0.95357,-0.05257,-0.024849
0.97445,-0.054277,-0.014579
0.99483,-0.055621,-0.0040072
1.0148,-0.057276,0.0054685
1.034,-0.057203,0.014314
1.0518,-0.057518,0.02251
1.0689,-0.058065,0.029984
1.0846,-0.059044,0.036102
1.0989,-0.060475,0.042136
1.1105,-0.062509,0.048022
1.1213,-0.064555,0.052534
1.131,-0.065771,0.054146
1.1386,-0.067259,0.054907
1.1465,-0.069487,0.0569
1.1522,-0.07167,0.059003
1.1586,-0.073588,0.059372
1.1645,-0.074752,0.05676
1.1695,-0.075861,0.05573
1.1737,-0.078267,0.055497
1.1768,-0.080052,0.055707
1.1794,-0.082615,0.05595
1.1816,-0.084272,0.057889
1.1836,-0.085286,0.058377
1.1842,-0.086037,0.058181
1.1834,-0.08677,0.058887
1.1827,-0.086884,0.057316
1.1822,-0.086975,0.056083
1.1818,-0.085486,0.053877
1.1818,-0.084806,0.052047
1.1807,-0.08472,0.051004
1.1782,-0.084012,0.051352
1.176,-0.083083,0.050764
1.1736,-0.08146,0.051238
1.1702,-0.079297,0.05215
1.1677,-0.077134,0.055213
1.1652,-0.075391,0.057561
1.1625,-0.072698,0.060536
1.1603,-0.071154,0.063807
1.1585,-0.069112,0.068099
1.1567,-0.067172,0.071613
1.1547,-0.065076,0.075993
1.1532,-0.063498,0.078602
1.1502,-0.062243,0.08178
1.1463,-0.060918,0.084697
1.1426,-0.05896,0.08752
1.1389,-0.057415,0.090173
1.1361,-0.056191,0.090831
1.1353,-0.05424,0.092709
1.1337,-0.052736,0.093793
1.1325,-0.052106,0.095749
1.1294,-0.05167,0.097238
1.1265,-0.050859,0.097131
1.1247,-0.050218,0.096185
1.1212,-0.049473,0.095204
1.1174,-0.049203,0.094106
1.1127,-0.048791,0.092926
1.1093,-0.047729,0.091802
1.1059,-0.046739,0.090298
1.1032,-0.045645,0.088109
1.1008,-0.044259,0.08583
1.0976,-0.042795,0.082611
1.0949,-0.041929,0.080642
1.0905,-0.041095,0.076748
1.086,-0.040106,0.073847
1.0817,-0.039063,0.071796
1.0779,-0.037338,0.071206
1.0736,-0.036009,0.070237
1.0711,-0.035026,0.068619
1.0687,-0.034611,0.067663
1.0662,-0.032792,0.067795
1.0632,-0.032009,0.068227
1.0602,-0.03133,0.069198
1.0565,-0.03087,0.069498
1.054,-0.030546,0.069769
1.0515,-0.030501,0.071321
1.0487,-0.030281,0.072219
1.0449,-0.031053,0.072597
1.0415,-0.031998,0.071299
1.0389,-0.032718,0.07101
1.036,-0.03317,0.070182
1.0332,-0.033674,0.069903
1.0306,-0.033624,0.069663
1.0274,-0.033345,0.068716
1.0234,-0.032828,0.067134
1.019,-0.031147,0.063179
1.0149,-0.029271,0.05981
1.0118,-0.028209,0.055938
1.0088,-0.02811,0.05289
1.0059,-0.028644,0.050038
1.0024,-0.029188,0.047611
0.99826,-0.029609,0.045003
0.99342,-0.029121,0.043832
0.98807,-0.027846,0.040626
0.98323,-0.027226,0.03855
0.97831,-0.026216,0.034801
0.97226,-0.025654,0.031772
0.96539,-0.025253,0.0294
0.95817,-0.02389,0.027141
0.94916,-0.02334,0.026176
0.93945,-0.023236,0.025365
0.92923,-0.023167,0.0253
0.9187,-0.022903,0.025125
0.90603,-0.022307,0.025529
0.89354,-0.022326,0.029024
0.87969,-0.022288,0.032233
0.86437,-0.022325,0.036539
0.84733,-0.022962,0.041088
0.82904,-0.024072,0.04663
0.8095,-0.025088,0.053007
0.7889,-0.025811,0.060877
0.77094,-0.027159,0.070546
0.74926,-0.027937,0.07875
0.73039,-0.029288,0.088239
0.71023,-0.029425,0.096933
0.69053,-0.029415,0.10784
0.67133,-0.0291,0.11927
0.65313,-0.029234,0.13061
0.63523,-0.02972,0.14261
0.61932,-0.029764,0.1557
0.60475,-0.02839,0.17033
0.59062,-0.027303,0.18522
0.57511,-0.026704,0.20229
0.55859,-0.026648,0.2216
0.54138,-0.025989,0.24114
0.52286,-0.025561,0.26056
0.50401,-0.02552,0.27865
0.48362,-0.026398,0.29718
0.46237,-0.027202,0.3181
0.44152,-0.027329,0.33647
0.42092,-0.027688,0.35426
0.40152,-0.028026,0.37286
0.38062,-0.029231,0.39036
0.3581,-0.030346,0.40994
0.33567,-0.031275,0.42546
0.31493,-0.030317,0.439
0.29547,-0.029616,0.45246
0.27573,-0.028395,0.46573
0.25625,-0.026905,0.47673
0.2367,-0.025184,0.48704
0.21879,-0.023842,0.49725
0.20252,-0.022099,0.50843
0.18705,-0.020137,0.51937
0.17216,-0.018209,0.53046
0.15752,-0.016511,0.54047
0.14451,-0.015363,0.55208
0.13148,-0.012911,0.56514
0.11926,-0.0098914,0.57837
0.10818,-0.0074694,0.59293
0.097314,-0.0049364,0.60762
0.087303,-0.0027253,0.6224
0.077496,-0.0012112,0.63969
0.067966,-0.00012369,0.65771
0.05951,0.0012121,0.67626
0.050623,0.0018575,0.69543
0.042849,0.0035753,0.71211
0.036299,0.0047874,0.72718
0.030291,0.0048639,0.74211
0.024186,0.0053644,0.75553
0.017682,0.0059403,0.76672
0.011892,0.006333,0.77696
0.0064277,0.0064632,0.78738
0.0014835,0.0063976,0.79772
-0.0033189,0.0066031,0.80772
-0.0093507,0.0064574,0.81572
-0.015886,0.0062845,0.8239
-0.021831,0.0058455,0.83193
-0.027181,0.0054204,0.84148
-0.032767,0.0042284,0.85195
-0.037892,0.0031243,0.86087
-0.04108,0.001587,0.86844
-0.043737,0.0002062,0.87606
-0.047196,-0.0011745,0.88159
-0.051003,-0.0022328,0.88615
-0.054785,-0.0029043,0.89121
-0.057315,-0.004272,0.89654
-0.058984,-0.0058239,0.89975
-0.06091,-0.0072718,0.90022
-0.062816,-0.0079172,0.90029
-0.064034,-0.0093869,0.90055
-0.065084,-0.011435,0.89927
-0.066244,-0.012361,0.89577
-0.066571,-0.013102,0.89011
-0.067847,-0.013741,0.88479
-0.067258,-0.014354,0.88026
-0.06693,-0.01496,0.87442
-0.065838,-0.016517,0.86885
-0.065244,-0.016545,0.8624
-0.064585,-0.017342,0.85429
-0.065434,-0.01848,0.84595
-0.065986,-0.020478,0.83931
-0.066135,-0.021962,0.83541
-0.065543,-0.024098,0.83357
-0.065662,-0.026128,0.83274
-0.065139,-0.029072,0.83272
-0.064136,-0.031549,0.83182
-0.063866,-0.034394,0.83095
-0.063593,-0.0383,0.83191
-0.062736,-0.041078,0.83423
-0.061695,-0.043706,0.83636
-0.061573,-0.047205,0.83693
-0.061228,-0.050389,0.83645
-0.061147,-0.053361,0.83522
-0.061498,-0.055427,0.83482
-0.060993,-0.057279,0.8358
-0.060802,-0.059228,0.83702
-0.061031,-0.061159,0.83656
-0.061565,-0.062635,0.83689
-0.062782,-0.063374,0.83754
-0.063787,-0.063883,0.83739
-0.063832,-0.06398,0.83638
-0.064085,-0.063614,0.83403
-0.06302,-0.063271,0.83086
-0.062241,-0.062016,0.82685
-0.060271,-0.060838,0.82043
-0.058539,-0.06096,0.8134
-0.057235,-0.061335,0.80653
-0.055938,-0.061488,0.79938
-0.05454,-0.061205,0.79199
-0.054462,-0.061162,0.78485
-0.05431,-0.061304,0.77822
-0.053274,-0.06195,0.77101
-0.052576,-0.06212,0.76403
-0.052439,-0.062252,0.75801
-0.052513,-0.062576,0.74911
-0.053067,-0.062526,0.74047
-0.053682,-0.061218,0.73101
-0.054549,-0.061011,0.71971
-0.054287,-0.060701,0.70755
-0.053691,-0.059676,0.69628
-0.052612,-0.058182,0.68875
-0.050971,-0.056257,0.68416
-0.04986,-0.053765,0.68146
-0.04899,-0.050548,0.68128
-0.047775,-0.047924,0.68231
-0.045979,-0.045352,0.68576
-0.04374,-0.043343,0.69102
-0.043288,-0.042033,0.69818
-0.043068,-0.040991,0.7067
-0.043284,-0.04037,0.71637
-0.043226,-0.039892,0.72544
-0.043109,-0.040061,0.7333
-0.043648,-0.041679,0.74227
-0.044258,-0.043083,0.75242
-0.045617,-0.044329,0.76295
-0.047837,-0.045143,0.77169
-0.050246,-0.04577,0.77799
-0.053174,-0.046814,0.78245
-0.056555,-0.048234,0.78585
-0.059811,-0.049803,0.79018
-0.063221,-0.050764,0.79478
-0.066833,-0.051462,0.79979
-0.070169,-0.051446,0.80322
-0.072482,-0.051482,0.80452
-0.075343,-0.052456,0.80505
-0.077551,-0.053429,0.8054
-0.079221,-0.054368,0.80501
-0.081573,-0.056444,0.80574
-0.083,-0.058759,0.80755
-0.083803,-0.060819,0.80945
-0.083543,-0.062514,0.81008
-0.083073,-0.064459,0.80898
-0.08176,-0.065751,0.80622
-0.081024,-0.06686,0.80511
-0.080494,-0.067301,0.80434
-0.079605,-0.067887,0.80481
-0.079583,-0.06851,0.8067
-0.079306,-0.069023,0.81028
-0.078048,-0.070017,0.81518
-0.07678,-0.070749,0.82179
-0.075278,-0.071871,0.82919
-0.073788,-0.072819,0.83573
-0.072159,-0.072393,0.84135
-0.071616,-0.072707,0.84641
-0.070745,-0.072853,0.85153
-0.069962,-0.072332,0.85709
-0.069106,-0.071313,0.86248
-0.067303,-0.07039,0.86791
-0.065117,-0.06913,0.87338
-0.063963,-0.067562,0.88011
-0.063571,-0.066421,0.88761
-0.06353,-0.064438,0.89532
-0.060707,-0.060661,0.90443
-0.055131,-0.056607,0.91373
-0.049997,-0.05449,0.92251
-0.04534,-0.053682,0.92981
-0.043319,-0.053942,0.93397
-0.044369,-0.054141,0.93687
-0.045989,-0.05392,0.93895
-0.048268,-0.05468,0.93938
-0.050212,-0.0557,0.93868
-0.052178,-0.056638,0.93717
-0.055779,-0.057684,0.93405
-0.059778,-0.057795,0.93039
-0.064345,-0.057133,0.92709
-0.068088,-0.05608,0.92341
-0.071445,-0.054756,0.91808
-0.075761,-0.053423,0.91247
-0.081372,-0.05276,0.90628
-0.087481,-0.051609,0.89882
-0.092078,-0.049672,0.89053
-0.095926,-0.047954,0.88441
-0.098133,-0.045938,0.87975
-0.098344,-0.044271,0.87108
-0.097429,-0.042394,0.85908
-0.096732,-0.041099,0.84546
-0.094358,-0.039083,0.83047
-0.091429,-0.037438,0.81387
-0.08875,-0.036098,0.7967
-0.086783,-0.0341,0.77864
-0.084981,-0.032538,0.76038
-0.083074,-0.031384,0.74167
-0.081947,-0.030197,0.72259
-0.081102,-0.029032,0.70427
-0.080685,-0.027718,0.6902
-0.080794,-0.025934,0.68072
-0.080379,-0.023805,0.67342
-0.079823,-0.021961,0.66715
-0.079509,-0.021056,0.66172
-0.07892,-0.020806,0.65633
-0.07778,-0.020856,0.65204
