-3.706857562065124512e-03 -1.258092075586318970e-01 3.304065018892288208e-02
-3.947463631629943848e-02 1.225066632032394409e-01 3.385990858078002930e-03
1.419529318809509277e-03 -2.730907127261161804e-02 1.638822257518768311e-03
-1.427942514419555664e-02 1.117510721087455750e-02 1.309938728809356689e-03
-4.106313735246658325e-02 3.722665458917617798e-02 3.730640560388565063e-02
-5.610227584838867188e-03 -6.003466248512268066e-02 1.659939438104629517e-02
-3.721062839031219482e-02 1.039613336324691772e-01 -8.080549538135528564e-03
-1.287256181240081787e-02 -9.298730641603469849e-03 -1.069411635398864746e-03
8.966736495494842529e-03 -1.286711916327476501e-02 3.871858119964599609e-03
-2.016299217939376831e-02 9.256786853075027466e-02 2.124825865030288696e-02
-2.117201685905456543e-03 -7.915769517421722412e-02 -3.135420382022857666e-03
2.050171792507171631e-02 -1.367286890745162964e-01 8.009925484657287598e-03
-2.330832183361053467e-02 -5.441764369606971741e-03 4.155355691909790039e-02
-1.177518069744110107e-02 1.986607909202575684e-03 3.425297141075134277e-02
-2.120725065469741821e-02 2.511052414774894714e-03 5.414267629384994507e-02
-4.068166017532348633e-02 5.480697378516197205e-03 6.135835498571395874e-02
-4.487431049346923828e-02 1.131469756364822388e-02 5.840487033128738403e-02
-1.720909774303436279e-02 5.165534466505050659e-02 1.302684098482131958e-02
7.105293869972229004e-02 -2.842500805854797363e-03 -3.715910017490386963e-03
8.193175494670867920e-02 -2.315501868724822998e-02 -1.589216291904449463e-03
-6.983570009469985962e-02 -1.218210160732269287e-02 5.017835646867752075e-02
-6.103407591581344604e-02 2.435046434402465820e-02 4.919057339429855347e-02
7.219202816486358643e-03 1.974806189537048340e-03 5.735948681831359863e-03
5.302285403013229370e-02 2.339668571949005127e-02 9.008176624774932861e-03
-2.411516383290290833e-02 3.763344138860702515e-03 7.102467119693756104e-03
-4.379948228597640991e-02 1.310921832919120789e-02 9.881384670734405518e-03
-2.369294315576553345e-02 4.564807564020156860e-02 1.737985014915466309e-02
3.647122979164123535e-01 -2.233821898698806763e-02 -1.714589297771453857e-01
-1.457950770854949951e-01 -8.867448568344116211e-02 1.378669738769531250e-01
-2.911052703857421875e-01 4.867908358573913574e-02 1.366512477397918701e-01
7.552030682563781738e-02 9.435419738292694092e-02 -2.852327376604080200e-02
1.992341130971908569e-01 -4.822449013590812683e-02 -5.018367618322372437e-02
-1.267262250185012817e-01 6.472714245319366455e-03 1.038153097033500671e-01
1.735125035047531128e-01 3.593574464321136475e-02 -6.440159678459167480e-02
-1.364503055810928345e-02 -4.203677177429199219e-03 -4.084808379411697388e-02
4.129335284233093262e-02 6.063722074031829834e-02 4.141687601804733276e-02
2.141979485750198364e-01 6.498874723911285400e-02 -8.802061527967453003e-02
6.372942030429840088e-02 1.824867725372314453e-02 -3.535710275173187256e-03
5.406811833381652832e-03 -6.099596619606018066e-03 2.820910513401031494e-02
-1.273481547832489014e-02 -2.038486301898956299e-02 2.735588699579238892e-02
-1.297721266746520996e-02 -2.758305147290229797e-02 3.388275951147079468e-02
-1.291452348232269287e-02 -2.708142064511775970e-02 3.332886844873428345e-02
-1.289070397615432739e-02 -2.752311713993549347e-02 3.383336216211318970e-02
-1.291973516345024109e-02 -2.756953239440917969e-02 3.391572088003158569e-02
-1.268203929066658020e-02 -2.753398008644580841e-02 3.379508107900619507e-02
-1.268569752573966980e-02 -2.757956832647323608e-02 3.406517952680587769e-02
-1.290779188275337219e-02 -2.754513919353485107e-02 3.343783318996429443e-02
-1.444762200117111206e-02 -2.558279968798160553e-02 3.362047672271728516e-02
-1.363436877727508545e-02 -2.675499022006988525e-02 3.395024687051773071e-02
-1.380522549152374268e-02 -2.916480600833892822e-02 3.426585346460342407e-02
-1.361018419265747070e-02 -2.792216837406158447e-02 3.334999829530715942e-02
-1.399974524974822998e-02 -2.810777723789215088e-02 3.368464857339859009e-02
-1.422122120857238770e-02 -2.789829671382904053e-02 3.350006788969039917e-02
-1.426310837268829346e-02 -2.797819674015045166e-02 3.387220948934555054e-02
-1.428370177745819092e-02 -2.795068919658660889e-02 3.388532251119613647e-02
-1.423104107379913330e-02 -2.786837518215179443e-02 3.347776085138320923e-02
-1.422678679227828979e-02 -2.779256552457809448e-02 3.343953937292098999e-02
-1.438868790864944458e-02 -2.784831263124942780e-02 3.367391973733901978e-02
-1.463305950164794922e-02 -2.805287390947341919e-02 3.391045331954956055e-02
-1.477616652846336365e-02 -2.784546650946140289e-02 3.343357890844345093e-02
-1.211659610271453857e-02 -2.629956416785717010e-02 2.248150110244750977e-02
4.556032270193099976e-02 1.631885021924972534e-02 9.293690323829650879e-03
-1.120443791151046753e-01 4.403143376111984253e-02 6.105116754770278931e-02
-3.780801221728324890e-02 -9.128911420702934265e-03 2.858482301235198975e-03
1.949811726808547974e-02 -5.366649851202964783e-02 4.025019705295562744e-03
-6.370455026626586914e-03 1.613792777061462402e-02 3.179521113634109497e-02
1.336980611085891724e-02 2.092799544334411621e-02 -5.803070962429046631e-03
-2.123059704899787903e-02 -1.480884477496147156e-02 1.476720720529556274e-02
-1.872007921338081360e-02 -6.840690970420837402e-03 2.790961414575576782e-02
-1.140570640563964844e-02 -2.195158228278160095e-02 -1.259267330169677734e-03
-1.731780916452407837e-02 9.582094848155975342e-03 -2.303778007626533508e-02
-2.402924001216888428e-02 1.822666823863983154e-02 -2.729970961809158325e-02
1.006730645895004272e-02 1.185528188943862915e-02 -1.906174421310424805e-02
2.509041130542755127e-02 1.718050241470336914e-02 -1.758917421102523804e-02
7.470399141311645508e-03 6.260059773921966553e-03 9.366437792778015137e-03
1.520909368991851807e-02 -1.732096821069717407e-02 6.545901298522949219e-03
6.877377629280090332e-03 -3.800898045301437378e-02 -7.233388721942901611e-03
1.640600711107254028e-02 -2.417400851845741272e-02 -4.302395880222320557e-02
-1.829938590526580811e-02 -1.180341001600027084e-02 -4.420812427997589111e-02
-3.249143809080123901e-02 3.702314943075180054e-02 -4.120002314448356628e-02
1.573338359594345093e-02 -3.696092963218688965e-02 -8.613504469394683838e-03
7.407024502754211426e-03 6.916843354701995850e-03 -2.699553966522216797e-03
5.889527499675750732e-03 6.440307945013046265e-03 4.127293825149536133e-03
-1.925321668386459351e-02 2.760719507932662964e-02 1.338198781013488770e-04
-1.078494265675544739e-02 2.131279557943344116e-02 -1.707531884312629700e-02
-1.648128032684326172e-03 -1.433993503451347351e-02 -1.678545027971267700e-02
-4.300320148468017578e-02 -3.129923716187477112e-03 6.086304783821105957e-04
-6.690506637096405029e-02 -1.600950211286544800e-02 -6.506681442260742188e-03
-4.324099048972129822e-02 -5.754549987614154816e-03 -1.693272590637207031e-02
-2.992483973503112793e-02 9.715091437101364136e-04 3.339506685733795166e-03
-1.123224794864654541e-01 8.034639060497283936e-03 3.314214199781417847e-02
-1.765310913324356079e-01 1.254591718316078186e-02 8.150877803564071655e-02
-4.459406062960624695e-02 -3.121010959148406982e-03 1.835808157920837402e-02
6.254340708255767822e-02 -3.065047785639762878e-02 4.002757370471954346e-03
-7.074209302663803101e-02 1.530253514647483826e-02 -4.108004271984100342e-03
5.342878401279449463e-03 1.668401062488555908e-03 -1.591165736317634583e-02
-1.375943422317504883e-02 -1.718173176050186157e-02 -5.832455679774284363e-02
-2.046234905719757080e-03 2.969752997159957886e-02 -1.942622661590576172e-02
9.667478501796722412e-03 -2.688775211572647095e-02 -1.445071399211883545e-02
1.402389258146286011e-02 -3.483328223228454590e-02 -1.230224967002868652e-02
-6.573683023452758789e-02 -3.356600552797317505e-02 -2.959457784891128540e-02
-4.798598587512969971e-02 -8.902623504400253296e-02 -4.377480596303939819e-02
2.243800461292266846e-02 6.417825818061828613e-03 -1.944094151258468628e-02
-5.190111696720123291e-02 -8.579343557357788086e-04 -2.627955377101898193e-02
-4.866854846477508545e-02 -5.122433975338935852e-02 -1.932400837540626526e-02
3.463725000619888306e-02 7.636483013629913330e-02 -3.075402230024337769e-02
-1.278201490640640259e-02 -2.319226041436195374e-03 1.256652176380157471e-03
-2.522184848785400391e-01 -9.671841561794281006e-02 3.198406100273132324e-02
-2.031365036964416504e-02 4.765438288450241089e-02 -3.290660679340362549e-03
2.041532844305038452e-02 1.651019603013992310e-02 -1.155445724725723267e-02
1.416403055191040039e-02 4.189204797148704529e-02 1.002145558595657349e-02
2.181501686573028564e-02 2.855070307850837708e-02 1.293681561946868896e-03
-3.936141729354858398e-03 3.092963248491287231e-02 -3.105632960796356201e-03
-3.532033786177635193e-02 1.725747436285018921e-02 -5.527585744857788086e-04
-8.152551949024200439e-03 -2.467351779341697693e-02 -3.610167652368545532e-02
8.449956774711608887e-03 1.636710762977600098e-02 1.885124295949935913e-02
-1.016799062490463257e-01 -3.983623534440994263e-02 2.485512197017669678e-02
-1.156425625085830688e-01 -4.486592113971710205e-02 3.116479516029357910e-02
-3.361262083053588867e-01 -1.945124566555023193e-02 8.575115352869033813e-02
-1.687605381011962891e-01 -2.921216189861297607e-03 9.007923305034637451e-03
-1.086711883544921875e-03 -7.441751658916473389e-04 -2.160830795764923096e-02
1.993197202682495117e-02 -4.018269479274749756e-03 -4.497370496392250061e-02
-1.642651855945587158e-03 3.147588670253753662e-02 -4.534070566296577454e-02
-1.192446798086166382e-02 4.399789869785308838e-02 -1.409628242254257202e-02
-3.265219926834106445e-02 2.576611563563346863e-02 4.936531186103820801e-04
-4.072107374668121338e-02 -3.527980670332908630e-02 4.671304672956466675e-02
1.260348409414291382e-02 5.689995363354682922e-03 -4.364502057433128357e-02
-4.502367600798606873e-02 -8.191222324967384338e-03 1.546429842710494995e-02
-5.320288240909576416e-02 -2.684444934129714966e-02 -2.855256199836730957e-03
-4.738509654998779297e-03 6.042852997779846191e-03 -4.010663554072380066e-02
6.183898448944091797e-02 -2.414511144161224365e-02 -1.952210813760757446e-02
-1.762190461158752441e-02 -2.580066025257110596e-02 -3.098418563604354858e-02
-3.706903755664825439e-02 -1.481656730175018311e-02 -5.370663851499557495e-02
-6.457208096981048584e-02 -2.219377458095550537e-02 -6.383279711008071899e-02
1.756707578897476196e-02 -6.082282960414886475e-02 -6.456953287124633789e-02
-1.886826753616333008e-02 -2.600918710231781006e-02 -4.017343372106552124e-02
-1.893824338912963867e-02 -6.973519176244735718e-02 -3.538792952895164490e-02
-2.063564211130142212e-02 -1.649108715355396271e-02 -5.830319598317146301e-02
-4.680082201957702637e-03 -6.911508738994598389e-02 -1.270171999931335449e-02
-1.010432094335556030e-02 -8.629122376441955566e-02 -9.165663272142410278e-02
8.145526051521301270e-03 -5.927089601755142212e-02 -9.059541672468185425e-02
1.081389933824539185e-02 -4.703912138938903809e-02 -3.205939754843711853e-02
2.470703423023223877e-02 -3.849169611930847168e-02 -2.544685825705528259e-02
5.473881959915161133e-03 -9.242835640907287598e-02 -6.108554825186729431e-02
-6.838865578174591064e-02 -2.554886043071746826e-02 -1.172544211149215698e-01
-3.783430159091949463e-02 -6.939472258090972900e-02 -4.834090173244476318e-02
-3.384335339069366455e-02 8.124783635139465332e-03 -9.969843178987503052e-02
5.772367119789123535e-03 -6.892785429954528809e-03 -8.035265654325485229e-02
-2.530319988727569580e-02 -3.932072222232818604e-02 -9.733145684003829956e-02
-4.769791662693023682e-02 -3.613518178462982178e-02 -1.127011701464653015e-01
-7.399980723857879639e-02 -6.325756013393402100e-02 -9.870608896017074585e-02
-3.842662274837493896e-02 -2.673058211803436279e-02 -8.969590812921524048e-02
-7.509058713912963867e-02 -4.772182181477546692e-02 -7.489873468875885010e-02
-1.654832810163497925e-02 -5.628488212823867798e-02 -3.498600050806999207e-02
2.632577419281005859e-01 -6.932506710290908813e-02 -9.825102239847183228e-02
2.461979240179061890e-01 -3.709508478641510010e-02 -1.225671172142028809e-01
2.726167440414428711e-01 -4.323558509349822998e-02 -1.070281416177749634e-01
3.504818677902221680e-02 -7.536575198173522949e-03 -5.873292312026023865e-02
-4.109304025769233704e-02 7.689451798796653748e-03 -1.057947054505348206e-02
3.101423382759094238e-03 2.612480893731117249e-03 1.989493519067764282e-02
5.726298689842224121e-02 1.267473027110099792e-02 -1.536102592945098877e-02
1.698531061410903931e-01 -1.465268433094024658e-03 -4.650810360908508301e-02
5.978997051715850830e-02 2.683088183403015137e-02 -1.339069008827209473e-02
2.038134783506393433e-01 -3.205139189958572388e-02 -1.517763733863830566e-01
5.601537972688674927e-02 1.280269026756286621e-02 -3.353124111890792847e-02
-5.228845030069351196e-02 2.151005342602729797e-02 3.953726589679718018e-02
1.421475410461425781e-02 3.389140218496322632e-02 -9.474918246269226074e-03
1.766165494918823242e-01 2.243673801422119141e-02 -8.046137541532516479e-02
7.281436026096343994e-02 -1.926350407302379608e-02 2.621062844991683960e-02
-2.190051972866058350e-02 6.625925749540328979e-02 -2.370062470436096191e-02
-2.173826470971107483e-02 3.221728280186653137e-02 3.340379148721694946e-02
-2.172174304723739624e-02 -7.743437774479389191e-03 -2.287443727254867554e-02
-5.694925785064697266e-03 2.030109614133834839e-02 9.504608809947967529e-03
1.477175205945968628e-02 1.690883934497833252e-02 1.693287491798400879e-02
-6.720349192619323730e-04 -3.754954785108566284e-02 2.314517647027969360e-02
-2.142120525240898132e-02 4.826314002275466919e-02 9.819991886615753174e-03
2.542897313833236694e-02 -3.087186068296432495e-02 8.136667311191558838e-03
1.209849119186401367e-02 5.502536147832870483e-02 4.194868355989456177e-02
-2.740699052810668945e-02 5.940558761358261108e-02 -3.239499777555465698e-02
-1.601980626583099365e-02 -1.422865316271781921e-02 -2.201763913035392761e-02
-5.525504797697067261e-02 4.120981320738792419e-03 -6.517522037029266357e-03
-4.405399039387702942e-02 1.196119934320449829e-02 -7.539123296737670898e-03
-9.366786479949951172e-02 1.300361007452011108e-02 2.579131722450256348e-02
-2.831098139286041260e-01 -1.698304712772369385e-02 1.180966719985008240e-01
-3.000622987747192383e-02 3.483999520540237427e-02 4.759006202220916748e-03
-2.008997201919555664e-01 4.700651764869689941e-02 1.199695840477943420e-01
-8.787580579519271851e-02 4.197215288877487183e-02 2.799896895885467529e-02
3.835040330886840820e-02 2.582194656133651733e-02 -3.043376654386520386e-02
-2.313847839832305908e-02 -2.278374508023262024e-02 -1.533119380474090576e-02
-3.921303153038024902e-02 -4.491678997874259949e-02 -3.697190806269645691e-02
-7.936485111713409424e-03 2.328865230083465576e-05 -2.399128675460815430e-02
-2.208160609006881714e-02 8.810188621282577515e-03 -1.697120070457458496e-02
-3.319554030895233154e-03 1.341986283659934998e-02 -1.866150647401809692e-02
9.343139827251434326e-03 7.091306149959564209e-03 -4.898981004953384399e-02
-2.865434437990188599e-02 -3.336214274168014526e-02 -4.922793805599212646e-02
-2.120845764875411987e-02 2.295158058404922485e-02 -3.018185123801231384e-02
3.941946476697921753e-02 3.841894865036010742e-02 -6.686729937791824341e-02
-3.481809422373771667e-02 -2.462329529225826263e-02 -3.914966806769371033e-02
-2.060617506504058838e-02 3.680831193923950195e-02 -1.602083072066307068e-02
-1.028916984796524048e-02 4.520066082477569580e-03 -2.575850859284400940e-02
8.895552158355712891e-02 2.944822609424591064e-02 -5.939159542322158813e-02
6.553958356380462646e-02 3.010776638984680176e-02 -3.873301669955253601e-02
-7.479570806026458740e-03 -4.790741950273513794e-04 2.382368594408035278e-02
-1.018553972244262695e-03 -9.998339228332042694e-03 -3.890329599380493164e-02
-1.815840601921081543e-03 -2.594487741589546204e-02 2.107971906661987305e-02
4.579037427902221680e-03 4.824803769588470459e-02 2.118817716836929321e-02
-1.964496821165084839e-02 -4.151191189885139465e-02 -3.012426942586898804e-02
-4.055608436465263367e-02 -5.288751795887947083e-03 -2.472718805074691772e-02
-1.692827790975570679e-02 -7.966890931129455566e-03 -2.327236533164978027e-02
-1.687264814972877502e-02 -8.876107633113861084e-03 -1.209701597690582275e-02
-5.299336835741996765e-02 -4.037540405988693237e-03 2.837705612182617188e-02
-3.466044738888740540e-02 7.925746962428092957e-03 -6.678104400634765625e-03
7.334408164024353027e-02 2.711079642176628113e-02 -3.856367617845535278e-02
1.604969054460525513e-01 1.992844045162200928e-02 -6.343697011470794678e-02
6.566344201564788818e-02 6.997728347778320312e-02 -2.972165122628211975e-02
6.419233977794647217e-03 -2.592159435153007507e-02 3.004797548055648804e-02
2.335809171199798584e-02 -6.370179355144500732e-03 9.070619940757751465e-03
3.444734960794448853e-02 -1.196741219609975815e-02 -5.274042487144470215e-04
2.403352707624435425e-01 -8.748042397201061249e-03 -9.411095082759857178e-02
6.727908551692962646e-02 -4.044187813997268677e-02 -5.369462072849273682e-02
-1.748250797390937805e-02 -6.083185784518718719e-03 1.707867532968521118e-02
-1.584850996732711792e-02 -4.391141980886459351e-02 -4.781179130077362061e-03
-6.222281605005264282e-03 -1.184788625687360764e-02 -8.518017828464508057e-03
1.528829336166381836e-03 1.348529011011123657e-02 1.901671290397644043e-03
-6.124228239059448242e-04 8.738331496715545654e-03 1.562833786010742188e-04
8.687153458595275879e-04 3.618150949478149414e-04 5.366399884223937988e-03
-2.054736018180847168e-03 -6.089948117733001709e-03 7.375702261924743652e-04
4.456043243408203125e-03 2.774196863174438477e-02 -6.654411554336547852e-03
1.188780367374420166e-02 2.564982324838638306e-02 -1.424672454595565796e-02
1.245993375778198242e-02 2.496052533388137817e-03 -2.341243997216224670e-02
1.060926914215087891e-02 2.335855737328529358e-03 -4.419957473874092102e-02
1.748055219650268555e-03 6.352066993713378906e-03 -1.353141292929649353e-02
7.853031158447265625e-03 -1.527390815317630768e-02 1.412834972143173218e-02
3.954649716615676880e-02 2.956859022378921509e-02 -1.592221856117248535e-02
1.349876224994659424e-01 5.015692114830017090e-02 -3.400130569934844971e-02
1.028506904840469360e-01 2.554432302713394165e-02 -2.990075945854187012e-02
1.994952559471130371e-03 -4.758954048156738281e-03 1.718709617853164673e-02
-8.743721991777420044e-03 -1.675332151353359222e-02 6.245822459459304810e-02
-1.291853189468383789e-02 -2.564808353781700134e-02 4.497518390417098999e-02
