-9.312156587839126587e-03 -2.745911478996276855e-03 -3.323107957839965820e-04
-1.939264312386512756e-02 -1.322337985038757324e-02 1.018778979778289795e-02
-2.464837208390235901e-02 7.000073790550231934e-03 1.625441014766693115e-02
-1.315491273999214172e-02 3.856916725635528564e-02 3.037501871585845947e-02
-2.381617948412895203e-02 -5.111170560121536255e-02 -1.464933156967163086e-02
1.834207400679588318e-02 -2.257023751735687256e-02 2.127672731876373291e-02
-2.045704796910285950e-02 2.381671965122222900e-02 1.618267595767974854e-02
-1.730075851082801819e-02 4.021735489368438721e-02 2.031405270099639893e-02
-8.679877966642379761e-03 -6.909142434597015381e-02 -1.020725071430206299e-02
2.438966184854507446e-02 -6.076954305171966553e-02 1.132217049598693848e-02
-1.005345210433006287e-02 3.471142053604125977e-02 1.130048930644989014e-02
-1.031725481152534485e-02 3.570458292961120605e-02 2.310253679752349854e-02
-8.353020995855331421e-03 -8.451439440250396729e-02 -2.080300450325012207e-02
1.188954338431358337e-02 -4.676792770624160767e-02 -2.663418650627136230e-03
-9.327109903097152710e-03 2.074520289897918701e-02 4.007980227470397949e-03
-2.397158369421958923e-02 3.228266537189483643e-02 5.183815956115722656e-03
6.097387149930000305e-02 -2.781663835048675537e-02 -2.081187069416046143e-02
7.811073213815689087e-03 8.321464061737060547e-03 6.145313382148742676e-03
2.586785331368446350e-02 1.714396104216575623e-02 -7.285997271537780762e-03
-1.954283937811851501e-02 3.541438281536102295e-02 1.850156486034393311e-02
1.640744879841804504e-02 8.884690701961517334e-03 -2.099558711051940918e-03
1.368755474686622620e-02 -6.299912929534912109e-04 -2.675786614418029785e-03
7.613327354192733765e-03 1.514911651611328125e-03 -2.914816141128540039e-04
9.203139692544937134e-03 8.846670389175415039e-04 -4.994720220565795898e-04
8.913379162549972534e-03 3.503262996673583984e-04 -1.120343804359436035e-03
8.275564759969711304e-03 4.652738571166992188e-04 -9.231716394424438477e-04
8.076179772615432739e-03 1.470983028411865234e-03 -3.358870744705200195e-04
8.755501359701156616e-03 9.715706110000610352e-04 -1.029238104820251465e-03
8.373845368623733521e-03 7.187128067016601562e-04 -9.774714708328247070e-04
8.062619715929031372e-03 7.937550544738769531e-04 -1.541823148727416992e-04
4.491452127695083618e-03 8.224099874496459961e-04 1.566335558891296387e-03
1.739967241883277893e-02 4.506736993789672852e-03 -1.849994063377380371e-03
1.624836400151252747e-02 2.597622573375701904e-03 -1.628592610359191895e-03
-5.841959267854690552e-03 4.276916384696960449e-03 5.053624510765075684e-03
1.036014035344123840e-02 9.695440530776977539e-04 -2.098008990287780762e-03
1.514045521616935730e-02 1.253470778465270996e-03 -3.010585904121398926e-03
1.111776009202003479e-02 1.712352037429809570e-03 -1.019820570945739746e-03
1.080716028809547424e-02 2.084687352180480957e-03 5.477219820022583008e-04
1.355259492993354797e-02 3.775134682655334473e-03 -2.291336655616760254e-03
5.502972751855850220e-03 2.462729811668395996e-03 -3.504902124404907227e-04
1.498693600296974182e-02 2.309411764144897461e-03 -5.710870027542114258e-04
1.297794654965400696e-02 1.171834766864776611e-03 -1.655057072639465332e-03
1.779973134398460388e-02 -5.484372377395629883e-05 -3.061696887016296387e-03
1.370549574494361877e-02 -2.350702881813049316e-03 -4.320099949836730957e-03
1.392557099461555481e-02 -3.690525889396667480e-03 -1.847103238105773926e-03
2.795912697911262512e-02 8.601248264312744141e-04 -3.222659230232238770e-03
3.752448037266731262e-02 -9.709730744361877441e-03 -1.664860546588897705e-02
-8.183404803276062012e-03 -2.358301356434822083e-02 -5.558423697948455811e-03
-4.896070808172225952e-03 2.715295553207397461e-02 6.111122667789459229e-03
-2.046065032482147217e-02 -3.212254494428634644e-03 9.400017559528350830e-03
6.991568952798843384e-04 7.510147988796234131e-03 9.794637560844421387e-03
3.628183528780937195e-02 -3.081517294049263000e-02 9.635090827941894531e-05
6.095692515373229980e-05 1.156486943364143372e-02 -8.783735334873199463e-03
-5.249017849564552307e-03 1.673967018723487854e-02 3.202550113201141357e-03
-2.870703861117362976e-02 -8.885212242603302002e-03 2.024494111537933350e-03
2.806616947054862976e-03 1.428773999214172363e-02 -6.091713905334472656e-03
-5.456799641251564026e-03 -1.542484574019908905e-02 -5.297213792800903320e-04
-1.719264313578605652e-03 -1.638285815715789795e-03 -9.040340781211853027e-03
-6.045291200280189514e-03 4.186220467090606689e-04 -5.776710808277130127e-03
9.200818836688995361e-03 -5.688760429620742798e-03 -9.674407541751861572e-03
-3.124866634607315063e-04 -2.239607833325862885e-02 -3.291703760623931885e-03
-9.685249626636505127e-02 -7.539365440607070923e-03 4.836246371269226074e-02
-5.680871754884719849e-02 1.295432820916175842e-02 3.027928620576858521e-02
-6.601089239120483398e-02 -2.087786048650741577e-02 3.452946245670318604e-02
-1.553906649351119995e-01 -2.531491219997406006e-03 7.325553894042968750e-02
-2.179849296808242798e-01 3.394167870283126831e-02 9.877619147300720215e-02
-1.421797126531600952e-01 1.128396019339561462e-02 3.631773591041564941e-02
-1.064636837691068649e-02 1.955997198820114136e-03 1.500047743320465088e-03
3.023213520646095276e-02 -8.720129728317260742e-03 1.523607224225997925e-02
1.568566635251045227e-02 3.968913108110427856e-03 -1.324137300252914429e-02
-7.625164464116096497e-03 1.347926259040832520e-02 -2.404206246137619019e-02
-1.145793795585632324e-01 6.709340959787368774e-03 6.013509631156921387e-02
-8.909280598163604736e-02 -4.400197416543960571e-03 3.822684288024902344e-02
1.480601355433464050e-02 2.169245481491088867e-02 6.962954998016357422e-03
3.424464166164398193e-02 -5.801931023597717285e-03 -3.068006038665771484e-02
-1.058485358953475952e-01 3.004569560289382935e-02 2.945544570684432983e-02
-1.640914678573608398e-01 1.413136720657348633e-02 5.865409970283508301e-02
-1.140212267637252808e-01 4.761211574077606201e-03 4.859003424644470215e-02
1.089526340365409851e-02 2.713007479906082153e-02 3.449976444244384766e-03
-3.216191753745079041e-02 -2.458273060619831085e-02 1.782400906085968018e-02
-7.862271368503570557e-02 3.199977427721023560e-02 2.614630013704299927e-02
-4.966486245393753052e-02 -6.283588707447052002e-03 2.924849092960357666e-02
-5.636230111122131348e-03 -4.884110763669013977e-02 -2.408279478549957275e-02
-2.224494814872741699e-01 3.364554792642593384e-02 3.398688882589340210e-02
-1.883280575275421143e-01 1.318955048918724060e-02 4.712596535682678223e-02
-9.446339309215545654e-02 -4.054735600948333740e-02 5.096215009689331055e-02
-3.707780316472053528e-02 -3.606453537940979004e-04 9.929835796356201172e-03
-1.637703180313110352e-02 4.371110349893569946e-03 -3.217021003365516663e-02
-1.821923255920410156e-02 2.582713961601257324e-03 1.399718225002288818e-03
-1.266209632158279419e-01 1.372202485799789429e-02 3.625902533531188965e-02
-9.863200783729553223e-02 -5.491215735673904419e-03 4.661162197589874268e-02
-8.289004862308502197e-02 1.292892172932624817e-02 -6.780534982681274414e-03
4.089059308171272278e-02 1.855864375829696655e-02 -3.778004646301269531e-02
4.781264439225196838e-02 6.170604377985000610e-02 -1.558844745159149170e-02
-2.885265275835990906e-02 1.294691488146781921e-02 -2.354355901479721069e-02
-3.226457908749580383e-02 2.809849381446838379e-02 -2.034336328506469727e-02
5.413115397095680237e-02 8.189231157302856445e-03 2.080127596855163574e-02
6.600467860698699951e-02 -8.224688470363616943e-03 -1.537480950355529785e-02
2.891558036208152771e-02 2.002660930156707764e-02 -4.409536719322204590e-03
1.327224075794219971e-03 -3.703139722347259521e-03 1.972667872905731201e-03
-3.657893836498260498e-02 -1.495354250073432922e-02 4.468739032745361328e-03
1.277817189693450928e-01 3.257800638675689697e-02 -3.479901701211929321e-02
1.196112483739852905e-01 3.186040371656417847e-02 -6.264913082122802734e-02
1.782605350017547607e-01 5.172780156135559082e-02 -5.545537918806076050e-02
1.388659775257110596e-01 7.338333874940872192e-02 -8.267566561698913574e-03
1.715296059846878052e-01 5.325882136821746826e-02 -1.151375472545623779e-02
1.673930585384368896e-01 -1.249480992555618286e-02 -2.089995145797729492e-02
2.315934374928474426e-02 -2.055211737751960754e-02 -2.850171551108360291e-02
-3.257451578974723816e-02 6.704732030630111694e-02 2.398289740085601807e-02
3.936383873224258423e-03 4.394672811031341553e-02 -4.402954876422882080e-02
-1.415994018316268921e-03 -9.476587176322937012e-03 -2.565045654773712158e-02
-8.306267857551574707e-02 -6.491826474666595459e-02 3.425069153308868408e-02
-1.147962063550949097e-01 2.023018151521682739e-02 5.122104287147521973e-02
-1.151300668716430664e-01 3.278911113739013672e-03 6.600363552570343018e-02
-7.518246024847030640e-02 8.542358875274658203e-03 2.964574098587036133e-02
-4.454262182116508484e-02 4.940015077590942383e-02 4.538579285144805908e-02
-6.548872590065002441e-02 1.108559966087341309e-02 2.874268591403961182e-02
-8.580662310123443604e-02 1.512369513511657715e-02 7.546298205852508545e-02
-4.945633932948112488e-02 3.190946578979492188e-02 2.612198889255523682e-02
-1.204082742333412170e-02 1.813576370477676392e-02 1.072739064693450928e-02
6.270851939916610718e-03 7.787302136421203613e-02 -3.021095693111419678e-02
-5.004750937223434448e-02 3.324266523122787476e-03 -6.048823148012161255e-02
-8.464577794075012207e-02 -4.740393906831741333e-02 1.020321995019912720e-02
-3.103431873023509979e-02 -4.243537038564682007e-02 -5.106680095195770264e-03
-6.110638752579689026e-02 7.336158305406570435e-03 -2.486260980367660522e-02
-1.110667586326599121e-01 3.882341086864471436e-02 7.200092077255249023e-03
-9.618073701858520508e-02 1.790581643581390381e-02 -1.562932133674621582e-02
-4.182782024145126343e-02 3.682389855384826660e-02 3.613233566284179688e-03
2.241245284676551819e-02 -4.857480525970458984e-04 3.282488882541656494e-02
-2.609894052147865295e-02 -1.016817614436149597e-02 -1.631677150726318359e-02
-1.154039800167083740e-02 2.452328801155090332e-03 -1.463343948125839233e-02
-1.834960654377937317e-03 -4.339836537837982178e-03 2.662187814712524414e-02
-8.356049656867980957e-03 -1.240844279527664185e-02 1.127147674560546875e-02
-4.526972770690917969e-04 3.588618338108062744e-02 -8.614614605903625488e-03
-7.621649652719497681e-03 6.137900054454803467e-04 1.145926862955093384e-02
-2.276887372136116028e-02 1.353725418448448181e-02 -9.151101112365722656e-03
-2.084305137395858765e-02 2.393534779548645020e-02 1.319307833909988403e-02
1.102579757571220398e-02 6.261460483074188232e-03 2.029239386320114136e-02
2.503775060176849365e-02 1.704096794128417969e-03 -2.637306600809097290e-02
-1.659126207232475281e-02 -1.209659874439239502e-02 2.922151237726211548e-02
6.171990185976028442e-03 -2.929546870291233063e-02 3.261543810367584229e-02
1.711570098996162415e-02 -1.173384487628936768e-02 1.805987209081649780e-02
1.402862370014190674e-02 -1.361208409070968628e-02 4.222229123115539551e-03
-6.675021722912788391e-03 -2.406570129096508026e-02 -5.821226909756660461e-02
-2.896953374147415161e-03 -4.049121215939521790e-02 -9.412385523319244385e-03
-4.684317857027053833e-03 -2.925607003271579742e-02 5.259394645690917969e-02
-1.648261398077011108e-02 -2.309161424636840820e-02 3.326122462749481201e-02
-6.811477243900299072e-03 2.865276485681533813e-02 1.774275302886962891e-02
-5.773199722170829773e-03 1.812099665403366089e-02 2.245811372995376587e-02
1.252067089080810547e-02 4.793231934309005737e-02 1.980496197938919067e-02
1.046692952513694763e-02 -2.400889992713928223e-03 2.295270562171936035e-03
2.116606384515762329e-02 -1.045465469360351562e-03 -3.568853437900543213e-02
-1.004990562796592712e-02 -4.811552539467811584e-02 1.073788851499557495e-02
-6.669538095593452454e-03 -6.787508726119995117e-03 2.185868471860885620e-02
-7.090978324413299561e-02 5.015452951192855835e-02 2.357809245586395264e-02
-1.088937819004058838e-01 6.786025315523147583e-02 5.148090422153472900e-02
-1.102030724287033081e-01 1.485552638769149780e-03 4.352356493473052979e-02
-1.684104278683662415e-02 4.640698432922363281e-02 -1.084730029106140137e-04
2.386339008808135986e-03 -6.555393338203430176e-04 -7.154986262321472168e-03
-3.815594315528869629e-02 4.124805331230163574e-02 -1.295839995145797729e-02
-1.998997107148170471e-02 4.506195336580276489e-02 2.891501039266586304e-02
7.240223884582519531e-02 1.981832087039947510e-02 -5.157048255205154419e-02
1.377189531922340393e-02 4.047858715057373047e-02 -1.948312669992446899e-02
-4.229369759559631348e-02 3.888600319623947144e-02 -1.242980360984802246e-03
-7.000919431447982788e-02 1.287203654646873474e-02 4.231184720993041992e-05
-2.139342390000820160e-02 -1.552663743495941162e-03 -1.028346270322799683e-02
1.415818929672241211e-03 -2.823844552040100098e-03 3.749707341194152832e-02
-9.251890704035758972e-03 4.400874674320220947e-02 -3.100993856787681580e-02
1.552881672978401184e-03 6.819032132625579834e-03 2.587856352329254150e-02
-3.257714211940765381e-02 2.704984694719314575e-02 -3.095437213778495789e-02
-1.261296588927507401e-02 5.528032779693603516e-02 -1.842551678419113159e-02
-1.465216465294361115e-02 -1.397393643856048584e-03 -1.196682453155517578e-03
-3.235608339309692383e-02 4.368588328361511230e-03 -3.677658736705780029e-03
-5.358354374766349792e-02 6.489699333906173706e-02 -1.686501502990722656e-02
-1.335131842643022537e-02 2.531645447015762329e-02 -6.755918264389038086e-03
1.962832361459732056e-02 3.542566299438476562e-02 -3.311142697930335999e-02
-5.236811190843582153e-02 3.622923791408538818e-02 -1.913768053054809570e-02
-3.373572230339050293e-02 4.382835328578948975e-02 1.292822510004043579e-02
-3.958302736282348633e-02 1.967404037714004517e-03 1.133200526237487793e-02
7.070229947566986084e-02 3.199798613786697388e-02 -2.915748953819274902e-02
1.695304811000823975e-01 1.666172966361045837e-02 -8.326426148414611816e-02
1.872983574867248535e-01 3.930148482322692871e-02 -7.843821495771408081e-02
1.430700868368148804e-01 9.353384375572204590e-03 -3.373190388083457947e-02
7.629379630088806152e-03 7.345799356698989868e-03 8.589528501033782959e-03
7.983528077602386475e-03 9.094648063182830811e-03 5.734524130821228027e-02
1.140802204608917236e-01 3.397349268198013306e-02 -3.521380946040153503e-02
1.209243237972259521e-01 2.294977754354476929e-02 -2.018458396196365356e-02
1.721503436565399170e-01 1.684188470244407654e-02 -3.512645140290260315e-02
9.361936151981353760e-02 -3.289076685905456543e-02 -5.287401005625724792e-02
-1.936922408640384674e-02 -1.920200884342193604e-02 2.544803917407989502e-02
-9.675264358520507812e-02 2.103362232446670532e-03 3.707547485828399658e-02
-1.608060151338577271e-01 2.701935917139053345e-02 4.637281596660614014e-02
-7.656517624855041504e-02 1.706280559301376343e-02 -1.104464381933212280e-02
3.062149509787559509e-02 -3.731729462742805481e-02 -1.933727413415908813e-02
-2.463735081255435944e-02 4.975555837154388428e-02 -1.960753649473190308e-02
-3.244969993829727173e-03 -8.078359067440032959e-03 -1.669615507125854492e-02
-1.926157623529434204e-03 -3.578357398509979248e-03 5.181021988391876221e-03
-2.964911609888076782e-02 -1.118158549070358276e-02 1.905290782451629639e-02
-1.935962215065956116e-02 4.562746733427047729e-03 8.601941168308258057e-03
-7.776048034429550171e-03 -1.093738526105880737e-02 1.831260323524475098e-02
-2.781732752919197083e-02 -2.513520047068595886e-02 2.072207629680633545e-02
-8.842151612043380737e-03 -3.567719087004661560e-02 4.752576351165771484e-03
3.846194222569465637e-02 -1.495052129030227661e-02 -1.027330011129379272e-02
1.805413886904716492e-02 -2.595420368015766144e-02 -1.467183232307434082e-03
-8.912485092878341675e-03 -1.243535801768302917e-02 3.550951182842254639e-02
-2.025951072573661804e-02 -5.835685878992080688e-03 1.968387514352798462e-02
-1.782361045479774475e-02 -5.815330892801284790e-03 4.800528287887573242e-03
-1.879154518246650696e-02 -2.825099974870681763e-03 8.736841380596160889e-03
-2.453026548027992249e-02 -4.067290574312210083e-03 1.480777561664581299e-02
-1.877600327134132385e-02 3.570553660392761230e-02 -2.527669817209243774e-02
-2.686191350221633911e-02 1.197320967912673950e-02 -5.090519785881042480e-03
-1.626558601856231689e-02 5.002573132514953613e-03 -1.668372750282287598e-02
-1.678197458386421204e-02 1.054310798645019531e-02 -2.842593193054199219e-02
5.564140900969505310e-02 -2.275362610816955566e-03 -1.688653230667114258e-02
2.147312834858894348e-02 -2.571667358279228210e-02 -1.641739904880523682e-02
-8.056540042161941528e-03 -2.347826957702636719e-03 1.437105238437652588e-03
-5.001351237297058105e-04 3.437284380197525024e-02 -6.152942776679992676e-03
2.058492973446846008e-02 2.619391679763793945e-02 9.109057486057281494e-03
4.039954394102096558e-03 3.022098541259765625e-02 4.677991569042205811e-02
-1.240393891930580139e-02 2.934923022985458374e-02 -1.051915436983108521e-02
2.176341786980628967e-02 2.369026094675064087e-02 9.937763214111328125e-03
-2.168770320713520050e-02 5.432173609733581543e-02 -2.169552445411682129e-02
-3.828627988696098328e-03 -1.688272878527641296e-02 1.665253937244415283e-02
-8.754149079322814941e-03 -6.285384297370910645e-03 -1.942068338394165039e-03
2.620934322476387024e-02 1.263510435819625854e-02 -7.247671484947204590e-03
-3.937824815511703491e-02 -1.128342002630233765e-03 -4.753421619534492493e-02
-2.985600382089614868e-03 4.711717367172241211e-02 -3.600271046161651611e-02
1.131031066179275513e-01 4.920877516269683838e-03 -2.098521590232849121e-02
1.272753328084945679e-01 -1.450562849640846252e-02 -4.703788831830024719e-02
4.317680373787879944e-02 -9.991645812988281250e-03 -2.871916815638542175e-02
1.152943819761276245e-01 2.284767478704452515e-02 -1.046215742826461792e-02
1.457836627960205078e-01 -1.226097717881202698e-02 -4.187318682670593262e-02
1.596809476613998413e-01 1.045086979866027832e-02 -4.817003011703491211e-02
-1.325414702296257019e-02 3.626979887485504150e-02 -1.711665093898773193e-02
-2.971656993031501770e-02 2.319733798503875732e-02 5.452588200569152832e-03
-1.732978969812393188e-02 -2.463801763951778412e-02 3.319761157035827637e-02
2.985784411430358887e-02 -8.799064904451370239e-03 -5.516067147254943848e-03
1.344296634197235107e-01 -1.136260479688644409e-02 -6.165291368961334229e-02
2.526152133941650391e-02 3.443211317062377930e-04 -2.399285137653350830e-02
-2.403564564883708954e-02 4.975095391273498535e-03 -1.833628863096237183e-02
-1.131358090788125992e-02 -6.469570100307464600e-03 -1.851490885019302368e-02
-4.008654132485389709e-02 1.886111497879028320e-02 3.334306180477142334e-02
-2.195363678038120270e-02 -1.766581274569034576e-02 1.725882291793823242e-03
2.084622159600257874e-02 7.279925048351287842e-04 2.124633640050888062e-02
-1.542919874191284180e-02 1.376722007989883423e-02 4.283675551414489746e-02
-6.308155506849288940e-02 -6.057582795619964600e-03 1.843763142824172974e-02
-6.118752434849739075e-02 -4.639892652630805969e-02 5.010309815406799316e-02
-6.848217546939849854e-02 7.494416087865829468e-03 5.050562322139739990e-02
-2.695690095424652100e-02 1.057977601885795593e-02 1.787687093019485474e-02
-1.388214528560638428e-01 -2.455693669617176056e-02 9.658803045749664307e-02
-1.761044934391975403e-02 -1.474421471357345581e-02 2.394021302461624146e-02
1.774599030613899231e-02 -3.309104591608047485e-02 -1.356647163629531860e-02
2.123212069272994995e-02 -7.611133158206939697e-03 1.910030841827392578e-04
1.846174895763397217e-02 6.489336490631103516e-03 -1.450496912002563477e-02
-1.867411471903324127e-02 1.231935620307922363e-02 1.815855503082275391e-03
-1.139135565608739853e-02 6.899543106555938721e-03 8.006356656551361084e-03
6.976772099733352661e-03 1.360355690121650696e-02 9.206831455230712891e-03
-1.853811182081699371e-02 8.149880915880203247e-03 3.470629453659057617e-03
-9.318305179476737976e-03 4.014909267425537109e-03 -2.123080193996429443e-03
8.002888411283493042e-03 -2.938162535429000854e-03 -3.249153494834899902e-03
5.172312259674072266e-03 1.849819719791412354e-02 -6.845898926258087158e-03
-9.771306067705154419e-04 -2.150138281285762787e-02 -2.161695063114166260e-02
8.040092885494232178e-03 1.199041679501533508e-02 -1.899714767932891846e-02
1.307185366749763489e-02 1.075293123722076416e-02 -7.698856294155120850e-03
-2.914229035377502441e-02 -6.811689585447311401e-03 -5.596160888671875000e-03
2.204265445470809937e-03 3.019041568040847778e-02 -1.915691047906875610e-02
9.780548512935638428e-03 5.958288908004760742e-03 -1.235876232385635376e-02
-3.684267774224281311e-02 -8.498977869749069214e-03 -6.916388869285583496e-03
-2.946421504020690918e-02 1.054856181144714355e-02 -5.858637392520904541e-03
-5.053038522601127625e-02 -2.997420728206634521e-02 3.664638102054595947e-02
-1.333076804876327515e-01 -3.188423812389373779e-02 7.792788743972778320e-02
-1.973752379417419434e-01 -7.154975086450576782e-03 9.278099238872528076e-02
-5.995695292949676514e-02 8.060034364461898804e-03 3.465402126312255859e-02
-6.814853847026824951e-02 -2.034392580389976501e-02 4.932421445846557617e-02
-2.050939351320266724e-01 -1.760803349316120148e-02 8.437848091125488281e-02
-2.271702140569686890e-01 1.689279079437255859e-02 8.951178193092346191e-02
-2.310454249382019043e-01 3.854357451200485229e-02 6.935983896255493164e-02
-1.400609761476516724e-01 3.228903561830520630e-02 5.058617889881134033e-02
-9.994465112686157227e-02 -4.649419337511062622e-03 2.655379474163055420e-02
-1.217012852430343628e-01 3.289956599473953247e-03 3.901655972003936768e-02
-5.523543059825897217e-02 -7.275048643350601196e-03 5.509540438652038574e-03
-5.045089870691299438e-03 4.111301153898239136e-03 -5.189051851630210876e-02
-1.812832430005073547e-02 2.405373007059097290e-02 -5.761164426803588867e-02
8.920472115278244019e-03 8.811868727207183838e-03 4.102151095867156982e-02
1.163881868124008179e-01 7.256131619215011597e-03 -1.067144423723220825e-02
1.462899446487426758e-01 1.494820788502693176e-02 -6.738217175006866455e-02
7.100777328014373779e-02 -2.558776177465915680e-02 -3.800171613693237305e-02
1.097445040941238403e-01 2.591372281312942505e-02 -4.743566364049911499e-02
1.475471407175064087e-01 3.642357885837554932e-03 -5.268176272511482239e-02
1.484281718730926514e-01 1.573511958122253418e-02 2.382413297891616821e-02
1.515778154134750366e-01 7.218343019485473633e-02 -4.412665963172912598e-03
6.549088656902313232e-02 2.329093962907791138e-02 2.657453715801239014e-02
5.609149858355522156e-02 -2.001266181468963623e-02 1.925855875015258789e-03
-6.194073334336280823e-02 -1.856474578380584717e-02 1.018822193145751953e-03
-1.105949431657791138e-01 -3.462891280651092529e-02 4.233798384666442871e-02
-1.492587774991989136e-01 -1.025410741567611694e-02 3.103137016296386719e-03
-8.746986091136932373e-02 -5.857792496681213379e-02 6.791964173316955566e-03
-8.050246536731719971e-02 3.863915801048278809e-03 6.107640266418457031e-02
-1.323714852333068848e-01 3.589156270027160645e-02 6.166581809520721436e-02
-1.285551488399505615e-01 3.136156499385833740e-02 1.210138201713562012e-02
-5.909974500536918640e-02 -2.225750312209129333e-02 2.762416750192642212e-02
-4.135898500680923462e-02 1.290708780288696289e-02 -1.306923478841781616e-02
6.204690784215927124e-03 2.426806092262268066e-02 -2.659469842910766602e-03
-3.302615135908126831e-02 1.950620114803314209e-02 -3.708662837743759155e-02
7.074579596519470215e-03 4.432485252618789673e-02 1.701641082763671875e-02
-4.033251851797103882e-02 5.414772778749465942e-03 -7.120877504348754883e-03
-7.443130016326904297e-04 3.712144494056701660e-02 -2.215750515460968018e-02
9.192110598087310791e-02 3.044466674327850342e-02 -1.171766966581344604e-02
1.414188742637634277e-02 -3.035206347703933716e-03 -6.281636655330657959e-03
-2.923874184489250183e-03 -1.236185431480407715e-02 2.128815650939941406e-02
-2.869337983429431915e-02 3.364808857440948486e-03 3.707870841026306152e-03
-2.389670535922050476e-02 -1.015550270676612854e-02 2.028699964284896851e-02
3.274447843432426453e-02 -1.158744469285011292e-02 -2.911231294274330139e-02
2.272422239184379578e-02 -1.207742840051651001e-02 1.717127114534378052e-02
6.429612636566162109e-03 7.290355861186981201e-03 -1.967101544141769409e-02
1.073664426803588867e-01 1.151737198233604431e-02 -4.310002923011779785e-02
2.105835974216461182e-01 2.016600966453552246e-02 -5.777991935610771179e-02
1.882942318916320801e-01 1.912117749452590942e-02 -4.871837794780731201e-02
1.454079002141952515e-01 4.511760920286178589e-02 -4.626530036330223083e-02
6.187616661190986633e-02 -2.888460829854011536e-02 -1.469696313142776489e-02
3.162369132041931152e-02 -1.047253608703613281e-02 -8.198730647563934326e-03
8.351218700408935547e-02 1.462863013148307800e-02 -3.599326685070991516e-02
7.839827239513397217e-02 -5.718503147363662720e-02 -4.681472852826118469e-02
-6.316911429166793823e-03 4.080384969711303711e-02 1.118388026952743530e-02
-3.054817393422126770e-02 1.313418895006179810e-02 2.381724119186401367e-02
-1.325477473437786102e-02 -1.744790375232696533e-02 5.100250244140625000e-03
2.177222073078155518e-02 1.663074642419815063e-02 -1.586097478866577148e-02
7.170096039772033691e-02 -6.376981735229492188e-03 -1.832509785890579224e-02
4.252734407782554626e-02 -9.633842855691909790e-03 -8.798733353614807129e-03
7.268734276294708252e-03 -1.744255982339382172e-02 -7.923409342765808105e-03
6.463979184627532959e-02 3.451984375715255737e-02 -1.233767718076705933e-02
1.174281388521194458e-01 1.628320291638374329e-02 -5.198239162564277649e-02
5.398625507950782776e-02 3.050245344638824463e-03 -2.157393842935562134e-02
4.372799769043922424e-03 8.117835968732833862e-03 3.799997270107269287e-03
-8.280767127871513367e-03 -2.145116589963436127e-02 1.459887623786926270e-02
-7.403004914522171021e-03 -7.979311048984527588e-03 -2.444711327552795410e-02
-1.698359847068786621e-02 4.834495484828948975e-04 -1.236695796251296997e-02
4.910690709948539734e-03 1.012856140732765198e-02 -2.023964375257492065e-02
1.499859243631362915e-02 -1.048900187015533447e-03 -1.680353283882141113e-02
7.054272294044494629e-02 -1.040627062320709229e-02 -4.575533792376518250e-02
-1.890417188405990601e-04 3.023155778646469116e-02 -6.652683019638061523e-03
1.254901289939880371e-03 1.947967708110809326e-02 -8.818991482257843018e-03
8.930851519107818604e-02 -1.975007168948650360e-02 -1.762104779481887817e-02
1.006459891796112061e-01 -2.138087525963783264e-02 -2.854548022150993347e-02
7.854856550693511963e-02 -2.792574465274810791e-03 -9.180389344692230225e-03
-1.307680923491716385e-02 6.476268172264099121e-03 1.006077229976654053e-02
4.941886290907859802e-03 -6.677530705928802490e-03 -4.091069102287292480e-03
4.362377896904945374e-02 -1.057650893926620483e-03 -3.181272000074386597e-02
1.778766885399818420e-02 9.339705109596252441e-03 -2.018997818231582642e-02
4.365997388958930969e-02 7.018521428108215332e-04 7.097296416759490967e-03
8.193959295749664307e-02 8.329417556524276733e-03 -1.783616095781326294e-02
7.355671375989913940e-03 6.362427026033401489e-03 2.650097012519836426e-02
-4.052773490548133850e-02 8.473597466945648193e-03 2.283128350973129272e-02
-2.389261499047279358e-03 1.271624118089675903e-02 -1.329001039266586304e-02
-1.086748950183391571e-02 2.272307872772216797e-02 -3.026779368519783020e-02
-1.139482669532299042e-02 2.180758118629455566e-02 -3.028494492173194885e-02
-1.412722375243902206e-02 -1.328189298510551453e-02 7.345169782638549805e-03
-9.224209934473037720e-04 -6.345324218273162842e-04 3.051675856113433838e-02
-1.291889045387506485e-02 -2.176887728273868561e-02 8.970417082309722900e-03
6.682284176349639893e-03 7.272284477949142456e-03 4.764154553413391113e-03
-2.342399209737777710e-03 1.914388686418533325e-02 2.541653811931610107e-03
-1.040706411004066467e-03 1.847047358751296997e-03 3.876931965351104736e-03
-5.975771695375442505e-03 2.927812188863754272e-02 1.980189979076385498e-02
-1.553988270461559296e-02 8.416131138801574707e-03 1.944623142480850220e-02
2.869423478841781616e-04 4.955872893333435059e-03 1.753494143486022949e-02
-1.350931823253631592e-03 9.018383920192718506e-03 1.606260240077972412e-02
4.353703930974006653e-03 1.264962926506996155e-02 1.855807006359100342e-02
1.441447064280509949e-03 9.370908141136169434e-03 1.667761057615280151e-02
