1.013756170868873596e-02 3.009665012359619141e-02 3.873363137245178223e-02
3.473692387342453003e-02 -2.108480781316757202e-02 -3.903542459011077881e-02
5.642157047986984253e-03 -4.343457520008087158e-02 -3.747850656509399414e-03
1.490068808197975159e-02 9.500220417976379395e-03 -5.184680223464965820e-03
-2.294249087572097778e-02 1.456668600440025330e-02 -1.936256885528564453e-03
1.866966858506202698e-02 -1.814676076173782349e-02 1.521230489015579224e-02
1.638847216963768005e-02 -5.300662294030189514e-02 -2.795309573411941528e-02
-9.349118918180465698e-03 7.386546581983566284e-03 2.360370010137557983e-02
-6.457084417343139648e-02 -5.924291908740997314e-03 8.438244462013244629e-03
-7.563494145870208740e-04 8.594498038291931152e-03 4.345253109931945801e-04
1.882408186793327332e-02 1.650441065430641174e-02 1.712511479854583740e-02
-2.132072672247886658e-02 -3.861065953969955444e-02 1.001895964145660400e-02
9.685397148132324219e-03 -3.036369569599628448e-02 -5.645782127976417542e-02
-8.369630575180053711e-02 -4.146282374858856201e-02 3.444977104663848877e-02
-1.193091124296188354e-01 -6.146665662527084351e-03 6.779794394969940186e-02
-3.345167264342308044e-02 9.964190423488616943e-03 2.686142921447753906e-03
2.765323966741561890e-03 2.133154869079589844e-02 1.388043165206909180e-03
1.194122061133384705e-02 -2.959029376506805420e-02 2.159811556339263916e-03
-9.537294507026672363e-03 2.405714988708496094e-02 4.699937999248504639e-03
-1.060876250267028809e-02 -6.713427603244781494e-03 -1.835227012634277344e-02
-7.840296626091003418e-02 9.732693433761596680e-04 3.580118715763092041e-02
-4.201420769095420837e-02 -1.269093900918960571e-02 1.542582362890243530e-02
-9.733144193887710571e-03 2.962203323841094971e-02 2.656733244657516479e-02
-2.132065966725349426e-02 9.455569088459014893e-04 -3.448858857154846191e-03
1.312834471464157104e-01 1.326087117195129395e-02 -2.049187570810317993e-02
4.573315009474754333e-02 -3.664024546742439270e-02 -1.617828011512756348e-02
-7.246773689985275269e-03 1.101868599653244019e-02 -3.984808921813964844e-03
-2.138657495379447937e-02 -2.878770232200622559e-03 2.890416979789733887e-02
-1.997749879956245422e-02 4.319552332162857056e-02 1.514221727848052979e-02
7.652975618839263916e-04 1.646800339221954346e-02 1.398415863513946533e-02
-4.128221422433853149e-03 6.154000759124755859e-03 1.438589394092559814e-02
5.835834890604019165e-03 7.047533988952636719e-03 9.164288640022277832e-03
8.175559341907501221e-04 8.152678608894348145e-03 1.548199355602264404e-02
-2.409931272268295288e-03 9.716257452964782715e-03 1.720760762691497803e-02
-2.236571162939071655e-03 7.390052080154418945e-03 1.499266922473907471e-02
-1.785609871149063110e-03 8.816614747047424316e-03 1.597045361995697021e-02
-2.319168299436569214e-03 9.583801031112670898e-03 1.650629937648773193e-02
-2.340052276849746704e-03 7.339186966419219971e-03 1.460562646389007568e-02
-2.805333584547042847e-03 8.659601211547851562e-03 1.612822711467742920e-02
-2.229880541563034058e-03 7.226914167404174805e-03 1.435868442058563232e-02
-2.047937363386154175e-03 8.401773869991302490e-03 1.570273935794830322e-02
-3.928225487470626831e-03 9.621560573577880859e-03 1.761756837368011475e-02
4.207481816411018372e-02 1.741535961627960205e-03 2.107918262481689453e-04
-2.734474837779998779e-04 5.114272236824035645e-03 1.372583210468292236e-02
3.814626857638359070e-02 6.683841347694396973e-03 6.407633423805236816e-03
2.536330372095108032e-03 1.055720448493957520e-02 1.351536810398101807e-02
-8.381243795156478882e-03 6.943389773368835449e-03 1.734341681003570557e-02
-3.616362810134887695e-03 5.527101457118988037e-03 1.501671224832534790e-02
5.607362836599349976e-04 6.768636405467987061e-03 1.453129202127456665e-02
-5.058312788605690002e-03 7.556580007076263428e-03 1.534496992826461792e-02
-4.065869376063346863e-03 8.866172283887863159e-03 1.537631452083587646e-02
-5.102530121803283691e-03 4.610050469636917114e-03 1.560378819704055786e-02
4.488065838813781738e-03 8.712526410818099976e-03 1.384770125150680542e-02
4.107831045985221863e-03 6.855655461549758911e-03 1.258643716573715210e-02
5.014887079596519470e-03 1.038262248039245605e-02 1.492579281330108643e-02
-9.913537651300430298e-04 3.106165677309036255e-03 1.311182975769042969e-02
2.023646607995033264e-03 2.459465712308883667e-02 1.559869199991226196e-02
-1.025837939232587814e-02 5.651049315929412842e-03 1.605439186096191406e-02
3.356654196977615356e-04 1.116922497749328613e-02 1.459220051765441895e-02
3.941411152482032776e-03 2.284640818834304810e-02 1.417031139135360718e-02
-4.281781613826751709e-03 2.555944025516510010e-02 1.398850977420806885e-02
-2.398129552602767944e-03 -2.258917130529880524e-02 1.336331665515899658e-02
1.707259938120841980e-02 -4.142813384532928467e-03 -1.613712310791015625e-02
1.693085581064224243e-02 1.509151980280876160e-02 3.977209329605102539e-03
1.640902832150459290e-03 5.172070115804672241e-03 -7.407829165458679199e-03
3.979210183024406433e-02 -1.094496622681617737e-02 -1.623253524303436279e-02
1.950471848249435425e-02 -1.562177576124668121e-02 -1.410745829343795776e-02
-3.979885950684547424e-03 1.453299447894096375e-02 -3.331689909100532532e-02
2.482458204030990601e-02 -3.157198056578636169e-02 -1.391845196485519409e-02
2.624369040131568909e-02 -2.299739420413970947e-02 -1.077401638031005859e-02
1.289262622594833374e-01 -3.065305575728416443e-02 -2.521630376577377319e-02
1.228699684143066406e-01 -1.621996425092220306e-02 -2.624689042568206787e-02
7.722057402133941650e-02 -2.516301348805427551e-02 -2.419776469469070435e-02
-3.723826259374618530e-03 -3.834566473960876465e-02 1.015836000442504883e-02
-1.877999491989612579e-02 -1.370088756084442139e-02 -1.302178204059600830e-02
5.492809042334556580e-02 1.255511865019798279e-02 -1.842096447944641113e-03
6.938482820987701416e-02 -1.607371866703033447e-02 -1.430999487638473511e-02
7.015269994735717773e-02 7.689081132411956787e-03 -3.945633769035339355e-03
1.343545764684677124e-01 2.573015540838241577e-02 -3.731409460306167603e-02
6.640674173831939697e-02 -1.194506883621215820e-02 -9.466581046581268311e-03
-8.233070373535156250e-03 3.282845765352249146e-02 -1.107923686504364014e-02
2.617228403687477112e-02 -1.284814998507499695e-02 1.174174249172210693e-03
3.705923631787300110e-02 1.227632164955139160e-04 -5.520984530448913574e-03
1.020036488771438599e-01 9.933769702911376953e-03 -3.289389237761497498e-02
1.039882749319076538e-01 6.772100925445556641e-03 -1.818809658288955688e-02
1.229624301195144653e-01 -2.270363271236419678e-03 -6.500373780727386475e-02
1.295730918645858765e-01 -1.594283618032932281e-02 -2.006185799837112427e-02
9.928882122039794922e-02 -2.399510331451892853e-02 -1.008617877960205078e-02
-1.928092539310455322e-02 1.186704635620117188e-02 1.429941505193710327e-02
-2.864301949739456177e-02 -1.536101102828979492e-02 2.489165216684341431e-02
5.586529150605201721e-03 -5.832783877849578857e-03 -6.309680640697479248e-03
1.331928223371505737e-01 -2.659820578992366791e-02 -5.979088693857192993e-02
1.040022820234298706e-01 1.459009945392608643e-02 -6.004966795444488525e-03
5.666201934218406677e-03 -2.497099339962005615e-04 -4.776790738105773926e-04
-1.595652475953102112e-02 -9.606756269931793213e-03 4.935650527477264404e-02
-4.388316720724105835e-02 -1.706324145197868347e-02 3.564468026161193848e-02
-2.448918297886848450e-02 2.970636636018753052e-02 2.673285454511642456e-02
-1.150650624185800552e-02 2.119270712137222290e-02 2.123324573040008545e-02
-5.648460984230041504e-02 -6.816349923610687256e-03 -1.338140666484832764e-02
-2.922530099749565125e-02 -5.792057886719703674e-02 9.838066995143890381e-03
-9.350080043077468872e-03 -2.729670703411102295e-02 1.251537352800369263e-02
-1.690566539764404297e-02 -8.914541453123092651e-03 2.161030471324920654e-02
-1.419517546892166138e-01 -4.790913686156272888e-02 9.128005802631378174e-02
-7.149966061115264893e-02 -4.592937976121902466e-02 2.885641157627105713e-02
-5.933334305882453918e-02 -9.164508432149887085e-03 3.731755912303924561e-02
-3.028702549636363983e-02 -3.374948352575302124e-02 1.575215160846710205e-02
4.852971062064170837e-02 -1.823318377137184143e-02 -1.912786811590194702e-02
4.043999686837196350e-02 -3.529953211545944214e-02 -2.323444187641143799e-02
-5.510186776518821716e-02 -6.291791796684265137e-04 3.384182602167129517e-02
-9.152789413928985596e-02 -1.265308260917663574e-02 3.633454442024230957e-03
-6.468900293111801147e-02 -2.614715881645679474e-02 3.308489918708801270e-03
-6.246170029044151306e-03 -3.504371643066406250e-02 3.369121253490447998e-02
1.072986051440238953e-02 -3.181847184896469116e-02 2.789737284183502197e-02
-2.467285469174385071e-02 -1.982824504375457764e-02 2.354144304990768433e-02
-4.858460649847984314e-02 -9.351551532745361328e-03 1.915365457534790039e-02
-1.992205902934074402e-02 -3.430593758821487427e-02 1.964715123176574707e-02
-1.509707421064376831e-03 2.347525954246520996e-02 -2.488231658935546875e-02
-3.909343853592872620e-03 -3.975600749254226685e-02 3.858380019664764404e-03
2.026174589991569519e-02 -1.122192665934562683e-02 -1.767566800117492676e-02
2.188850194215774536e-03 -1.237148791551589966e-02 -2.161316573619842529e-03
2.328706160187721252e-02 -1.790980994701385498e-02 2.836511284112930298e-02
1.977536827325820923e-02 -1.413058117032051086e-02 -4.634812474250793457e-03
1.470072194933891296e-02 5.604036152362823486e-03 4.166558384895324707e-03
-5.473187938332557678e-02 4.882322251796722412e-02 4.399628937244415283e-02
-8.725343644618988037e-02 1.156465709209442139e-02 4.648652672767639160e-02
-7.633636146783828735e-02 -1.085370033979415894e-02 2.835147082805633545e-02
-3.736701980233192444e-02 -4.005648195743560791e-02 9.097985923290252686e-03
1.464263722300529480e-02 -9.858448058366775513e-03 -1.178570091724395752e-02
1.330783590674400330e-02 -9.524695575237274170e-03 5.401615798473358154e-02
-1.505331248044967651e-01 3.434461355209350586e-02 4.049645364284515381e-02
-1.433696448802947998e-01 3.766947984695434570e-02 6.112633645534515381e-02
-9.166949987411499023e-02 -5.175366997718811035e-03 7.018935680389404297e-02
-5.906263738870620728e-02 1.115773245692253113e-02 6.297948956489562988e-02
-1.079218238592147827e-01 -1.489780656993389130e-02 4.088185727596282959e-02
-9.822860360145568848e-02 -2.652974054217338562e-02 7.131139934062957764e-02
-3.019543364644050598e-02 -2.138189971446990967e-03 2.380726486444473267e-02
-4.546047374606132507e-02 2.041910588741302490e-02 3.020770102739334106e-02
-1.760594919323921204e-02 -2.333639934659004211e-02 1.091352105140686035e-02
3.061927855014801025e-02 -9.998872876167297363e-03 -8.769474923610687256e-03
3.229916095733642578e-02 -1.088354364037513733e-02 9.122863411903381348e-03
9.399618953466415405e-03 -2.093187719583511353e-02 2.839662134647369385e-02
6.151851266622543335e-03 -1.134264841675758362e-02 8.162431418895721436e-03
-1.298617292195558548e-02 1.398919522762298584e-02 -1.166878640651702881e-02
1.043695583939552307e-02 1.629352197051048279e-02 -8.570492267608642578e-03
1.773054897785186768e-02 -2.364686317741870880e-02 -2.048219740390777588e-02
1.927002519369125366e-02 -5.803760141134262085e-03 -3.281139954924583435e-02
1.093999296426773071e-02 -2.499796450138092041e-03 -2.392376959323883057e-02
-1.817562244832515717e-02 -2.037031948566436768e-02 -1.536733657121658325e-02
7.110320031642913818e-03 -3.095201402902603149e-02 -9.585663676261901855e-03
6.948143243789672852e-03 -2.373006194829940796e-02 -9.839236736297607422e-03
2.442987263202667236e-02 6.242838501930236816e-02 1.821130514144897461e-02
1.953398808836936951e-02 -1.137006282806396484e-02 -5.071952939033508301e-03
-1.064501795917749405e-02 -8.581563830375671387e-03 2.734070271253585815e-02
-3.399841487407684326e-03 1.109496504068374634e-02 -2.127105742692947388e-02
-6.714798510074615479e-04 1.249874383211135864e-02 -1.074232161045074463e-02
-7.433880120515823364e-03 -3.144007176160812378e-03 2.907411754131317139e-02
-5.663545802235603333e-02 -1.356412097811698914e-02 5.116514861583709717e-03
-8.730749785900115967e-02 3.112360835075378418e-03 3.077546507120132446e-02
-1.260969936847686768e-01 2.124923467636108398e-02 5.914326012134552002e-02
-8.932229876518249512e-02 2.104707807302474976e-02 2.125829458236694336e-02
-1.084776371717453003e-01 1.203120127320289612e-02 2.489040791988372803e-02
-1.176230162382125854e-01 5.168182402849197388e-02 3.430357575416564941e-02
-7.519535720348358154e-02 7.623419165611267090e-03 2.681575715541839600e-02
-4.724209010601043701e-02 1.593154668807983398e-02 -1.701518893241882324e-02
-1.106950733810663223e-02 1.549786329269409180e-02 -2.755965292453765869e-02
5.080979317426681519e-03 4.584398120641708374e-03 -1.976022124290466309e-02
2.228377759456634521e-02 2.554434537887573242e-02 -2.479515969753265381e-03
-6.517004966735839844e-02 1.537961512804031372e-02 3.268654644489288330e-02
-1.237411350011825562e-01 8.894000202417373657e-03 -3.411322832107543945e-04
-5.533710867166519165e-02 -1.283753663301467896e-02 2.279922366142272949e-03
-1.593290269374847412e-02 6.995372474193572998e-03 -2.630881965160369873e-03
3.784766420722007751e-03 -4.893388599157333374e-03 -4.547916352748870850e-03
-2.139849029481410980e-02 4.148068279027938843e-02 -1.993010193109512329e-02
-1.150394137948751450e-02 3.030598163604736328e-04 -1.461779326200485229e-02
-3.056715801358222961e-02 6.088757514953613281e-02 -1.225604116916656494e-02
-1.485012657940387726e-02 1.348513737320899963e-02 -1.649063080549240112e-02
-2.010870538651943207e-02 1.531750336289405823e-02 -1.285751909017562866e-02
-1.769537478685379028e-02 1.871044933795928955e-02 -1.124121248722076416e-02
-7.469212636351585388e-03 3.770867735147476196e-02 -2.352441102266311646e-02
-3.388043493032455444e-03 3.305612504482269287e-02 -3.392609208822250366e-02
8.925621211528778076e-02 3.547520190477371216e-02 -3.823333233594894409e-02
4.777775332331657410e-02 4.874147474765777588e-03 -1.321564614772796631e-02
5.183294415473937988e-03 1.439500600099563599e-02 -4.196378216147422791e-02
7.332168519496917725e-03 1.455139741301536560e-02 -3.325928747653961182e-02
2.213308215141296387e-02 3.330755978822708130e-02 -4.390417411923408508e-02
1.361150294542312622e-01 3.130991756916046143e-02 -2.129943668842315674e-02
7.946126163005828857e-02 3.960223495960235596e-02 -3.271153569221496582e-02
1.197589933872222900e-02 -3.401190042495727539e-03 -2.168812602758407593e-02
-2.619326859712600708e-02 -2.357587218284606934e-03 -2.424567937850952148e-02
-4.836125299334526062e-03 5.163039267063140869e-02 -5.760356783866882324e-03
4.390955343842506409e-02 -6.575405597686767578e-03 -3.839768469333648682e-02
1.838753744959831238e-02 -2.974938601255416870e-03 -3.195327520370483398e-02
1.068522930145263672e-01 -5.810335278511047363e-05 -3.905223309993743896e-02
4.316921904683113098e-02 -2.366762235760688782e-02 -2.116826176643371582e-02
1.839936152100563049e-02 -1.556605845689773560e-02 -3.215771913528442383e-02
-1.515471749007701874e-02 4.947985708713531494e-02 -4.462499916553497314e-02
5.349500104784965515e-02 7.049143314361572266e-04 -2.605023980140686035e-02
2.592062577605247498e-02 -1.634211651980876923e-02 -1.319412887096405029e-02
5.493897944688796997e-03 -2.916674129664897919e-02 -1.143039762973785400e-02
5.326721817255020142e-03 -1.530748233199119568e-02 -8.260250091552734375e-03
-7.458601146936416626e-03 1.208729296922683716e-02 -1.589190959930419922e-02
-6.553445011377334595e-03 2.547399699687957764e-02 -1.312793791294097900e-02
-1.138673722743988037e-02 2.106811106204986572e-02 -2.062514424324035645e-02
7.564201951026916504e-03 3.237801045179367065e-02 -1.732563972473144531e-02
3.127760812640190125e-02 -3.803239390254020691e-02 -5.614489316940307617e-03
-1.174511387944221497e-02 -6.001234054565429688e-03 -1.752470433712005615e-02
1.089616864919662476e-02 -3.593645244836807251e-02 -1.428009569644927979e-02
6.043132394552230835e-03 -6.805263459682464600e-03 -2.038408815860748291e-02
-5.555041134357452393e-04 -1.678574271500110626e-02 -2.135023474693298340e-02
1.234102994203567505e-03 -2.915713936090469360e-02 -1.670609414577484131e-02
5.923572927713394165e-03 -1.676413603127002716e-02 -3.737775981426239014e-02
1.375890523195266724e-02 -2.822974324226379395e-02 -2.247808873653411865e-02
-1.970478519797325134e-02 5.503955483436584473e-02 -2.185653150081634521e-02
1.469599083065986633e-02 -1.803036592900753021e-02 -2.998183667659759521e-02
-1.625073514878749847e-02 6.336914002895355225e-02 -4.420655965805053711e-02
-6.712872534990310669e-03 3.860533237457275391e-03 -2.636156976222991943e-02
2.567436546087265015e-03 1.628730818629264832e-02 -3.889495134353637695e-02
-1.573146134614944458e-02 3.091625124216079712e-02 -2.162541449069976807e-02
-2.184415236115455627e-02 1.194114610552787781e-02 -2.813991904258728027e-02
-2.930269017815589905e-02 1.260561496019363403e-02 -2.067182958126068115e-02
-1.287760678678750992e-02 1.837202906608581543e-02 -6.852276623249053955e-03
-2.858334407210350037e-02 1.220474019646644592e-02 -1.037979125976562500e-02
-2.709819003939628601e-02 1.615015789866447449e-02 -2.605907618999481201e-02
-1.010644435882568359e-02 1.132188737392425537e-02 -1.685917377471923828e-03
-2.486963197588920593e-02 3.150233626365661621e-02 -2.255365252494812012e-04
5.906092002987861633e-02 4.070557653903961182e-03 -6.600990891456604004e-03
3.445065394043922424e-02 8.711144328117370605e-04 8.447401225566864014e-03
9.380742907524108887e-02 1.065017655491828918e-02 -4.002330824732780457e-02
7.239037752151489258e-02 1.103877648711204529e-02 -3.978963196277618408e-02
5.545678362250328064e-02 -1.715116202831268311e-03 -1.289691030979156494e-02
-4.411924630403518677e-03 2.679245918989181519e-02 6.410747766494750977e-03
-2.338847145438194275e-03 2.987945079803466797e-02 5.235940217971801758e-03
-8.142691105604171753e-03 2.862352132797241211e-02 -9.250931441783905029e-03
5.740251019597053528e-02 -1.712600700557231903e-02 -5.730062723159790039e-03
1.952086761593818665e-02 -2.124381810426712036e-02 -7.066451013088226318e-03
-2.463997341692447662e-02 1.527626067399978638e-02 -4.314146935939788818e-03
-1.690322533249855042e-03 -1.480809412896633148e-02 5.818501114845275879e-03
-1.546778157353401184e-02 4.241369664669036865e-03 -1.033613085746765137e-02
-1.232275459915399551e-02 1.410779729485511780e-02 2.302271127700805664e-02
9.433787316083908081e-03 7.912904024124145508e-03 2.063144743442535400e-02
7.145661860704421997e-03 -1.091637834906578064e-02 4.455709457397460938e-02
1.463704928755760193e-02 -2.802908420562744141e-04 -4.138833656907081604e-02
8.620142936706542969e-02 1.068168878555297852e-02 -5.602593347430229187e-02
1.925339847803115845e-01 1.550048962235450745e-02 -4.077526181936264038e-02
9.945994615554809570e-02 -1.009483635425567627e-02 -5.742073431611061096e-02
1.173322349786758423e-01 -2.027891576290130615e-02 -3.798533231019973755e-02
1.268554925918579102e-01 -6.322152912616729736e-03 -3.398729115724563599e-02
6.697086989879608154e-02 1.996368169784545898e-03 9.582869708538055420e-03
6.423471868038177490e-02 -1.541505567729473114e-02 -1.951636373996734619e-02
2.739975601434707642e-02 8.016515523195266724e-03 -7.371872663497924805e-03
7.837620377540588379e-02 1.338716596364974976e-02 -1.510401070117950439e-02
6.641545891761779785e-02 -1.048149541020393372e-02 1.207388937473297119e-02
-2.809362486004829407e-02 -9.017098695039749146e-03 2.498235553503036499e-02
-2.851693704724311829e-02 -1.808841340243816376e-02 4.286348819732666016e-03
9.169767796993255615e-02 -1.753997057676315308e-03 5.721621215343475342e-03
3.251359984278678894e-02 -1.102793216705322266e-02 -7.486306130886077881e-03
7.267367094755172729e-03 -2.400017715990543365e-02 1.221363246440887451e-02
-1.420650631189346313e-02 -2.477912977337837219e-02 1.335947960615158081e-02
-5.826666951179504395e-03 -4.359420388936996460e-03 -5.171477794647216797e-03
-1.598314568400382996e-02 -1.972291991114616394e-02 2.149472385644912720e-02
-9.391762316226959229e-03 -2.035872079432010651e-02 3.761184215545654297e-02
1.100276783108711243e-02 -4.801427945494651794e-02 1.741719990968704224e-02
-8.513210341334342957e-03 -9.066566824913024902e-03 4.833988845348358154e-03
-1.066405922174453735e-01 -5.341470241546630859e-04 1.530425250530242920e-02
-2.141870707273483276e-01 2.205513417720794678e-02 5.031794309616088867e-02
-2.085451930761337280e-01 1.633944734930992126e-02 8.374020457267761230e-02
-1.179644167423248291e-01 -1.054133102297782898e-02 5.051715672016143799e-02
-1.966900825500488281e-01 1.192995160818099976e-02 6.077538430690765381e-02
-1.951617449522018433e-01 3.570962697267532349e-03 7.775382697582244873e-02
-1.295404732227325439e-01 -1.649742200970649719e-02 7.248449325561523438e-02
-1.022152006626129150e-01 4.896812140941619873e-02 -6.405428051948547363e-03
-4.751928895711898804e-02 -1.745452918112277985e-02 -9.804368019104003906e-04
-7.781825959682464600e-03 -1.557927764952182770e-02 -6.386451423168182373e-03
3.024006262421607971e-02 5.665677785873413086e-02 -1.393108814954757690e-02
2.385225892066955566e-02 4.801128059625625610e-03 1.161683350801467896e-02
-1.086086314171552658e-02 -1.378022506833076477e-02 1.599110662937164307e-02
-1.305019669234752655e-02 5.560208112001419067e-03 6.911985576152801514e-03
-2.676057815551757812e-02 3.201078623533248901e-03 1.829197257757186890e-02
-7.941896095871925354e-03 1.124454289674758911e-02 2.506531774997711182e-03
1.038983464241027832e-03 -8.653856813907623291e-03 -2.023213356733322144e-02
-1.928453147411346436e-02 1.617783680558204651e-02 -9.118087589740753174e-03
-6.086819991469383240e-02 -4.178252071142196655e-03 1.667054742574691772e-02
-3.588965162634849548e-02 5.260653793811798096e-03 1.202130317687988281e-02
-1.039519160985946655e-02 1.961849629878997803e-02 -8.071869611740112305e-03
-1.450848579406738281e-02 3.378312289714813232e-02 1.851058006286621094e-02
-1.219492405652999878e-02 3.003656864166259766e-02 2.567968517541885376e-02
-3.143973276019096375e-02 -1.641624234616756439e-02 2.149271219968795776e-02
-4.515251144766807556e-02 6.486903876066207886e-03 4.600274562835693359e-02
-4.616143181920051575e-02 1.062857732176780701e-02 2.304230630397796631e-02
-1.819304749369621277e-02 -3.360532596707344055e-02 1.211518049240112305e-02
-1.399785652756690979e-02 -2.750071138143539429e-02 1.795199513435363770e-02
-3.313725814223289490e-02 -1.178750395774841309e-02 -2.130638062953948975e-02
-4.041576385498046875e-02 -1.987095922231674194e-03 2.692152559757232666e-02
-2.242693863809108734e-02 -2.626750618219375610e-03 2.476190775632858276e-02
-4.453645646572113037e-02 9.967014193534851074e-04 2.351357042789459229e-02
-2.887331508100032806e-02 2.268574386835098267e-02 2.158550918102264404e-02
-2.065620198845863342e-02 2.843888103961944580e-02 7.759064435958862305e-03
-1.991211250424385071e-02 -8.359808474779129028e-03 1.666787266731262207e-02
-2.965749986469745636e-02 -7.225446403026580811e-03 -3.300830721855163574e-03
-2.320795506238937378e-02 2.405120432376861572e-02 7.400088012218475342e-03
-1.679451391100883484e-02 -5.327265709638595581e-03 -5.667023360729217529e-03
2.136394754052162170e-02 1.726297661662101746e-02 1.936369389295578003e-02
1.860844716429710388e-02 -1.536815986037254333e-02 -1.540657877922058105e-02
3.354144468903541565e-02 2.254683524370193481e-02 -2.606099843978881836e-02
-1.091796532273292542e-02 3.824263811111450195e-02 1.459482312202453613e-02
-2.797121182084083557e-02 -3.929720073938369751e-02 2.558682113885879517e-02
-1.328559219837188721e-02 2.123525738716125488e-02 5.348439514636993408e-02
-2.762158960103988647e-02 -4.250230640172958374e-02 1.669836044311523438e-02
-2.683628350496292114e-02 3.831973671913146973e-02 3.505873680114746094e-02
-4.348061978816986084e-03 -3.150283545255661011e-02 -2.005890011787414551e-03
-1.763471961021423340e-02 -2.655258215963840485e-02 1.426622271537780762e-03
3.277472406625747681e-02 1.918487250804901123e-02 7.816947996616363525e-03
-6.652925163507461548e-03 1.442711800336837769e-02 4.564084112644195557e-03
5.737595260143280029e-03 1.622163876891136169e-02 7.299996912479400635e-03
4.745442420244216919e-03 1.544906198978424072e-02 6.927348673343658447e-03
