1.971855014562606812e-01 1.814285218715667725e-01 2.736541926860809326e-01 1.506032943725585938e-01 1.692059189081192017e-01 2.817713022232055664e-01
1.940809488296508789e-01 1.782318204641342163e-01 2.709393203258514404e-01 1.475712358951568604e-01 1.667597740888595581e-01 2.795751690864562988e-01
1.937617361545562744e-01 1.780868023633956909e-01 2.707312107086181641e-01 1.474110633134841919e-01 1.666000634431838989e-01 2.795356512069702148e-01
1.952079832553863525e-01 1.795492917299270630e-01 2.715196013450622559e-01 1.481475830078125000e-01 1.669958084821701050e-01 2.798130810260772705e-01
1.919070035219192505e-01 1.686078906059265137e-01 2.660950720310211182e-01 1.439674198627471924e-01 1.608724743127822876e-01 2.739255726337432861e-01
1.988662481307983398e-01 1.795477867126464844e-01 2.732583284378051758e-01 1.509216427803039551e-01 1.689589768648147583e-01 2.803687751293182373e-01
2.000814378261566162e-01 1.838066577911376953e-01 2.754771411418914795e-01 1.526174694299697876e-01 1.712831705808639526e-01 2.828252911567687988e-01
1.700856387615203857e-01 1.200842633843421936e-01 2.381559759378433228e-01 1.086997017264366150e-01 1.267524659633636475e-01 2.375020831823348999e-01
1.849043518304824829e-01 1.658108234405517578e-01 2.620568275451660156e-01 1.369088143110275269e-01 1.563889533281326294e-01 2.710550129413604736e-01
1.922261565923690796e-01 1.732744276523590088e-01 2.688700556755065918e-01 1.447739154100418091e-01 1.637527048587799072e-01 2.775367200374603271e-01
1.968018710613250732e-01 1.808571964502334595e-01 2.733707427978515625e-01 1.509231179952621460e-01 1.694652438163757324e-01 2.815847098827362061e-01
1.522900462150573730e-01 1.053662672638893127e-01 2.241469025611877441e-01 9.379521757364273071e-02 1.097855344414710999e-01 2.247326672077178955e-01
2.433270663022994995e-01 1.632925122976303101e-01 2.952836155891418457e-01 1.534663885831832886e-01 1.804156750440597534e-01 2.800762355327606201e-01
2.576161921024322510e-01 1.785106062889099121e-01 3.083371222019195557e-01 1.689536273479461670e-01 1.956049650907516479e-01 2.943238019943237305e-01
2.419911026954650879e-01 1.637053340673446655e-01 2.945158779621124268e-01 1.532114297151565552e-01 1.798231601715087891e-01 2.799257636070251465e-01
2.423270046710968018e-01 1.597363799810409546e-01 2.930182516574859619e-01 1.499357372522354126e-01 1.773166358470916748e-01 2.759241759777069092e-01
1.828747391700744629e-01 1.305416375398635864e-01 2.475627362728118896e-01 1.181249171495437622e-01 1.388179808855056763e-01 2.467761337757110596e-01
1.870029568672180176e-01 1.569935977458953857e-01 2.604872584342956543e-01 1.370892077684402466e-01 1.537560373544692993e-01 2.672580778598785400e-01
1.794393211603164673e-01 1.269702613353729248e-01 2.446162104606628418e-01 1.151093021035194397e-01 1.352154314517974854e-01 2.433041185140609741e-01
2.294696420431137085e-01 1.485779583454132080e-01 2.794714570045471191e-01 1.425490826368331909e-01 1.681797355413436890e-01 2.664744853973388672e-01
1.991744190454483032e-01 1.756122112274169922e-01 2.728458642959594727e-01 1.515941768884658813e-01 1.683423072099685669e-01 2.810181379318237305e-01
2.054544091224670410e-01 1.903467029333114624e-01 2.816336154937744141e-01 1.597000360488891602e-01 1.778999865055084229e-01 2.894811332225799561e-01
1.969147324562072754e-01 1.808838993310928345e-01 2.742219567298889160e-01 1.511505842208862305e-01 1.691879183053970337e-01 2.828594744205474854e-01
2.096992582082748413e-01 1.841318756341934204e-01 2.850033342838287354e-01 1.609271913766860962e-01 1.761740148067474365e-01 2.892376780509948730e-01
2.288640737533569336e-01 1.496437638998031616e-01 2.905090451240539551e-01 1.429892778396606445e-01 1.644806265830993652e-01 2.749962210655212402e-01
2.978817820549011230e-01 2.158485203981399536e-01 3.434937000274658203e-01 2.065320014953613281e-01 2.316980957984924316e-01 3.270527422428131104e-01
3.015389442443847656e-01 2.185651957988739014e-01 3.472012281417846680e-01 2.110142856836318970e-01 2.348713278770446777e-01 3.312658369541168213e-01
2.994691729545593262e-01 2.159206718206405640e-01 3.448241651058197021e-01 2.079031616449356079e-01 2.327267527580261230e-01 3.285518586635589600e-01
3.010461330413818359e-01 2.188936322927474976e-01 3.458437025547027588e-01 2.102262526750564575e-01 2.355026155710220337e-01 3.296048939228057861e-01
3.168845176696777344e-01 2.375718206167221069e-01 3.590142726898193359e-01 2.308622300624847412e-01 2.549159526824951172e-01 3.443000614643096924e-01
3.259026110172271729e-01 2.485992610454559326e-01 3.664433956146240234e-01 2.425699383020401001e-01 2.654825448989868164e-01 3.523089289665222168e-01
3.379869163036346436e-01 2.631942033767700195e-01 3.755487203598022461e-01 2.584428191184997559e-01 2.804239988327026367e-01 3.620404005050659180e-01
3.338119387626647949e-01 2.592385411262512207e-01 3.719650208950042725e-01 2.549666166305541992e-01 2.769173979759216309e-01 3.595831990242004395e-01
3.199561834335327148e-01 2.472597062587738037e-01 3.619143664836883545e-01 2.405049353837966919e-01 2.638310492038726807e-01 3.489347696304321289e-01
3.156174123287200928e-01 2.406552582979202271e-01 3.588332235813140869e-01 2.343862205743789673e-01 2.579164505004882812e-01 3.450551927089691162e-01
2.470498085021972656e-01 1.672514975070953369e-01 2.987397015094757080e-01 1.578706055879592896e-01 1.839093863964080811e-01 2.835702002048492432e-01
2.781547605991363525e-01 1.962618678808212280e-01 3.254986703395843506e-01 1.887691766023635864e-01 2.151486873626708984e-01 3.105947971343994141e-01
2.840147018432617188e-01 2.006875872611999512e-01 3.312515318393707275e-01 1.935016512870788574e-01 2.195597738027572632e-01 3.161659836769104004e-01
2.955200970172882080e-01 2.120906561613082886e-01 3.420499563217163086e-01 2.048966884613037109e-01 2.301095128059387207e-01 3.260129988193511963e-01
2.744933962821960449e-01 1.900412887334823608e-01 3.222650885581970215e-01 1.823875308036804199e-01 2.094738632440567017e-01 3.072925209999084473e-01
3.148975968360900879e-01 2.355239689350128174e-01 3.589036166667938232e-01 2.294312119483947754e-01 2.522486746311187744e-01 3.442556262016296387e-01
3.232361674308776855e-01 2.449255436658859253e-01 3.656512200832366943e-01 2.396006882190704346e-01 2.619511187076568604e-01 3.509393334388732910e-01
1.640398353338241577e-01 1.235029101371765137e-01 2.369331568479537964e-01 1.090784594416618347e-01 1.253935694694519043e-01 2.404695749282836914e-01
1.901982873678207397e-01 1.731087714433670044e-01 2.669906914234161377e-01 1.435888707637786865e-01 1.628346890211105347e-01 2.763141989707946777e-01
2.071070522069931030e-01 1.931401938199996948e-01 2.826958596706390381e-01 1.635021865367889404e-01 1.812625676393508911e-01 2.916258871555328369e-01
1.972590088844299316e-01 1.793784201145172119e-01 2.725019752979278564e-01 1.509515345096588135e-01 1.689718961715698242e-01 2.820672392845153809e-01
1.840394139289855957e-01 1.650640070438385010e-01 2.611513435840606689e-01 1.362338215112686157e-01 1.559622883796691895e-01 2.706081271171569824e-01
2.068723142147064209e-01 1.921054720878601074e-01 2.831443846225738525e-01 1.621242463588714600e-01 1.797776669263839722e-01 2.913118600845336914e-01
1.850173920392990112e-01 1.647057086229324341e-01 2.624918520450592041e-01 1.369632035493850708e-01 1.554448902606964111e-01 2.711103558540344238e-01
2.696686089038848877e-01 1.841983497142791748e-01 3.185202479362487793e-01 1.739728152751922607e-01 2.024248838424682617e-01 3.021129667758941650e-01
3.100072443485260010e-01 2.291861176490783691e-01 3.538712859153747559e-01 2.215859293937683105e-01 2.457996755838394165e-01 3.374488949775695801e-01
3.616913855075836182e-01 2.944195866584777832e-01 3.951996862888336182e-01 2.884461879730224609e-01 3.076640963554382324e-01 3.820877671241760254e-01
3.184734880924224854e-01 2.385032624006271362e-01 3.605611920356750488e-01 2.327572405338287354e-01 2.568401396274566650e-01 3.444088399410247803e-01
2.504520416259765625e-01 1.788180917501449585e-01 3.027906119823455811e-01 1.686068326234817505e-01 1.933675259351730347e-01 2.911043465137481689e-01
2.791216373443603516e-01 2.117058336734771729e-01 3.274980485439300537e-01 2.016297876834869385e-01 2.253316789865493774e-01 3.170227408409118652e-01
2.883238196372985840e-01 2.214500159025192261e-01 3.344195187091827393e-01 2.092861235141754150e-01 2.342216223478317261e-01 3.238940834999084473e-01
2.449766546487808228e-01 1.726747751235961914e-01 2.975127100944519043e-01 1.623478680849075317e-01 1.872433573007583618e-01 2.859102785587310791e-01
2.694595158100128174e-01 1.868285685777664185e-01 3.161576986312866211e-01 1.769956499338150024e-01 2.041800469160079956e-01 3.000307977199554443e-01
2.554089426994323730e-01 1.690223962068557739e-01 3.058263659477233887e-01 1.645798832178115845e-01 1.877534389495849609e-01 2.882367670536041260e-01
2.984230816364288330e-01 2.149398773908615112e-01 3.442508280277252197e-01 2.060951441526412964e-01 2.314867675304412842e-01 3.269850015640258789e-01
3.409433960914611816e-01 2.674712240695953369e-01 3.796057403087615967e-01 2.619816958904266357e-01 2.827994823455810547e-01 3.663963377475738525e-01
3.386705517768859863e-01 2.670537829399108887e-01 3.761246204376220703e-01 2.623589634895324707e-01 2.845076620578765869e-01 3.645190596580505371e-01
2.493451386690139771e-01 1.730841845273971558e-01 3.004085719585418701e-01 1.629007756710052490e-01 1.894776225090026855e-01 2.869350612163543701e-01
2.565903663635253906e-01 1.834956556558609009e-01 3.075250685214996338e-01 1.729307472705841064e-01 1.981667727231979370e-01 2.951769828796386719e-01
2.476283013820648193e-01 1.744730174541473389e-01 2.995962798595428467e-01 1.638220250606536865e-01 1.890065819025039673e-01 2.873905301094055176e-01
2.460502535104751587e-01 1.735602766275405884e-01 2.987548410892486572e-01 1.625453084707260132e-01 1.879861056804656982e-01 2.864814400672912598e-01
2.290217280387878418e-01 1.486948728561401367e-01 2.817093431949615479e-01 1.379903554916381836e-01 1.655479371547698975e-01 2.650038003921508789e-01
1.987675279378890991e-01 1.349902153015136719e-01 2.585452198982238770e-01 1.248955130577087402e-01 1.476886272430419922e-01 2.526674270629882812e-01
1.932875961065292358e-01 1.763913184404373169e-01 2.708186805248260498e-01 1.472148299217224121e-01 1.651142090559005737e-01 2.795760333538055420e-01
2.061040550470352173e-01 1.793615669012069702e-01 2.804295420646667480e-01 1.569027453660964966e-01 1.723778247833251953e-01 2.844730317592620850e-01
1.997942030429840088e-01 1.825609207153320312e-01 2.761854827404022217e-01 1.526437997817993164e-01 1.705136299133300781e-01 2.827131152153015137e-01
2.267235964536666870e-01 1.527297198772430420e-01 2.874242067337036133e-01 1.470917463302612305e-01 1.661919206380844116e-01 2.754384279251098633e-01
1.691462248563766479e-01 1.114666610956192017e-01 2.405951023101806641e-01 1.023100987076759338e-01 1.201056614518165588e-01 2.346243560314178467e-01
2.463922053575515747e-01 1.694568991661071777e-01 2.982730269432067871e-01 1.596812158823013306e-01 1.857792735099792480e-01 2.845681011676788330e-01
2.681323289871215820e-01 1.969822794198989868e-01 3.176954388618469238e-01 1.864647567272186279e-01 2.110751569271087646e-01 3.059882223606109619e-01
2.543834149837493896e-01 1.809762716293334961e-01 3.055930733680725098e-01 1.706704199314117432e-01 1.960784643888473511e-01 2.933010756969451904e-01
2.507140636444091797e-01 1.777719706296920776e-01 3.022969067096710205e-01 1.676821857690811157e-01 1.928959786891937256e-01 2.902147471904754639e-01
2.303054332733154297e-01 1.550784260034561157e-01 2.840678095817565918e-01 1.441124826669692993e-01 1.700955480337142944e-01 2.703701257705688477e-01
2.347404509782791138e-01 1.543318927288055420e-01 2.843828499317169189e-01 1.480592191219329834e-01 1.734246760606765747e-01 2.710579335689544678e-01
1.976822167634963989e-01 1.766745150089263916e-01 2.724243998527526855e-01 1.505441665649414062e-01 1.681027114391326904e-01 2.819191217422485352e-01
2.075462639331817627e-01 1.892197281122207642e-01 2.822364270687103271e-01 1.598912030458450317e-01 1.773321628570556641e-01 2.882117927074432373e-01
1.837693005800247192e-01 1.455942243337631226e-01 2.583588063716888428e-01 1.281939744949340820e-01 1.443694978952407837e-01 2.611566781997680664e-01
2.005706876516342163e-01 1.838343441486358643e-01 2.769561111927032471e-01 1.542874723672866821e-01 1.720569729804992676e-01 2.848943471908569336e-01
1.901868134737014771e-01 1.659009903669357300e-01 2.651934325695037842e-01 1.423404216766357422e-01 1.581537574529647827e-01 2.718703746795654297e-01
1.794910728931427002e-01 1.261653900146484375e-01 2.444271892309188843e-01 1.148484498262405396e-01 1.344924718141555786e-01 2.422713041305541992e-01
2.233438193798065186e-01 1.478735953569412231e-01 2.763713002204895020e-01 1.415194272994995117e-01 1.652017831802368164e-01 2.658624351024627686e-01
1.912062466144561768e-01 1.620967686176300049e-01 2.631837427616119385e-01 1.413853913545608521e-01 1.592660993337631226e-01 2.721314132213592529e-01
1.755873709917068481e-01 1.173291504383087158e-01 2.386024147272109985e-01 1.073338091373443604e-01 1.282546371221542358e-01 2.351682931184768677e-01
1.817565411329269409e-01 1.380835771560668945e-01 2.501906752586364746e-01 1.223877370357513428e-01 1.417125314474105835e-01 2.534906864166259766e-01
1.942680925130844116e-01 1.673401147127151489e-01 2.692654430866241455e-01 1.451730579137802124e-01 1.618292182683944702e-01 2.763764858245849609e-01
1.874941289424896240e-01 1.454431414604187012e-01 2.560460567474365234e-01 1.285039931535720825e-01 1.485750228166580200e-01 2.603592276573181152e-01
1.970735490322113037e-01 1.816267967224121094e-01 2.739499807357788086e-01 1.510134339332580566e-01 1.700681149959564209e-01 2.834176719188690186e-01
2.000420242547988892e-01 1.836942434310913086e-01 2.770408093929290771e-01 1.540076732635498047e-01 1.718739420175552368e-01 2.854605615139007568e-01
2.094620913267135620e-01 1.918856650590896606e-01 2.839945256710052490e-01 1.621901094913482666e-01 1.794419884681701660e-01 2.898035347461700439e-01
2.942831516265869141e-01 2.102617919445037842e-01 3.415248990058898926e-01 2.031370997428894043e-01 2.286306321620941162e-01 3.258070647716522217e-01
1.946509331464767456e-01 1.345700770616531372e-01 2.554786205291748047e-01 1.249613910913467407e-01 1.457946151494979858e-01 2.512531876564025879e-01
2.365885823965072632e-01 1.620333045721054077e-01 2.876650989055633545e-01 1.563770025968551636e-01 1.808094978332519531e-01 2.786103188991546631e-01
1.776182204484939575e-01 1.256448179483413696e-01 2.437386810779571533e-01 1.133012771606445312e-01 1.335953027009963989e-01 2.428487241268157959e-01
2.339013516902923584e-01 1.542393565177917480e-01 2.868468761444091797e-01 1.433634907007217407e-01 1.709906905889511108e-01 2.705790102481842041e-01
2.221069037914276123e-01 1.469615101814270020e-01 2.767162322998046875e-01 1.351150274276733398e-01 1.615787893533706665e-01 2.622503638267517090e-01
2.271815091371536255e-01 1.477329581975936890e-01 2.802828252315521240e-01 1.368308514356613159e-01 1.639414727687835693e-01 2.634853422641754150e-01
2.256318330764770508e-01 1.480835229158401489e-01 2.775550782680511475e-01 1.427155435085296631e-01 1.664792448282241821e-01 2.668943703174591064e-01
1.907068789005279541e-01 1.396490335464477539e-01 2.568988800048828125e-01 1.261385530233383179e-01 1.462309807538986206e-01 2.554894983768463135e-01
2.123530954122543335e-01 1.937206387519836426e-01 2.862712144851684570e-01 1.654536575078964233e-01 1.826774477958679199e-01 2.920033633708953857e-01
1.940072625875473022e-01 1.693263947963714600e-01 2.688970863819122314e-01 1.460387855768203735e-01 1.616482138633728027e-01 2.753094434738159180e-01
1.661257743835449219e-01 1.249346509575843811e-01 2.402274161577224731e-01 1.106631532311439514e-01 1.264980733394622803e-01 2.423822134733200073e-01
2.030516564846038818e-01 1.360833048820495605e-01 2.609305679798126221e-01 1.276228576898574829e-01 1.496963948011398315e-01 2.534073293209075928e-01
2.289921194314956665e-01 1.491810977458953857e-01 2.815931737422943115e-01 1.390693485736846924e-01 1.660757660865783691e-01 2.659961283206939697e-01
2.199882566928863525e-01 1.438206732273101807e-01 2.749309539794921875e-01 1.321436166763305664e-01 1.587163358926773071e-01 2.595779895782470703e-01
2.201028019189834595e-01 1.453787684440612793e-01 2.750464379787445068e-01 1.333804279565811157e-01 1.597511768341064453e-01 2.604925632476806641e-01
1.845899373292922974e-01 1.520609706640243530e-01 2.578289508819580078e-01 1.329702436923980713e-01 1.506383121013641357e-01 2.655415236949920654e-01
2.003752738237380981e-01 1.850053220987319946e-01 2.766899764537811279e-01 1.543050110340118408e-01 1.735942214727401733e-01 2.859807908535003662e-01
2.003380358219146729e-01 1.855011880397796631e-01 2.772342264652252197e-01 1.547939926385879517e-01 1.732507795095443726e-01 2.861152887344360352e-01
1.885180324316024780e-01 1.689842641353607178e-01 2.657186388969421387e-01 1.407555192708969116e-01 1.592112928628921509e-01 2.740414440631866455e-01
1.942223608493804932e-01 1.234218478202819824e-01 2.606933116912841797e-01 1.164121851325035095e-01 1.352737694978713989e-01 2.483223825693130493e-01
3.156793713569641113e-01 2.355016469955444336e-01 3.590593338012695312e-01 2.291987389326095581e-01 2.521534562110900879e-01 3.434059917926788330e-01
1.528852730989456177e-01 1.010753884911537170e-01 2.238927185535430908e-01 9.193743020296096802e-02 1.077445298433303833e-01 2.218121737241744995e-01
2.336196601390838623e-01 1.508712470531463623e-01 2.832368016242980957e-01 1.452500820159912109e-01 1.708128303289413452e-01 2.691838145256042480e-01
2.335557341575622559e-01 1.541142612695693970e-01 2.860236167907714844e-01 1.429619640111923218e-01 1.707244813442230225e-01 2.695629894733428955e-01
2.411998063325881958e-01 1.585843712091445923e-01 2.902703285217285156e-01 1.502359360456466675e-01 1.776106208562850952e-01 2.745223641395568848e-01
1.876904517412185669e-01 1.495028436183929443e-01 2.582211792469024658e-01 1.316828727722167969e-01 1.500279456377029419e-01 2.627570331096649170e-01
1.796390414237976074e-01 1.399823427200317383e-01 2.504888176918029785e-01 1.236199587583541870e-01 1.418650150299072266e-01 2.555150985717773438e-01
1.954899281263351440e-01 1.789311319589614868e-01 2.722052931785583496e-01 1.486119329929351807e-01 1.677974164485931396e-01 2.811073660850524902e-01
1.881253123283386230e-01 1.670636087656021118e-01 2.648549377918243408e-01 1.397077143192291260e-01 1.581640690565109253e-01 2.732101678848266602e-01
1.850296705961227417e-01 1.633316874504089355e-01 2.619972527027130127e-01 1.360467970371246338e-01 1.547152549028396606e-01 2.700622677803039551e-01
1.998977959156036377e-01 1.813803762197494507e-01 2.747263908386230469e-01 1.519289314746856689e-01 1.699031442403793335e-01 2.816216647624969482e-01
2.005589604377746582e-01 1.799719482660293579e-01 2.750789523124694824e-01 1.522109359502792358e-01 1.700215786695480347e-01 2.819268107414245605e-01
2.292085587978363037e-01 1.491717696189880371e-01 2.823240160942077637e-01 1.386613100767135620e-01 1.656831502914428711e-01 2.662460803985595703e-01
2.271309196949005127e-01 1.496667414903640747e-01 2.809911668300628662e-01 1.385071873664855957e-01 1.652629077434539795e-01 2.654054164886474609e-01
2.230592072010040283e-01 1.465323269367218018e-01 2.778291106224060059e-01 1.352002620697021484e-01 1.616319864988327026e-01 2.625817656517028809e-01
2.211805284023284912e-01 1.459440737962722778e-01 2.759402096271514893e-01 1.339538395404815674e-01 1.605333536863327026e-01 2.612601816654205322e-01
2.272019833326339722e-01 1.481360346078872681e-01 2.801941037178039551e-01 1.368456780910491943e-01 1.643052101135253906e-01 2.638975679874420166e-01
1.987961381673812866e-01 1.837921887636184692e-01 2.745654284954071045e-01 1.520246267318725586e-01 1.710040122270584106e-01 2.833614051342010498e-01
1.970995515584945679e-01 1.813888400793075562e-01 2.741591036319732666e-01 1.504733264446258545e-01 1.691373288631439209e-01 2.824441790580749512e-01
1.822064518928527832e-01 1.391663849353790283e-01 2.550613880157470703e-01 1.227709054946899414e-01 1.401642560958862305e-01 2.553207874298095703e-01
2.053490728139877319e-01 1.874620467424392700e-01 2.814593017101287842e-01 1.584051847457885742e-01 1.748843789100646973e-01 2.872130870819091797e-01
1.884124428033828735e-01 1.233932971954345703e-01 2.537503242492675781e-01 1.157384216785430908e-01 1.342300027608871460e-01 2.441965937614440918e-01
1.593287289142608643e-01 1.022999808192253113e-01 2.293746471405029297e-01 9.379557520151138306e-02 1.108232811093330383e-01 2.237944155931472778e-01
2.408795654773712158e-01 1.641299724578857422e-01 2.936029732227325439e-01 1.538658142089843750e-01 1.800759434700012207e-01 2.793470025062561035e-01
2.567748427391052246e-01 1.840128749608993530e-01 3.076798617839813232e-01 1.732924282550811768e-01 1.985364705324172974e-01 2.956243753433227539e-01
2.609480619430541992e-01 1.895793527364730835e-01 3.116490542888641357e-01 1.797175407409667969e-01 2.042987942695617676e-01 3.000437021255493164e-01
2.667209506034851074e-01 2.000242769718170166e-01 3.166917860507965088e-01 1.899129003286361694e-01 2.136088609695434570e-01 3.075339794158935547e-01
2.515033185482025146e-01 1.821377128362655640e-01 3.035735487937927246e-01 1.714349091053009033e-01 1.954521089792251587e-01 2.930450439453125000e-01
2.283579558134078979e-01 1.500902026891708374e-01 2.815082967281341553e-01 1.388329863548278809e-01 1.658160388469696045e-01 2.656726539134979248e-01
2.022842466831207275e-01 1.856445372104644775e-01 2.781746089458465576e-01 1.547295451164245605e-01 1.729043871164321899e-01 2.851873040199279785e-01
1.779806762933731079e-01 1.356018334627151489e-01 2.507843077182769775e-01 1.191535741090774536e-01 1.366845965385437012e-01 2.521284818649291992e-01
1.915476471185684204e-01 1.731989532709121704e-01 2.683281898498535156e-01 1.443560123443603516e-01 1.625043600797653198e-01 2.764354944229125977e-01
2.247172743082046509e-01 1.473338454961776733e-01 2.853055894374847412e-01 1.416967362165451050e-01 1.618402451276779175e-01 2.710860669612884521e-01
2.647073268890380859e-01 1.819864958524703979e-01 3.142148256301879883e-01 1.729820072650909424e-01 2.000647187232971191e-01 2.979515492916107178e-01
2.240172624588012695e-01 1.451682597398757935e-01 2.774775624275207520e-01 1.407853215932846069e-01 1.633424609899520874e-01 2.659555077552795410e-01
2.168417870998382568e-01 1.406927853822708130e-01 2.712011039257049561e-01 1.352481395006179810e-01 1.576745510101318359e-01 2.602226138114929199e-01
2.415537238121032715e-01 1.645564436912536621e-01 2.939552962779998779e-01 1.539289951324462891e-01 1.804957091808319092e-01 2.796823084354400635e-01
2.443116307258605957e-01 1.684125214815139771e-01 2.962264716625213623e-01 1.583327949047088623e-01 1.842565685510635376e-01 2.828104496002197266e-01
2.199895083904266357e-01 1.433940678834915161e-01 2.739363014698028564e-01 1.318384110927581787e-01 1.586593091487884521e-01 2.587727308273315430e-01
1.930234730243682861e-01 1.719132959842681885e-01 2.694787979125976562e-01 1.450063735246658325e-01 1.632613688707351685e-01 2.779112458229064941e-01
1.879565417766571045e-01 1.635940968990325928e-01 2.639935910701751709e-01 1.381333023309707642e-01 1.565678566694259644e-01 2.718255817890167236e-01
1.947291493415832520e-01 1.746876686811447144e-01 2.707284390926361084e-01 1.459687650203704834e-01 1.652014851570129395e-01 2.784425318241119385e-01
1.842078566551208496e-01 1.616627275943756104e-01 2.603144645690917969e-01 1.351541429758071899e-01 1.540215313434600830e-01 2.688612341880798340e-01
1.885522753000259399e-01 1.291058808565139771e-01 2.532175183296203613e-01 1.191127523779869080e-01 1.381216049194335938e-01 2.470823824405670166e-01
2.512595355510711670e-01 1.793898344039916992e-01 3.021537363529205322e-01 1.678950190544128418e-01 1.937931180000305176e-01 2.898436188697814941e-01
1.932374089956283569e-01 1.769440174102783203e-01 2.702544629573822021e-01 1.467337608337402344e-01 1.659679561853408813e-01 2.794333696365356445e-01
1.915034502744674683e-01 1.713121384382247925e-01 2.681931257247924805e-01 1.438684910535812378e-01 1.623639464378356934e-01 2.771833240985870361e-01
1.906420737504959106e-01 1.683822274208068848e-01 2.672069072723388672e-01 1.417708098888397217e-01 1.600589752197265625e-01 2.753975391387939453e-01
1.933156549930572510e-01 1.709248274564743042e-01 2.692705094814300537e-01 1.440531760454177856e-01 1.626949608325958252e-01 2.769709527492523193e-01
1.995624601840972900e-01 1.841280609369277954e-01 2.759775221347808838e-01 1.526698768138885498e-01 1.718191802501678467e-01 2.839130759239196777e-01
1.834265887737274170e-01 1.636881381273269653e-01 2.603446245193481445e-01 1.355443447828292847e-01 1.546590924263000488e-01 2.696657776832580566e-01
1.721211671829223633e-01 1.186423748731613159e-01 2.401237487792968750e-01 1.079864501953125000e-01 1.257146298885345459e-01 2.365392446517944336e-01
2.282977253198623657e-01 1.514190137386322021e-01 2.817970812320709229e-01 1.401668339967727661e-01 1.666059792041778564e-01 2.667737901210784912e-01
2.333449721336364746e-01 1.531604975461959839e-01 2.835675477981567383e-01 1.456140726804733276e-01 1.720624715089797974e-01 2.690704762935638428e-01
1.880809068679809570e-01 1.669959872961044312e-01 2.646408677101135254e-01 1.401542276144027710e-01 1.585692763328552246e-01 2.736894786357879639e-01
1.914398521184921265e-01 1.700202971696853638e-01 2.676136493682861328e-01 1.433385014533996582e-01 1.616252064704895020e-01 2.763420343399047852e-01
1.850744932889938354e-01 1.610391736030578613e-01 2.610841989517211914e-01 1.354652047157287598e-01 1.539796441793441772e-01 2.693573236465454102e-01
1.896891891956329346e-01 1.692111343145370483e-01 2.660775780677795410e-01 1.411917060613632202e-01 1.601546853780746460e-01 2.743019163608551025e-01
1.938988268375396729e-01 1.755801439285278320e-01 2.706281542778015137e-01 1.466619819402694702e-01 1.652727872133255005e-01 2.790427803993225098e-01
1.954085528850555420e-01 1.776821017265319824e-01 2.720507979393005371e-01 1.482811868190765381e-01 1.671160906553268433e-01 2.803240418434143066e-01
1.930918693542480469e-01 1.762757003307342529e-01 2.687310576438903809e-01 1.456590592861175537e-01 1.641916483640670776e-01 2.771477103233337402e-01
2.223854064941406250e-01 1.448518931865692139e-01 2.762393355369567871e-01 1.341093182563781738e-01 1.603824943304061890e-01 2.613081336021423340e-01
1.788458675146102905e-01 1.309410631656646729e-01 2.458087503910064697e-01 1.179181560873985291e-01 1.367841064929962158e-01 2.460106164216995239e-01
1.860394179821014404e-01 1.640011668205261230e-01 2.625556290149688721e-01 1.375469118356704712e-01 1.559934169054031372e-01 2.714606821537017822e-01
1.910681277513504028e-01 1.700803339481353760e-01 2.674847245216369629e-01 1.430536806583404541e-01 1.614564657211303711e-01 2.762455940246582031e-01
1.874241083860397339e-01 1.634652614593505859e-01 2.633096277713775635e-01 1.381439715623855591e-01 1.564423590898513794e-01 2.717091143131256104e-01
1.859734505414962769e-01 1.625893712043762207e-01 2.620135545730590820e-01 1.368323117494583130e-01 1.552664786577224731e-01 2.704794108867645264e-01
1.865567713975906372e-01 1.636142134666442871e-01 2.625346481800079346e-01 1.376448124647140503e-01 1.561789959669113159e-01 2.711919248104095459e-01
1.858295053243637085e-01 1.627962738275527954e-01 2.618515789508819580e-01 1.367993801832199097e-01 1.553939878940582275e-01 2.704530954360961914e-01
1.882808506488800049e-01 1.670505255460739136e-01 2.648466229438781738e-01 1.396530866622924805e-01 1.584184914827346802e-01 2.731920182704925537e-01
1.960088610649108887e-01 1.802568584680557251e-01 2.727424204349517822e-01 1.495146453380584717e-01 1.680889874696731567e-01 2.808361649513244629e-01
1.995848864316940308e-01 1.719219684600830078e-01 2.747915089130401611e-01 1.502923965454101562e-01 1.662672907114028931e-01 2.803699672222137451e-01
1.927375942468643188e-01 1.688312441110610962e-01 2.680351138114929199e-01 1.443808823823928833e-01 1.608762890100479126e-01 2.757664024829864502e-01
1.969791948795318604e-01 1.749458014965057373e-01 2.717831730842590332e-01 1.487215012311935425e-01 1.656871885061264038e-01 2.788993120193481445e-01
1.591727733612060547e-01 1.219456195831298828e-01 2.336968481540679932e-01 1.061843559145927429e-01 1.221213042736053467e-01 2.387242764234542847e-01
1.579866260290145874e-01 1.089476570487022400e-01 2.290229797363281250e-01 9.751227498054504395e-02 1.142505630850791931e-01 2.275714278221130371e-01
2.362483739852905273e-01 1.576102524995803833e-01 2.883748412132263184e-01 1.517190486192703247e-01 1.749989092350006104e-01 2.751399576663970947e-01
2.460693418979644775e-01 1.727831214666366577e-01 2.975471615791320801e-01 1.615050137042999268e-01 1.876017004251480103e-01 2.845273017883300781e-01
2.299313098192214966e-01 1.533305048942565918e-01 2.829637527465820312e-01 1.428810060024261475e-01 1.689011156558990479e-01 2.684941589832305908e-01
1.896517723798751831e-01 1.691430956125259399e-01 2.661021649837493896e-01 1.419774740934371948e-01 1.605654805898666382e-01 2.753648459911346436e-01
1.896093338727951050e-01 1.674211174249649048e-01 2.658300399780273438e-01 1.412684172391891479e-01 1.595804095268249512e-01 2.746360301971435547e-01
1.864632070064544678e-01 1.621097773313522339e-01 2.625983357429504395e-01 1.368204504251480103e-01 1.551734209060668945e-01 2.708815932273864746e-01
1.926975399255752563e-01 1.697187274694442749e-01 2.684731781482696533e-01 1.435536891222000122e-01 1.619425714015960693e-01 2.764163315296173096e-01
1.967930197715759277e-01 1.783468425273895264e-01 2.734541893005371094e-01 1.487087458372116089e-01 1.678688228130340576e-01 2.809962630271911621e-01
1.772175878286361694e-01 1.296149194240570068e-01 2.493007183074951172e-01 1.169174313545227051e-01 1.339811980724334717e-01 2.489423453807830811e-01
1.965651512145996094e-01 1.798493266105651855e-01 2.721952199935913086e-01 1.512207537889480591e-01 1.680663675069808960e-01 2.812738716602325439e-01
1.616192609071731567e-01 1.150222271680831909e-01 2.324922829866409302e-01 1.026214510202407837e-01 1.193608269095420837e-01 2.324266284704208374e-01
2.624694406986236572e-01 1.893688589334487915e-01 3.119809925556182861e-01 1.780858188867568970e-01 2.041669636964797974e-01 2.986722886562347412e-01
1.506818830966949463e-01 1.046904847025871277e-01 2.213935852050781250e-01 9.294845908880233765e-02 1.095566228032112122e-01 2.218902260065078735e-01
1.882344335317611694e-01 1.669224053621292114e-01 2.647893726825714111e-01 1.399080008268356323e-01 1.586416810750961304e-01 2.735239565372467041e-01
1.827749609947204590e-01 1.600252389907836914e-01 2.595812380313873291e-01 1.342122405767440796e-01 1.523565351963043213e-01 2.685429155826568604e-01
1.903561055660247803e-01 1.686653941869735718e-01 2.666456401348114014e-01 1.416277587413787842e-01 1.602238118648529053e-01 2.747733891010284424e-01
2.059610038995742798e-01 1.892367452383041382e-01 2.806925177574157715e-01 1.585849970579147339e-01 1.768976449966430664e-01 2.874213457107543945e-01
2.148090898990631104e-01 1.366193145513534546e-01 2.771990597248077393e-01 1.318560689687728882e-01 1.517588496208190918e-01 2.632048428058624268e-01
2.010060101747512817e-01 1.838203817605972290e-01 2.758110463619232178e-01 1.557892858982086182e-01 1.722917556762695312e-01 2.837498486042022705e-01
2.315380871295928955e-01 1.500840634107589722e-01 2.833349108695983887e-01 1.402448117733001709e-01 1.672089695930480957e-01 2.672190666198730469e-01
2.699662446975708008e-01 1.952635794878005981e-01 3.187895715236663818e-01 1.838032305240631104e-01 2.101244330406188965e-01 3.048197925090789795e-01
1.931606084108352661e-01 1.777149289846420288e-01 2.701452374458312988e-01 1.473809778690338135e-01 1.660086959600448608e-01 2.792612612247467041e-01
1.875149309635162354e-01 1.667332202196121216e-01 2.638776302337646484e-01 1.393691599369049072e-01 1.579526215791702271e-01 2.725788652896881104e-01
2.007729709148406982e-01 1.807945966720581055e-01 2.758672237396240234e-01 1.528649926185607910e-01 1.700436323881149292e-01 2.821283638477325439e-01
1.778081655502319336e-01 1.245436370372772217e-01 2.462656497955322266e-01 1.136066317558288574e-01 1.313273459672927856e-01 2.422631531953811646e-01
2.700868248939514160e-01 1.875244826078414917e-01 3.190537393093109131e-01 1.795949190855026245e-01 2.064402252435684204e-01 3.040381073951721191e-01
2.535788714885711670e-01 1.734931915998458862e-01 3.044082820415496826e-01 1.642050296068191528e-01 1.912012398242950439e-01 2.898563444614410400e-01
1.568115055561065674e-01 1.198770403861999512e-01 2.329755723476409912e-01 1.034399271011352539e-01 1.189377307891845703e-01 2.381229251623153687e-01
2.258118391036987305e-01 1.484171748161315918e-01 2.801718115806579590e-01 1.384162604808807373e-01 1.643793135881423950e-01 2.656346857547760010e-01
2.541415691375732422e-01 1.812947243452072144e-01 3.049972057342529297e-01 1.700554490089416504e-01 1.957802772521972656e-01 2.915041148662567139e-01
2.267036885023117065e-01 1.485205143690109253e-01 2.797282040119171143e-01 1.383170336484909058e-01 1.646183431148529053e-01 2.641471624374389648e-01
1.945082098245620728e-01 1.760920882225036621e-01 2.712723612785339355e-01 1.476340889930725098e-01 1.660767495632171631e-01 2.803202867507934570e-01
1.882412582635879517e-01 1.662528365850448608e-01 2.647283077239990234e-01 1.396936923265457153e-01 1.580375283956527710e-01 2.733602821826934814e-01
1.847061961889266968e-01 1.610390394926071167e-01 2.608472704887390137e-01 1.354379206895828247e-01 1.536884307861328125e-01 2.689047455787658691e-01
1.920357048511505127e-01 1.748687475919723511e-01 2.689901590347290039e-01 1.447949707508087158e-01 1.638900190591812134e-01 2.772614657878875732e-01
1.826784610748291016e-01 1.178172901272773743e-01 2.526279091835021973e-01 1.093002483248710632e-01 1.269488185644149780e-01 2.421188354492187500e-01
2.065967470407485962e-01 1.390731185674667358e-01 2.757471501827239990e-01 1.298242658376693726e-01 1.489332914352416992e-01 2.649065256118774414e-01
1.627667099237442017e-01 1.237122491002082825e-01 2.361658662557601929e-01 1.087085679173469543e-01 1.248031258583068848e-01 2.403176873922348022e-01
2.413068562746047974e-01 1.611916124820709229e-01 2.931085228919982910e-01 1.505747884511947632e-01 1.772481352090835571e-01 2.766150534152984619e-01
2.455122023820877075e-01 1.698124408721923828e-01 2.967990040779113770e-01 1.591781824827194214e-01 1.855113655328750610e-01 2.831477522850036621e-01
1.848515421152114868e-01 1.328366547822952271e-01 2.529214918613433838e-01 1.206493452191352844e-01 1.388901770114898682e-01 2.497239112854003906e-01
1.933907717466354370e-01 1.729350090026855469e-01 2.698632180690765381e-01 1.453408598899841309e-01 1.637864559888839722e-01 2.781648635864257812e-01
1.901989728212356567e-01 1.683535426855087280e-01 2.666024267673492432e-01 1.414612084627151489e-01 1.599670350551605225e-01 2.750250995159149170e-01
1.950809806585311890e-01 1.732977330684661865e-01 2.710116505622863770e-01 1.461186259984970093e-01 1.646424829959869385e-01 2.787293791770935059e-01
2.014207392930984497e-01 1.854827404022216797e-01 2.777237594127655029e-01 1.539570540189743042e-01 1.735136359930038452e-01 2.849641740322113037e-01
1.901482790708541870e-01 1.716946810483932495e-01 2.667413949966430664e-01 1.427302509546279907e-01 1.618373245000839233e-01 2.756395637989044189e-01
2.347129285335540771e-01 1.571600437164306641e-01 2.878407239913940430e-01 1.473606228828430176e-01 1.734626442193984985e-01 2.732734680175781250e-01
2.414121329784393311e-01 1.616638451814651489e-01 2.906554043292999268e-01 1.554983705282211304e-01 1.815510392189025879e-01 2.775652408599853516e-01
2.207555174827575684e-01 1.457955092191696167e-01 2.748783826828002930e-01 1.346618533134460449e-01 1.608295440673828125e-01 2.613123953342437744e-01
2.006277292966842651e-01 1.851153671741485596e-01 2.773824036121368408e-01 1.545977592468261719e-01 1.731112897396087646e-01 2.857228219509124756e-01
1.994173824787139893e-01 1.823626607656478882e-01 2.762329876422882080e-01 1.532352268695831299e-01 1.712294518947601318e-01 2.850364446640014648e-01
1.932605057954788208e-01 1.693372577428817749e-01 2.690278589725494385e-01 1.433274149894714355e-01 1.617141216993331909e-01 2.762342095375061035e-01
1.929818838834762573e-01 1.724444925785064697e-01 2.692487239837646484e-01 1.438082307577133179e-01 1.631262600421905518e-01 2.767996788024902344e-01
1.850158572196960449e-01 1.626801043748855591e-01 2.616928517818450928e-01 1.361402720212936401e-01 1.550251245498657227e-01 2.702907025814056396e-01
1.736764311790466309e-01 1.208053827285766602e-01 2.411961406469345093e-01 1.096718087792396545e-01 1.284503936767578125e-01 2.389451116323471069e-01
2.372177541255950928e-01 1.602081805467605591e-01 2.895952463150024414e-01 1.496194601058959961e-01 1.761643290519714355e-01 2.745991945266723633e-01
2.183139771223068237e-01 1.419477760791778564e-01 2.726231217384338379e-01 1.311299353837966919e-01 1.574975550174713135e-01 2.579834163188934326e-01
1.910962909460067749e-01 1.703938990831375122e-01 2.677302956581115723e-01 1.431859582662582397e-01 1.614551693201065063e-01 2.764179110527038574e-01
1.914355009794235229e-01 1.705468595027923584e-01 2.682846188545227051e-01 1.432022601366043091e-01 1.613903045654296875e-01 2.766144573688507080e-01
1.904152482748031616e-01 1.646502166986465454e-01 2.659783363342285156e-01 1.397262364625930786e-01 1.581746488809585571e-01 2.732129395008087158e-01
2.034002989530563354e-01 1.870234757661819458e-01 2.796355485916137695e-01 1.556061208248138428e-01 1.750136911869049072e-01 2.865884900093078613e-01
1.885325014591217041e-01 1.681830137968063354e-01 2.655667662620544434e-01 1.402862071990966797e-01 1.594084501266479492e-01 2.741892933845520020e-01
2.262436151504516602e-01 1.498932838439941406e-01 2.806117534637451172e-01 1.398032158613204956e-01 1.655393987894058228e-01 2.673119008541107178e-01
2.371305227279663086e-01 1.596060395240783691e-01 2.897652685642242432e-01 1.497902274131774902e-01 1.759609282016754150e-01 2.757347822189331055e-01
2.553240656852722168e-01 1.827240735292434692e-01 3.054823875427246094e-01 1.713095009326934814e-01 1.978203356266021729e-01 2.925941348075866699e-01
1.942930817604064941e-01 1.760827898979187012e-01 2.711200118064880371e-01 1.473741829395294189e-01 1.660398691892623901e-01 2.801320254802703857e-01
1.921783685684204102e-01 1.730325520038604736e-01 2.691707611083984375e-01 1.450104862451553345e-01 1.633227616548538208e-01 2.782938480377197266e-01
1.908795982599258423e-01 1.672191768884658813e-01 2.669674158096313477e-01 1.411761939525604248e-01 1.596213728189468384e-01 2.747101783752441406e-01
2.041272819042205811e-01 1.891375333070755005e-01 2.803263664245605469e-01 1.579645574092864990e-01 1.769795417785644531e-01 2.881764769554138184e-01
1.721759289503097534e-01 1.098381429910659790e-01 2.365972846746444702e-01 1.025918796658515930e-01 1.212051734328269958e-01 2.295411825180053711e-01
2.012453675270080566e-01 1.839548945426940918e-01 2.766829133033752441e-01 1.542013436555862427e-01 1.717922240495681763e-01 2.840835154056549072e-01
2.306500673294067383e-01 1.525183767080307007e-01 2.835635244846343994e-01 1.430862247943878174e-01 1.687024384737014771e-01 2.687153518199920654e-01
2.649403214454650879e-01 1.855853348970413208e-01 3.118788897991180420e-01 1.769833862781524658e-01 2.024721056222915649e-01 2.962192893028259277e-01
2.444975078105926514e-01 1.718556433916091919e-01 2.960605323314666748e-01 1.600534468889236450e-01 1.862555295228958130e-01 2.827453017234802246e-01
1.912594586610794067e-01 1.725926846265792847e-01 2.682898342609405518e-01 1.441571861505508423e-01 1.627673059701919556e-01 2.773151695728302002e-01
1.862966269254684448e-01 1.656519472599029541e-01 2.632342576980590820e-01 1.386890411376953125e-01 1.568178832530975342e-01 2.726882696151733398e-01
1.944634169340133667e-01 1.724151819944381714e-01 2.705727219581604004e-01 1.455345749855041504e-01 1.639539748430252075e-01 2.783287763595581055e-01
1.768858432769775391e-01 1.252864003181457520e-01 2.480938285589218140e-01 1.127520948648452759e-01 1.303120255470275879e-01 2.452289015054702759e-01
1.963176429271697998e-01 1.810279786586761475e-01 2.729330658912658691e-01 1.503130942583084106e-01 1.692981719970703125e-01 2.817606925964355469e-01
2.266315221786499023e-01 1.504552513360977173e-01 2.813354432582855225e-01 1.444624662399291992e-01 1.670561879873275757e-01 2.691951394081115723e-01
2.053451091051101685e-01 1.371291726827621460e-01 2.636797428131103516e-01 1.299414783716201782e-01 1.514247953891754150e-01 2.557168602943420410e-01
2.646713852882385254e-01 1.933573186397552490e-01 3.141282796859741211e-01 1.814661324024200439e-01 2.075967341661453247e-01 3.006622195243835449e-01
1.879750639200210571e-01 1.692025065422058105e-01 2.651190161705017090e-01 1.407496184110641479e-01 1.595598459243774414e-01 2.745822072029113770e-01
1.879960745573043823e-01 1.663670539855957031e-01 2.646000385284423828e-01 1.399715542793273926e-01 1.582086086273193359e-01 2.736396789550781250e-01
1.957585364580154419e-01 1.742230653762817383e-01 2.718007266521453857e-01 1.467865705490112305e-01 1.654098629951477051e-01 2.794435024261474609e-01
2.010537981986999512e-01 1.850342899560928345e-01 2.769920825958251953e-01 1.534532755613327026e-01 1.727354228496551514e-01 2.845233976840972900e-01
1.828964054584503174e-01 1.603319793939590454e-01 2.594539523124694824e-01 1.338789761066436768e-01 1.527025997638702393e-01 2.680843174457550049e-01
2.464082986116409302e-01 1.667410731315612793e-01 2.966963052749633789e-01 1.569680124521255493e-01 1.832836419343948364e-01 2.807871103286743164e-01
2.171851247549057007e-01 1.447785943746566772e-01 2.734538018703460693e-01 1.392042934894561768e-01 1.611383110284805298e-01 2.627463936805725098e-01
2.427812814712524414e-01 1.628216654062271118e-01 2.957607507705688477e-01 1.522246450185775757e-01 1.793823242187500000e-01 2.800662517547607422e-01
3.045437932014465332e-01 2.365190535783767700e-01 3.496687412261962891e-01 2.278712242841720581e-01 2.515156269073486328e-01 3.394667804241180420e-01
2.562016546726226807e-01 1.811583936214447021e-01 3.065406978130340576e-01 1.700786054134368896e-01 1.966514289379119873e-01 2.933104038238525391e-01
2.586055099964141846e-01 1.885641515254974365e-01 3.088510334491729736e-01 1.763494014739990234e-01 2.019145488739013672e-01 2.969404757022857666e-01
1.906275153160095215e-01 1.504337191581726074e-01 2.655594944953918457e-01 1.333160102367401123e-01 1.496053338050842285e-01 2.669829130172729492e-01
2.490093708038330078e-01 1.686390787363052368e-01 3.074885904788970947e-01 1.629425734281539917e-01 1.846379935741424561e-01 2.924076318740844727e-01
3.114963769912719727e-01 2.307328134775161743e-01 3.541315793991088867e-01 2.236828058958053589e-01 2.480763942003250122e-01 3.385939002037048340e-01
3.737165629863739014e-01 3.118856847286224365e-01 4.031775891780853271e-01 3.040079772472381592e-01 3.253392279148101807e-01 3.885832726955413818e-01
3.643359243869781494e-01 3.003611266613006592e-01 3.972849547863006592e-01 2.954295277595520020e-01 3.142298161983489990e-01 3.857435584068298340e-01
3.039266467094421387e-01 2.372920960187911987e-01 3.492146730422973633e-01 2.270578742027282715e-01 2.505226135253906250e-01 3.385550081729888916e-01
2.485231608152389526e-01 1.754692643880844116e-01 3.001349866390228271e-01 1.645930260419845581e-01 1.906592249870300293e-01 2.877485752105712891e-01
2.800847291946411133e-01 2.139544785022735596e-01 3.273364603519439697e-01 2.016337215900421143e-01 2.267521768808364868e-01 3.167917430400848389e-01
2.689238190650939941e-01 1.861947327852249146e-01 3.161424100399017334e-01 1.774864345788955688e-01 2.040047347545623779e-01 2.999964356422424316e-01
2.587511539459228516e-01 1.780233234167098999e-01 3.152834773063659668e-01 1.722787767648696899e-01 1.945062130689620972e-01 3.003502488136291504e-01
3.037099242210388184e-01 2.217360734939575195e-01 3.477359414100646973e-01 2.136571258306503296e-01 2.384417802095413208e-01 3.315832912921905518e-01
3.514607846736907959e-01 2.793128490447998047e-01 3.858088552951812744e-01 2.746410071849822998e-01 2.957228720188140869e-01 3.728715777397155762e-01
3.726236522197723389e-01 3.100336492061614990e-01 4.040199220180511475e-01 3.034592270851135254e-01 3.232530951499938965e-01 3.889295756816864014e-01
2.852663695812225342e-01 2.117908298969268799e-01 3.332351446151733398e-01 2.027399390935897827e-01 2.280067205429077148e-01 3.209676742553710938e-01
2.541295289993286133e-01 1.804503351449966431e-01 3.053125441074371338e-01 1.700498908758163452e-01 1.958307921886444092e-01 2.930870354175567627e-01
2.743485271930694580e-01 2.052376717329025269e-01 3.223301172256469727e-01 1.941209584474563599e-01 2.196299582719802856e-01 3.110769689083099365e-01
2.630736231803894043e-01 1.816948652267456055e-01 3.113608360290527344e-01 1.719929128885269165e-01 1.987521201372146606e-01 2.957046031951904297e-01
2.418605685234069824e-01 1.623182594776153564e-01 3.020133376121520996e-01 1.563136130571365356e-01 1.776997894048690796e-01 2.868807017803192139e-01
3.056014180183410645e-01 2.240303903818130493e-01 3.495051264762878418e-01 2.159075736999511719e-01 2.403883785009384155e-01 3.335241675376892090e-01
3.232003152370452881e-01 2.451213896274566650e-01 3.643899559974670410e-01 2.393398731946945190e-01 2.622572481632232666e-01 3.500087559223175049e-01
3.745290935039520264e-01 3.123803734779357910e-01 4.033342301845550537e-01 3.043999075889587402e-01 3.265013694763183594e-01 3.891426622867584229e-01
3.691169619560241699e-01 3.054632246494293213e-01 4.009103178977966309e-01 3.005116283893585205e-01 3.186930418014526367e-01 3.891588747501373291e-01
3.111145794391632080e-01 2.406852543354034424e-01 3.551784753799438477e-01 2.326350361108779907e-01 2.567171454429626465e-01 3.440017104148864746e-01
2.662978768348693848e-01 1.951617151498794556e-01 3.154820501804351807e-01 1.839083731174468994e-01 2.100917845964431763e-01 3.040244877338409424e-01
2.517776489257812500e-01 1.797622591257095337e-01 3.027639985084533691e-01 1.696288287639617920e-01 1.952253282070159912e-01 2.915129959583282471e-01
2.609652280807495117e-01 1.904195547103881836e-01 3.111529350280761719e-01 1.780205965042114258e-01 2.038357853889465332e-01 2.991037964820861816e-01
1.747021228075027466e-01 1.351740658283233643e-01 2.495858073234558105e-01 1.187214106321334839e-01 1.347360610961914062e-01 2.523755133152008057e-01
1.968610286712646484e-01 1.288748830556869507e-01 2.652600705623626709e-01 1.204690635204315186e-01 1.395112127065658569e-01 2.538692653179168701e-01
3.146112859249114990e-01 2.344472259283065796e-01 3.575175106525421143e-01 2.279623597860336304e-01 2.516107857227325439e-01 3.422125577926635742e-01
3.488114774227142334e-01 2.771906852722167969e-01 3.854297399520874023e-01 2.717848718166351318e-01 2.922404110431671143e-01 3.720166683197021484e-01
3.072525262832641602e-01 2.254909276962280273e-01 3.528146743774414062e-01 2.221794724464416504e-01 2.435461431741714478e-01 3.388769328594207764e-01
2.533261477947235107e-01 1.763783693313598633e-01 3.043847084045410156e-01 1.657755523920059204e-01 1.924475431442260742e-01 2.906219065189361572e-01
2.665685415267944336e-01 1.949684023857116699e-01 3.163839876651763916e-01 1.845858395099639893e-01 2.099831104278564453e-01 3.050822615623474121e-01
2.572255134582519531e-01 1.838584989309310913e-01 3.073871731758117676e-01 1.734106838703155518e-01 1.996182352304458618e-01 2.953452467918395996e-01
2.506027519702911377e-01 1.795770674943923950e-01 3.022460639476776123e-01 1.684495359659194946e-01 1.943034827709197998e-01 2.906802892684936523e-01
2.539270520210266113e-01 1.804588884115219116e-01 3.046500384807586670e-01 1.679330617189407349e-01 1.944509893655776978e-01 2.911224663257598877e-01
2.023189812898635864e-01 1.871629953384399414e-01 2.797112762928009033e-01 1.574360281229019165e-01 1.745451837778091431e-01 2.878780364990234375e-01
2.087680995464324951e-01 1.792348623275756836e-01 2.842818200588226318e-01 1.579372137784957886e-01 1.731364578008651733e-01 2.875371873378753662e-01
3.048261404037475586e-01 2.233192771673202515e-01 3.494594693183898926e-01 2.155669629573822021e-01 2.399571985006332397e-01 3.331355154514312744e-01
3.493572473526000977e-01 2.775442302227020264e-01 3.856894075870513916e-01 2.723534703254699707e-01 2.927396893501281738e-01 3.721780776977539062e-01
2.005188018083572388e-01 1.366614550352096558e-01 2.713544666767120361e-01 1.261507570743560791e-01 1.456120014190673828e-01 2.618703544139862061e-01
2.692894637584686279e-01 2.006268650293350220e-01 3.192892074584960938e-01 1.897368878126144409e-01 2.145088762044906616e-01 3.084209263324737549e-01
2.642757892608642578e-01 1.936213225126266479e-01 3.142828643321990967e-01 1.827809959650039673e-01 2.086004465818405151e-01 3.033699989318847656e-01
2.409002184867858887e-01 1.669669151306152344e-01 2.929950058460235596e-01 1.561128944158554077e-01 1.825682669878005981e-01 2.804731726646423340e-01
2.610805630683898926e-01 1.917489320039749146e-01 3.113356828689575195e-01 1.792727708816528320e-01 2.049829810857772827e-01 2.993801236152648926e-01
2.384832203388214111e-01 1.704423576593399048e-01 2.978460490703582764e-01 1.618115305900573730e-01 1.825465112924575806e-01 2.880143821239471436e-01
1.952166557312011719e-01 1.376869231462478638e-01 2.672007679939270020e-01 1.259743124246597290e-01 1.437662988901138306e-01 2.593160569667816162e-01
3.063837587833404541e-01 2.248058766126632690e-01 3.498356342315673828e-01 2.170371711254119873e-01 2.421429902315139771e-01 3.339214920997619629e-01
3.656774163246154785e-01 3.000449240207672119e-01 3.972560763359069824e-01 2.934753894805908203e-01 3.133367896080017090e-01 3.837010562419891357e-01
3.659986257553100586e-01 3.011118173599243164e-01 3.984667956829071045e-01 2.966477572917938232e-01 3.153067529201507568e-01 3.864372074604034424e-01
2.625256776809692383e-01 1.862188875675201416e-01 3.129265904426574707e-01 1.765061467885971069e-01 2.026992589235305786e-01 3.000277876853942871e-01
2.625105381011962891e-01 1.911972463130950928e-01 3.126804828643798828e-01 1.802498698234558105e-01 2.052650302648544312e-01 3.005704879760742188e-01
2.737658917903900146e-01 2.050937563180923462e-01 3.221497535705566406e-01 1.949819922447204590e-01 2.196410894393920898e-01 3.119089007377624512e-01
2.614718973636627197e-01 1.824448108673095703e-01 3.099435567855834961e-01 1.718038320541381836e-01 1.988130509853363037e-01 2.947081923484802246e-01
2.078514844179153442e-01 1.825364828109741211e-01 2.833655178546905518e-01 1.593209356069564819e-01 1.744510084390640259e-01 2.885193228721618652e-01
2.759268581867218018e-01 1.870827376842498779e-01 3.249741494655609131e-01 1.781632006168365479e-01 2.047521322965621948e-01 3.069495558738708496e-01
3.271324634552001953e-01 2.492026537656784058e-01 3.671805858612060547e-01 2.437226474285125732e-01 2.664820849895477295e-01 3.526535928249359131e-01
3.605899810791015625e-01 2.933561503887176514e-01 3.952741622924804688e-01 2.877545058727264404e-01 3.065188825130462646e-01 3.822523951530456543e-01
3.015437126159667969e-01 2.211674898862838745e-01 3.463342189788818359e-01 2.142540216445922852e-01 2.408810108900070190e-01 3.316609561443328857e-01
2.583476901054382324e-01 1.871660649776458740e-01 3.096589148044586182e-01 1.767656654119491577e-01 2.016904652118682861e-01 2.985660433769226074e-01
2.518721818923950195e-01 1.796488910913467407e-01 3.030289709568023682e-01 1.688922196626663208e-01 1.946511268615722656e-01 2.913048565387725830e-01
2.577353119850158691e-01 1.847656220197677612e-01 3.079963922500610352e-01 1.727682054042816162e-01 1.990785300731658936e-01 2.951007187366485596e-01
1.897799670696258545e-01 1.564659476280212402e-01 2.659660875797271729e-01 1.365394443273544312e-01 1.521318405866622925e-01 2.698535323143005371e-01
2.171779572963714600e-01 1.432581543922424316e-01 2.821353971958160400e-01 1.356701999902725220e-01 1.558588743209838867e-01 2.682304978370666504e-01
3.059002459049224854e-01 2.245255112648010254e-01 3.496172130107879639e-01 2.165291160345077515e-01 2.412994056940078735e-01 3.336745202541351318e-01
3.737370073795318604e-01 3.098148703575134277e-01 4.018509089946746826e-01 3.030837178230285645e-01 3.242375850677490234e-01 3.877994716167449951e-01
3.606777191162109375e-01 2.953699231147766113e-01 3.962574899196624756e-01 2.893870472908020020e-01 3.067739307880401611e-01 3.838385343551635742e-01
3.023899197578430176e-01 2.271812558174133301e-01 3.471350073814392090e-01 2.173965126276016235e-01 2.435177862644195557e-01 3.332844376564025879e-01
2.462969720363616943e-01 1.663429290056228638e-01 2.971191704273223877e-01 1.574669629335403442e-01 1.842871159315109253e-01 2.829247117042541504e-01
2.516832053661346436e-01 1.703144162893295288e-01 3.023022711277008057e-01 1.608873009681701660e-01 1.885132640600204468e-01 2.874103784561157227e-01
2.677167356014251709e-01 1.917630583047866821e-01 3.165281414985656738e-01 1.814625859260559082e-01 2.082918584346771240e-01 3.027251064777374268e-01
2.280811071395874023e-01 1.533959805965423584e-01 2.818964123725891113e-01 1.413680911064147949e-01 1.675847768783569336e-01 2.677885890007019043e-01
2.057466357946395874e-01 1.865799874067306519e-01 2.814514338970184326e-01 1.596634685993194580e-01 1.757148355245590210e-01 2.893148660659790039e-01
1.921447068452835083e-01 1.695452332496643066e-01 2.682386338710784912e-01 1.430789977312088013e-01 1.614672243595123291e-01 2.761775553226470947e-01
2.007933557033538818e-01 1.842835992574691772e-01 2.774146199226379395e-01 1.534868031740188599e-01 1.725512295961380005e-01 2.851378023624420166e-01
1.809607595205307007e-01 1.607283204793930054e-01 2.581917643547058105e-01 1.328386068344116211e-01 1.520238071680068970e-01 2.675304710865020752e-01
1.670428663492202759e-01 1.216428577899932861e-01 2.384177446365356445e-01 1.083077341318130493e-01 1.251372545957565308e-01 2.383475303649902344e-01
1.992524713277816772e-01 1.836350709199905396e-01 2.764680385589599609e-01 1.529606282711029053e-01 1.714060455560684204e-01 2.843461334705352783e-01
2.422011494636535645e-01 1.629552692174911499e-01 2.936011552810668945e-01 1.512062847614288330e-01 1.788870692253112793e-01 2.773939967155456543e-01
1.933869123458862305e-01 1.751386374235153198e-01 2.701047062873840332e-01 1.459791511297225952e-01 1.648171395063400269e-01 2.785000205039978027e-01
1.926616877317428589e-01 1.729696989059448242e-01 2.691614031791687012e-01 1.451639980077743530e-01 1.636530458927154541e-01 2.776758968830108643e-01
1.942019611597061157e-01 1.750543117523193359e-01 2.706586122512817383e-01 1.469019800424575806e-01 1.653190553188323975e-01 2.793737351894378662e-01
1.902044117450714111e-01 1.684804111719131470e-01 2.664822936058044434e-01 1.413935869932174683e-01 1.599673032760620117e-01 2.745456695556640625e-01
1.861906349658966064e-01 1.646014302968978882e-01 2.627617418766021729e-01 1.374141722917556763e-01 1.561230719089508057e-01 2.711023092269897461e-01
1.928052604198455811e-01 1.738743931055068970e-01 2.697488665580749512e-01 1.447601318359375000e-01 1.635846346616744995e-01 2.774637341499328613e-01
2.449659407138824463e-01 1.615275740623474121e-01 3.021453022956848145e-01 1.565948724746704102e-01 1.783223152160644531e-01 2.866757214069366455e-01
1.560678035020828247e-01 1.126410514116287231e-01 2.299978882074356079e-01 1.002844795584678650e-01 1.153854727745056152e-01 2.306814193725585938e-01
1.930824220180511475e-01 1.301486641168594360e-01 2.556609809398651123e-01 1.215652078390121460e-01 1.406658738851547241e-01 2.473843395709991455e-01
2.080020904541015625e-01 1.443222463130950928e-01 2.707389593124389648e-01 1.359084695577621460e-01 1.547930985689163208e-01 2.629767060279846191e-01
2.356770485639572144e-01 1.578100472688674927e-01 2.880614995956420898e-01 1.459307074546813965e-01 1.729612052440643311e-01 2.727970480918884277e-01
1.991693824529647827e-01 1.789091229438781738e-01 2.747946977615356445e-01 1.528050154447555542e-01 1.689098626375198364e-01 2.826787233352661133e-01
1.950926333665847778e-01 1.764999032020568848e-01 2.712106704711914062e-01 1.476001441478729248e-01 1.662855446338653564e-01 2.788942754268646240e-01
1.979604065418243408e-01 1.768252104520797729e-01 2.729033827781677246e-01 1.499619632959365845e-01 1.670687943696975708e-01 2.796681523323059082e-01
1.698546856641769409e-01 1.272063255310058594e-01 2.438756674528121948e-01 1.129331067204475403e-01 1.288159340620040894e-01 2.446533888578414917e-01
2.537184059619903564e-01 1.672587394714355469e-01 3.060494959354400635e-01 1.627641916275024414e-01 1.857329457998275757e-01 2.894676327705383301e-01
2.969658374786376953e-01 2.154303938150405884e-01 3.437655866146087646e-01 2.072516828775405884e-01 2.318945974111557007e-01 3.281058073043823242e-01
1.526698023080825806e-01 1.128437072038650513e-01 2.274975925683975220e-01 9.838566184043884277e-02 1.138568222522735596e-01 2.308583110570907593e-01
1.834419518709182739e-01 1.640353798866271973e-01 2.608519494533538818e-01 1.354197561740875244e-01 1.544857174158096313e-01 2.695414423942565918e-01
1.805881708860397339e-01 1.586994379758834839e-01 2.576498687267303467e-01 1.317454427480697632e-01 1.503928750753402710e-01 2.661641836166381836e-01
1.961410045623779297e-01 1.808020770549774170e-01 2.730468213558197021e-01 1.499055922031402588e-01 1.690274477005004883e-01 2.815404534339904785e-01
2.487773746252059937e-01 1.683768332004547119e-01 3.004688620567321777e-01 1.583729833364486694e-01 1.853711158037185669e-01 2.847937345504760742e-01
2.413035184144973755e-01 1.632506102323532104e-01 2.934522926807403564e-01 1.538653224706649780e-01 1.802345663309097290e-01 2.798778712749481201e-01
2.484111487865447998e-01 1.648101210594177246e-01 2.957333624362945557e-01 1.587426513433456421e-01 1.852074265480041504e-01 2.812325656414031982e-01
2.491856664419174194e-01 1.657483726739883423e-01 2.956995964050292969e-01 1.584566384553909302e-01 1.859141588211059570e-01 2.802077531814575195e-01
1.939348876476287842e-01 1.784708201885223389e-01 2.710789144039154053e-01 1.480712592601776123e-01 1.674078404903411865e-01 2.807875573635101318e-01
1.930425614118576050e-01 1.417843550443649292e-01 2.574999630451202393e-01 1.283326894044876099e-01 1.490656733512878418e-01 2.563275098800659180e-01
2.498992532491683960e-01 1.736449599266052246e-01 3.007457852363586426e-01 1.628194153308868408e-01 1.888633817434310913e-01 2.868165969848632812e-01
2.318015247583389282e-01 1.530632972717285156e-01 2.920944690704345703e-01 1.460127532482147217e-01 1.675782650709152222e-01 2.761120498180389404e-01
2.892640829086303711e-01 2.026810795068740845e-01 3.358075320720672607e-01 1.930399239063262939e-01 2.194401472806930542e-01 3.174708187580108643e-01
3.009045422077178955e-01 2.184124737977981567e-01 3.458996117115020752e-01 2.098264098167419434e-01 2.350149899721145630e-01 3.290462791919708252e-01
3.648052215576171875e-01 2.996247112751007080e-01 3.992400467395782471e-01 2.921140491962432861e-01 3.107468187808990479e-01 3.847087025642395020e-01
3.328620493412017822e-01 2.586604058742523193e-01 3.731087148189544678e-01 2.539602518081665039e-01 2.757206261157989502e-01 3.599880933761596680e-01
2.509119808673858643e-01 1.746515184640884399e-01 3.019642233848571777e-01 1.633433550596237183e-01 1.905095130205154419e-01 2.886134386062622070e-01
2.455980628728866577e-01 1.692541837692260742e-01 2.962745130062103271e-01 1.587482541799545288e-01 1.862202286720275879e-01 2.827063500881195068e-01
2.092955261468887329e-01 1.389677226543426514e-01 2.646805047988891602e-01 1.324115395545959473e-01 1.555618643760681152e-01 2.575992643833160400e-01
2.559078931808471680e-01 1.848235875368118286e-01 3.071490824222564697e-01 1.734426468610763550e-01 1.987781524658203125e-01 2.948035895824432373e-01
2.528468966484069824e-01 1.785281598567962646e-01 3.034562170505523682e-01 1.670092642307281494e-01 1.931548565626144409e-01 2.904457747936248779e-01
1.896599531173706055e-01 1.288612037897109985e-01 2.590068876743316650e-01 1.188518628478050232e-01 1.367468535900115967e-01 2.495810240507125854e-01
2.928606569766998291e-01 2.105389535427093506e-01 3.395743370056152344e-01 2.005297690629959106e-01 2.259716391563415527e-01 3.230298459529876709e-01
2.504261136054992676e-01 1.698202639818191528e-01 3.079939484596252441e-01 1.639997810125350952e-01 1.861654222011566162e-01 2.929002344608306885e-01
2.906525135040283203e-01 2.026761174201965332e-01 3.362801671028137207e-01 1.962203830480575562e-01 2.209339886903762817e-01 3.175839781761169434e-01
3.119190335273742676e-01 2.329214960336685181e-01 3.555754721164703369e-01 2.252230197191238403e-01 2.487531751394271851e-01 3.401652872562408447e-01
3.670579493045806885e-01 3.016115128993988037e-01 3.993727862834930420e-01 2.944138050079345703e-01 3.139336109161376953e-01 3.853438794612884521e-01
3.300007283687591553e-01 2.545273602008819580e-01 3.700998127460479736e-01 2.504551708698272705e-01 2.731642127037048340e-01 3.567944169044494629e-01
1.857018470764160156e-01 1.669736653566360474e-01 2.632826268672943115e-01 1.386397778987884521e-01 1.570174098014831543e-01 2.720369100570678711e-01
1.804040223360061646e-01 1.585020422935485840e-01 2.572826147079467773e-01 1.317576318979263306e-01 1.507198363542556763e-01 2.661444842815399170e-01
2.013040333986282349e-01 1.862032413482666016e-01 2.775494456291198730e-01 1.560257524251937866e-01 1.748023480176925659e-01 2.870315909385681152e-01
1.871356368064880371e-01 1.407024711370468140e-01 2.612353265285491943e-01 1.253469288349151611e-01 1.422918289899826050e-01 2.598452568054199219e-01
2.932115197181701660e-01 2.103527784347534180e-01 3.391482830047607422e-01 2.012519538402557373e-01 2.273417860269546509e-01 3.226752281188964844e-01
3.118673563003540039e-01 2.325901091098785400e-01 3.552425503730773926e-01 2.248293757438659668e-01 2.485743910074234009e-01 3.400090634822845459e-01
2.901994287967681885e-01 2.028377801179885864e-01 3.355898261070251465e-01 1.936279535293579102e-01 2.219167351722717285e-01 3.173706233501434326e-01
3.267604708671569824e-01 2.496987581253051758e-01 3.677935898303985596e-01 2.436490356922149658e-01 2.659883201122283936e-01 3.527845442295074463e-01
3.682082891464233398e-01 3.039928674697875977e-01 3.995124697685241699e-01 2.976202070713043213e-01 3.179530799388885498e-01 3.859651386737823486e-01
3.098764419555664062e-01 2.287554293870925903e-01 3.526088297367095947e-01 2.221527099609375000e-01 2.478581666946411133e-01 3.367441892623901367e-01
2.454151213169097900e-01 1.718739271163940430e-01 2.977156341075897217e-01 1.614926457405090332e-01 1.869671046733856201e-01 2.852931022644042969e-01
2.416241914033889771e-01 1.699463576078414917e-01 2.944067716598510742e-01 1.584892123937606812e-01 1.836275309324264526e-01 2.825672328472137451e-01
2.505429685115814209e-01 1.680001318454742432e-01 2.990424036979675293e-01 1.591075956821441650e-01 1.867467612028121948e-01 2.827582359313964844e-01
1.970573514699935913e-01 1.816108226776123047e-01 2.741921246051788330e-01 1.511102318763732910e-01 1.696117818355560303e-01 2.831164002418518066e-01
1.751949489116668701e-01 1.322462409734725952e-01 2.485187947750091553e-01 1.169786229729652405e-01 1.340831220149993896e-01 2.491994947195053101e-01
2.058032900094985962e-01 1.881049275398254395e-01 2.814436852931976318e-01 1.584308296442031860e-01 1.755311787128448486e-01 2.871177196502685547e-01
1.775854229927062988e-01 1.335773319005966187e-01 2.512126564979553223e-01 1.196345910429954529e-01 1.356226503849029541e-01 2.509224712848663330e-01
1.904769688844680786e-01 1.725681126117706299e-01 2.672964632511138916e-01 1.426111906766891479e-01 1.619017273187637329e-01 2.756484746932983398e-01
1.904772222042083740e-01 1.722546219825744629e-01 2.671422362327575684e-01 1.425904333591461182e-01 1.618117988109588623e-01 2.755088210105895996e-01
1.904563307762145996e-01 1.728101819753646851e-01 2.671226263046264648e-01 1.427924931049346924e-01 1.622427552938461304e-01 2.757336795330047607e-01
1.915046870708465576e-01 1.738303005695343018e-01 2.680911421775817871e-01 1.441214084625244141e-01 1.632752269506454468e-01 2.765903174877166748e-01
1.993194222450256348e-01 1.824977695941925049e-01 2.748890817165374756e-01 1.519221961498260498e-01 1.702150255441665649e-01 2.820709049701690674e-01
