1.364178359508514404e-01 -2.349252440035343170e-02 3.245346993207931519e-02
1.124472320079803467e-01 -1.219321563839912415e-01 2.149666426703333855e-03
9.479324519634246826e-02 1.596244722604751587e-01 1.101348176598548889e-02
1.000710949301719666e-01 -1.876922547817230225e-01 2.064369767904281616e-01
1.314929220825433731e-02 -2.994109094142913818e-01 9.024839848279953003e-02
1.587261408567428589e-01 -2.951169013977050781e-02 1.379085034132003784e-01
-8.299919776618480682e-03 -1.735065877437591553e-01 9.899831563234329224e-02
4.918356612324714661e-02 -1.535471379756927490e-01 1.216367110610008240e-01
1.020588353276252747e-01 1.323885321617126465e-01 7.126403599977493286e-02
1.400857716798782349e-01 3.911579772830009460e-02 2.339131683111190796e-01
4.468166455626487732e-02 -1.594490110874176025e-01 1.461154222488403320e-01
3.234061971306800842e-02 -6.153546273708343506e-02 6.557348370552062988e-02
2.012570761144161224e-02 -1.058305650949478149e-01 4.405526071786880493e-02
1.982927471399307251e-01 1.948640197515487671e-01 9.286642074584960938e-02
1.429324895143508911e-01 1.695378124713897705e-02 1.002776175737380981e-01
1.030420213937759399e-01 -8.544059842824935913e-02 3.745518252253532410e-02
1.091908812522888184e-01 -8.122362941503524780e-02 3.262012451887130737e-02
1.097673475742340088e-01 -8.033160865306854248e-02 3.211093693971633911e-02
1.099424883723258972e-01 -8.002584427595138550e-02 3.218464925885200500e-02
1.099754795432090759e-01 -8.011652529239654541e-02 3.226013481616973877e-02
1.097882986068725586e-01 -8.195009082555770874e-02 3.077877126634120941e-02
1.088037341833114624e-01 -8.524172008037567139e-02 2.743205986917018890e-02
1.084801405668258667e-01 -8.577080070972442627e-02 2.560952864587306976e-02
1.083570942282676697e-01 -8.552958071231842041e-02 2.503834664821624756e-02
1.091691255569458008e-01 -8.442956209182739258e-02 2.642989344894886017e-02
1.095301583409309387e-01 -8.375033736228942871e-02 2.633671090006828308e-02
1.088398024439811707e-01 -8.501660823822021484e-02 2.610582672059535980e-02
1.097304448485374451e-01 -8.389473706483840942e-02 2.621738053858280182e-02
1.093458458781242371e-01 -8.473201841115951538e-02 2.490066923201084137e-02
1.123706027865409851e-01 -8.466550707817077637e-02 2.941098436713218689e-02
9.154418110847473145e-02 -6.235300004482269287e-02 1.076209843158721924e-01
1.560636460781097412e-01 2.430810406804084778e-02 2.208242714405059814e-01
1.152789741754531860e-01 1.027346402406692505e-01 1.295869946479797363e-01
1.056331470608711243e-01 1.156041175127029419e-01 3.128072917461395264e-01
1.802100092172622681e-01 -1.742026023566722870e-02 3.428754806518554688e-01
2.711171209812164307e-01 -2.540866732597351074e-01 3.557598292827606201e-01
1.957206577062606812e-01 -2.085014283657073975e-01 1.299817711114883423e-01
-1.489010732620954514e-02 -3.607017993927001953e-01 -5.101629719138145447e-02
1.488809101283550262e-02 -4.763708710670471191e-01 9.243587404489517212e-02
9.851157665252685547e-02 -4.955374598503112793e-01 3.694833517074584961e-01
2.741847634315490723e-01 -2.440008968114852905e-01 7.881012558937072754e-01
1.373417824506759644e-01 -2.033445984125137329e-01 9.387341886758804321e-02
8.593241870403289795e-02 -5.698117613792419434e-01 3.321750089526176453e-03
4.887541010975837708e-02 -2.092517167329788208e-02 1.076529547572135925e-01
2.442194819450378418e-01 -1.209179088473320007e-01 4.832899942994117737e-02
-4.345630761235952377e-03 -2.112908661365509033e-01 -4.710924997925758362e-02
-2.907824143767356873e-02 -1.764221489429473877e-01 -2.189535200595855713e-01
-9.512320905923843384e-02 -8.126794546842575073e-02 -2.529417872428894043e-01
-6.921116262674331665e-02 6.139415502548217773e-02 -4.646302387118339539e-02
3.974965773522853851e-03 2.500962615013122559e-01 -1.616456061601638794e-01
2.612379193305969238e-02 2.764034867286682129e-01 -1.953009865246713161e-03
1.205466091632843018e-01 3.624480664730072021e-01 4.421839863061904907e-02
2.125968970358371735e-02 1.553425192832946777e-01 -9.319292753934860229e-02
-2.916054427623748779e-02 1.000854894518852234e-01 -9.666207432746887207e-02
-4.515935108065605164e-02 1.141268759965896606e-01 -2.044420093297958374e-01
6.409508734941482544e-02 3.395601212978363037e-01 -1.499012261629104614e-01
1.337081789970397949e-01 6.115619540214538574e-01 1.304350346326828003e-01
-9.879889898002147675e-03 2.484851479530334473e-01 1.075515151023864746e-01
1.839814335107803345e-01 3.545257747173309326e-01 4.040047526359558105e-01
1.421242803335189819e-01 1.539954841136932373e-01 1.265453696250915527e-01
-3.024538978934288025e-03 3.186039626598358154e-01 3.456852734088897705e-01
1.715153753757476807e-01 4.889697954058647156e-02 5.630282759666442871e-01
2.240495383739471436e-01 -1.468430906534194946e-01 2.954816520214080811e-01
5.831586942076683044e-02 9.309522807598114014e-02 1.622962802648544312e-01
-1.560563892126083374e-01 1.274036616086959839e-01 7.267828099429607391e-03
-4.067695885896682739e-02 3.538717627525329590e-01 4.605901986360549927e-02
-1.572322845458984375e-01 5.095999315381050110e-02 -3.036390841007232666e-01
-2.520107924938201904e-01 3.859086930751800537e-01 -2.391902059316635132e-01
-4.194181561470031738e-01 7.336082309484481812e-02 -3.283704817295074463e-01
-9.506564587354660034e-02 4.802441224455833435e-02 -1.775042563676834106e-01
-1.741184890270233154e-01 1.021925061941146851e-01 -1.141423135995864868e-01
-1.487571299076080322e-01 4.822732508182525635e-01 -1.131276264786720276e-01
7.542295008897781372e-02 2.411920726299285889e-01 6.117588654160499573e-02
2.075678668916225433e-02 1.862187497317790985e-02 4.077260196208953857e-02
1.953470706939697266e-02 -7.965361326932907104e-02 1.442222446203231812e-01
1.144715249538421631e-01 2.715717554092407227e-01 4.122906625270843506e-01
4.998419806361198425e-02 4.635401964187622070e-01 1.639190912246704102e-01
-2.815869636833667755e-03 3.322710990905761719e-01 4.047242179512977600e-02
1.713264733552932739e-02 3.404038846492767334e-01 7.169334217905998230e-03
-9.262587130069732666e-02 3.642031550407409668e-01 -7.581696845591068268e-03
2.762694954872131348e-01 3.477197512984275818e-02 4.195266962051391602e-01
3.424610793590545654e-01 -5.790477395057678223e-01 6.527291536331176758e-01
4.376904368400573730e-01 -1.215027943253517151e-01 7.314696907997131348e-01
4.665973782539367676e-01 1.397226355038583279e-03 7.413861751556396484e-01
3.095123171806335449e-01 1.861226409673690796e-01 7.066302895545959473e-01
3.256370425224304199e-01 -2.512875385582447052e-02 9.238457083702087402e-01
2.512025237083435059e-01 -1.542211472988128662e-01 7.979934811592102051e-01
1.285166144371032715e-01 -1.484812349081039429e-01 6.751370429992675781e-01
1.182302832603454590e-01 -8.616118133068084717e-02 5.481853485107421875e-01
5.776660889387130737e-02 -1.022802144289016724e-01 3.640342652797698975e-01
1.073147952556610107e-01 -1.068256869912147522e-01 3.914231359958648682e-01
3.364801779389381409e-02 -2.458659112453460693e-01 1.413017362356185913e-01
-1.108023058623075485e-02 -2.915658354759216309e-01 7.094103097915649414e-02
3.542818874120712280e-02 -2.613113224506378174e-01 3.118098713457584381e-03
8.341172337532043457e-02 -2.773803770542144775e-01 7.539919763803482056e-02
6.854922324419021606e-02 -3.599092364311218262e-01 5.498357117176055908e-02
-3.253021463751792908e-02 -3.806358277797698975e-01 -6.777919828891754150e-02
-1.240692436695098877e-01 -5.637181401252746582e-01 -2.470018714666366577e-01
-2.854434847831726074e-01 -6.134130358695983887e-01 -4.170545935630798340e-01
-2.634957730770111084e-01 -6.019086837768554688e-01 -4.049679338932037354e-01
-2.802926599979400635e-01 -6.232538223266601562e-01 -4.089779853820800781e-01
-2.248030453920364380e-01 -5.490850210189819336e-01 -2.732862234115600586e-01
-1.564555615186691284e-01 -4.377026259899139404e-01 -1.748068481683731079e-01
-4.692391678690910339e-02 -3.897131979465484619e-01 8.256038650870323181e-03
-1.991024427115917206e-02 -3.801039457321166992e-01 -8.113299310207366943e-02
-7.240263372659683228e-02 -4.825031459331512451e-01 -3.289594650268554688e-01
1.455080807209014893e-01 -3.004972636699676514e-01 -7.679174840450286865e-02
5.904132500290870667e-02 -4.730564951896667480e-01 -2.339337021112442017e-01
-1.985435932874679565e-02 -5.281326770782470703e-01 -3.478701114654541016e-01
-6.637082248926162720e-02 -3.954534828662872314e-01 -3.050054013729095459e-01
-7.613247632980346680e-02 -4.385002553462982178e-01 -3.444222211837768555e-01
-1.054276153445243835e-01 -6.168308854103088379e-01 -3.649724423885345459e-01
-7.344815880060195923e-02 -1.135709524154663086e+00 -6.003573536872863770e-01
6.581733375787734985e-02 -2.125769138336181641e+00 -5.655988454818725586e-01
-1.008315533399581909e-01 -1.906305432319641113e+00 8.868233300745487213e-03
2.492935508489608765e-01 -1.017448186874389648e+00 3.815091848373413086e-01
2.273923903703689575e-01 -5.873277187347412109e-01 4.796333014965057373e-01
1.816906332969665527e-01 -1.660700589418411255e-01 1.206985935568809509e-01
2.585183382034301758e-01 -4.655599221587181091e-02 4.153069555759429932e-01
3.771215975284576416e-01 -3.466729223728179932e-01 3.571454882621765137e-01
-3.432814776897430420e-02 3.240423975512385368e-03 -3.791327401995658875e-02
-1.849463582038879395e-01 -3.771549556404352188e-03 -2.028054147958755493e-01
6.320210546255111694e-02 -9.994387626647949219e-02 2.977488040924072266e-01
-1.401149928569793701e-01 -5.703198909759521484e-01 1.393978148698806763e-01
5.082855373620986938e-02 -9.492453187704086304e-02 3.419746756553649902e-01
2.184199690818786621e-01 1.053387895226478577e-01 3.013193607330322266e-01
1.010379791259765625e-01 1.342092268168926239e-02 4.249339997768402100e-01
-6.641783285886049271e-03 -2.053351104259490967e-01 -2.870980203151702881e-01
-2.925842255353927612e-02 5.397185087203979492e-01 -1.536508351564407349e-01
1.269019395112991333e-01 4.594873487949371338e-01 -7.456094771623611450e-02
7.559605687856674194e-02 1.148261576890945435e-01 -1.891715079545974731e-01
7.978004403412342072e-03 2.072890475392341614e-02 -1.343450099229812622e-01
1.177672520279884338e-01 -2.596827149391174316e-01 2.982779145240783691e-01
-1.487651467323303223e-01 -1.897808462381362915e-01 -3.582515120506286621e-01
8.006092160940170288e-02 1.551809627562761307e-02 -1.853811182081699371e-02
-3.686738014221191406e-02 -1.972288340330123901e-01 1.199184954166412354e-01
-3.928780555725097656e-02 2.102005779743194580e-01 2.991388738155364990e-01
5.866284295916557312e-02 4.791619479656219482e-01 6.222414374351501465e-01
9.100896865129470825e-02 3.007000386714935303e-01 3.790736794471740723e-01
-2.092750370502471924e-02 1.170664951205253601e-01 2.832512557506561279e-01
-4.418763332068920135e-03 2.154946774244308472e-01 1.676790118217468262e-01
3.066140785813331604e-02 2.164775878190994263e-01 3.913930058479309082e-01
5.395626649260520935e-02 2.042064517736434937e-01 2.078034728765487671e-01
-2.400646172463893890e-02 1.710617244243621826e-01 7.273028790950775146e-02
4.325157031416893005e-02 3.134162724018096924e-01 7.312710583209991455e-02
5.602164310403168201e-04 2.680579423904418945e-01 4.918770492076873779e-02
2.017641440033912659e-02 3.745053112506866455e-01 4.333586245775222778e-02
-4.329677298665046692e-02 2.920541465282440186e-01 2.649077400565147400e-02
-4.393569380044937134e-02 2.486372888088226318e-01 5.692494288086891174e-02
-2.231981838122010231e-03 1.141196563839912415e-01 1.262454092502593994e-01
2.633719705045223236e-02 1.358576864004135132e-01 1.742252111434936523e-01
1.761380396783351898e-02 1.151261013001203537e-02 1.155909746885299683e-01
-7.101891189813613892e-02 -1.160719394683837891e-01 7.897371426224708557e-03
1.178243905305862427e-01 8.461908251047134399e-02 2.081554383039474487e-01
1.494347602128982544e-01 1.010443121194839478e-01 1.124357283115386963e-01
8.157415688037872314e-02 4.684982448816299438e-02 5.207013338804244995e-02
8.951675891876220703e-02 5.862289108335971832e-03 6.604282557964324951e-02
