-2.516061067581176758e-04 -4.455993883311748505e-03 5.829941481351852417e-03
7.060505449771881104e-04 -5.359028466045856476e-03 4.706367850303649902e-03
-5.494648590683937073e-03 -4.659405909478664398e-03 4.171542823314666748e-03
-7.695874199271202087e-03 -7.244679145514965057e-03 3.722332417964935303e-03
-4.469567909836769104e-03 -7.296232506632804871e-04 3.738559782505035400e-03
-3.046648576855659485e-03 5.663046613335609436e-04 2.759560942649841309e-03
-2.397960051894187927e-03 -8.994620293378829956e-05 3.351368010044097900e-03
-3.809379413723945618e-03 -4.867444746196269989e-03 2.835415303707122803e-03
-4.626674577593803406e-03 -4.960860125720500946e-03 1.341741532087326050e-03
-4.956787452101707458e-03 -6.395096890628337860e-03 1.628421247005462646e-03
-4.518551751971244812e-03 -6.585630588233470917e-03 3.437258303165435791e-03
-3.825919702649116516e-03 -8.659313432872295380e-03 3.400139510631561279e-03
-2.740750089287757874e-03 -1.123651396483182907e-02 2.261944115161895752e-03
-3.670224919915199280e-03 -1.121768634766340256e-02 3.306776285171508789e-03
-5.200954154133796692e-03 -8.773761801421642303e-03 4.695810377597808838e-03
-5.816506221890449524e-03 -1.240018289536237717e-02 4.119925200939178467e-03
-5.755441263318061829e-03 -1.398316305130720139e-02 3.740526735782623291e-03
-5.063788965344429016e-03 -1.288464944809675217e-02 3.168351948261260986e-03
-5.141520872712135315e-03 -8.545908145606517792e-03 2.637259662151336670e-03
-6.279090419411659241e-03 -1.010705810040235519e-02 2.872802317142486572e-03
-7.064128294587135315e-03 -1.255835872143507004e-02 2.827323973178863525e-03
-6.214963272213935852e-03 -8.889022283256053925e-03 2.513907849788665771e-03
-6.771178916096687317e-03 -1.051070075482130051e-02 2.138264477252960205e-03
-5.454311147332191467e-03 -9.725409559905529022e-03 1.122877001762390137e-04
-4.184858873486518860e-03 -9.338530711829662323e-03 -1.004859805107116699e-04
-2.947257831692695618e-03 -9.685295633971691132e-03 -1.461282372474670410e-04
-1.609811559319496155e-03 -1.202063541859388351e-02 -5.517527461051940918e-04
-1.357214525341987610e-03 -1.191899459809064865e-02 -1.110471785068511963e-03
-1.448722556233406067e-03 -1.080903690308332443e-02 -8.252337574958801270e-04
-1.812549307942390442e-03 -1.094611268490552902e-02 -7.139667868614196777e-04
-3.292443230748176575e-03 -7.488708011806011200e-03 9.462460875511169434e-04
-4.067728295922279358e-03 -8.021327666938304901e-03 9.624436497688293457e-04
-3.000931814312934875e-03 -7.932457141578197479e-03 8.188113570213317871e-04
-5.602482706308364868e-04 -7.014515809714794159e-03 -6.873905658721923828e-05
1.692445948719978333e-03 -7.112178020179271698e-03 -1.558493822813034058e-03
1.474218443036079407e-03 -4.567376337945461273e-03 2.094026654958724976e-03
1.041403040289878845e-03 -1.056783553212881088e-02 3.271827474236488342e-03
-3.875633701682090759e-03 -4.250939935445785522e-03 6.933806464076042175e-03
3.918651491403579712e-04 -6.625193171203136444e-03 1.532536000013351440e-03
1.478197053074836731e-03 -2.054148353636264801e-03 7.443428039550781250e-04
2.237724140286445618e-03 -3.057640977203845978e-03 -2.146419137716293335e-05
1.058043912053108215e-03 -3.730534575879573822e-03 2.021357417106628418e-03
-6.292965263128280640e-04 -2.611952833831310272e-03 8.585173636674880981e-04
-1.873882487416267395e-03 -2.969154156744480133e-03 3.665307536721229553e-03
-4.631089046597480774e-03 -5.213308148086071014e-03 8.500207215547561646e-03
2.841278910636901855e-05 -3.996092826128005981e-03 5.292693153023719788e-03
-2.231298014521598816e-03 -5.005440674722194672e-03 5.795286968350410461e-03
-4.673542454838752747e-03 -8.517010137438774109e-04 6.344843655824661255e-03
-5.569698289036750793e-03 -4.540949128568172455e-03 4.361819475889205933e-03
-6.087785586714744568e-03 -6.357250735163688660e-03 4.696767777204513550e-03
-4.680795595049858093e-03 -2.720145508646965027e-03 4.251064732670783997e-03
-3.691831603646278381e-03 -3.929534927010536194e-03 4.530392587184906006e-03
-2.290362492203712463e-03 -4.737274721264839172e-03 5.020087584853172302e-03
-2.781139686703681946e-03 -5.625934340059757233e-03 5.481293424963951111e-03
-3.181340172886848450e-03 -3.409418277442455292e-04 5.878111347556114197e-03
-1.795126125216484070e-03 -1.233916729688644409e-03 4.876725375652313232e-03
-3.304744139313697815e-03 -5.194835364818572998e-03 6.847038865089416504e-03
1.522727310657501221e-03 3.917767666280269623e-03 -2.763289958238601685e-04
4.950383678078651428e-03 7.203130051493644714e-03 -4.065986722707748413e-04
6.132187321782112122e-03 3.585102502256631851e-03 -1.344031654298305511e-03
6.414927542209625244e-03 9.035117924213409424e-03 -1.232401467859745026e-03
4.915064200758934021e-03 9.980628266930580139e-03 -1.398536376655101776e-03
4.414470866322517395e-03 9.078449569642543793e-03 -9.974101558327674866e-04
3.634219989180564880e-03 6.617091596126556396e-03 2.156402915716171265e-04
2.611601725220680237e-03 3.521414939314126968e-03 1.645663753151893616e-03
2.045314759016036987e-03 7.501014042645692825e-03 2.957919612526893616e-03
1.564305275678634644e-03 7.511847186833620071e-03 3.458537161350250244e-03
3.728153184056282043e-03 1.821590401232242584e-02 2.460032701492309570e-03
-1.937560737133026123e-04 7.540872786194086075e-03 5.934748798608779907e-03
4.374600946903228760e-03 1.502310764044523239e-02 -1.121509820222854614e-03
7.170215249061584473e-03 1.506610680371522903e-02 -3.155748359858989716e-03
7.310112938284873962e-03 1.688112691044807434e-02 -1.222731545567512512e-03
8.373061195015907288e-03 1.859287358820438385e-02 -1.273024827241897583e-05
7.515402510762214661e-03 2.153201401233673096e-02 8.099451661109924316e-04
5.952497944235801697e-03 2.213868871331214905e-02 1.452736556529998779e-03
4.595231264829635620e-03 2.294968068599700928e-02 1.628674566745758057e-03
4.483347758650779724e-03 2.402955666184425354e-02 2.487448975443840027e-03
5.171600729227066040e-03 2.499560266733169556e-02 3.524020314216613770e-03
5.795542150735855103e-03 2.448544651269912720e-02 3.157928586006164551e-03
5.868721753358840942e-03 3.035713732242584229e-02 3.193400800228118896e-03
5.329189822077751160e-03 3.144181147217750549e-02 3.390589728951454163e-03
6.038704887032508850e-03 3.708633035421371460e-02 5.895255133509635925e-03
6.374407559633255005e-03 4.245067760348320007e-02 7.854197174310684204e-03
8.005013689398765564e-03 3.920275717973709106e-02 7.156036794185638428e-03
2.972913905978202820e-03 4.531452432274818420e-02 4.641540348529815674e-03
-2.328200265765190125e-03 4.469847306609153748e-02 6.625311449170112610e-03
-1.382014341652393341e-02 4.321828484535217285e-02 1.604531332850456238e-02
-7.366312667727470398e-03 3.455239534378051758e-02 1.021553762257099152e-02
-2.000754699110984802e-03 4.033094644546508789e-02 6.061598658561706543e-03
6.921775639057159424e-04 4.489411041140556335e-02 5.739372223615646362e-03
-8.035730570554733276e-04 4.414928704500198364e-02 7.448164746165275574e-03
-3.665778785943984985e-04 4.449088871479034424e-02 7.536984980106353760e-03
-1.254754140973091125e-03 4.585922509431838989e-02 7.039541378617286682e-03
5.420222878456115723e-04 4.952042549848556519e-02 5.576640367507934570e-03
1.497646793723106384e-03 4.919029399752616882e-02 2.951003611087799072e-03
2.469662576913833618e-04 5.289414897561073303e-02 1.583501696586608887e-03
-8.455719798803329468e-04 4.805060476064682007e-02 2.081975340843200684e-03
-2.005143091082572937e-03 4.623340442776679993e-02 3.536835312843322754e-03
-2.545000985264778137e-03 4.986114799976348877e-02 8.184015750885009766e-03
-3.285711631178855896e-03 4.606698825955390930e-02 1.019121520221233368e-02
9.971827268600463867e-03 4.339094460010528564e-02 1.347241923213005066e-04
1.367559470236301422e-02 4.479265585541725159e-02 -1.730877906084060669e-03
1.149807125329971313e-02 4.169887304306030273e-02 5.792025476694107056e-04
2.505322918295860291e-03 3.711788356304168701e-02 7.207032293081283569e-03
2.245604991912841797e-05 3.399904817342758179e-02 7.982570677995681763e-03
-4.324875771999359131e-05 2.999590709805488586e-02 8.385308086872100830e-03
-7.516704499721527100e-05 2.291485294699668884e-02 7.109150290489196777e-03
1.572696492075920105e-03 1.700323447585105896e-02 5.817934870719909668e-03
-2.220105379819869995e-04 1.327193435281515121e-02 2.743821591138839722e-03
8.518155664205551147e-04 1.332277338951826096e-02 2.352427691221237183e-03
3.077961504459381104e-03 1.544488687068223953e-02 2.458205446600914001e-03
3.169007599353790283e-03 1.309521961957216263e-02 -1.289360225200653076e-04
3.921052441000938416e-03 8.415478281676769257e-03 -1.355543732643127441e-03
3.551593050360679626e-03 2.207056619226932526e-03 -3.089671954512596130e-04
3.171233460307121277e-03 5.809525027871131897e-04 -3.668647259473800659e-04
3.797121345996856689e-03 1.825005747377872467e-03 -7.553044706583023071e-04
2.626294270157814026e-03 3.415864892303943634e-03 -2.142101526260375977e-03
1.707803457975387573e-04 4.834328778088092804e-03 -1.284293830394744873e-06
2.507138997316360474e-04 -7.356191053986549377e-04 4.972010850906372070e-03
6.972532719373703003e-04 -4.359132610261440277e-03 4.204703494906425476e-03
6.886180490255355835e-04 -4.975724034011363983e-03 4.072509706020355225e-03
-9.871292859315872192e-04 -7.084057666361331940e-03 4.267603158950805664e-03
-3.675604239106178284e-03 -8.034916594624519348e-03 5.222555249929428101e-03
-4.223013296723365784e-03 -8.590056560933589935e-03 5.571708083152770996e-03
-1.342887058854103088e-03 -5.116844549775123596e-04 6.905842572450637817e-03
-1.892341300845146179e-03 -3.490118309855461121e-03 7.826570421457290649e-03
-2.584377303719520569e-03 -1.042256038635969162e-02 5.994366481900215149e-03
-3.828981891274452209e-03 -1.014347281306982040e-02 5.986882373690605164e-03
-3.819199278950691223e-03 -7.618332281708717346e-03 7.632726803421974182e-03
-1.617537811398506165e-03 -8.772499859333038330e-04 7.908608764410018921e-03
-2.222042530775070190e-04 -3.484888933598995209e-03 6.549168378114700317e-03
-2.338616177439689636e-03 -1.127444859594106674e-02 6.404442712664604187e-03
-1.959854736924171448e-03 -9.720754809677600861e-03 6.245575845241546631e-03
-1.127807423472404480e-03 -7.563241757452487946e-03 5.467813462018966675e-03
-9.550210088491439819e-04 -4.462300799787044525e-03 4.486732184886932373e-03
-1.048052683472633362e-03 -1.764974556863307953e-03 2.398051321506500244e-03
-2.069780603051185608e-03 -1.345190219581127167e-03 9.248293936252593994e-04
-3.943460062146186829e-03 -2.190574072301387787e-03 1.217827200889587402e-03
-7.271302863955497742e-03 -5.912366323173046112e-03 5.746483802795410156e-04
-6.857292726635932922e-03 -3.221872262656688690e-03 1.084946095943450928e-03
-8.236339315772056580e-03 -5.945938639342784882e-03 4.484429955482482910e-04
-7.282136008143424988e-03 4.704645834863185883e-04 1.374661922454833984e-03
-7.518457248806953430e-03 -3.743671812117099762e-03 1.024981960654258728e-03
-7.117969915270805359e-03 -3.396972082555294037e-03 1.336619257926940918e-03
-7.126146927475929260e-03 -7.915843278169631958e-03 6.926413625478744507e-04
-5.306111648678779602e-03 -5.688403733074665070e-03 1.621492207050323486e-03
-1.583749428391456604e-03 -1.280032563954591751e-03 1.815712079405784607e-03
-1.330593600869178772e-03 -6.733658723533153534e-03 1.308880746364593506e-03
-8.070934563875198364e-04 -9.154910221695899963e-03 6.714239716529846191e-04
-1.684432849287986755e-03 -8.524256758391857147e-03 1.979496330022811890e-03
-4.494376480579376221e-05 -5.325653590261936188e-03 3.131007775664329529e-03
-9.108390659093856812e-04 -7.778312079608440399e-03 3.396939486265182495e-03
-3.534166142344474792e-03 -1.161938440054655075e-02 3.797832876443862915e-03
-2.145422622561454773e-03 -9.843866340816020966e-03 3.922691568732261658e-03
-2.364726737141609192e-03 -8.212770335376262665e-03 2.964483574032783508e-03
-1.464037224650382996e-03 -8.939228951930999756e-03 1.880006864666938782e-03
-2.943893894553184509e-03 -8.253245614469051361e-03 5.528243258595466614e-03
-3.202458843588829041e-03 -5.529166199266910553e-03 2.298390492796897888e-03
-3.850521519780158997e-03 -6.699249148368835449e-03 3.130501136183738708e-04
-3.975084051489830017e-03 -7.122207432985305786e-03 4.462376236915588379e-04
-3.474196419119834900e-03 -4.289763048291206360e-03 1.462325453758239746e-03
6.824806332588195801e-04 -6.676000542938709259e-03 -8.279150351881980896e-04
-7.799472659826278687e-04 -9.844650514423847198e-03 -6.392411887645721436e-04
-2.023721113801002502e-03 -5.867775529623031616e-03 -3.840055316686630249e-03
-1.424737274646759033e-04 -6.811289116740226746e-03 -1.963472925126552582e-03
-7.689315825700759888e-04 -2.291695214807987213e-03 -1.137522980570793152e-03
-1.779014244675636292e-03 7.595354691147804260e-04 2.513518556952476501e-04
-2.603193745017051697e-03 -1.234970055520534515e-03 1.849280670285224915e-04
-4.001786932349205017e-03 -2.855489030480384827e-03 2.767771482467651367e-03
-3.124078735709190369e-03 -3.898695111274719238e-03 -5.861734971404075623e-04
-1.998441293835639954e-03 6.346502341330051422e-04 -1.051055267453193665e-03
-4.454655572772026062e-03 -2.052947878837585449e-03 5.314629524946212769e-04
-4.450963810086250305e-03 -6.002163514494895935e-03 1.331863924860954285e-03
-1.242587342858314514e-03 -1.153337303549051285e-02 2.515653148293495178e-03
-2.898355945944786072e-03 -1.211794931441545486e-02 6.042495369911193848e-03
-1.544447615742683411e-03 -1.056962925940752029e-02 5.826294422149658203e-03
-9.490009397268295288e-04 -7.510875351727008820e-03 5.246916785836219788e-03
-9.188558906316757202e-04 -5.396547727286815643e-03 6.038542836904525757e-03
-2.895278856158256531e-03 -1.180123072117567062e-03 4.762822762131690979e-03
6.305985152721405029e-05 -6.103012710809707642e-04 1.285012811422348022e-03
-4.663394764065742493e-03 -8.294458501040935516e-03 8.382875472307205200e-03
-4.643788561224937439e-03 -4.814378917217254639e-03 7.763151079416275024e-03
-4.195606335997581482e-03 -1.541763544082641602e-03 3.758262842893600464e-03
-3.244100138545036316e-03 -2.308875322341918945e-03 1.871436834335327148e-04
-1.995371654629707336e-03 -1.141055952757596970e-03 -1.503373496234416962e-03
-1.122299581766128540e-04 1.577442977577447891e-03 -1.423401758074760437e-03
-5.537178367376327515e-04 2.436534035950899124e-03 -1.144388690590858459e-03
-1.506498083472251892e-03 1.405895687639713287e-03 2.687109634280204773e-03
-5.610546097159385681e-03 -6.202682852745056152e-04 5.870919674634933472e-03
-7.125003263354301453e-03 -3.039485774934291840e-03 6.218004971742630005e-03
-7.242402061820030212e-03 -5.615942180156707764e-03 6.406959146261215210e-03
-4.194313660264015198e-03 4.349863156676292419e-04 3.871627151966094971e-03
-6.081258878111839294e-03 4.591980017721652985e-03 2.909675240516662598e-03
-5.094164982438087463e-03 5.447869189083576202e-03 3.994144499301910400e-03
-5.472185090184211731e-03 -3.011850640177726746e-04 3.595545887947082520e-03
-3.875294700264930725e-03 5.215378478169441223e-04 3.024637699127197266e-03
-3.678778186440467834e-03 -2.619820646941661835e-03 2.251625061035156250e-03
-3.596993163228034973e-03 -6.295396015048027039e-04 1.106418669223785400e-03
-2.918621525168418884e-03 7.372880354523658752e-04 -3.226846456527709961e-05
-2.223098650574684143e-03 -1.027571968734264374e-03 -1.246549189090728760e-03
-2.378540113568305969e-03 -2.013961784541606903e-03 -1.403443515300750732e-03
-2.984317019581794739e-03 -7.632101885974407196e-03 -1.970656216144561768e-03
-3.453465178608894348e-03 -9.746472351253032684e-03 -1.249946653842926025e-03
-3.176370635628700256e-03 -8.446964435279369354e-03 -2.627819776535034180e-04
-3.416283056139945984e-03 -1.472918968647718430e-02 -5.980581045150756836e-05
-3.305839374661445618e-03 -1.393701415508985519e-02 8.939206600189208984e-05
-3.729032352566719055e-03 -1.718535646796226501e-02 -6.366670131683349609e-04
-3.191502764821052551e-03 -1.458842586725950241e-02 -6.853938102722167969e-04
-2.018922939896583557e-03 -1.540459226816892624e-02 -1.680463552474975586e-03
-1.651132479310035706e-03 -1.552323531359434128e-02 -2.453833818435668945e-03
-1.719223335385322571e-03 -1.592848822474479675e-02 -2.887859940528869629e-03
-1.032913103699684143e-03 -1.330721657723188400e-02 -2.504639327526092529e-03
-1.346630975604057312e-03 -1.431275438517332077e-02 -2.797767519950866699e-03
-1.827249303460121155e-03 -1.409615855664014816e-02 -2.811439335346221924e-03
-1.551223918795585632e-03 -1.350562553852796555e-02 -3.222115337848663330e-03
-1.625282689929008484e-03 -1.439888682216405869e-02 -3.994427621364593506e-03
-1.335116103291511536e-03 -1.321197208017110825e-02 -2.579286694526672363e-03
-1.635214313864707947e-03 -1.097803842276334763e-02 -1.277770847082138062e-03
-1.583034172654151917e-03 -9.476895444095134735e-03 -3.428906202316284180e-04
7.562339305877685547e-05 -3.116074018180370331e-03 -3.695487976074218750e-04
5.957465618848800659e-04 -4.497188143432140350e-03 -1.804381608963012695e-04
2.973955124616622925e-04 -5.844122730195522308e-03 -5.733147263526916504e-04
3.526490181684494019e-04 -4.789385013282299042e-03 -5.973726511001586914e-04
1.142751425504684448e-04 -8.384830318391323090e-03 -8.949488401412963867e-04
1.736154779791831970e-03 -1.664350740611553192e-03 4.203841090202331543e-04
3.201745450496673584e-03 -6.012099795043468475e-03 1.189082860946655273e-03
-3.275172784924507141e-03 -6.011872552335262299e-03 5.892999470233917236e-04
-2.980301156640052795e-03 -7.906009443104267120e-03 -9.383186697959899902e-04
-1.836569979786872864e-03 -4.706394858658313751e-03 -9.934725239872932434e-04
4.210295155644416809e-03 1.620599068701267242e-03 -2.264787442982196808e-03
4.111269488930702209e-03 6.091026589274406433e-04 -4.786998033523559570e-03
1.441575586795806885e-03 1.111661083996295929e-03 -3.622595220804214478e-03
1.342566683888435364e-03 3.605615347623825073e-05 -3.202375024557113647e-03
2.866871654987335205e-04 1.677544787526130676e-04 -2.694055438041687012e-03
5.506239831447601318e-04 1.329847611486911774e-03 -1.979775726795196533e-03
8.388143032789230347e-04 2.751690335571765900e-04 -2.411920577287673950e-03
1.333061605691909790e-03 8.297180756926536560e-04 -2.569093368947505951e-03
1.497294753789901733e-03 2.750991610810160637e-03 -1.328596845269203186e-03
2.191927284002304077e-03 3.551724599674344063e-03 -5.743457004427909851e-04
1.978961750864982605e-03 1.871567219495773315e-03 -1.181495375931262970e-03
1.158744096755981445e-03 -1.421975903213024139e-04 -1.589057035744190216e-03
1.926982775330543518e-03 2.451280830428004265e-03 -4.287632182240486145e-04
2.094060182571411133e-03 4.401169717311859131e-03 -1.091743819415569305e-03
1.448182389140129089e-03 4.663209430873394012e-03 1.329667866230010986e-04
6.630886346101760864e-04 3.775842254981398582e-03 1.530086621642112732e-03
3.222767263650894165e-04 6.439170800149440765e-03 2.612238749861717224e-03
4.213023930788040161e-04 2.061021048575639725e-03 9.134262800216674805e-04
1.654382795095443726e-04 1.752098090946674347e-03 5.580112338066101074e-04
-1.989919692277908325e-04 1.348539255559444427e-03 -6.024986505508422852e-04
-3.689993172883987427e-04 1.699137967079877853e-03 5.339346826076507568e-04
-5.416739732027053833e-04 1.844861544668674469e-03 1.662608236074447632e-03
1.237504184246063232e-04 1.093823928385972977e-03 2.343213185667991638e-03
-1.751817762851715088e-04 -1.762374304234981537e-04 1.112410798668861389e-03
5.391556769609451294e-04 3.263992257416248322e-04 7.076766341924667358e-04
-5.363207310438156128e-04 -1.128012780100107193e-03 -8.900528773665428162e-04
-1.056252047419548035e-03 -2.146917395293712616e-03 -1.055852510035037994e-03
1.383641734719276428e-03 -3.651263192296028137e-03 -3.462520428001880646e-03
1.333339139819145203e-03 -4.379728808999061584e-03 -3.009471110999584198e-03
-3.361737355589866638e-03 -8.059604093432426453e-03 -1.154135912656784058e-03
-5.003849044442176819e-03 -1.148190815001726151e-02 5.070606246590614319e-03
-6.528673693537712097e-03 -7.969231344759464264e-03 3.767097368836402893e-04
-6.895141676068305969e-03 -9.042212739586830139e-03 -3.499817103147506714e-04
-5.311364307999610901e-03 -1.004554238170385361e-02 -3.994703292846679688e-04
-4.459882155060768127e-03 -8.875263854861259460e-03 -1.568113453686237335e-03
-4.021028056740760803e-03 -6.732862442731857300e-03 -3.074020147323608398e-03
-3.540499135851860046e-03 5.992804653942584991e-04 -3.039965406060218811e-03
-6.804315373301506042e-03 -7.005103863775730133e-03 -5.578147247433662415e-04
-7.449785247445106506e-03 -9.684833697974681854e-03 -5.451319739222526550e-04
-6.175929680466651917e-03 -7.643194869160652161e-03 4.398301243782043457e-04
-5.962627008557319641e-03 -7.037983275949954987e-03 1.861358061432838440e-03
-6.696341559290885925e-03 -1.138701383024454117e-02 3.312727436423301697e-03
-7.768934592604637146e-03 -1.557835843414068222e-02 4.933800548315048218e-03
-6.596846505999565125e-03 -1.153881009668111801e-02 6.071822717785835266e-03
-7.101545110344886780e-03 -1.340332534164190292e-02 5.443330854177474976e-03
-7.002322003245353699e-03 -8.808157406747341156e-03 6.213769316673278809e-03
-6.141116842627525330e-03 -7.759874686598777771e-03 5.142735317349433899e-03
-7.082806900143623352e-03 -3.620302304625511169e-03 5.722599104046821594e-03
-5.438437685370445251e-03 3.668642602860927582e-03 4.842806607484817505e-03
-2.853622660040855408e-03 6.473347544670104980e-03 7.180552929639816284e-04
-2.474697306752204895e-03 6.187815684825181961e-03 3.528436645865440369e-04
-3.907324746251106262e-03 2.247747499495744705e-03 9.518582373857498169e-05
-3.148378804326057434e-03 1.908557023853063583e-03 -1.057087443768978119e-03
-1.156235113739967346e-03 5.713207647204399109e-04 -1.867211423814296722e-03
-2.145929262042045593e-03 -4.230829887092113495e-03 -1.377037726342678070e-03
5.362201482057571411e-04 -2.827639691531658173e-03 -2.080704085528850555e-03
9.653195738792419434e-04 -2.912397496402263641e-03 -1.496877521276473999e-03
-2.089893445372581482e-03 -5.649286322295665741e-03 1.531735062599182129e-03
-1.782173290848731995e-03 -4.962953738868236542e-03 1.648131757974624634e-03
-2.535248175263404846e-03 -5.380236543715000153e-03 3.204666078090667725e-03
-1.087356358766555786e-04 3.405334427952766418e-04 8.552763611078262329e-04
2.708302810788154602e-03 9.389908052980899811e-03 -2.858811989426612854e-03
4.739740863442420959e-03 6.764662452042102814e-03 -3.922462463378906250e-03
2.742469310760498047e-03 -1.492851413786411285e-03 -4.369409754872322083e-03
3.556387498974800110e-03 -4.666326567530632019e-04 -5.034783855080604553e-03
3.777781501412391663e-03 -1.825741492211818695e-03 -5.400454625487327576e-03
7.500000298023223877e-03 1.467739231884479523e-03 -8.006332442164421082e-03
7.970834150910377502e-03 2.959315665066242218e-03 -8.007446303963661194e-03
5.283243954181671143e-03 1.982686109840869904e-03 -6.452243775129318237e-03
4.282658919692039490e-03 1.370367594063282013e-03 -4.636574536561965942e-03
3.801580518484115601e-03 -9.689787402749061584e-04 -6.082691252231597900e-03
5.477765575051307678e-03 4.439046606421470642e-04 -4.511819221079349518e-03
2.269180491566658020e-03 1.949942670762538910e-03 -1.281321980059146881e-03
-9.010359644889831543e-05 2.920730039477348328e-04 1.010019332170486450e-05
-8.272696286439895630e-04 1.280332915484905243e-03 1.767883077263832092e-04
1.323131844401359558e-03 3.610483370721340179e-03 -1.373435370624065399e-03
1.133179292082786560e-03 4.702323116362094879e-03 -2.247059717774391174e-03
-1.186525449156761169e-03 -3.664987161755561829e-04 5.456730723381042480e-04
-1.010226085782051086e-03 -1.286172308027744293e-03 -2.422146499156951904e-04
-1.392701640725135803e-03 2.128872089087963104e-03 -3.580562770366668701e-05
-6.430875509977340698e-04 5.508019588887691498e-03 -1.541160047054290771e-03
-2.236710861325263977e-03 4.284973256289958954e-03 -6.714835762977600098e-05
-1.966005191206932068e-03 4.752316512167453766e-03 1.708833500742912292e-03
-5.452875047922134399e-04 3.938936628401279449e-03 2.190094441175460815e-03
3.813635557889938354e-04 6.346660666167736053e-03 -3.228476271033287048e-04
6.535364314913749695e-03 7.725176401436328888e-03 -5.506950430572032928e-03
3.123709931969642639e-03 5.245105363428592682e-03 -7.701317779719829559e-03
5.284236744046211243e-03 7.862624712288379669e-03 -8.313342928886413574e-03
4.100779071450233459e-03 9.198424406349658966e-03 -5.722049623727798462e-03
-6.616301834583282471e-05 7.164000533521175385e-03 -2.890728414058685303e-03
-3.908183425664901733e-04 7.786809466779232025e-03 -3.556050360202789307e-04
-2.026557922363281250e-05 9.926830418407917023e-03 -1.256810501217842102e-04
3.973038867115974426e-03 1.205062586814165115e-02 -4.208236932754516602e-03
3.573765978217124939e-03 1.110971998423337936e-02 -3.330934792757034302e-03
2.139372751116752625e-03 8.076931349933147430e-03 -3.343956544995307922e-03
-3.143455833196640015e-04 3.192282281816005707e-03 -1.831699162721633911e-03
4.752812907099723816e-03 8.565149269998073578e-03 -2.687698230147361755e-03
6.592251360416412354e-03 5.105637945234775543e-03 -2.747584134340286255e-03
3.947446122765541077e-03 5.563781596720218658e-03 -1.493349671363830566e-03
3.955045714974403381e-03 9.086071513593196869e-03 -1.252490095794200897e-03
5.466420203447341919e-03 1.119660027325153351e-02 -2.252835780382156372e-03
1.737678423523902893e-03 4.502386786043643951e-03 -3.053491003811359406e-03
-6.907489150762557983e-04 1.504973042756319046e-03 -3.861875273287296295e-03
-5.189422518014907837e-04 2.423844998702406883e-03 1.765454187989234924e-03
-4.723463207483291626e-04 8.111987262964248657e-04 3.694726154208183289e-03
-2.864282578229904175e-04 6.356695666909217834e-03 5.655361339449882507e-03
-5.022063851356506348e-05 8.107487112283706665e-03 6.707154214382171631e-03
1.089237630367279053e-04 9.636062197387218475e-03 6.954751908779144287e-03
1.559928059577941895e-03 8.739544078707695007e-03 5.489075556397438049e-03
-4.260241985321044922e-05 3.454004414379596710e-03 3.279205411672592163e-03
-2.471791580319404602e-03 4.598175641149282455e-03 5.560718476772308350e-03
-2.333270385861396790e-03 5.014392547309398651e-03 6.218912079930305481e-03
-1.509288325905799866e-03 6.105426233261823654e-03 5.625028163194656372e-03
-2.337666228413581848e-03 2.401717938482761383e-03 4.218155518174171448e-03
-2.174662426114082336e-03 2.998106414452195168e-03 3.412572667002677917e-03
-3.299856558442115784e-03 -2.370808273553848267e-03 2.980384975671768188e-03
-2.817599102854728699e-03 -3.441916778683662415e-03 2.350933849811553955e-03
3.795232623815536499e-04 4.266221076250076294e-04 8.163321763277053833e-04
2.456674352288246155e-03 7.866811007261276245e-03 -8.292607963085174561e-04
1.606184989213943481e-03 6.450425367802381516e-03 4.035513848066329956e-05
3.112256526947021484e-04 2.769459970295429230e-03 4.512984305620193481e-04
-7.281247526407241821e-04 -3.190292976796627045e-03 1.551914960145950317e-03
-2.545731142163276672e-03 -5.379301495850086212e-03 3.627043217420578003e-03
1.457516103982925415e-03 -4.001081921160221100e-03 1.100670546293258667e-03
3.816507756710052490e-03 1.801124773919582367e-03 1.432646065950393677e-03
3.513887524604797363e-03 -4.854784347116947174e-04 1.750558614730834961e-03
8.553434163331985474e-04 -6.210142746567726135e-04 4.142912104725837708e-03
1.186721026897430420e-03 4.227747209370136261e-03 2.511838451027870178e-03
4.213970154523849487e-03 8.238369598984718323e-03 -1.746724359691143036e-03
-1.701043918728828430e-03 -4.391384311020374298e-03 1.902433112263679504e-03
-4.132052883505821228e-03 -8.270277641713619232e-03 2.438487485051155090e-03
-2.738187089562416077e-03 -4.041743464767932892e-03 1.546766608953475952e-03
1.571699976921081543e-05 4.889719188213348389e-03 2.750169485807418823e-03
1.835901290178298950e-03 9.358879178762435913e-03 2.796450629830360413e-03
5.950480699539184570e-04 4.917041864246129990e-03 3.723651170730590820e-03
-8.373018354177474976e-04 5.491807591170072556e-03 2.314340323209762573e-03
-1.600736752152442932e-03 2.971627982333302498e-03 1.666398718953132629e-03
1.036586239933967590e-03 3.260186640545725822e-03 2.226643264293670654e-04
3.995347768068313599e-03 3.562771249562501907e-03 -1.366585493087768555e-03
5.018273368477821350e-03 9.477550163865089417e-03 -1.768454909324645996e-03
4.037696868181228638e-03 5.472844466567039490e-03 -1.591114327311515808e-03
-3.133704885840415955e-03 5.490288138389587402e-03 6.158068776130676270e-03
-4.053195938467979431e-03 1.848120708018541336e-03 8.170623332262039185e-03
1.022631302475929260e-03 1.400763075798749924e-02 7.457286119461059570e-04
2.710536122322082520e-03 1.533216517418622971e-02 -1.463159918785095215e-03
2.773161977529525757e-03 8.751510642468929291e-03 -3.196474164724349976e-03
3.663133829832077026e-03 7.630185224115848541e-03 -5.067268386483192444e-03
3.988256677985191345e-03 8.365274406969547272e-03 -6.136045791208744049e-03
5.394404754042625427e-03 1.434937957674264908e-02 -7.331843487918376923e-03
5.843834951519966125e-03 1.510258484631776810e-02 -7.893478497862815857e-03
6.498279049992561340e-03 1.912350952625274658e-02 -7.850348018109798431e-03
5.656069144606590271e-03 1.752975210547447205e-02 -6.986125372350215912e-03
4.128618165850639343e-03 1.553462166339159012e-02 -5.626678466796875000e-03
2.536097541451454163e-03 1.374095398932695389e-02 -3.122603520750999451e-03
-6.243456155061721802e-04 1.259385887533426285e-02 -4.969052970409393311e-04
-1.488888636231422424e-03 1.553743425756692886e-02 1.748669892549514771e-03
-1.592377200722694397e-03 1.262135524302721024e-02 1.188000664114952087e-03
-1.259291544556617737e-03 1.033922750502824783e-02 3.161206841468811035e-04
-7.596779614686965942e-04 9.321616031229496002e-03 -1.826509833335876465e-05
-1.062136143445968628e-04 8.125993423163890839e-03 5.852244794368743896e-04
-4.117377102375030518e-05 9.134133346378803253e-03 2.844352275133132935e-03
-1.718452200293540955e-03 5.858612246811389923e-03 2.083316445350646973e-03
-1.275198534131050110e-03 8.971120230853557587e-03 -2.108551561832427979e-03
-2.884643152356147766e-03 1.112187188118696213e-02 9.796023368835449219e-04
-6.252173334360122681e-04 1.215176936239004135e-02 1.203320920467376709e-03
-3.244457766413688660e-03 1.199191529303789139e-02 1.265067234635353088e-02
3.739906474947929382e-03 1.029518526047468185e-02 4.127718508243560791e-03
1.261370256543159485e-03 7.608939893543720245e-03 1.301251351833343506e-03
3.464799374341964722e-04 5.496979691088199615e-03 -4.415437579154968262e-04
9.070765227079391479e-04 4.819893278181552887e-03 -2.903960645198822021e-03
2.516740933060646057e-03 3.772591240704059601e-03 -2.691805362701416016e-03
3.318531438708305359e-03 6.048842333257198334e-03 -6.585344672203063965e-04
9.769480675458908081e-04 4.875446669757366180e-03 6.484463810920715332e-04
-2.029726281762123108e-03 -6.633782759308815002e-04 2.029240131378173828e-04
-1.916648820042610168e-03 8.601024746894836426e-04 2.230949699878692627e-03
-2.590386196970939636e-03 4.771320149302482605e-03 6.902568042278289795e-03
-5.279367789626121521e-03 9.252867661416530609e-03 5.203157663345336914e-03
3.382960334420204163e-03 8.304097689688205719e-03 1.051202416419982910e-03
2.739150077104568481e-03 9.392703883349895477e-03 1.008439809083938599e-03
1.869952306151390076e-03 5.967465229332447052e-03 7.590726017951965332e-04
1.982359215617179871e-03 6.441011093556880951e-03 1.399831846356391907e-03
1.389060169458389282e-03 5.048600025475025177e-03 7.022041827440261841e-04
1.141447573900222778e-03 3.583100624382495880e-03 4.802681505680084229e-04
1.727281138300895691e-03 6.241691298782825470e-03 1.316782087087631226e-03
1.386681571602821350e-03 3.276222385466098785e-03 6.034821271896362305e-04
2.533705905079841614e-03 8.207068778574466705e-03 2.549033612012863159e-03
2.092905342578887939e-03 5.234518088400363922e-03 2.257470041513442993e-03
1.970540732145309448e-03 4.796412773430347443e-03 3.367882221937179565e-03
1.191424205899238586e-03 2.749291248619556427e-03 1.632831990718841553e-03
1.355359330773353577e-03 4.652853123843669891e-03 1.238562166690826416e-03
1.061981543898582458e-03 6.239821203052997589e-03 1.167871057987213135e-03
2.771209925413131714e-03 6.443110294640064240e-03 1.813106238842010498e-03
7.895994931459426880e-04 8.241568692028522491e-03 2.449877560138702393e-03
9.907875210046768188e-04 6.964367814362049103e-03 2.157256007194519043e-03
4.885066300630569458e-04 6.415796466171741486e-03 2.614591270685195923e-03
-5.476381629705429077e-04 5.986741743981838226e-03 1.818478107452392578e-03
-2.787206321954727173e-04 7.688226178288459778e-03 -2.425229176878929138e-04
8.393730968236923218e-04 9.448191151022911072e-03 -1.983078196644783020e-03
1.046657562255859375e-04 1.340144872665405273e-02 1.032371073961257935e-04
-1.749178394675254822e-03 1.554544735699892044e-02 2.531336620450019836e-03
-2.451924607157707214e-03 1.229236833751201630e-02 1.790968701243400574e-03
-1.699557527899742126e-03 1.268754899501800537e-02 7.399674504995346069e-04
-1.911686733365058899e-03 1.172159053385257721e-02 7.201470434665679932e-04
-1.890460029244422913e-03 1.118256337940692902e-02 1.507235690951347351e-03
-9.317081421613693237e-04 1.234172657132148743e-02 1.440374180674552917e-03
1.101581379771232605e-03 1.148974709212779999e-02 -3.346195444464683533e-04
4.118420183658599854e-03 7.579778321087360382e-03 -2.911388874053955078e-03
7.118409499526023865e-03 3.839208977296948433e-03 -5.342666059732437134e-03
4.238789901137351990e-03 3.023545490577816963e-03 -3.316689282655715942e-03
7.127372547984123230e-03 8.544294163584709167e-03 -5.483768880367279053e-03
5.852218717336654663e-03 7.032511755824089050e-03 -4.700661636888980865e-03
5.467159673571586609e-03 5.797041114419698715e-03 -5.054468289017677307e-03
2.816036343574523926e-03 7.250147871673107147e-03 -4.982260987162590027e-03
-1.870853826403617859e-03 5.177061539143323898e-03 -2.185194753110408783e-03
7.932074368000030518e-05 7.426938507705926895e-03 -1.582983881235122681e-03
4.187673330307006836e-04 7.941748946905136108e-03 -1.535547897219657898e-03
3.311507403850555420e-03 7.389902137219905853e-03 -2.229596488177776337e-03
7.657065987586975098e-03 5.492902360856533051e-03 -3.803795203566551208e-03
7.433563470840454102e-03 1.325752865523099899e-02 -3.191979601979255676e-03
5.388243123888969421e-03 2.372505376115441322e-03 -2.222710289061069489e-03
5.679855123162269592e-03 1.121807750314474106e-02 -1.999407075345516205e-03
4.378039389848709106e-03 1.479167491197586060e-02 2.089308574795722961e-03
2.372486516833305359e-03 1.419077161699533463e-02 4.411853849887847900e-03
-1.484379172325134277e-04 5.614520050585269928e-03 2.440296113491058350e-03
-7.145348936319351196e-04 5.187559872865676880e-04 1.862077042460441589e-04
2.376114949584007263e-03 1.909926999360322952e-03 -4.114317707717418671e-03
1.264613121747970581e-03 1.211415044963359833e-03 -1.532361842691898346e-03
-6.025116890668869019e-04 -4.914822056889533997e-03 3.184728324413299561e-03
3.756809979677200317e-03 -6.329827010631561279e-03 -3.263521939516067505e-04
3.902914002537727356e-03 -4.525249823927879333e-03 -2.284575253725051880e-03
6.113618612289428711e-03 -4.820446483790874481e-03 -2.970430999994277954e-03
4.288969561457633972e-03 4.284123424440622330e-03 1.865612342953681946e-03
4.612898454070091248e-03 1.006621122360229492e-02 -1.007418148219585419e-03
8.737385272979736328e-03 1.300173252820968628e-02 -4.697385244071483612e-03
5.984496325254440308e-03 6.993004120886325836e-03 -4.364205524325370789e-03
3.732135519385337830e-03 3.837632713839411736e-03 -3.236067481338977814e-03
5.144162103533744812e-03 9.066252037882804871e-03 -1.664808019995689392e-03
4.336565732955932617e-03 3.523473627865314484e-03 1.421639695763587952e-03
2.432912588119506836e-03 -2.945391461253166199e-04 4.729647189378738403e-03
1.636927947402000427e-03 1.459215302020311356e-03 5.267111584544181824e-03
1.494148746132850647e-03 3.556863637641072273e-03 4.022961482405662537e-03
-8.223149925470352173e-04 -2.499349415302276611e-03 3.959085792303085327e-03
-8.831676095724105835e-04 -3.477223217487335205e-04 4.917003214359283447e-03
3.465544432401657104e-04 2.720420248806476593e-03 3.035001456737518311e-03
2.328818663954734802e-03 2.209338359534740448e-03 -3.749923780560493469e-04
4.322936758399009705e-03 3.670710138976573944e-03 -3.404784947633743286e-03
4.150101915001869202e-03 3.717687912285327911e-03 -2.845837734639644623e-03
3.587612882256507874e-03 2.447177655994892120e-03 -2.038835547864437103e-03
2.524120733141899109e-03 -2.743140794336795807e-03 -2.877766266465187073e-03
6.608013063669204712e-03 -1.619714312255382538e-03 -4.055638797581195831e-03
6.526129320263862610e-03 -2.051777206361293793e-03 -2.866545692086219788e-03
6.047436967492103577e-03 -3.276237286627292633e-03 -2.737523987889289856e-03
-1.266362145543098450e-03 -6.343084387481212616e-03 -9.075179696083068848e-05
-7.231941446661949158e-03 -1.128088962286710739e-02 1.063634641468524933e-02
1.111533492803573608e-04 -1.328443270176649094e-02 3.914088010787963867e-03
2.211490646004676819e-03 -1.695026084780693054e-02 8.738338947296142578e-04
1.134833320975303650e-03 -1.086465921252965927e-02 2.307644113898277283e-03
2.333564683794975281e-03 -1.002884376794099808e-02 1.780604943633079529e-03
4.715472459793090820e-05 -1.139947678893804550e-02 2.254424616694450378e-03
-4.208223894238471985e-03 -8.066209033131599426e-03 6.383655592799186707e-03
-1.555247232317924500e-03 -5.026295781135559082e-03 -2.733971923589706421e-04
-4.661412909626960754e-03 -2.616504207253456116e-03 7.348138839006423950e-03
3.903750330209732056e-04 -5.938299931585788727e-03 2.735596150159835815e-03
6.372407078742980957e-04 -5.393295548856258392e-03 -7.094256579875946045e-04
7.265042513608932495e-04 -5.568231455981731415e-03 -8.636191487312316895e-04
3.247950226068496704e-04 -9.048215113580226898e-03 -2.196475863456726074e-03
4.463605582714080811e-04 -1.406330894678831100e-02 -1.673817634582519531e-03
1.190187409520149231e-03 -1.189043652266263962e-02 -6.313249468803405762e-04
1.209694892168045044e-03 -8.388870395720005035e-03 -6.228126585483551025e-05
1.552324742078781128e-03 -9.424711577594280243e-03 3.389678895473480225e-04
1.643519848585128784e-03 -9.504464454948902130e-03 1.976042985916137695e-04
1.056609675288200378e-03 -1.223343331366777420e-02 1.823604106903076172e-04
6.364397704601287842e-04 -5.851714871823787689e-03 -1.822300255298614502e-04
-6.051529198884963989e-04 -6.683866493403911591e-03 -4.383437335491180420e-04
-4.023108631372451782e-04 -4.765680991113185883e-03 -4.424676299095153809e-04
5.230959504842758179e-04 -8.124339394271373749e-03 -1.514427363872528076e-03
5.733128637075424194e-04 -6.615332327783107758e-03 -1.441683620214462280e-03
3.565456718206405640e-04 5.126567557454109192e-04 2.844482660293579102e-04
4.289988428354263306e-04 -3.216109238564968109e-03 -8.736625313758850098e-04
1.897681504487991333e-04 -3.270394168794155121e-03 -1.095950603485107422e-03
5.333703011274337769e-04 -3.909344784915447235e-03 -1.526929438114166260e-03
1.329315826296806335e-03 -2.118560485541820526e-03 -3.199569880962371826e-03
1.637784764170646667e-03 -1.700351946055889130e-03 -3.811948001384735107e-03
1.813661307096481323e-03 -2.942192368209362030e-03 -3.670141100883483887e-03
1.263642683625221252e-03 -9.069493971765041351e-03 -3.994569182395935059e-03
1.591708511114120483e-03 -2.504491247236728668e-03 -3.186255693435668945e-03
1.566691324114799500e-03 -1.164878718554973602e-03 -3.101859241724014282e-03
3.289837390184402466e-03 5.434538237750530243e-03 -1.763034611940383911e-03
6.932541728019714355e-03 6.971657276153564453e-03 -2.833893522620201111e-04
8.105427026748657227e-03 2.656596945598721504e-03 1.310506835579872131e-03
4.135303199291229248e-03 -2.550094388425350189e-03 4.766734316945075989e-03
4.177697002887725830e-03 -2.903109416365623474e-04 8.211880922317504883e-04
6.790174171328544617e-03 4.628300201147794724e-03 -4.921677522361278534e-03
5.092561244964599609e-03 1.113376393914222717e-02 -5.252188071608543396e-03
5.119042471051216125e-03 1.153835747390985489e-02 -4.656609147787094116e-03
2.687038853764533997e-03 5.712923128157854080e-03 -2.225771546363830566e-03
6.531812250614166260e-04 2.490773564204573631e-03 4.436410963535308838e-04
-1.342054456472396851e-04 4.062088206410408020e-03 2.696303650736808777e-03
-1.654587686061859131e-05 6.021590903401374817e-03 3.738643601536750793e-03
-8.025187999010086060e-04 2.507893601432442665e-03 2.291042357683181763e-03
-1.643020659685134888e-04 3.840938443318009377e-03 1.952733844518661499e-03
-7.231812924146652222e-04 5.560573190450668335e-04 1.199027523398399353e-03
1.537593081593513489e-03 1.697850879281759262e-03 1.105517148971557617e-03
1.138009130954742432e-03 5.711203441023826599e-03 2.240724861621856689e-03
1.908112317323684692e-04 2.438702620565891266e-03 3.194203600287437439e-04
8.798465132713317871e-04 1.772621180862188339e-03 2.710660919547080994e-04
1.981277018785476685e-03 4.197042435407638550e-03 2.100342884659767151e-03
1.907762140035629272e-03 8.737565018236637115e-03 5.594765767455101013e-03
1.895511522889137268e-03 7.344064768403768539e-03 6.079036742448806763e-03
9.823255240917205811e-04 6.843062117695808411e-03 5.288168787956237793e-03
2.879090607166290283e-05 3.696089377626776695e-03 3.048747777938842773e-03
-1.683626323938369751e-04 3.902461845427751541e-03 2.763519063591957092e-03
6.566420197486877441e-04 2.401934936642646790e-03 2.299943938851356506e-03
1.535374671220779419e-03 2.290810458362102509e-03 2.200579270720481873e-03
1.693800091743469238e-03 6.678894627839326859e-03 3.873823210597038269e-03
2.373445779085159302e-03 2.276121173053979874e-03 3.101529553532600403e-03
2.459025010466575623e-03 4.182769916951656342e-04 1.427561044692993164e-03
2.761650830507278442e-04 3.037370974197983742e-03 -2.877041697502136230e-05
-6.571212783455848694e-03 5.337774287909269333e-03 6.116457283496856689e-03
-5.483528599143028259e-03 -2.874247729778289795e-03 6.170110777020454407e-03
-2.565426751971244812e-03 -2.812432125210762024e-03 5.953509360551834106e-03
-5.798321217298507690e-04 -1.218503806740045547e-03 4.976268857717514038e-03
-1.175906509160995483e-04 -4.692547954618930817e-04 4.396043717861175537e-03
2.967473119497299194e-04 1.929484307765960693e-03 2.689583227038383484e-03
2.352539449930191040e-04 2.676462754607200623e-03 3.867043182253837585e-03
-6.594154983758926392e-04 2.491105347871780396e-03 4.394203424453735352e-03
-8.700827136635780334e-03 -1.484738197177648544e-03 9.310349822044372559e-03
-7.706275209784507751e-03 1.976048108190298080e-03 6.139827892184257507e-03
-1.413041725754737854e-03 9.075235575437545776e-04 4.580611363053321838e-03
1.143291592597961426e-03 1.918216701596975327e-03 1.231003552675247192e-03
7.084105163812637329e-04 -4.580717533826828003e-03 2.972999587655067444e-03
-3.771590068936347961e-03 -9.436231106519699097e-03 9.273951873183250427e-03
-1.617018133401870728e-04 -1.146709639579057693e-02 4.653291776776313782e-03
-1.255186274647712708e-03 -7.323116995394229889e-03 2.416240051388740540e-03
9.059216827154159546e-04 -1.165107171982526779e-02 2.684518694877624512e-03
-3.412859514355659485e-03 -9.769747965037822723e-03 9.494904428720474243e-03
5.676308646798133850e-03 -4.102158360183238983e-03 -4.580641165375709534e-03
2.686640247702598572e-03 -1.399575732648372650e-03 2.009343355894088745e-03
1.571761444211006165e-03 2.101457677781581879e-03 2.980329096317291260e-03
1.618044450879096985e-03 1.475428231060504913e-03 1.791305840015411377e-03
1.302134245634078979e-03 -1.290381886065006256e-03 -8.599087595939636230e-04
2.237472683191299438e-03 -4.381714388728141785e-04 -5.862340331077575684e-04
2.283150330185890198e-03 -1.257127150893211365e-04 -1.010891050100326538e-03
2.849470824003219604e-03 3.162744455039501190e-03 8.289553225040435791e-04
2.450421452522277832e-03 3.672632388770580292e-03 5.309805274009704590e-04
1.153549179434776306e-03 5.478868260979652405e-04 -1.175120472908020020e-03
2.111639827489852905e-03 1.736379228532314301e-03 1.103032380342483521e-03
2.463240176439285278e-03 -6.947806105017662048e-04 -1.699700951576232910e-04
-1.297006383538246155e-03 -1.538266427814960480e-03 2.365488559007644653e-03
2.708701416850090027e-03 -7.857971824705600739e-03 2.699377015233039856e-03
1.165227964520454407e-03 -4.449493251740932465e-03 8.485689759254455566e-04
-1.168753951787948608e-04 -1.253611408174037933e-03 3.269150853157043457e-03
-2.912245690822601318e-05 -7.057535462081432343e-03 2.335108816623687744e-03
7.657911628484725952e-04 -4.186916165053844452e-03 -1.678653061389923096e-04
2.437504008412361145e-03 -4.058089107275009155e-04 4.299387335777282715e-03
5.695132538676261902e-03 1.021240372210741043e-02 -4.301723092794418335e-03
1.743974164128303528e-03 4.295215941965579987e-03 1.256266608834266663e-03
1.395780593156814575e-03 -2.224910072982311249e-03 2.198614180088043213e-03
2.096973359584808350e-03 -1.024586148560047150e-03 3.305977210402488708e-03
2.077516168355941772e-03 2.494612708687782288e-04 1.529261469841003418e-03
1.901853829622268677e-03 1.804744824767112732e-04 6.141588091850280762e-04
9.175334125757217407e-04 -3.364357165992259979e-03 -8.678808808326721191e-04
1.067958772182464600e-03 -4.416105337440967560e-03 -8.445754647254943848e-04
1.725990325212478638e-03 -6.562239490449428558e-03 -7.378160953521728516e-04
2.205016091465950012e-03 -5.616166628897190094e-03 -9.116232395172119141e-04
2.158826217055320740e-03 -7.732705213129520416e-03 -6.189607083797454834e-04
3.105947747826576233e-03 -9.429268538951873779e-03 3.825724124908447266e-04
2.775408327579498291e-03 -4.973351024091243744e-03 -4.000142216682434082e-04
2.806633710861206055e-03 -7.674167864024639130e-03 -1.176249235868453979e-03
1.490455120801925659e-03 -8.745779283344745636e-03 -1.177802681922912598e-03
1.238387078046798706e-03 -7.859270088374614716e-03 -8.115880191326141357e-04
9.026974439620971680e-04 -8.511804975569248199e-03 -9.031184017658233643e-04
1.658625900745391846e-03 -7.495059631764888763e-03 -3.270730376243591309e-04
1.996094360947608948e-03 -7.169491611421108246e-03 1.676768064498901367e-03
2.793908119201660156e-03 -1.188316848129034042e-02 2.430431544780731201e-03
2.187710255384445190e-03 -1.099938806146383286e-02 2.986511215567588806e-03
1.934207975864410400e-03 -7.796972058713436127e-03 3.925308585166931152e-03
1.311434432864189148e-03 -3.849918954074382782e-03 3.030128777027130127e-03
2.078540623188018799e-03 -5.682379007339477539e-03 2.116739749908447266e-03
-2.009794116020202637e-06 -5.170368589460849762e-03 8.148141205310821533e-04
-8.913967758417129517e-04 -1.018185447901487350e-02 3.033252432942390442e-03
-5.053970962762832642e-04 -1.420176308602094650e-02 1.660384237766265869e-03
-9.593237191438674927e-04 -1.472774613648653030e-02 1.147376373410224915e-03
-1.093035563826560974e-03 -1.435256656259298325e-02 6.373319774866104126e-04
-1.214845106005668640e-03 -1.390549633651971817e-02 5.782693624496459961e-04
-1.124398782849311829e-03 -7.686433382332324982e-03 7.279198616743087769e-04
5.776695907115936279e-04 -9.010070003569126129e-03 -1.641197130084037781e-03
3.866570070385932922e-03 -9.850454516708850861e-03 4.874728620052337646e-04
-1.762719824910163879e-03 -6.968063302338123322e-03 6.468378007411956787e-03
5.683265626430511475e-03 -2.524187788367271423e-03 -4.109379835426807404e-03
4.502920433878898621e-03 -2.155083231627941132e-03 -1.452254131436347961e-03
5.067314952611923218e-03 -2.978791482746601105e-03 -3.529801964759826660e-03
6.099987775087356567e-03 -1.061549689620733261e-02 -3.278499469161033630e-03
8.366536349058151245e-04 -6.539779715240001678e-03 1.848101615905761719e-03
2.229996025562286377e-03 -1.102897059172391891e-02 2.006908878684043884e-03
-9.409543126821517944e-04 -2.578950487077236176e-03 -5.976483225822448730e-05
-1.108149066567420959e-03 -8.258201181888580322e-03 -5.862619727849960327e-04
-1.090960577130317688e-03 -1.302467379719018936e-02 -1.038286834955215454e-03
-1.083699986338615417e-03 -1.372261065989732742e-02 -8.398331701755523682e-04
-9.097661823034286499e-04 -1.545664761215448380e-02 8.426234126091003418e-05
-1.160321757197380066e-03 -1.036558207124471664e-02 1.017441973090171814e-03
-9.365547448396682739e-04 -6.740714423358440399e-03 1.419628039002418518e-03
-7.866080850362777710e-04 -3.634613007307052612e-03 1.474102959036827087e-03
1.027511432766914368e-03 -5.278958939015865326e-03 2.508889883756637573e-04
1.161631196737289429e-03 -3.156607039272785187e-03 4.426801577210426331e-03
4.031246528029441833e-03 -1.306635327637195587e-03 -1.250140368938446045e-03
5.165172740817070007e-03 -2.362206578254699707e-05 -2.471718937158584595e-03
6.614031270146369934e-03 3.654436208307743073e-03 -1.226452179253101349e-03
3.819346427917480469e-03 1.202683430165052414e-03 2.353210002183914185e-03
-1.762086525559425354e-03 -5.176025442779064178e-03 3.066280856728553772e-03
7.452461868524551392e-04 -7.074221037328243256e-03 4.520297050476074219e-03
-2.681242302060127258e-03 -5.420582368969917297e-03 2.222348004579544067e-03
-8.941348642110824585e-04 -6.679514423012733459e-03 1.225071027874946594e-04
-1.260785385966300964e-03 -3.663701005280017853e-03 1.188583672046661377e-03
-2.683477476239204407e-03 -8.246404118835926056e-03 6.730556488037109375e-04
-3.824798390269279480e-03 -9.071463719010353088e-03 2.169795334339141846e-05
-3.813752904534339905e-03 -1.193599496036767960e-02 -4.266481846570968628e-05
-4.216125234961509705e-03 -7.312540896236896515e-03 5.830600857734680176e-04
-4.377452656626701355e-03 -2.982151694595813751e-03 1.022739335894584656e-03
-5.171934142708778381e-03 1.414353027939796448e-04 7.814764976501464844e-04
-4.554217681288719177e-03 -3.017882816493511200e-03 1.672720536589622498e-04
-2.989592030644416809e-03 4.958442877978086472e-03 -9.617302566766738892e-05
-1.464968547224998474e-03 7.059027440845966339e-03 -1.297444105148315430e-04
5.152598023414611816e-04 -6.278375163674354553e-03 -2.052604220807552338e-03
3.922786563634872437e-04 -1.113665010780096054e-02 -7.177069783210754395e-04
-2.472324296832084656e-03 -1.760664395987987518e-03 2.522436901926994324e-03
-1.847781240940093994e-04 -1.213158946484327316e-03 -4.894572310149669647e-03
4.241622984409332275e-03 5.978261120617389679e-03 -3.546211868524551392e-03
4.450211301445960999e-03 -6.907852366566658020e-05 -2.945939078927040100e-03
2.993665635585784912e-03 1.698990352451801300e-03 -1.445019617676734924e-03
3.166163340210914612e-03 -5.446644499897956848e-04 -1.132521778345108032e-03
3.417490050196647644e-03 7.449509575963020325e-04 -1.140857115387916565e-03
4.568262025713920593e-03 -1.590260304510593414e-03 -1.675840467214584351e-03
5.320878699421882629e-03 -1.856042072176933289e-04 -2.166908234357833862e-03
5.542648956179618835e-03 5.597332492470741272e-04 -2.570586279034614563e-03
5.206678062677383423e-03 -3.527370281517505646e-03 -1.991057768464088440e-03
3.899866715073585510e-03 -8.589839562773704529e-04 -1.764274202287197113e-03
3.345606848597526550e-03 2.770290710031986237e-03 -1.279136165976524353e-03
3.675103187561035156e-03 3.007649444043636322e-03 2.305684611201286316e-04
3.060648217797279358e-03 -5.256105214357376099e-05 1.210492104291915894e-03
-2.213763073086738586e-03 2.550929784774780273e-04 4.622951149940490723e-03
-5.170946940779685974e-03 8.673211559653282166e-04 4.794370383024215698e-03
-5.292521789669990540e-03 -1.252765767276287079e-03 1.531630754470825195e-03
-5.008669570088386536e-03 -7.746237330138683319e-03 -2.276450395584106445e-04
-3.189058974385261536e-03 -7.098692469298839569e-03 -1.515224575996398926e-04
-1.509258523583412170e-03 -8.470597676932811737e-03 4.589632153511047363e-04
-3.255028277635574341e-04 -9.696888737380504608e-03 1.732848584651947021e-03
8.836202323436737061e-05 -1.251656096428632736e-02 2.992875874042510986e-03
-5.930531769990921021e-04 -1.698770001530647278e-02 4.110403358936309814e-03
-1.330258324742317200e-03 -1.709738746285438538e-02 4.354856908321380615e-03
-1.179622486233711243e-03 -1.919488981366157532e-02 4.453070461750030518e-03
-4.618335515260696411e-04 -2.260153368115425110e-02 4.220493137836456299e-03
-3.029573708772659302e-04 -2.303615584969520569e-02 4.201374948024749756e-03
1.590531319379806519e-04 -2.527383342385292053e-02 4.216991364955902100e-03
3.449600189924240112e-04 -2.479397132992744446e-02 4.430092871189117432e-03
3.208648413419723511e-04 -2.517280355095863342e-02 3.868602216243743896e-03
5.984138697385787964e-04 -2.316521480679512024e-02 3.557227551937103271e-03
1.941900700330734253e-04 -2.455433085560798645e-02 3.134660422801971436e-03
-8.108094334602355957e-06 -2.725227549672126770e-02 3.145761787891387939e-03
2.173911780118942261e-04 -2.552700415253639221e-02 3.522194921970367432e-03
2.634655684232711792e-04 -2.714872732758522034e-02 3.386490046977996826e-03
-4.346836358308792114e-04 -2.324985340237617493e-02 3.472529351711273193e-03
-1.509012654423713684e-03 -2.254942432045936584e-02 2.867139875888824463e-03
-1.606436446309089661e-03 -2.263342216610908508e-02 2.184055745601654053e-03
-1.819612458348274231e-03 -2.125424519181251526e-02 2.283819019794464111e-03
-1.809524372220039368e-03 -2.100950852036476135e-02 2.257950603961944580e-03
-1.165376976132392883e-03 -2.375167980790138245e-02 2.503134310245513916e-03
-1.013414934277534485e-03 -2.445647493004798889e-02 2.659268677234649658e-03
-1.586662605404853821e-03 -2.558270469307899475e-02 3.119356930255889893e-03
-1.201974228024482727e-03 -2.279428020119667053e-02 3.971673548221588135e-03
-1.606391742825508118e-03 -2.628970518708229065e-02 3.607325255870819092e-03
-2.177612856030464172e-03 -2.776766195893287659e-02 3.484152257442474365e-03
-2.126457169651985168e-03 -2.689510956406593323e-02 3.500588238239288330e-03
-2.518998458981513977e-03 -2.570462599396705627e-02 3.857351839542388916e-03
-2.765046432614326477e-03 -2.590611949563026428e-02 4.181362688541412354e-03
-3.512950614094734192e-03 -2.462029829621315002e-02 3.757335245609283447e-03
-3.982363268733024597e-03 -2.374118193984031677e-02 4.223154857754707336e-03
-4.469452425837516785e-03 -2.304212003946304321e-02 4.702050238847732544e-03
-4.898404702544212341e-03 -2.237639576196670532e-02 5.174545571208000183e-03
-4.440834745764732361e-03 -1.966607570648193359e-02 5.821840837597846985e-03
-3.719853237271308899e-03 -1.976221054792404175e-02 5.010288208723068237e-03
-3.099529072642326355e-03 -1.723644137382507324e-02 4.305124282836914062e-03
-3.481483086943626404e-03 -1.409007888287305832e-02 4.096042364835739136e-03
-3.606868907809257507e-03 -1.223539467900991440e-02 4.117313772439956665e-03
-4.865588620305061340e-03 -1.356573123484849930e-02 4.618015140295028687e-03
-5.444904789328575134e-03 -1.190922874957323074e-02 4.606422036886215210e-03
-6.158320233225822449e-03 -1.180302631109952927e-02 4.749502986669540405e-03
-6.936831399798393250e-03 -7.565381005406379700e-03 5.254747346043586731e-03
-6.866356357932090759e-03 -6.599778309464454651e-03 5.271572619676589966e-03
-7.636075839400291443e-03 -4.416982643306255341e-03 5.555553361773490906e-03
-7.820686325430870056e-03 -4.720992408692836761e-03 5.109628662467002869e-03
-7.798256352543830872e-03 -3.178270533680915833e-03 5.143275484442710876e-03
-6.711496040225028992e-03 -2.264223992824554443e-03 4.996735602617263794e-03
-6.195960566401481628e-03 -3.369626589119434357e-03 4.795564338564872742e-03
-5.504658445715904236e-03 -5.130427889525890350e-03 4.548953846096992493e-03
-5.931770429015159607e-03 -8.847513236105442047e-03 3.993889316916465759e-03
-5.474185571074485779e-03 -7.713774219155311584e-03 4.445564001798629761e-03
-5.007905885577201843e-03 -8.796443231403827667e-03 4.335923120379447937e-03
-3.801802173256874084e-03 -5.362497642636299133e-03 4.774566739797592163e-03
-3.236660733819007874e-03 -7.261978462338447571e-03 4.093857482075691223e-03
-3.057165071368217468e-03 -8.541889488697052002e-03 3.791203722357749939e-03
-3.237480297684669495e-03 -9.235588833689689636e-03 3.689531236886978149e-03
-2.996673807501792908e-03 -7.701982744038105011e-03 4.143031314015388489e-03
-3.343435004353523254e-03 -1.063225138932466507e-02 3.767233341932296753e-03
-2.886241301894187927e-03 -1.158979255706071854e-02 4.289217293262481689e-03
-2.321770414710044861e-03 -1.263266336172819138e-02 4.334913566708564758e-03
-1.881120726466178894e-03 -1.395896356552839279e-02 4.272501915693283081e-03
-1.983297988772392273e-03 -1.427660230547189713e-02 4.166964441537857056e-03
-2.177102491259574890e-03 -1.825973019003868103e-02 3.935139626264572144e-03
-1.836715266108512878e-03 -2.011865377426147461e-02 3.570694476366043091e-03
-2.375205978751182556e-03 -2.351006492972373962e-02 2.943735569715499878e-03
-2.932706847786903381e-03 -2.303051948547363281e-02 3.005415201187133789e-03
-3.074316307902336121e-03 -1.870587095618247986e-02 3.560641780495643616e-03
-3.231709823012351990e-03 -2.334880828857421875e-02 2.744682133197784424e-03
-2.623403444886207581e-03 -2.494571730494499207e-02 2.372678369283676147e-03
-2.346785739064216614e-03 -3.261916339397430420e-02 1.272145658731460571e-03
-2.795437350869178772e-03 -2.776807546615600586e-02 3.295764327049255371e-03
-3.069074824452400208e-03 -3.042760863900184631e-02 2.900367602705955505e-03
-3.077769652009010315e-03 -2.793529257178306580e-02 2.199156209826469421e-03
-2.371655777096748352e-03 -3.411353006958961487e-02 -8.126627653837203979e-05
-2.306049689650535583e-03 -2.554795891046524048e-02 2.600161358714103699e-03
-2.006830647587776184e-03 -1.650122553110122681e-02 3.587245941162109375e-03
-1.997405663132667542e-03 -8.772155269980430603e-03 4.457678645849227905e-03
-2.074329182505607605e-03 -5.105028860270977020e-03 4.729077219963073730e-03
-2.114573493599891663e-03 1.803834922611713409e-03 5.367167294025421143e-03
-1.809274777770042419e-03 1.474651414901018143e-02 6.413452327251434326e-03
-1.495549455285072327e-03 1.758737489581108093e-02 6.006427109241485596e-03
-1.719878986477851868e-03 2.302352711558341980e-02 4.631549119949340820e-03
-2.844562754034996033e-03 2.281903475522994995e-02 4.912294447422027588e-03
-3.648797050118446350e-03 2.387715876102447510e-02 5.708746612071990967e-03
-5.233159288763999939e-03 2.168105915188789368e-02 6.046757102012634277e-03
-6.265813484787940979e-03 2.401052787899971008e-02 6.591267883777618408e-03
-6.045406684279441833e-03 2.362634986639022827e-02 6.329819560050964355e-03
-5.875518545508384705e-03 2.417613193392753601e-02 6.395108997821807861e-03
-5.573498085141181946e-03 1.753810048103332520e-02 6.487004458904266357e-03
-4.918714985251426697e-03 1.015133876353502274e-02 5.589455366134643555e-03
-5.835799500346183777e-03 5.530652590095996857e-03 6.453670561313629150e-03
-6.686219945549964905e-03 5.261470563709735870e-03 7.957212626934051514e-03
-6.512621417641639709e-03 1.657647080719470978e-03 8.450277149677276611e-03
-6.228266283869743347e-03 -5.392539314925670624e-03 7.878623902797698975e-03
-5.166368559002876282e-03 -9.910660795867443085e-03 6.871633231639862061e-03
-4.528502002358436584e-03 -1.558007579296827316e-02 5.820259451866149902e-03
-2.986678853631019592e-03 -2.168644592165946960e-02 4.265546798706054688e-03
-1.931378617882728577e-03 -2.594267204403877258e-02 2.683714032173156738e-03
-1.206565648317337036e-04 -3.174034133553504944e-02 1.139245927333831787e-03
8.177887648344039917e-04 -3.228685632348060608e-02 9.480565786361694336e-04
1.083372160792350769e-03 -3.340925648808479309e-02 3.644078969955444336e-04
-2.080723643302917480e-04 -3.055940940976142883e-02 1.437313854694366455e-03
-5.268175154924392700e-04 -2.098916098475456238e-02 3.949467092752456665e-03
-2.079326659440994263e-04 -1.782891154289245605e-02 3.884643316268920898e-03
9.690392762422561646e-04 -1.948639377951622009e-02 3.490839153528213501e-03
1.020012423396110535e-03 -2.975749224424362183e-02 3.152852877974510193e-04
6.765685975551605225e-04 -3.099132701754570007e-02 -1.109489239752292633e-03
1.297574490308761597e-04 -3.026485815644264221e-02 -1.233525574207305908e-03
3.967527300119400024e-04 -2.683243155479431152e-02 -1.116990111768245697e-03
6.105564534664154053e-05 -2.215489372611045837e-02 -6.452808156609535217e-04
-1.957105472683906555e-03 -1.601323112845420837e-02 -3.685336560010910034e-05
-2.125391736626625061e-03 -1.666814461350440979e-02 2.903863787651062012e-05
-2.401584759354591370e-03 -1.595663279294967651e-02 2.135997638106346130e-04
-2.419235184788703918e-03 -1.456576306372880936e-02 4.418529570102691650e-04
-1.344745978713035583e-03 -1.795821264386177063e-02 -3.121886402368545532e-05
-4.696343094110488892e-04 -2.205171808600425720e-02 1.741191372275352478e-04
9.645670652389526367e-04 -2.454378083348274231e-02 6.821677088737487793e-04
3.523513674736022949e-03 -1.847014948725700378e-02 1.204641535878181458e-03
2.856479957699775696e-03 -1.277396548539400101e-02 2.504359930753707886e-03
1.756526529788970947e-03 -1.127824280411005020e-02 4.440225660800933838e-03
1.141445711255073547e-03 -8.788472041487693787e-03 5.197085440158843994e-03
8.842237293720245361e-04 -1.325911562889814377e-02 4.576539620757102966e-03
9.915176779031753540e-04 -1.687199249863624573e-02 4.170097410678863525e-03
1.341376453638076782e-03 -1.533456426113843918e-02 4.578849300742149353e-03
1.661628484725952148e-03 -1.223225425928831100e-02 4.575612023472785950e-03
