-4.964865744113922119e-03 -8.528586477041244507e-04 -4.541262984275817871e-03
-2.275966107845306396e-03 1.964716054499149323e-02 -1.197792217135429382e-02
-2.074793726205825806e-02 1.278426125645637512e-02 4.144541919231414795e-03
-3.366440534591674805e-03 3.052765503525733948e-03 1.794621348381042480e-04
5.228079855442047119e-03 -1.555919460952281952e-02 8.981078863143920898e-04
-1.970373094081878662e-03 -8.931620046496391296e-03 1.227103173732757568e-03
1.091260462999343872e-02 4.979837685823440552e-04 -6.522305309772491455e-03
8.251197636127471924e-03 6.173718720674514771e-04 -6.597481667995452881e-03
2.968959510326385498e-03 1.940989680588245392e-02 -2.364210784435272217e-03
-2.127699553966522217e-03 2.789107523858547211e-02 -8.512534201145172119e-03
-1.434254646301269531e-02 2.300339750945568085e-02 1.148975640535354614e-02
-1.320905983448028564e-03 1.791687682271003723e-03 -4.209443926811218262e-03
9.124092757701873779e-03 -1.778928749263286591e-02 2.919845283031463623e-03
-1.716725528240203857e-03 -1.056630723178386688e-02 5.510486662387847900e-03
4.222728312015533447e-03 -6.776582449674606323e-04 -8.166320621967315674e-03
6.000675261020660400e-03 -3.866149112582206726e-03 -2.357698976993560791e-03
-7.805652916431427002e-03 1.406569965183734894e-02 -3.515504300594329834e-03
-4.437573254108428955e-03 1.613029278814792633e-02 -2.800174057483673096e-03
-4.469901323318481445e-03 2.786728180944919586e-02 1.232222467660903931e-02
-1.459357887506484985e-02 7.977457717061042786e-03 1.966938376426696777e-03
1.047270745038986206e-02 1.035428978502750397e-02 -2.192680165171623230e-02
1.463855057954788208e-02 -1.164874248206615448e-02 2.864703536033630371e-03
6.144419312477111816e-04 -5.626676604151725769e-03 2.582170069217681885e-03
5.347140133380889893e-03 -6.922898814082145691e-03 4.283040761947631836e-04
5.341447889804840088e-03 3.766806796193122864e-03 -7.392823696136474609e-03
1.082233339548110962e-02 1.115276105701923370e-02 -1.570672541856765747e-02
-7.167734205722808838e-03 3.566982597112655640e-02 1.050727814435958862e-02
-1.154856383800506592e-02 1.049051620066165924e-02 -3.126405179500579834e-03
-2.462975680828094482e-03 9.524244815111160278e-04 -8.486356586217880249e-03
7.894732058048248291e-03 -1.377034001052379608e-02 -7.439255714416503906e-04
1.433856040239334106e-02 -3.932354971766471863e-03 3.457970917224884033e-03
-3.225430846214294434e-04 -7.522534579038619995e-04 4.896223545074462891e-04
8.620567619800567627e-03 -6.769476458430290222e-03 1.533403992652893066e-04
6.300263106822967529e-03 1.656498946249485016e-02 -8.796527981758117676e-04
-5.270294845104217529e-03 4.287230223417282104e-02 7.986284792423248291e-03
2.343636006116867065e-03 9.207812137901782990e-03 -8.341021835803985596e-03
-1.542460918426513672e-02 3.805724903941154480e-03 -5.588158965110778809e-04
-1.476798951625823975e-02 -5.313629284501075745e-03 4.648916423320770264e-03
-5.495771765708923340e-04 5.679095163941383362e-03 -1.536833122372627258e-02
1.918130367994308472e-02 -1.266807131469249725e-02 -1.019932329654693604e-03
6.530262529850006104e-03 -8.410526439547538757e-03 -7.315129041671752930e-04
1.651725918054580688e-02 -4.686383530497550964e-03 -6.722167134284973145e-03
-1.950740069150924683e-02 -1.947544328868389130e-02 4.691593348979949951e-03
-3.237240016460418701e-03 -2.360974065959453583e-02 -1.446828246116638184e-04
-5.295358598232269287e-03 -2.025334350764751434e-02 7.069371640682220459e-03
2.084262669086456299e-03 1.779379136860370636e-02 -2.858810126781463623e-03
2.156354486942291260e-03 7.297681644558906555e-03 1.517042517662048340e-03
2.317845588549971581e-03 -1.276988536119461060e-03 3.207318484783172607e-03
1.175187760964035988e-03 6.977520417422056198e-03 3.818824887275695801e-03
3.295905888080596924e-03 -6.598357111215591431e-03 1.138180494308471680e-03
1.805826090276241302e-02 1.592857949435710907e-02 -4.016712307929992676e-03
8.790446445345878601e-03 1.907628029584884644e-04 -2.005603164434432983e-03
7.354864384979009628e-03 -1.254556700587272644e-03 4.848986864089965820e-04
5.177974700927734375e-03 -2.495879307389259338e-04 1.999199390411376953e-03
-4.182110540568828583e-03 -3.967128694057464600e-03 1.235416531562805176e-02
-1.060088351368904114e-02 4.384188447147607803e-03 1.342175155878067017e-02
-1.357268169522285461e-02 -1.198705285787582397e-05 1.139701157808303833e-02
-4.900751635432243347e-03 2.193270251154899597e-03 6.085783243179321289e-03
-9.444776922464370728e-03 -2.049979753792285919e-03 2.727353572845458984e-02
-2.626004163175821304e-03 -3.967156633734703064e-03 8.627526462078094482e-03
1.260102726519107819e-02 4.681553225964307785e-03 5.454495549201965332e-04
5.289905704557895660e-03 -1.056796871125698090e-02 6.784640252590179443e-03
2.270309487357735634e-03 -6.174210458993911743e-03 4.307687282562255859e-03
8.109724149107933044e-04 4.823743831366300583e-03 1.964293420314788818e-03
7.193577010184526443e-03 1.806663349270820618e-03 -6.001070141792297363e-04
5.016217008233070374e-03 4.727822728455066681e-03 -4.302572458982467651e-03
2.571749500930309296e-02 8.914258331060409546e-03 -1.957349479198455811e-03
6.281291600316762924e-03 3.094929270446300507e-03 3.625676035881042480e-04
7.189211901277303696e-03 -4.421692341566085815e-03 -3.482460975646972656e-03
5.637647118419408798e-03 9.888503700494766235e-04 -1.029841601848602295e-03
-4.233777523040771484e-03 8.425675332546234131e-06 5.796447396278381348e-03
-7.463390007615089417e-03 -6.430009379982948303e-03 1.775017380714416504e-02
-3.615404479205608368e-03 3.743711858987808228e-04 1.211906969547271729e-02
-5.468756891787052155e-03 1.747326925396919250e-03 8.384674787521362305e-03
-2.405748702585697174e-02 -3.467349335551261902e-03 2.248384803533554077e-02
-1.219453290104866028e-02 -1.302223652601242065e-03 1.058309525251388550e-02
-2.075573429465293884e-03 -1.086880452930927277e-03 4.408590495586395264e-03
1.642683055251836777e-03 1.715335063636302948e-03 -3.830417990684509277e-04
3.806550288572907448e-03 -2.712756395339965820e-04 9.417533874511718750e-05
1.102503202855587006e-02 4.853783175349235535e-04 -6.871592253446578979e-03
5.755448713898658752e-03 2.601145766675472260e-03 -3.521759063005447388e-03
1.014242134988307953e-02 -1.610306091606616974e-03 2.933882176876068115e-03
1.202887203544378281e-02 1.253936812281608582e-02 3.004297614097595215e-03
-2.954346127808094025e-03 8.139668032526969910e-03 1.352918893098831177e-02
-3.198829945176839828e-03 -6.103627383708953857e-04 1.823305338621139526e-02
-5.072753876447677612e-03 -1.192102394998073578e-02 2.175240963697433472e-02
5.625598132610321045e-04 3.189099952578544617e-04 5.979403853416442871e-03
-2.729142457246780396e-02 7.808881811797618866e-03 1.900990307331085205e-02
-2.343191392719745636e-02 3.044874407351016998e-03 2.449682354927062988e-02
-1.468647643923759460e-02 -4.537155851721763611e-03 9.727463126182556152e-03
-1.962232030928134918e-02 7.575991097837686539e-03 7.196828722953796387e-03
1.659134775400161743e-02 3.595482558012008667e-03 -9.957395493984222412e-03
2.262412197887897491e-02 4.932128824293613434e-03 -1.534574851393699646e-02
3.173899650573730469e-02 1.079861540347337723e-02 -2.420341596007347107e-02
3.267682343721389771e-02 -5.756746977567672729e-04 -1.821545511484146118e-02
2.619887143373489380e-02 5.157725885510444641e-03 -1.903948932886123657e-02
1.994264870882034302e-02 -8.360860869288444519e-03 -8.082963526248931885e-03
-1.751475036144256592e-03 -3.413153812289237976e-03 9.541116654872894287e-03
-1.913797110319137573e-02 -1.304703764617443085e-02 2.074572443962097168e-02
-2.588649839162826538e-02 5.620824173092842102e-03 2.268090099096298218e-02
-3.210022300481796265e-02 2.078905887901782990e-02 2.019915729761123657e-02
-1.722302287817001343e-02 6.428081542253494263e-04 1.842328161001205444e-02
-2.341782301664352417e-02 1.641588285565376282e-03 1.805590838193893433e-02
9.033754467964172363e-04 3.143372014164924622e-03 -1.164451241493225098e-04
2.183104306459426880e-02 -2.539319917559623718e-03 -4.659883677959442139e-03
1.511687785387039185e-02 9.014489129185676575e-03 -7.407404482364654541e-03
4.430013149976730347e-02 8.438320830464363098e-03 -3.563869744539260864e-02
4.149899631738662720e-02 -6.364805623888969421e-03 -2.123101055622100830e-02
2.472323924303054810e-02 1.022117212414741516e-03 -1.841857284307479858e-02
4.535712301731109619e-03 -3.324596211314201355e-03 -3.672547638416290283e-03
-3.956787288188934326e-03 1.212926581501960754e-03 3.898836672306060791e-03
-1.926606148481369019e-02 5.049886181950569153e-03 1.311340183019638062e-02
-1.989548653364181519e-02 -2.273304387927055359e-03 1.772522181272506714e-02
-8.944205939769744873e-03 -5.047125741839408875e-03 1.113470643758773804e-02
2.487150579690933228e-02 2.107215113937854767e-02 -1.458763331174850464e-02
3.174997121095657349e-02 9.092198684811592102e-03 -2.014411985874176025e-02
1.611367613077163696e-02 1.317714340984821320e-02 -1.679113507270812988e-02
-1.280091702938079834e-03 1.371267624199390411e-02 -6.761692464351654053e-03
1.623339951038360596e-03 2.156065776944160461e-03 -7.778853178024291992e-03
2.904988825321197510e-03 2.502249553799629211e-03 -4.572883248329162598e-03
4.470236599445343018e-03 -2.300588414072990417e-03 -6.024464964866638184e-04
-2.082191407680511475e-03 2.437504008412361145e-03 9.494945406913757324e-04
3.732887655496597290e-02 6.906526163220405579e-03 -6.946839392185211182e-03
2.450234442949295044e-02 1.739745028316974640e-02 -1.478128880262374878e-02
2.351547032594680786e-02 1.720704324543476105e-02 -6.486147642135620117e-03
2.007202059030532837e-02 2.931104972958564758e-03 -1.327899098396301270e-02
1.139325648546218872e-02 1.028110273182392120e-02 -8.823230862617492676e-03
5.095578730106353760e-03 8.467542007565498352e-03 -2.294212579727172852e-03
8.494980633258819580e-03 8.640291169285774231e-03 -8.639872074127197266e-03
3.979213535785675049e-03 1.083733513951301575e-03 -1.008808612823486328e-03
1.691443473100662231e-02 1.043415255844593048e-02 -9.530737996101379395e-03
3.271363675594329834e-03 1.820014789700508118e-03 2.357445657253265381e-03
5.241103470325469971e-03 3.683926537632942200e-03 4.717335104942321777e-04
4.096277058124542236e-03 -1.610262319445610046e-03 1.182764768600463867e-03
3.990106284618377686e-03 -6.946735084056854248e-05 9.113848209381103516e-04
3.647334873676300049e-03 -1.206381246447563171e-03 7.226467132568359375e-04
3.765173256397247314e-03 -1.032335683703422546e-03 -1.616999506950378418e-04
3.793202340602874756e-03 -1.120297238230705261e-03 5.012676119804382324e-04
2.080924808979034424e-03 6.677079945802688599e-04 5.988672375679016113e-03
4.262141883373260498e-03 -8.739810436964035034e-04 5.273744463920593262e-04
3.686927258968353271e-03 -1.199690625071525574e-03 3.602281212806701660e-04
3.782959189265966415e-03 -1.013608649373054504e-03 -2.477616071701049805e-04
4.166394006460905075e-03 -9.954003617167472839e-04 9.462386369705200195e-04
4.098212812095880508e-03 -5.940096452832221985e-04 3.824830055236816406e-04
3.845402039587497711e-03 -9.133657440543174744e-04 5.456730723381042480e-04
3.934336360543966293e-03 -7.762741297483444214e-04 4.261732101440429688e-04
3.281256882473826408e-03 7.988642901182174683e-04 6.190121173858642578e-03
3.713807789608836174e-03 -1.074213534593582153e-03 4.198849201202392578e-04
4.058189690113067627e-03 -9.298659861087799072e-04 1.334995031356811523e-04
3.819804172962903976e-03 -1.142643392086029053e-03 8.714869618415832520e-04
3.745345864444971085e-03 -1.064574345946311951e-03 1.480206847190856934e-04
3.744646906852722168e-03 -8.111149072647094727e-04 6.274655461311340332e-04
3.864924656227231026e-03 -1.069542020559310913e-03 5.193650722503662109e-04
3.778036683797836304e-03 -1.176631078124046326e-03 3.680437803268432617e-04
2.467012265697121620e-03 3.632465377449989319e-04 6.667234003543853760e-03
-2.537287306040525436e-03 -3.526061773300170898e-04 5.071453750133514404e-03
1.810360699892044067e-03 1.477778889238834381e-03 1.554302871227264404e-03
1.632849453017115593e-03 1.046841964125633240e-03 6.947219371795654297e-04
8.839479647576808929e-03 1.032085157930850983e-03 -3.507971763610839844e-03
5.873522255569696426e-03 -2.219684422016143799e-03 -1.076843589544296265e-03
4.409301094710826874e-03 -3.171578980982303619e-03 -3.478452563285827637e-04
4.539919551461935043e-03 -2.308914437890052795e-03 7.009729743003845215e-04
2.434171549975872040e-02 1.430794596672058105e-03 -9.022977203130722046e-03
1.714006066322326660e-05 -4.708584398031234741e-03 4.200093448162078857e-03
7.148266769945621490e-03 2.249901182949542999e-03 -2.271968871355056763e-03
-2.617382910102605820e-03 -1.310025341808795929e-03 4.922255873680114746e-03
1.104225311428308487e-02 3.475612029433250427e-04 -4.487361758947372437e-03
7.409715093672275543e-03 -4.424925893545150757e-03 -6.060823798179626465e-04
5.587435327470302582e-03 -2.131314948201179504e-03 -8.197948336601257324e-04
5.430106073617935181e-03 -2.108746208250522614e-03 -4.503503441810607910e-04
4.804573487490415573e-03 1.420820131897926331e-03 3.843009471893310547e-03
4.771567881107330322e-03 -2.069113776087760925e-03 8.085370063781738281e-05
5.780898034572601318e-03 -2.039155922830104828e-03 -9.347200393676757812e-04
5.209866445511579514e-03 -2.161771990358829498e-03 -2.386271953582763672e-04
4.668563138693571091e-03 -2.468555234372615814e-03 -2.620369195938110352e-05
7.541636005043983459e-03 -2.838580869138240814e-03 -2.115774899721145630e-03
6.188496947288513184e-03 -2.720482647418975830e-03 -7.625892758369445801e-04
6.573002785444259644e-03 -1.136782579123973846e-03 -1.821648329496383667e-03
7.283795624971389771e-03 -1.986113376915454865e-03 4.288420081138610840e-03
5.464871414005756378e-03 -2.272822894155979156e-03 -7.589012384414672852e-04
5.188118666410446167e-03 -1.914727501571178436e-03 -9.198784828186035156e-04
5.570067092776298523e-03 -2.499772235751152039e-03 2.060085535049438477e-05
5.033065564930438995e-03 -2.301382832229137421e-03 -5.227327346801757812e-04
5.022963508963584900e-03 -1.456851139664649963e-03 9.978562593460083008e-05
5.466590635478496552e-03 -1.607603393495082855e-03 -2.354532480239868164e-04
5.374584812670946121e-03 -1.183187589049339294e-03 -1.832097768783569336e-04
4.889314062893390656e-03 3.292923793196678162e-04 2.993367612361907959e-03
5.466875154525041580e-03 -1.448517665266990662e-03 -9.379126131534576416e-04
4.866562783718109131e-03 -2.394063398241996765e-03 -3.917515277862548828e-05
4.084475338459014893e-03 -1.587865874171257019e-03 1.031823456287384033e-03
3.144524991512298584e-03 -4.118364304304122925e-04 1.127503812313079834e-03
4.021771252155303955e-03 -2.550913020968437195e-03 7.179826498031616211e-04
4.342950880527496338e-03 -1.842005178332328796e-03 3.060325980186462402e-04
4.379950463771820068e-03 -1.369221135973930359e-03 -1.102149486541748047e-03
3.577478229999542236e-03 -1.212192699313163757e-03 5.429901182651519775e-03
5.212791264057159424e-03 -3.572149202227592468e-03 8.132830262184143066e-04
4.406921565532684326e-03 1.793669536709785461e-03 -1.412697136402130127e-03
3.669314086437225342e-03 -3.287581726908683777e-03 8.731558918952941895e-04
3.559909760951995850e-03 -6.593687459826469421e-03 8.825063705444335938e-04
4.539333283901214600e-03 -3.185210749506950378e-03 -1.808777451515197754e-04
5.120344460010528564e-03 -5.895597860217094421e-03 -2.987682819366455078e-05
-4.000581800937652588e-03 -9.573323652148246765e-03 2.077266573905944824e-03
-2.540608495473861694e-02 -1.346470229327678680e-02 1.000689715147018433e-02
-1.471941918134689331e-02 -1.248934678733348846e-02 5.459792912006378174e-03
1.108266413211822510e-03 -9.881686419248580933e-04 -2.244614064693450928e-03
9.192980825901031494e-03 5.042346194386482239e-03 2.808623015880584717e-03
1.248412579298019409e-02 -3.228826448321342468e-03 -1.280449330806732178e-03
8.977256715297698975e-03 -8.251396939158439636e-03 9.477436542510986328e-04
3.633163869380950928e-03 -6.455255672335624695e-03 -1.506648957729339600e-03
6.008572876453399658e-03 3.761867061257362366e-03 -7.237784564495086670e-03
1.507915556430816650e-03 6.522441282868385315e-03 -3.369003534317016602e-03
-1.332318037748336792e-02 3.883810713887214661e-03 -9.827315807342529297e-04
-2.366190403699874878e-02 1.021813973784446716e-02 7.816590368747711182e-03
-1.092382520437240601e-02 -8.550249040126800537e-03 6.192155182361602783e-03
-1.188195496797561646e-02 -7.481966167688369751e-03 3.345400094985961914e-03
-4.848703742027282715e-03 -1.071199774742126465e-03 -1.034426316618919373e-02
1.411840319633483887e-02 2.654867246747016907e-03 -1.611402258276939392e-02
1.300070434808731079e-02 -7.923189550638198853e-03 -1.226645335555076599e-02
1.590179651975631714e-02 -1.247780397534370422e-02 -2.738915383815765381e-03
9.521611034870147705e-03 -4.222221672534942627e-03 -1.336622238159179688e-02
1.093751937150955200e-02 -1.711988821625709534e-03 -1.038477942347526550e-02
8.939214050769805908e-03 6.882756948471069336e-03 -1.132519915699958801e-02
-4.460602998733520508e-03 2.130213193595409393e-02 -1.517058908939361572e-02
-1.235614717006683350e-02 2.031511068344116211e-02 -1.439142227172851562e-02
-8.268676698207855225e-03 1.760207302868366241e-02 -1.575724780559539795e-02
2.886742353439331055e-03 8.031869307160377502e-03 -1.488312333822250366e-02
1.363154500722885132e-02 -1.069847494363784790e-04 -8.486881852149963379e-03
1.061742007732391357e-02 -8.411416783928871155e-03 -9.837057441473007202e-03
9.391658008098602295e-03 -6.882729008793830872e-03 -6.571356207132339478e-03
-2.307593822479248047e-03 -1.042561046779155731e-02 -2.131074666976928711e-03
1.053325831890106201e-03 -6.767608225345611572e-03 -2.160429954528808594e-03
8.629746735095977783e-03 -4.275137558579444885e-03 -4.278190433979034424e-03
1.089356094598770142e-02 -4.452584311366081238e-03 -2.985902130603790283e-03
7.036216557025909424e-03 -7.438248023390769958e-03 -3.139473497867584229e-03
-1.048885285854339600e-03 -8.423514664173126221e-03 2.080865204334259033e-03
1.761950785294175148e-03 -7.467867806553840637e-03 1.142077147960662842e-03
4.536276683211326599e-03 -2.937594428658485413e-03 4.159443080425262451e-03
4.637924488633871078e-03 -6.999205797910690308e-04 -1.848656684160232544e-03
2.323652384802699089e-03 -1.740050502121448517e-03 -3.466151654720306396e-03
4.416903480887413025e-03 -9.459733963012695312e-03 -1.492206007242202759e-03
1.991256140172481537e-03 -1.095371693372726440e-02 -2.378944307565689087e-03
8.989602793008089066e-04 -7.719291374087333679e-03 -3.313146531581878662e-03
-1.148786582052707672e-02 -8.363420143723487854e-03 9.951837360858917236e-03
-4.280799068510532379e-03 4.918379709124565125e-04 -3.679465502500534058e-03
-5.716581828892230988e-03 -1.289970241487026215e-03 -1.477953046560287476e-03
1.331718405708670616e-03 -1.261863857507705688e-03 -9.062755852937698364e-03
7.506146095693111420e-03 3.095350228250026703e-03 -5.540493875741958618e-03
3.543883096426725388e-03 -3.422582522034645081e-03 -4.051890224218368530e-03
4.519666545093059540e-03 2.542648464441299438e-03 -6.869811564683914185e-03
8.896321058273315430e-03 3.751698881387710571e-03 -5.460955202579498291e-03
1.045412383973598480e-02 -8.986284956336021423e-03 1.619689911603927612e-02
2.206059405580163002e-03 -9.580740705132484436e-03 -5.958978086709976196e-03
2.479883842170238495e-03 -6.793564185500144958e-03 -7.565021514892578125e-03
8.756989613175392151e-03 -7.166374474763870239e-03 -6.523985415697097778e-03
3.687374293804168701e-03 -1.252083107829093933e-02 1.686662435531616211e-03
1.176970358937978745e-02 -6.640339270234107971e-03 8.024498820304870605e-04
1.133238431066274643e-02 -6.317403167486190796e-03 -3.445964306592941284e-03
6.753900088369846344e-03 -7.650341838598251343e-03 -2.865258604288101196e-03
6.697062402963638306e-03 4.033050965517759323e-03 -1.116585731506347656e-02
1.026738621294498444e-02 -6.969152018427848816e-03 -4.626702517271041870e-03
1.112900860607624054e-02 -6.847260519862174988e-03 -5.374412983655929565e-03
1.538205053657293320e-02 -5.802720785140991211e-03 -5.753412842750549316e-03
1.060905773192644119e-02 -1.002926565706729889e-02 -7.358882576227188110e-03
7.468307856470346451e-03 -9.960820898413658142e-04 -7.673542946577072144e-03
8.279861882328987122e-03 2.740380354225635529e-03 -2.803765237331390381e-03
-6.892565637826919556e-03 1.127311959862709045e-03 3.465868532657623291e-03
-8.778346702456474304e-03 1.666617207229137421e-02 2.957582473754882812e-03
1.237974036484956741e-03 7.568873930722475052e-03 5.327403545379638672e-03
-7.945366203784942627e-03 1.698359474539756775e-02 -9.351212531328201294e-03
-6.641764193773269653e-04 7.257173303514719009e-03 2.949438989162445068e-03
-9.565153159201145172e-04 -1.656373962759971619e-03 7.221326231956481934e-03
-1.691201236099004745e-03 -1.560041680932044983e-03 1.702375710010528564e-03
6.503376644104719162e-04 4.882415290921926498e-03 -3.685530275106430054e-03
5.082272924482822418e-03 4.351297393441200256e-04 -5.594167858362197876e-03
6.284972652792930603e-03 1.939848996698856354e-02 3.238171339035034180e-03
1.225544838234782219e-03 -3.513704985380172729e-03 -6.046537309885025024e-03
-4.049478098750114441e-03 -5.524793639779090881e-03 -7.877949625253677368e-03
2.080577658489346504e-03 4.528677091002464294e-04 3.032110631465911865e-03
6.120820529758930206e-03 -5.326839163899421692e-03 4.431903362274169922e-04
2.294789766892790794e-03 -4.371706396341323853e-03 7.013671100139617920e-03
5.915632937103509903e-04 -4.467133432626724243e-03 -2.798181027173995972e-03
3.276031464338302612e-03 -3.691826947033405304e-03 -2.495978027582168579e-03
-3.714576363563537598e-03 -4.344256594777107239e-03 1.324360817670822144e-02
-5.985796451568603516e-05 1.290222629904747009e-03 1.079484820365905762e-03
3.013916313648223877e-03 4.198761656880378723e-03 -4.191257059574127197e-03
5.884021520614624023e-04 2.133524045348167419e-03 -8.984614163637161255e-03
3.794163465499877930e-03 -5.261035636067390442e-03 -6.608128547668457031e-03
9.702183306217193604e-04 -1.048948802053928375e-02 7.421985268592834473e-03
-2.242144197225570679e-03 -1.026764325797557831e-02 -3.425844013690948486e-03
3.542348742485046387e-03 -3.214387223124504089e-03 -4.797324538230895996e-03
2.595894038677215576e-04 3.833565860986709595e-04 1.546708494424819946e-02
3.210783004760742188e-03 -8.882241323590278625e-03 -5.659461021423339844e-04
7.399652153253555298e-03 -1.318337395787239075e-03 -7.573816925287246704e-03
5.161277949810028076e-03 -2.198113128542900085e-03 -6.942041218280792236e-03
5.247291177511215210e-03 -1.107880845665931702e-03 -6.173677742481231689e-03
3.951512277126312256e-03 -6.509182974696159363e-03 -5.873639136552810669e-03
1.568466424942016602e-03 -5.440773442387580872e-03 -4.481475800275802612e-03
-1.595634967088699341e-03 -1.422830112278461456e-02 -5.825676023960113525e-03
5.673989653587341309e-04 9.156281128525733948e-03 2.354747056961059570e-02
3.237161785364151001e-03 -4.321901127696037292e-03 1.349364966154098511e-02
4.422299563884735107e-03 -3.392504528164863586e-03 -9.170286357402801514e-04
4.959613084793090820e-03 -1.048720069229602814e-02 -1.621676236391067505e-02
7.562011480331420898e-03 -2.687888219952583313e-03 -2.824291586875915527e-04
6.166830658912658691e-03 -5.996378138661384583e-03 -6.227698177099227905e-03
-1.313943415880203247e-02 -1.087183132767677307e-03 2.894029021263122559e-04
-1.177117228507995605e-02 -7.437353953719139099e-03 3.359638154506683350e-03
-1.356592029333114624e-02 -4.270395264029502869e-03 1.719581335783004761e-02
-2.195015549659729004e-03 -4.555346444249153137e-03 6.427511572837829590e-03
-1.405330747365951538e-02 -3.988200798630714417e-03 5.133010447025299072e-03
-1.891662925481796265e-02 -4.582373425364494324e-03 1.038032025098800659e-02
-1.275727897882461548e-02 -3.332609310746192932e-03 7.622428238391876221e-03
-1.002841442823410034e-02 -4.689516499638557434e-03 1.470558345317840576e-03
-6.321910768747329712e-03 -8.128011599183082581e-03 -4.781823605298995972e-03
-7.242366671562194824e-03 -1.896636560559272766e-03 -2.444047480821609497e-03
-6.502505391836166382e-03 -1.958187855780124664e-02 5.575753748416900635e-03
-3.544330596923828125e-03 -1.808237284421920776e-03 1.087389886379241943e-03
5.865991115570068359e-04 3.889648243784904480e-03 1.681170612573623657e-02
-5.280621349811553955e-03 -1.956263557076454163e-03 6.566420197486877441e-04
-2.275466918945312500e-03 -4.743093624711036682e-03 -4.935376346111297607e-03
-2.012252807617187500e-03 -3.156753256916999817e-03 -4.694245755672454834e-03
-2.855241298675537109e-03 -2.322392538189888000e-03 -9.934231638908386230e-03
-1.532927155494689941e-03 -2.331828698515892029e-03 2.672925591468811035e-03
-3.060325980186462402e-04 4.435280337929725647e-03 1.440016180276870728e-02
-5.828961730003356934e-04 -2.691032364964485168e-03 3.616034984588623047e-03
-3.951855003833770752e-03 -3.080056980252265930e-03 -1.132910326123237610e-02
1.389212906360626221e-03 -9.459799155592918396e-03 -3.876022994518280029e-03
2.594940364360809326e-03 -1.098616607487201691e-02 -3.833353519439697266e-03
-1.349449157714843750e-03 -6.618471816182136536e-03 -1.143887639045715332e-04
-1.081928610801696777e-03 7.052291184663772583e-04 1.858204603195190430e-03
-2.511493861675262451e-03 5.716448184102773666e-03 -1.652002334594726562e-03
-6.377558223903179169e-03 3.564139828085899353e-03 2.513581514358520508e-02
-2.564903348684310913e-03 -1.372896134853363037e-02 -6.574019789695739746e-04
-6.219036877155303955e-04 -1.622878760099411011e-02 -4.445958882570266724e-03
-1.035932917147874832e-02 1.013493537902832031e-02 -7.787272334098815918e-04
-9.464341215789318085e-03 -9.832615032792091370e-04 3.209166228771209717e-03
-8.857169188559055328e-03 -1.445852033793926239e-02 3.600247204303741455e-03
-1.799985393881797791e-02 2.725257538259029388e-03 7.602080702781677246e-03
-1.011867914348840714e-02 5.754346027970314026e-03 7.452219724655151367e-03
-1.363512687385082245e-02 -6.926152855157852173e-04 3.315566480159759521e-02
-9.024268016219139099e-03 -9.958429262042045593e-03 9.497433900833129883e-03
-1.066916901618242264e-02 -1.970642246305942535e-02 2.677559852600097656e-03
2.489826641976833344e-03 -1.750144548714160919e-02 -3.067463636398315430e-03
4.909837618470191956e-03 -4.859035834670066833e-03 -7.834028452634811401e-03
7.346170488744974136e-03 -6.131378933787345886e-03 -8.734755218029022217e-03
1.035041548311710358e-02 -3.867912106215953827e-03 -9.112797677516937256e-03
1.332538481801748276e-02 -5.414588376879692078e-04 -6.717767566442489624e-03
1.767507568001747131e-02 1.020778715610504150e-02 1.395045965909957886e-02
1.070830039680004120e-04 2.900399267673492432e-03 3.519028425216674805e-03
2.899793209508061409e-03 4.051700234413146973e-04 3.883063793182373047e-03
-1.718347147107124329e-02 -5.829531699419021606e-03 -6.306692957878112793e-04
-1.536501012742519379e-02 -1.950097270309925079e-03 -1.093830168247222900e-02
-3.822458907961845398e-03 -1.740100793540477753e-02 -5.563836544752120972e-03
1.997248036786913872e-03 -8.477192372083663940e-03 -1.285742968320846558e-03
4.006158560514450073e-04 -6.716120988130569458e-04 -8.219026029109954834e-03
1.385169290006160736e-02 1.768633536994457245e-02 2.788074314594268799e-03
1.636886782944202423e-02 3.224464133381843567e-03 3.709867596626281738e-04
1.002307422459125519e-02 3.384016454219818115e-03 -1.522716134786605835e-03
-4.073050804436206818e-04 -1.879132352769374847e-03 -1.039275154471397400e-02
2.866781549528241158e-03 -1.047117635607719421e-02 -7.762208580970764160e-03
-9.554556570947170258e-03 -5.209960043430328369e-03 8.099362254142761230e-03
-2.051965333521366119e-02 -1.049884408712387085e-02 1.095087081193923950e-02
-1.944999396800994873e-02 -8.361551910638809204e-03 1.270182430744171143e-03
-1.704062893986701965e-02 -1.751724816858768463e-02 -1.199853420257568359e-02
-2.799624111503362656e-03 6.735380738973617554e-04 -9.113192558288574219e-03
1.873282017186284065e-03 7.125852163881063461e-03 -6.019826978445053101e-03
1.559366006404161453e-03 8.033435791730880737e-03 -5.628157407045364380e-03
1.042824052274227142e-02 1.133614499121904373e-02 -4.108913242816925049e-03
1.213104464113712311e-02 1.080928277224302292e-02 -9.989753365516662598e-03
3.633206710219383240e-03 3.182636573910713196e-04 -1.196907088160514832e-02
9.020303841680288315e-04 -6.242338567972183228e-04 -9.447257965803146362e-03
2.272723615169525146e-02 1.548787578940391541e-02 4.383236169815063477e-03
1.378656178712844849e-02 4.404189065098762512e-03 1.969709992408752441e-04
1.104500889778137207e-02 5.299843382090330124e-03 -9.742658585309982300e-03
6.152392365038394928e-03 4.918678198009729385e-03 -1.974540948867797852e-02
7.883682847023010254e-03 4.810203798115253448e-03 -1.703255623579025269e-02
1.231719553470611572e-02 6.760285235941410065e-03 -1.016250997781753540e-02
9.588541463017463684e-03 4.387734457850456238e-03 -1.102378591895103455e-02
6.813790649175643921e-03 -2.692738547921180725e-03 -7.182355970144271851e-03
6.879400461912155151e-04 6.758661940693855286e-03 -1.017459109425544739e-02
6.886912509799003601e-03 8.487515151500701904e-05 5.459040403366088867e-05
7.615882903337478638e-03 -3.070013597607612610e-03 4.883214831352233887e-03
-4.110997542738914490e-03 6.017209962010383606e-03 -5.497779697179794312e-03
-5.734656006097793579e-03 6.181331351399421692e-03 -1.649088412523269653e-02
-1.460667699575424194e-03 1.576920971274375916e-03 -1.019597053527832031e-02
1.506930217146873474e-03 -5.345791578292846680e-07 -1.411206647753715515e-02
8.133158087730407715e-03 -1.793788745999336243e-03 3.651604056358337402e-04
8.356625214219093323e-03 4.880500957369804382e-03 9.244903922080993652e-03
6.572052836418151855e-03 4.234453663229942322e-03 -6.350539624691009521e-03
2.233242616057395935e-03 2.678679302334785461e-03 -1.166226714849472046e-02
-5.910187959671020508e-03 -4.927042871713638306e-03 4.396833479404449463e-03
-5.044551566243171692e-03 -2.634290605783462524e-03 3.534927964210510254e-04
-4.988148808479309082e-03 1.229869201779365540e-03 -6.848871707916259766e-03
-2.949681133031845093e-03 3.973418846726417542e-03 -7.713697850704193115e-03
-4.794664680957794189e-03 -5.758689716458320618e-03 -4.508681595325469971e-03
1.051637157797813416e-02 8.243599906563758850e-03 -7.568523287773132324e-04
9.484540671110153198e-03 7.992343977093696594e-03 -1.254023239016532898e-02
1.093988865613937378e-02 7.357373833656311035e-03 -8.433125913143157959e-03
-2.703264355659484863e-03 1.354051753878593445e-03 -3.053490072488784790e-03
-8.227530866861343384e-03 -1.170629635453224182e-03 -6.149921566247940063e-03
-1.150805130600929260e-02 -5.394021049141883850e-03 4.838638007640838623e-03
-1.895937509834766388e-02 -2.068256400525569916e-02 1.657744497060775757e-02
-2.282419987022876740e-02 -1.946092583239078522e-02 8.213110268115997314e-03
-2.140101417899131775e-02 3.771467134356498718e-03 7.935889065265655518e-03
3.377066925168037415e-03 -3.407752141356468201e-03 5.837075412273406982e-03
6.200497969985008240e-03 -8.251732215285301208e-03 5.023039877414703369e-03
5.092304199934005737e-04 -4.474209621548652649e-03 7.063969969749450684e-04
-4.276333376765251160e-03 -1.255701668560504913e-02 2.788536250591278076e-03
-4.654351621866226196e-03 -1.138654910027980804e-02 1.695886254310607910e-03
-6.135290488600730896e-03 -8.044565096497535706e-03 2.695396542549133301e-04
-2.681432291865348816e-03 5.231229588389396667e-03 1.667581498622894287e-03
-7.521532475948333740e-03 -3.190718591213226318e-03 2.387619018554687500e-02
-6.447859108448028564e-03 -2.553146332502365112e-03 5.909867584705352783e-03
-8.732847869396209717e-03 -3.048632293939590454e-03 6.421133875846862793e-04
-9.211286902427673340e-03 -3.650574013590812683e-03 4.058159887790679932e-03
-9.474039077758789062e-03 -6.943576037883758545e-03 1.622729003429412842e-02
-7.558926939964294434e-03 7.134694606065750122e-04 4.409298300743103027e-03
-6.793633103370666504e-03 6.133187562227249146e-04 2.719156444072723389e-03
-1.005880534648895264e-02 2.349218353629112244e-03 -3.518521785736083984e-03
-2.885892987251281738e-03 1.662549935281276703e-02 -3.505889326333999634e-03
-8.256636559963226318e-03 -9.978953748941421509e-04 1.070720702409744263e-02
-7.561318576335906982e-03 -6.462259218096733093e-03 1.788636296987533569e-02
-8.070722222328186035e-03 -1.209756173193454742e-02 6.357856094837188721e-03
-8.478589355945587158e-03 -5.285283550620079041e-03 5.557544529438018799e-03
-1.233202219009399414e-02 -5.944995209574699402e-03 -5.487941205501556396e-03
-8.571783080697059631e-03 3.635574132204055786e-03 1.478061079978942871e-03
-8.797506801784038544e-03 3.330991603434085846e-03 4.749916493892669678e-03
-6.048392504453659058e-03 1.704226993024349213e-02 8.093364536762237549e-03
-7.081529125571250916e-03 7.048760540783405304e-03 2.282850444316864014e-03
-3.882776014506816864e-03 -3.432878293097019196e-03 1.182705163955688477e-04
-3.394559025764465332e-03 -8.834784850478172302e-03 3.150671720504760742e-03
8.018892258405685425e-03 -7.651453837752342224e-03 -3.902509808540344238e-03
7.046256214380264282e-03 -3.937631845474243164e-05 -1.160122454166412354e-02
3.852705238386988640e-03 -6.205216050148010254e-03 -1.483984664082527161e-02
3.222193103283643723e-03 -5.974944680929183960e-03 -1.225731894373893738e-02
2.009860426187515259e-02 5.388915538787841797e-03 7.308371365070343018e-03
1.013725809752941132e-02 -2.984905615448951721e-03 -1.025013253092765808e-02
3.311372362077236176e-03 2.587618306279182434e-03 -6.290450692176818848e-03
-5.106897093355655670e-03 4.568062722682952881e-04 2.388097345829010010e-03
-3.255880903452634811e-03 3.497479483485221863e-04 -6.616115570068359375e-04
-9.726393036544322968e-04 -4.320966079831123352e-03 -1.453362405300140381e-03
-5.103987641632556915e-03 1.436868682503700256e-03 2.460740506649017334e-03
-5.891622044146060944e-03 -5.317158997058868408e-03 9.061291813850402832e-03
-7.368327118456363678e-03 -2.855691127479076385e-03 1.495397090911865234e-02
-1.063102390617132187e-03 -9.463692083954811096e-03 -6.748370826244354248e-03
-1.936024054884910583e-03 -2.694474533200263977e-04 -9.960893541574478149e-03
-5.889701656997203827e-03 2.326592803001403809e-04 -6.097670644521713257e-03
-8.312253281474113464e-03 -4.145568236708641052e-03 8.924454450607299805e-04
-1.000580377876758575e-02 -2.981127239763736725e-03 2.167716622352600098e-03
-9.913561865687370300e-03 -1.514274626970291138e-04 -1.559779047966003418e-03
-9.769947268068790436e-03 -1.526105217635631561e-03 -2.148587256669998169e-03
6.728576961904764175e-03 -2.064854837954044342e-02 -1.009932532906532288e-02
5.062711890786886215e-03 -1.494451425969600677e-03 -1.620143279433250427e-02
9.454386308789253235e-04 8.182387799024581909e-03 -1.210077479481697083e-02
-1.345220953226089478e-03 1.317183952778577805e-02 -1.432966813445091248e-02
5.996926687657833099e-03 6.979097146540880203e-03 -1.114176958799362183e-02
3.831001231446862221e-03 4.718949552625417709e-03 -5.809225142002105713e-03
1.454171724617481232e-03 -9.072897955775260925e-04 -8.677035570144653320e-03
1.049476908519864082e-03 1.524016261100769043e-03 -8.447505533695220947e-03
-4.881577566266059875e-03 3.167840652167797089e-03 -3.463972359895706177e-03
-4.603435285389423370e-03 -1.047688536345958710e-02 -7.792767137289047241e-03
-5.255443975329399109e-03 -9.571753442287445068e-03 -7.080137729644775391e-03
-4.900373518466949463e-03 1.050206180661916733e-02 -5.651287734508514404e-03
-4.144039005041122437e-03 5.237631499767303467e-03 -6.337273865938186646e-03
-4.045450128614902496e-03 6.198117509484291077e-03 -8.862555027008056641e-03
-2.840306144207715988e-03 2.582062035799026489e-03 -6.096828728914260864e-03
-3.362448420375585556e-03 4.453525878489017487e-03 1.426118612289428711e-02
-5.689539015293121338e-03 -5.888352170586585999e-03 2.103634923696517944e-02
-8.524101227521896362e-03 -1.598469540476799011e-02 -1.216145977377891541e-02
-1.053617242723703384e-02 -2.033663727343082428e-02 -1.524809747934341431e-03
-4.255563020706176758e-03 6.454513873904943466e-03 1.053964346647262573e-02
-4.922909662127494812e-03 -7.372889667749404907e-04 -2.687238156795501709e-03
-7.881976664066314697e-03 -6.261100992560386658e-03 -5.030903965234756470e-03
-3.488074988126754761e-03 -5.946556106209754944e-03 7.729895412921905518e-03
-1.164923422038555145e-03 -3.935422748327255249e-03 8.247047662734985352e-04
-9.366820566356182098e-03 2.712769433856010437e-03 -1.298764348030090332e-02
-1.683812588453292847e-04 -4.650969058275222778e-04 -5.585763603448867798e-03
2.663554623723030090e-03 4.557562991976737976e-03 1.977203041315078735e-02
-9.349454194307327271e-04 1.489343121647834778e-03 -2.707131206989288330e-03
-8.308328688144683838e-05 -7.812893018126487732e-03 -2.623647451400756836e-03
1.767436042428016663e-03 -7.822625339031219482e-04 -4.836555570363998413e-03
4.186321049928665161e-03 -6.979051977396011353e-04 -9.921234101057052612e-03
8.600428700447082520e-04 -4.433890804648399353e-03 -1.648595556616783142e-02
-6.625689566135406494e-03 -1.257490180432796478e-02 6.620064377784729004e-04
-4.510022699832916260e-03 3.737846389412879944e-03 -1.347779482603073120e-02
-1.784067600965499878e-03 1.387478783726692200e-03 -7.396154105663299561e-03
1.772891730070114136e-03 2.910694107413291931e-03 -7.679071277379989624e-03
7.079701870679855347e-03 -7.338952273130416870e-04 -2.156496047973632812e-03
9.806707501411437988e-03 -6.925147026777267456e-04 -3.962233662605285645e-03
1.028837263584136963e-02 -2.925107255578041077e-03 -4.431650042533874512e-03
-3.229156136512756348e-04 -4.669880494475364685e-03 -6.894372403621673584e-03
-1.007705181837081909e-02 4.818664863705635071e-03 -1.189933717250823975e-02
-6.465174257755279541e-03 7.429538294672966003e-03 -8.702360093593597412e-03
-6.729885935783386230e-04 7.626520469784736633e-03 -5.867384374141693115e-03
-1.702599227428436279e-03 6.923941895365715027e-03 -7.638640701770782471e-03
2.278961241245269775e-03 6.299013271927833557e-03 -4.537545144557952881e-03
9.431414306163787842e-03 3.502821549773216248e-03 3.915108740329742432e-03
3.359131515026092529e-03 -9.473171085119247437e-04 -1.523368060588836670e-03
-1.482926309108734131e-03 -6.593687459826469421e-03 5.560480058193206787e-03
5.547329783439636230e-04 -9.217979386448860168e-03 2.888630330562591553e-02
-4.058502614498138428e-03 3.080088645219802856e-04 3.373019397258758545e-03
-1.510627567768096924e-03 -1.192195340991020203e-03 4.323810338973999023e-03
-1.966722309589385986e-03 1.464685425162315369e-03 6.406232714653015137e-04
-1.374907791614532471e-03 -2.078773453831672668e-03 -4.662245512008666992e-03
1.946575939655303955e-03 -8.896160870790481567e-04 2.458550035953521729e-03
3.567412495613098145e-04 3.140779212117195129e-03 3.935098648071289062e-03
-2.105437219142913818e-03 -9.185802191495895386e-04 3.406211733818054199e-03
-6.623618304729461670e-03 -7.249763235449790955e-03 1.566233485937118530e-02
-1.921281218528747559e-04 1.608489081263542175e-03 6.810948252677917480e-04
-3.862731158733367920e-03 3.654936328530311584e-03 2.651765942573547363e-03
-7.185943424701690674e-03 1.603642478585243225e-03 4.565246403217315674e-03
-8.643798530101776123e-03 1.959091052412986755e-03 4.380084574222564697e-03
-7.521755993366241455e-03 2.269970253109931946e-03 4.483535885810852051e-03
-3.537565469741821289e-03 1.594927161931991577e-04 2.233713865280151367e-03
-1.888222992420196533e-03 8.417498320341110229e-04 -2.615422010421752930e-03
9.000379592180252075e-03 2.498725429177284241e-03 2.155915647745132446e-02
1.983711495995521545e-03 -4.562940448522567749e-04 -2.102553844451904297e-05
-9.627994149923324585e-04 -6.481315940618515015e-04 -1.084274798631668091e-02
1.476772222667932510e-02 -3.635067492723464966e-03 -5.364269018173217773e-04
2.271433919668197632e-02 -7.055373862385749817e-03 7.649846374988555908e-03
2.286922372877597809e-02 -6.812699139118194580e-03 -3.758415579795837402e-03
2.387173846364021301e-02 -1.170199364423751831e-03 -2.016678452491760254e-02
3.076387010514736176e-02 1.064443960785865784e-03 -2.093520760536193848e-02
3.999469801783561707e-02 5.164067260921001434e-03 -4.088073968887329102e-03
2.081548608839511871e-02 1.097146421670913696e-03 -9.240757673978805542e-03
3.087816573679447174e-02 -1.149264164268970490e-03 -9.333442896604537964e-03
3.415505960583686829e-02 2.528852783143520355e-03 -1.814106851816177368e-02
2.448019944131374359e-02 -8.894782513380050659e-05 -1.158697158098220825e-02
1.920277252793312073e-02 4.117628559470176697e-03 -1.249160245060920715e-02
1.171251386404037476e-02 1.856591552495956421e-03 -9.678300470113754272e-03
9.181234985589981079e-03 5.470520816743373871e-03 -9.481102228164672852e-03
-3.860439173877239227e-03 7.294724229723215103e-03 -1.237916946411132812e-02
4.425831139087677002e-03 5.693690851330757141e-03 -6.218753755092620850e-03
-1.801338978111743927e-03 4.894354380667209625e-03 -1.441614702343940735e-02
9.028527885675430298e-03 7.200535852462053299e-03 1.016475260257720947e-03
4.411498550325632095e-03 2.142266370356082916e-03 4.436440765857696533e-03
5.834423936903476715e-04 1.812091097235679626e-03 -1.587379723787307739e-03
3.881494281813502312e-03 8.048384450376033783e-03 -5.827121436595916748e-03
8.115719538182020187e-04 3.924950491636991501e-03 -1.235337555408477783e-02
2.057276852428913116e-02 1.139201968908309937e-02 -1.279339194297790527e-02
1.419079210609197617e-02 2.810209989547729492e-03 -5.557041615247726440e-03
1.675062254071235657e-02 -3.020226955413818359e-03 -6.578095257282257080e-03
2.866679988801479340e-02 -7.304521277546882629e-04 -1.167595013976097107e-02
3.044775128364562988e-02 -2.842433750629425049e-03 -1.087699085474014282e-02
1.823332160711288452e-02 9.016296826303005219e-03 -1.214740425348281860e-02
2.193666808307170868e-02 2.240863628685474396e-03 -1.134558394551277161e-02
2.165424451231956482e-02 8.570663630962371826e-04 -1.240809634327888489e-02
3.890894353389739990e-02 -5.696179345250129700e-03 5.591288208961486816e-03
1.687245815992355347e-02 -2.026660367846488953e-03 1.218274235725402832e-03
1.455865241587162018e-02 -2.616638317704200745e-03 4.409551620483398438e-04
2.427828684449195862e-02 2.098054625093936920e-03 -1.276174932718276978e-02
2.165236137807369232e-02 3.800705075263977051e-03 -1.539649069309234619e-02
1.897642388939857483e-02 -1.669014804065227509e-03 -5.838077515363693237e-03
1.015108451247215271e-02 6.223348900675773621e-04 4.739761352539062500e-04
2.993982285261154175e-03 -6.618823856115341187e-03 4.213273525238037109e-03
1.530586741864681244e-03 3.089051693677902222e-03 5.776874721050262451e-03
1.400721957907080650e-03 4.528621211647987366e-04 -4.967439919710159302e-03
4.087463021278381348e-04 4.278067965060472488e-03 -3.734670579433441162e-03
2.999227726832032204e-03 9.313635528087615967e-03 -5.997229367494583130e-03
9.714215993881225586e-04 4.873735830187797546e-03 -5.232058465480804443e-03
-9.801890701055526733e-05 3.597260452806949615e-03 -4.163913428783416748e-03
5.404974333941936493e-03 2.632955089211463928e-03 -1.114422082901000977e-02
1.690804399549961090e-02 8.589334785938262939e-03 -1.598105579614639282e-02
5.189246684312820435e-02 4.299879074096679688e-04 4.414431750774383545e-03
1.646158099174499512e-02 3.069350495934486389e-04 -2.174042165279388428e-03
2.954788506031036377e-03 -8.710106834769248962e-03 -1.923523843288421631e-03
1.272651553153991699e-02 1.281702704727649689e-02 -1.386340707540512085e-03
-9.486079216003417969e-05 1.402100734412670135e-02 1.021085679531097412e-02
-4.612356424331665039e-03 6.536127999424934387e-03 -1.158954203128814697e-02
4.472583532333374023e-05 8.508730679750442505e-04 -3.430843353271484375e-03
6.615430116653442383e-03 1.761330291628837585e-03 -4.896707832813262939e-03
1.497749239206314087e-02 1.142825931310653687e-04 2.444557100534439087e-02
-2.457790076732635498e-03 3.191042691469192505e-03 -1.942835748195648193e-02
-1.190029084682464600e-03 1.710360869765281677e-03 -7.523879408836364746e-03
-1.419194042682647705e-03 3.148410469293594360e-04 -8.978806436061859131e-03
7.941499352455139160e-04 1.763924956321716309e-04 -2.510070800781250000e-03
4.595242440700531006e-03 2.500021830201148987e-03 -5.834884941577911377e-03
7.610764354467391968e-03 1.672668382525444031e-03 -6.536468863487243652e-03
3.714308142662048340e-03 -1.076774671673774719e-03 -3.981672227382659912e-03
9.618733078241348267e-03 -2.165697515010833740e-05 4.561528563499450684e-03
4.286542534828186035e-03 9.360536932945251465e-04 5.319975316524505615e-03
-3.047987818717956543e-03 2.962518483400344849e-04 3.310509026050567627e-03
2.604864537715911865e-03 4.260985180735588074e-03 -3.142990171909332275e-03
2.082962542772293091e-03 2.851225435733795166e-03 -2.925612032413482666e-03
2.250477671623229980e-03 3.795027732849121094e-04 1.741878688335418701e-03
5.493771284818649292e-03 4.655998200178146362e-04 -3.550838679075241089e-03
3.085464239120483398e-03 -2.637075260281562805e-03 -7.605411112308502197e-03
-1.859892159700393677e-03 -7.173478603363037109e-03 -8.763428777456283569e-03
6.389141082763671875e-03 -6.780955940485000610e-03 -2.340693026781082153e-03
3.320947289466857910e-04 -6.314516067504882812e-03 -3.696754574775695801e-04
1.965638250112533569e-03 4.620486870408058167e-03 2.108968794345855713e-03
2.553857862949371338e-03 6.454059854149818420e-03 -3.812897950410842896e-03
7.769986987113952637e-04 -1.164901070296764374e-02 -2.366948872804641724e-03
5.463249981403350830e-03 -1.728964783251285553e-02 5.746930837631225586e-04
4.892885684967041016e-03 -1.084339432418346405e-02 3.815367817878723145e-04
5.411848425865173340e-03 7.308814674615859985e-04 2.008297294378280640e-02
4.595756530761718750e-03 8.317528292536735535e-03 2.119861543178558350e-03
7.007129490375518799e-03 7.583348080515861511e-03 1.167707145214080811e-03
-2.340815961360931396e-03 5.723329260945320129e-03 -1.299858465790748596e-02
-9.723380208015441895e-04 5.719250068068504333e-03 -1.469572260975837708e-02
1.772068440914154053e-03 -5.041008815169334412e-03 -5.909603089094161987e-03
3.414265811443328857e-03 -5.482586100697517395e-03 -1.154217123985290527e-02
2.195276319980621338e-03 -7.510768249630928040e-03 -4.368729889392852783e-03
-6.846562027931213379e-04 8.923670276999473572e-03 -9.733736515045166016e-03
2.099461853504180908e-03 1.798333600163459778e-03 -7.970087230205535889e-03
3.392867743968963623e-03 1.617545261979103088e-03 -9.387642145156860352e-03
-8.642494678497314453e-03 -4.709059372544288635e-03 2.408899366855621338e-03
-5.877897143363952637e-03 2.136813476681709290e-03 -7.941037416458129883e-03
-3.883220255374908447e-03 -1.274215057492256165e-03 -1.632202416658401489e-03
9.995400905609130859e-04 1.480719074606895447e-03 -6.617546081542968750e-03
5.275152623653411865e-03 -8.865613490343093872e-04 -9.023472666740417480e-04
-5.095459520816802979e-03 -1.239749602973461151e-02 8.467152714729309082e-03
-1.482861116528511047e-02 -4.170173779129981995e-03 -1.387048512697219849e-03
-2.568672411143779755e-02 -2.575215883553028107e-03 3.846302628517150879e-03
-2.434909716248512268e-02 -3.667548298835754395e-06 4.288196563720703125e-03
-2.395608276128768921e-02 -4.860647022724151611e-04 4.066988825798034668e-03
-2.000704221427440643e-02 -1.104452088475227356e-02 1.157098263502120972e-02
-1.364407502114772797e-02 -2.839141525328159332e-03 1.246400177478790283e-03
-8.991670794785022736e-03 2.091719768941402435e-03 -1.009050756692886353e-03
-3.261548466980457306e-03 -2.770827524363994598e-02 6.248578429222106934e-04
-1.936143264174461365e-03 -7.501387968659400940e-03 2.412497997283935547e-03
-5.935963243246078491e-03 -3.334796056151390076e-03 4.412345588207244873e-03
-1.564027182757854462e-02 4.715596791356801987e-03 1.645228266716003418e-02
-2.043182589113712311e-02 -1.120664179325103760e-03 2.224405854940414429e-02
-1.710494421422481537e-02 -1.095649786293506622e-02 1.398176699876785278e-02
-1.603326015174388885e-02 -9.732358157634735107e-04 -4.729140549898147583e-03
-9.307206608355045319e-03 -9.109992533922195435e-04 3.810144960880279541e-03
4.746507387608289719e-03 -4.982165992259979248e-03 3.979928791522979736e-03
5.772463977336883545e-03 1.886823214590549469e-03 -1.705694943666458130e-03
5.802799481898546219e-03 4.721304867416620255e-03 -4.745870828628540039e-03
4.186978563666343689e-03 6.603713147342205048e-03 -3.545511513948440552e-03
-1.458721235394477844e-04 1.542148180305957794e-03 3.323748707771301270e-03
-5.272966809570789337e-04 1.590427942574024200e-03 1.768998801708221436e-03
1.440336229279637337e-03 1.686775125563144684e-03 -3.859009593725204468e-03
2.581913257017731667e-03 -8.360352367162704468e-04 -6.800957024097442627e-03
-1.066579576581716537e-02 -7.191836833953857422e-03 -2.980314195156097412e-03
-3.234536387026309967e-03 1.806272193789482117e-04 -4.196397960186004639e-03
2.372008282691240311e-03 6.196800619363784790e-03 -2.867657691240310669e-03
7.382645737379789352e-03 1.062922365963459015e-02 -7.523130625486373901e-03
7.370106410235166550e-03 4.257820546627044678e-05 -3.622151911258697510e-03
3.443471621721982956e-03 -8.471189066767692566e-04 -2.883870154619216919e-03
-6.713983602821826935e-04 1.659517176449298859e-03 -1.392886042594909668e-04
2.310048323124647141e-03 5.738421343266963959e-03 -3.754638135433197021e-03
7.552951574325561523e-03 1.255812682211399078e-02 1.774974167346954346e-03
-1.159380190074443817e-04 4.732681903988122940e-03 -1.303989440202713013e-03
5.657772067934274673e-03 4.281582776457071304e-03 2.127736806869506836e-04
9.220594540238380432e-03 4.201710224151611328e-03 9.983927011489868164e-04
7.543048821389675140e-03 3.206223249435424805e-03 -7.705353200435638428e-03
3.795997239649295807e-03 -1.050225459039211273e-03 -8.102137595415115356e-03
4.100217018276453018e-03 4.056391306221485138e-03 5.309551954269409180e-03
8.656082674860954285e-03 -1.161052845418453217e-03 1.679457724094390869e-02
-1.232497207820415497e-02 7.889568805694580078e-04 -1.332426071166992188e-02
-9.687161073088645935e-03 -1.510147005319595337e-03 -4.487130790948867798e-03
-1.021740213036537170e-02 -4.920583218336105347e-03 7.227331399917602539e-03
-6.543742492794990540e-03 -7.361233234405517578e-03 1.160369813442230225e-02
8.364655077457427979e-04 -7.152393460273742676e-03 1.737844944000244141e-02
8.299266919493675232e-03 8.866485208272933960e-03 -8.680112659931182861e-04
8.456731215119361877e-03 5.783120635896921158e-03 -6.054382771253585815e-03
5.026724655181169510e-03 9.411098435521125793e-04 -8.324336260557174683e-03
8.534301072359085083e-03 1.508899778127670288e-02 -1.429265365004539490e-02
6.069473922252655029e-03 1.060089655220508575e-02 -1.553852483630180359e-02
4.658415913581848145e-03 8.782887831330299377e-03 -1.667318493127822876e-02
-9.168870747089385986e-04 -3.152394667267799377e-03 -9.190578013658523560e-03
-1.492084935307502747e-03 -5.226401612162590027e-03 -5.947370082139968872e-03
1.424029469490051270e-03 -2.195389941334724426e-03 -5.992352962493896484e-03
-2.907890826463699341e-03 -3.069134429097175598e-03 -3.732915967702865601e-03
-3.885198384523391724e-03 5.392393097281455994e-03 -3.462258726358413696e-03
-1.357939094305038452e-03 -2.968924120068550110e-03 8.682467043399810791e-03
5.738224834203720093e-03 4.075577482581138611e-03 -4.688665270805358887e-03
7.697058841586112976e-03 5.166573449969291687e-03 -4.961382597684860229e-03
5.092104896903038025e-03 5.885640159249305725e-03 -1.243562251329421997e-02
4.068326205015182495e-03 4.992833361029624939e-03 -1.254119724035263062e-02
7.734296843409538269e-03 4.200691357254981995e-03 -1.416350528597831726e-02
1.167807541787624359e-02 7.278295233845710754e-03 -1.280898600816726685e-02
9.327821433544158936e-03 6.366441026329994202e-03 -8.780911564826965332e-03
1.140405796468257904e-02 1.801335252821445465e-02 -1.036302000284194946e-02
5.994003266096115112e-03 -6.263168528676033020e-03 1.956000924110412598e-04
5.124915391206741333e-03 -6.054809316992759705e-03 -6.157852709293365479e-03
1.116416789591312408e-02 -5.862358957529067993e-04 -3.412738442420959473e-03
1.025109179317951202e-02 5.461741238832473755e-04 -5.202364176511764526e-03
4.082379862666130066e-03 3.198552876710891724e-04 -4.641350358724594116e-03
3.763521090149879456e-03 -1.241831108927726746e-03 -5.781114101409912109e-03
6.617777049541473389e-03 2.654267475008964539e-03 -4.002969712018966675e-03
1.613732054829597473e-02 1.260701753199100494e-02 -1.241706311702728271e-02
9.131781756877899170e-03 4.598954692482948303e-03 -8.878547698259353638e-03
4.314035177230834961e-03 5.819443613290786743e-04 -4.669349640607833862e-03
3.184879198670387268e-03 -4.266986623406410217e-03 6.629690527915954590e-03
6.456580013036727905e-03 1.308215782046318054e-03 -2.864748239517211914e-05
1.322297379374504089e-02 1.220593787729740143e-02 -9.334936738014221191e-03
6.321700289845466614e-03 5.008796229958534241e-03 -1.198894158005714417e-02
8.842471987009048462e-03 7.306687533855438232e-03 -1.508432999253273010e-02
1.065624877810478210e-02 -1.914504915475845337e-03 5.369894206523895264e-03
8.145906031131744385e-03 2.769453451037406921e-03 -1.033864915370941162e-02
-2.783009782433509827e-03 -5.206018686294555664e-03 -1.336644217371940613e-02
-2.024695277214050293e-06 -2.410929650068283081e-03 -1.071660593152046204e-02
3.786474466323852539e-03 2.069937065243721008e-03 -1.334614306688308716e-02
7.972544059157371521e-03 5.735976621508598328e-03 -8.704081177711486816e-03
8.680373430252075195e-03 4.442119970917701721e-03 -8.616294711828231812e-03
4.396287724375724792e-03 -2.436557784676551819e-03 -7.267855107784271240e-03
9.341023862361907959e-03 -5.148766562342643738e-03 2.684429287910461426e-03
9.328214451670646667e-03 4.503102973103523254e-03 -1.339809969067573547e-02
8.741963654756546021e-03 6.953632459044456482e-03 -1.765949651598930359e-02
1.009485125541687012e-02 2.113455906510353088e-03 -1.158641651272773743e-02
8.618079125881195068e-03 3.562875092029571533e-03 -1.095550134778022766e-02
7.193442434072494507e-03 1.616211608052253723e-03 -6.578840315341949463e-03
5.869247019290924072e-03 -4.203418269753456116e-03 -2.177245914936065674e-03
1.006630435585975647e-02 -6.003810092806816101e-03 1.530744135379791260e-03
-2.389503642916679382e-03 -6.260527297854423523e-04 -1.047430932521820068e-02
9.168921038508415222e-03 -1.452189870178699493e-03 -8.775569498538970947e-03
5.794917233288288116e-03 1.746565103530883789e-03 -7.948484271764755249e-03
4.692582879215478897e-03 -6.882146000862121582e-03 -6.942111998796463013e-03
1.191880367696285248e-02 -5.474606528878211975e-03 -5.568109452724456787e-03
9.089423343539237976e-03 -3.593834117054939270e-03 -7.688898593187332153e-03
1.696789450943470001e-02 -3.643863834440708160e-03 1.286759972572326660e-03
1.105551142245531082e-02 3.747186623513698578e-03 -5.601320415735244751e-03
1.586536690592765808e-02 1.063581835478544235e-02 -1.529052853584289551e-03
5.156738683581352234e-03 6.432163529098033905e-03 -2.580981701612472534e-03
8.419292047619819641e-03 4.750807769596576691e-03 -8.328039199113845825e-03
3.838412463665008545e-03 1.492143701761960983e-02 -1.112028583884239197e-02
7.312768604606389999e-03 8.755970746278762817e-03 -1.171999797224998474e-02
5.063387565314769745e-03 8.972675539553165436e-03 -9.701780974864959717e-03
4.930322524160146713e-03 -8.624263107776641846e-03 -4.258017987012863159e-03
4.752410575747489929e-03 -1.319409348070621490e-02 1.662909984588623047e-03
-1.057691127061843872e-02 2.341977134346961975e-02 -1.188837364315986633e-02
4.062891006469726562e-03 6.110975053161382675e-03 -1.766027882695198059e-02
3.757074475288391113e-03 4.780982155352830887e-03 -1.086938008666038513e-02
3.426545299589633942e-03 3.479784354567527771e-04 -5.566556006669998169e-03
7.492442615330219269e-03 1.695946790277957916e-03 -3.067411482334136963e-03
4.185358993709087372e-03 -6.809294223785400391e-03 2.867922186851501465e-03
2.720377407968044281e-03 -3.464658744633197784e-03 -6.875641644001007080e-03
2.389212138950824738e-03 -1.057265326380729675e-03 -8.209962397813796997e-03
2.536668255925178528e-02 -4.168333485722541809e-03 -6.684791296720504761e-03
1.129525899887084961e-02 5.538929253816604614e-04 -9.209726005792617798e-03
1.476545073091983795e-02 1.108262687921524048e-03 -5.775861442089080811e-03
2.370057627558708191e-02 -9.857706725597381592e-03 -8.050736039876937866e-03
1.803091354668140411e-02 -7.690208032727241516e-03 -4.901640117168426514e-03
9.064507670700550079e-03 -4.721216857433319092e-03 -5.593683570623397827e-03
-5.149892531335353851e-04 3.485009074211120605e-05 -8.614473044872283936e-04
-1.464584842324256897e-03 -4.784118384122848511e-03 -2.336323261260986328e-03
-2.031581290066242218e-02 -7.531834766268730164e-03 1.002518087625503540e-02
-3.951237536966800690e-03 -1.635317690670490265e-03 4.922576248645782471e-03
-1.673439517617225647e-03 -8.328342810273170471e-04 1.285910606384277344e-03
4.984951578080654144e-03 -3.902738913893699646e-03 -3.169849514961242676e-04
9.118001908063888550e-03 4.439645446836948395e-03 -9.662769734859466553e-03
6.797811947762966156e-03 -3.844873979687690735e-03 -1.231388747692108154e-02
6.005733739584684372e-03 -8.314633741974830627e-03 -6.225384771823883057e-03
8.830351755023002625e-03 -4.269087687134742737e-03 -5.940135568380355835e-03
6.826047785580158234e-03 1.075533591210842133e-02 1.601196825504302979e-03
3.140812972560524940e-03 -5.542412400245666504e-03 -2.361841499805450439e-03
2.757972106337547302e-04 4.837401211261749268e-04 -7.359575480222702026e-03
4.212642554193735123e-03 -9.547341614961624146e-04 -9.634587913751602173e-03
3.165207337588071823e-03 -6.522523239254951477e-03 -5.029331892728805542e-03
5.902024917304515839e-03 5.297455936670303345e-05 -7.799852639436721802e-03
4.050038754940032959e-03 -2.356225624680519104e-03 -7.458724081516265869e-03
2.432011067867279053e-03 5.381274968385696411e-04 -5.731567740440368652e-03
6.394088268280029297e-05 -2.601755782961845398e-03 -2.979561686515808105e-04
1.060821115970611572e-03 -1.563208177685737610e-03 6.010383367538452148e-05
3.239743411540985107e-03 2.170680090785026550e-03 -3.259435296058654785e-03
2.279020845890045166e-03 -5.858501419425010681e-03 -5.359873175621032715e-04
-2.612449228763580322e-03 -1.898864284157752991e-03 -2.312891185283660889e-03
2.768449485301971436e-03 -5.356153473258018494e-03 -4.751540720462799072e-03
3.044463694095611572e-03 -7.745878770947456360e-03 1.438282430171966553e-03
7.373616099357604980e-04 -5.458682775497436523e-03 -3.081817179918289185e-03
3.216311335563659668e-03 2.758931368589401245e-04 4.260554909706115723e-03
-2.858266234397888184e-04 -4.571899771690368652e-03 1.615390181541442871e-03
-5.168877542018890381e-03 -1.336403191089630127e-03 6.802849471569061279e-03
-4.352532327175140381e-03 -2.214435487985610962e-03 5.091421306133270264e-03
-5.527071654796600342e-03 -1.359730958938598633e-06 -1.173991709947586060e-03
-1.095131039619445801e-03 6.665922701358795166e-04 -4.393104463815689087e-03
4.433989524841308594e-04 2.599995583295822144e-03 -2.627838402986526489e-03
1.004695892333984375e-03 -5.049504339694976807e-03 -3.083940595388412476e-03
-8.827894926071166992e-04 -8.208611980080604553e-03 -1.267274096608161926e-02
4.738718271255493164e-04 2.760691568255424500e-03 -1.148252189159393311e-02
3.968484699726104736e-03 4.783727228641510010e-03 -9.467560797929763794e-03
3.919087350368499756e-03 1.774573698639869690e-03 -6.628993898630142212e-03
3.925703465938568115e-03 5.048198625445365906e-03 -4.593104124069213867e-03
-2.648919820785522461e-03 5.933962762355804443e-03 -1.451551169157028198e-02
-2.930108457803726196e-04 2.114960923790931702e-03 -9.776268154382705688e-03
-6.092920899391174316e-03 2.344357781112194061e-03 -1.084410399198532104e-02
6.284218281507492065e-03 5.036436021327972412e-03 -1.157154515385627747e-02
8.688248693943023682e-03 -4.326894879341125488e-03 -5.672138184309005737e-03
-2.873350866138935089e-03 1.205302868038415909e-02 -8.769825100898742676e-03
1.132274512201547623e-03 9.532148018479347229e-03 3.972038626670837402e-03
1.635234802961349487e-03 1.906326040625572205e-03 2.520829439163208008e-04
-2.367608249187469482e-05 -7.634170353412628174e-03 -5.015552043914794922e-03
2.421782352030277252e-03 1.325765531510114670e-02 -1.097370684146881104e-02
1.136214286088943481e-02 1.455017831176519394e-02 -2.046405524015426636e-02
4.549646750092506409e-02 -1.874470151960849762e-03 -2.856031060218811035e-02
1.973188668489456177e-02 3.771443851292133331e-03 -2.301869168877601624e-02
1.341008581221103668e-02 8.938810788094997406e-03 -1.478015258908271790e-02
8.130827918648719788e-04 -7.811069488525390625e-03 1.974493265151977539e-03
3.827237524092197418e-04 -1.756791397929191589e-02 4.121378064155578613e-03
4.390618763864040375e-03 -6.092192605137825012e-03 9.367711842060089111e-03
-1.639995723962783813e-03 -1.560696773231029510e-02 3.688119351863861084e-03
-4.091720096766948700e-03 -7.045868784189224243e-03 2.819865942001342773e-03
9.963194839656352997e-03 1.857366785407066345e-02 -8.707530796527862549e-04
8.679926395416259766e-03 -3.677291795611381531e-03 5.256474018096923828e-03
1.088551431894302368e-02 -6.260663270950317383e-03 5.901105701923370361e-03
4.743946716189384460e-03 -4.740865901112556458e-03 -1.181145012378692627e-02
6.923212204128503799e-03 -5.426948890089988708e-03 -1.539108529686927795e-02
