7.767214179039001465e-01 -6.013868451118469238e-01 -6.196274757385253906e-01 -1.444021463394165039e-01 4.616423547267913818e-01 -3.812308013439178467e-01
7.774831056594848633e-01 -5.975782871246337891e-01 -6.311240196228027344e-01 -1.432388424873352051e-01 4.603561460971832275e-01 -3.852947056293487549e-01
7.722053527832031250e-01 -5.954424142837524414e-01 -6.374716758728027344e-01 -1.384131312370300293e-01 4.559774696826934814e-01 -3.951938748359680176e-01
7.664386630058288574e-01 -6.029555201530456543e-01 -6.127675771713256836e-01 -1.503824144601821899e-01 4.666216373443603516e-01 -3.653798103332519531e-01
7.759628295898437500e-01 -5.989474654197692871e-01 -6.231426000595092773e-01 -1.422298550605773926e-01 4.612141549587249756e-01 -3.818029165267944336e-01
7.741286754608154297e-01 -5.987428426742553711e-01 -6.208282709121704102e-01 -1.458186507225036621e-01 4.635373055934906006e-01 -3.782044351100921631e-01
7.763309478759765625e-01 -5.955155491828918457e-01 -6.444582939147949219e-01 -1.393105685710906982e-01 4.591412842273712158e-01 -3.944209516048431396e-01
7.718855142593383789e-01 -5.942888855934143066e-01 -6.357251405715942383e-01 -1.399063915014266968e-01 4.574705064296722412e-01 -3.911802172660827637e-01
7.650961279869079590e-01 -6.026962995529174805e-01 -6.184889078140258789e-01 -1.486314684152603149e-01 4.646525382995605469e-01 -3.713576197624206543e-01
7.774477005004882812e-01 -6.014364957809448242e-01 -6.293611526489257812e-01 -1.411122828722000122e-01 4.577151536941528320e-01 -3.907405436038970947e-01
7.798203825950622559e-01 -5.993910431861877441e-01 -6.285240650177001953e-01 -1.404325813055038452e-01 4.594311714172363281e-01 -3.925590515136718750e-01
7.746219635009765625e-01 -5.996264815330505371e-01 -6.389147043228149414e-01 -1.418610960245132446e-01 4.575922787189483643e-01 -3.949432373046875000e-01
7.730971574783325195e-01 -5.970763564109802246e-01 -6.480218172073364258e-01 -1.339649558067321777e-01 4.542208313941955566e-01 -3.995797932147979736e-01
7.655361890792846680e-01 -5.987805128097534180e-01 -6.248155832290649414e-01 -1.444838643074035645e-01 4.604079425334930420e-01 -3.802086710929870605e-01
7.747046947479248047e-01 -5.996635556221008301e-01 -6.296764612197875977e-01 -1.413879841566085815e-01 4.576835334300994873e-01 -3.892896175384521484e-01
7.858573198318481445e-01 -5.996242165565490723e-01 -6.472005844116210938e-01 -1.308400332927703857e-01 4.513644576072692871e-01 -4.158754050731658936e-01
7.754001617431640625e-01 -5.992415547370910645e-01 -6.429570913314819336e-01 -1.390622407197952271e-01 4.578727781772613525e-01 -3.957228660583496094e-01
7.808795571327209473e-01 -5.921931266784667969e-01 -6.632722616195678711e-01 -1.214841380715370178e-01 4.394243955612182617e-01 -4.325556159019470215e-01
7.649906277656555176e-01 -5.991345643997192383e-01 -6.259748935699462891e-01 -1.423430591821670532e-01 4.578157365322113037e-01 -3.872062265872955322e-01
7.746036052703857422e-01 -5.996535420417785645e-01 -6.170772314071655273e-01 -1.457162350416183472e-01 4.639934003353118896e-01 -3.711097538471221924e-01
7.819516062736511230e-01 -6.009116172790527344e-01 -6.323958635330200195e-01 -1.362855732440948486e-01 4.555484056472778320e-01 -4.067562222480773926e-01
7.749791145324707031e-01 -5.943070054054260254e-01 -6.393810510635375977e-01 -1.317656040191650391e-01 4.450772404670715332e-01 -4.247571825981140137e-01
7.771513462066650391e-01 -5.917915105819702148e-01 -6.420757770538330078e-01 -1.296877264976501465e-01 4.396217763423919678e-01 -4.371978342533111572e-01
7.779021263122558594e-01 -5.967999696731567383e-01 -6.403939723968505859e-01 -1.344497352838516235e-01 4.509188532829284668e-01 -4.099497199058532715e-01
7.657718658447265625e-01 -5.980052947998046875e-01 -6.141231060028076172e-01 -1.488748341798782349e-01 4.666038751602172852e-01 -3.637561500072479248e-01
7.621893882751464844e-01 -5.935389399528503418e-01 -6.284614801406860352e-01 -1.389547586441040039e-01 4.542470574378967285e-01 -3.925147056579589844e-01
7.748304605484008789e-01 -5.978048443794250488e-01 -6.325902938842773438e-01 -1.367604583501815796e-01 4.511214792728424072e-01 -4.038074016571044922e-01
7.713357210159301758e-01 -5.995886325836181641e-01 -6.159839630126953125e-01 -1.453025192022323608e-01 4.567576348781585693e-01 -3.817334175109863281e-01
7.759464383125305176e-01 -6.017729043960571289e-01 -6.189639568328857422e-01 -1.441798955202102661e-01 4.547050297260284424e-01 -3.890261650085449219e-01
7.708839178085327148e-01 -6.016487479209899902e-01 -6.159476041793823242e-01 -1.457944661378860474e-01 4.593136012554168701e-01 -3.821953237056732178e-01
7.770189046859741211e-01 -5.997636318206787109e-01 -6.276696920394897461e-01 -1.389244645833969116e-01 4.528471827507019043e-01 -3.974215388298034668e-01
7.808134555816650391e-01 -5.920481681823730469e-01 -6.478500366210937500e-01 -1.234637200832366943e-01 4.362253844738006592e-01 -4.367325901985168457e-01
7.758202552795410156e-01 -5.984883308410644531e-01 -6.194602251052856445e-01 -1.408620327711105347e-01 4.510080814361572266e-01 -3.923117518424987793e-01
7.736788988113403320e-01 -5.995925068855285645e-01 -6.179901361465454102e-01 -1.429264247417449951e-01 4.518721699714660645e-01 -3.905654251575469971e-01
7.744495272636413574e-01 -5.941746234893798828e-01 -6.316339969635009766e-01 -1.353783011436462402e-01 4.486456215381622314e-01 -3.989666998386383057e-01
7.745646834373474121e-01 -6.012256741523742676e-01 -6.224589347839355469e-01 -1.443609744310379028e-01 4.574252068996429443e-01 -3.835847377777099609e-01
7.708733081817626953e-01 -5.918039679527282715e-01 -6.440821886062622070e-01 -1.297293305397033691e-01 4.371297657489776611e-01 -4.311022460460662842e-01
7.724665999412536621e-01 -5.997178554534912109e-01 -6.329679489135742188e-01 -1.403354257345199585e-01 4.529768228530883789e-01 -3.984529972076416016e-01
7.717833518981933594e-01 -5.966280698776245117e-01 -6.216280460357666016e-01 -1.442668884992599487e-01 4.595883786678314209e-01 -3.800995945930480957e-01
7.751669883728027344e-01 -6.014534831047058105e-01 -6.158585548400878906e-01 -1.475843191146850586e-01 4.658569693565368652e-01 -3.668632209300994873e-01
7.708513736724853516e-01 -5.983194708824157715e-01 -6.266652345657348633e-01 -1.371843367815017700e-01 4.582560956478118896e-01 -3.845796287059783936e-01
7.916277647018432617e-01 -5.954291224479675293e-01 -6.467745304107666016e-01 -1.206444203853607178e-01 4.430810809135437012e-01 -4.253485798835754395e-01
7.828003764152526855e-01 -5.868938565254211426e-01 -6.314142942428588867e-01 -1.238460838794708252e-01 4.376607239246368408e-01 -4.218262434005737305e-01
7.747707366943359375e-01 -5.960440039634704590e-01 -6.246583461761474609e-01 -1.365466862916946411e-01 4.485992491245269775e-01 -3.993094861507415771e-01
7.692729234695434570e-01 -6.018132567405700684e-01 -6.177396774291992188e-01 -1.471779495477676392e-01 4.545680880546569824e-01 -3.827109038829803467e-01
7.716540694236755371e-01 -5.987793803215026855e-01 -6.173378229141235352e-01 -1.457674503326416016e-01 4.595412313938140869e-01 -3.749791979789733887e-01
7.733042240142822266e-01 -6.022562384605407715e-01 -6.302357912063598633e-01 -1.420837789773941040e-01 4.622953534126281738e-01 -3.777599334716796875e-01
7.849056720733642578e-01 -6.022456884384155273e-01 -6.458413600921630859e-01 -1.316802650690078735e-01 4.542678892612457275e-01 -4.019178152084350586e-01
7.816567420959472656e-01 -5.993054509162902832e-01 -6.309515237808227539e-01 -1.348903626203536987e-01 4.509848952293395996e-01 -4.016732573509216309e-01
7.850164771080017090e-01 -5.971941947937011719e-01 -6.430490016937255859e-01 -1.216258630156517029e-01 4.368257224559783936e-01 -4.307623505592346191e-01
7.743209004402160645e-01 -5.941859483718872070e-01 -6.297332048416137695e-01 -1.290071755647659302e-01 4.435140192508697510e-01 -4.046647548675537109e-01
7.745712995529174805e-01 -5.988889932632446289e-01 -6.182034015655517578e-01 -1.396254748106002808e-01 4.479908049106597900e-01 -3.980078995227813721e-01
7.863887548446655273e-01 -5.933842658996582031e-01 -6.566685438156127930e-01 -1.200926303863525391e-01 4.263486862182617188e-01 -4.600251317024230957e-01
7.785488367080688477e-01 -5.934870839118957520e-01 -6.509301662445068359e-01 -1.268035173416137695e-01 4.376487731933593750e-01 -4.290508329868316650e-01
7.785037755966186523e-01 -6.025843620300292969e-01 -6.348643302917480469e-01 -1.359208673238754272e-01 4.569135904312133789e-01 -3.888297677040100098e-01
7.758126258850097656e-01 -6.039535999298095703e-01 -6.252306699752807617e-01 -1.429461538791656494e-01 4.683425426483154297e-01 -3.708084523677825928e-01
7.758756875991821289e-01 -6.033546328544616699e-01 -6.408976316452026367e-01 -1.347455829381942749e-01 4.588513672351837158e-01 -3.954386115074157715e-01
7.764810323715209961e-01 -5.977731943130493164e-01 -6.472911834716796875e-01 -1.265034973621368408e-01 4.501455128192901611e-01 -4.100572764873504639e-01
7.882849574089050293e-01 -5.880576968193054199e-01 -6.720982789993286133e-01 -1.084875389933586121e-01 4.217756986618041992e-01 -4.787063002586364746e-01
7.940311431884765625e-01 -5.856345295906066895e-01 -6.531028747558593750e-01 -1.092899143695831299e-01 4.162749946117401123e-01 -4.716119170188903809e-01
7.824722528457641602e-01 -5.905550122261047363e-01 -6.512707471847534180e-01 -1.201105564832687378e-01 4.249072968959808350e-01 -4.625580906867980957e-01
7.727329730987548828e-01 -6.014536023139953613e-01 -6.384226083755493164e-01 -1.394444704055786133e-01 4.473296105861663818e-01 -4.050273299217224121e-01
7.803318500518798828e-01 -6.042826771736145020e-01 -6.480932235717773438e-01 -1.337600946426391602e-01 4.511801600456237793e-01 -4.053022861480712891e-01
7.801223993301391602e-01 -6.016656160354614258e-01 -6.563632488250732422e-01 -1.226505935192108154e-01 4.536412656307220459e-01 -4.059610962867736816e-01
7.770557403564453125e-01 -5.989649891853332520e-01 -6.524446010589599609e-01 -1.253772974014282227e-01 4.521546065807342529e-01 -4.103920757770538330e-01
7.753598093986511230e-01 -5.919604301452636719e-01 -6.421612501144409180e-01 -1.298015266656875610e-01 4.423223435878753662e-01 -4.226289689540863037e-01
7.751585245132446289e-01 -5.957404971122741699e-01 -6.396777629852294922e-01 -1.313698291778564453e-01 4.417278766632080078e-01 -4.209139943122863770e-01
7.664951086044311523e-01 -6.010344624519348145e-01 -6.297588348388671875e-01 -1.419445723295211792e-01 4.545432031154632568e-01 -3.914601802825927734e-01
7.788463830947875977e-01 -6.092951297760009766e-01 -6.447136402130126953e-01 -1.359167993068695068e-01 4.602008163928985596e-01 -3.901077508926391602e-01
7.842398881912231445e-01 -6.024507880210876465e-01 -6.559399366378784180e-01 -1.223046034574508667e-01 4.507243633270263672e-01 -4.159612655639648438e-01
7.766380906105041504e-01 -5.954877138137817383e-01 -6.279145479202270508e-01 -1.348097920417785645e-01 4.520489275455474854e-01 -4.079837203025817871e-01
7.715257406234741211e-01 -5.934563875198364258e-01 -6.294113397598266602e-01 -1.377341449260711670e-01 4.465465247631072998e-01 -4.118291437625885010e-01
7.706034183502197266e-01 -5.964326262474060059e-01 -6.268470287322998047e-01 -1.415205299854278564e-01 4.553817212581634521e-01 -3.951781094074249268e-01
7.791186571121215820e-01 -6.040008068084716797e-01 -6.214476823806762695e-01 -1.457847505807876587e-01 4.658094346523284912e-01 -3.739735782146453857e-01
7.754559516906738281e-01 -6.046301126480102539e-01 -6.283978223800659180e-01 -1.429189294576644897e-01 4.678885638713836670e-01 -3.694273233413696289e-01
7.707053422927856445e-01 -6.037449240684509277e-01 -6.201673746109008789e-01 -1.471494585275650024e-01 4.649868309497833252e-01 -3.739686608314514160e-01
7.679075002670288086e-01 -6.049174666404724121e-01 -6.136465072631835938e-01 -1.490902751684188843e-01 4.665528535842895508e-01 -3.681466281414031982e-01
7.654744386672973633e-01 -6.019838452339172363e-01 -6.042665243148803711e-01 -1.505776196718215942e-01 4.663824141025543213e-01 -3.587724566459655762e-01
7.636590600013732910e-01 -6.031668186187744141e-01 -6.026680469512939453e-01 -1.504172086715698242e-01 4.642992913722991943e-01 -3.620892167091369629e-01
7.644128799438476562e-01 -6.038243770599365234e-01 -6.039942502975463867e-01 -1.500761210918426514e-01 4.650830030441284180e-01 -3.605923950672149658e-01
7.648040056228637695e-01 -6.042650938034057617e-01 -6.039704084396362305e-01 -1.503675729036331177e-01 4.654669463634490967e-01 -3.601820468902587891e-01
7.649251222610473633e-01 -6.042599081993103027e-01 -6.044484376907348633e-01 -1.501576602458953857e-01 4.653510749340057373e-01 -3.604445159435272217e-01
7.649237513542175293e-01 -6.042962074279785156e-01 -6.042077541351318359e-01 -1.501912921667098999e-01 4.651939868927001953e-01 -3.607857227325439453e-01
7.648902535438537598e-01 -6.042336225509643555e-01 -6.038123369216918945e-01 -1.504071652889251709e-01 4.654159545898437500e-01 -3.603648543357849121e-01
7.650729417800903320e-01 -6.041652560234069824e-01 -6.047616004943847656e-01 -1.502250134944915771e-01 4.654909074306488037e-01 -3.601562380790710449e-01
7.650041580200195312e-01 -6.042624115943908691e-01 -6.038478612899780273e-01 -1.504373401403427124e-01 4.655597507953643799e-01 -3.601334989070892334e-01
7.649424076080322266e-01 -6.041831970214843750e-01 -6.043003797531127930e-01 -1.503643393516540527e-01 4.654178619384765625e-01 -3.602272868156433105e-01
7.648721933364868164e-01 -6.042024493217468262e-01 -6.040849685668945312e-01 -1.504608988761901855e-01 4.655388891696929932e-01 -3.599591255187988281e-01
7.648224234580993652e-01 -6.042675375938415527e-01 -6.035742759704589844e-01 -1.505830734968185425e-01 4.656404256820678711e-01 -3.598670363426208496e-01
7.648931741714477539e-01 -6.042225360870361328e-01 -6.042453050613403320e-01 -1.504296213388442993e-01 4.655521214008331299e-01 -3.598934412002563477e-01
7.647168040275573730e-01 -6.041556596755981445e-01 -6.040998697280883789e-01 -1.504827737808227539e-01 4.654639065265655518e-01 -3.599893152713775635e-01
7.646986246109008789e-01 -6.042232513427734375e-01 -6.035095453262329102e-01 -1.506204754114151001e-01 4.656088948249816895e-01 -3.598381578922271729e-01
7.647927999496459961e-01 -6.034970879554748535e-01 -6.064976453781127930e-01 -1.490809470415115356e-01 4.624250829219818115e-01 -3.667753338813781738e-01
7.653889656066894531e-01 -6.037780046463012695e-01 -6.062828302383422852e-01 -1.491008549928665161e-01 4.633080065250396729e-01 -3.656294941902160645e-01
7.659740447998046875e-01 -6.044482588768005371e-01 -6.039282083511352539e-01 -1.504000872373580933e-01 4.675306975841522217e-01 -3.572025001049041748e-01
7.650750875473022461e-01 -6.042745113372802734e-01 -6.037511825561523438e-01 -1.504234522581100464e-01 4.661692976951599121e-01 -3.586807548999786377e-01
7.651500701904296875e-01 -6.043366193771362305e-01 -6.024650335311889648e-01 -1.507747620344161987e-01 4.669201076030731201e-01 -3.573439419269561768e-01
7.637482881546020508e-01 -6.034612655639648438e-01 -6.063224077224731445e-01 -1.492395401000976562e-01 4.624077379703521729e-01 -3.657754659652709961e-01
7.637312412261962891e-01 -6.035599708557128906e-01 -6.060070991516113281e-01 -1.492849737405776978e-01 4.625709950923919678e-01 -3.656598031520843506e-01
7.645824551582336426e-01 -6.037025451660156250e-01 -6.023700237274169922e-01 -1.504904776811599731e-01 4.670966565608978271e-01 -3.569471240043640137e-01
7.648480534553527832e-01 -6.041221022605895996e-01 -6.039733886718750000e-01 -1.501248180866241455e-01 4.653740227222442627e-01 -3.604430556297302246e-01
7.653241157531738281e-01 -6.042632460594177246e-01 -6.042845249176025391e-01 -1.498348265886306763e-01 4.649207293987274170e-01 -3.617818355560302734e-01
7.652837038040161133e-01 -6.041841506958007812e-01 -6.044228076934814453e-01 -1.498306840658187866e-01 4.650256633758544922e-01 -3.615330457687377930e-01
7.649997472763061523e-01 -6.041054725646972656e-01 -6.047663688659667969e-01 -1.497318893671035767e-01 4.649027884006500244e-01 -3.616588115692138672e-01
7.650182247161865234e-01 -6.041406393051147461e-01 -6.035648584365844727e-01 -1.500662118196487427e-01 4.657220542430877686e-01 -3.600888848304748535e-01
7.651152014732360840e-01 -6.041937470436096191e-01 -6.042909622192382812e-01 -1.498282253742218018e-01 4.650124609470367432e-01 -3.614889085292816162e-01
7.649892568588256836e-01 -6.040348410606384277e-01 -6.044411659240722656e-01 -1.498998999595642090e-01 4.654034674167633057e-01 -3.605974018573760986e-01
7.650614976882934570e-01 -6.041761636734008789e-01 -6.040788888931274414e-01 -1.498429775238037109e-01 4.648476839065551758e-01 -3.619210422039031982e-01
7.654341459274291992e-01 -6.042398214340209961e-01 -6.047246456146240234e-01 -1.496087759733200073e-01 4.647389948368072510e-01 -3.622694909572601318e-01
7.652956247329711914e-01 -6.042030453681945801e-01 -6.046642065048217773e-01 -1.496281176805496216e-01 4.647676348686218262e-01 -3.621747493743896484e-01
7.649382352828979492e-01 -6.039891242980957031e-01 -6.051373481750488281e-01 -1.495571583509445190e-01 4.646003544330596924e-01 -3.622168302536010742e-01
7.650603652000427246e-01 -6.040617823600769043e-01 -6.052730083465576172e-01 -1.494910567998886108e-01 4.645345807075500488e-01 -3.624621927738189697e-01
7.649145126342773438e-01 -6.041817665100097656e-01 -6.043497323989868164e-01 -1.497538983821868896e-01 4.647716581821441650e-01 -3.620108067989349365e-01
7.651373744010925293e-01 -6.039486527442932129e-01 -6.057635545730590820e-01 -1.492767482995986938e-01 4.641293585300445557e-01 -3.632891774177551270e-01
7.652033567428588867e-01 -6.039583086967468262e-01 -6.055480241775512695e-01 -1.492907553911209106e-01 4.639628529548645020e-01 -3.635687828063964844e-01
7.653522491455078125e-01 -6.043208837509155273e-01 -6.045094728469848633e-01 -1.496210843324661255e-01 4.645523130893707275e-01 -3.631269931793212891e-01
7.651913166046142578e-01 -6.041159629821777344e-01 -6.050175428390502930e-01 -1.496626287698745728e-01 4.651852548122406006e-01 -3.612433671951293945e-01
7.651584148406982422e-01 -6.044800877571105957e-01 -6.038979291915893555e-01 -1.498437970876693726e-01 4.649963378906250000e-01 -3.623668849468231201e-01
7.632329463958740234e-01 -6.030883789062500000e-01 -6.039882898330688477e-01 -1.494766026735305786e-01 4.640541374683380127e-01 -3.622956871986389160e-01
7.658852934837341309e-01 -6.044966578483581543e-01 -6.045016050338745117e-01 -1.498233675956726074e-01 4.661944806575775146e-01 -3.596594035625457764e-01
7.643917798995971680e-01 -6.042454838752746582e-01 -6.059648990631103516e-01 -1.491180062294006348e-01 4.642355144023895264e-01 -3.628747761249542236e-01
7.614962458610534668e-01 -5.983473062515258789e-01 -6.118623018264770508e-01 -1.424748301506042480e-01 4.511901438236236572e-01 -3.913459181785583496e-01
7.717694044113159180e-01 -5.997464060783386230e-01 -6.167850494384765625e-01 -1.457211226224899292e-01 4.627445042133331299e-01 -3.762918710708618164e-01
7.662429809570312500e-01 -6.000723838806152344e-01 -6.112030744552612305e-01 -1.492731571197509766e-01 4.644663929939270020e-01 -3.672246336936950684e-01
7.669585943222045898e-01 -5.972532033920288086e-01 -6.261385679244995117e-01 -1.423978954553604126e-01 4.578708708286285400e-01 -3.855857849121093750e-01
7.720775008201599121e-01 -5.956364274024963379e-01 -6.399756669998168945e-01 -1.366003751754760742e-01 4.535147249698638916e-01 -4.010138511657714844e-01
7.728866338729858398e-01 -5.999857783317565918e-01 -6.436059474945068359e-01 -1.397820115089416504e-01 4.519818723201751709e-01 -4.137072563171386719e-01
7.723706364631652832e-01 -5.919786095619201660e-01 -6.417224407196044922e-01 -1.359153240919113159e-01 4.433909952640533447e-01 -4.253302216529846191e-01
7.802837491035461426e-01 -5.977216958999633789e-01 -6.382584571838378906e-01 -1.355673372745513916e-01 4.485045671463012695e-01 -4.115470945835113525e-01
7.863641977310180664e-01 -6.005032062530517578e-01 -6.388072967529296875e-01 -1.327565312385559082e-01 4.454575181007385254e-01 -4.181737303733825684e-01
7.794375419616699219e-01 -6.133925318717956543e-01 -6.722972393035888672e-01 -1.209154278039932251e-01 4.302019178867340088e-01 -4.501442313194274902e-01
7.691734433174133301e-01 -6.106685996055603027e-01 -6.571567058563232422e-01 -1.266036778688430786e-01 4.406614005565643311e-01 -4.167326092720031738e-01
7.684700489044189453e-01 -6.119031310081481934e-01 -6.552511453628540039e-01 -1.290214806795120239e-01 4.426995813846588135e-01 -4.135425090789794922e-01
7.684400081634521484e-01 -6.105458140373229980e-01 -6.502485275268554688e-01 -1.312165260314941406e-01 4.417060911655426025e-01 -4.244648814201354980e-01
7.757109403610229492e-01 -6.118535995483398438e-01 -6.612738370895385742e-01 -1.245510578155517578e-01 4.396312832832336426e-01 -4.254548251628875732e-01
7.752742767333984375e-01 -6.075076460838317871e-01 -6.581010818481445312e-01 -1.252412199974060059e-01 4.387525022029876709e-01 -4.255365431308746338e-01
7.767348289489746094e-01 -6.125711798667907715e-01 -6.646749973297119141e-01 -1.246446222066879272e-01 4.366765320301055908e-01 -4.331911802291870117e-01
7.728831171989440918e-01 -6.098962426185607910e-01 -6.610299348831176758e-01 -1.243164092302322388e-01 4.355075955390930176e-01 -4.323957264423370361e-01
7.718803882598876953e-01 -6.112242341041564941e-01 -6.786171197891235352e-01 -1.145131364464759827e-01 4.274936616420745850e-01 -4.510166049003601074e-01
7.719563245773315430e-01 -6.103481650352478027e-01 -6.742963790893554688e-01 -1.155061796307563782e-01 4.273942410945892334e-01 -4.486562609672546387e-01
7.721629142761230469e-01 -6.074668169021606445e-01 -6.788440942764282227e-01 -1.114668473601341248e-01 4.224328100681304932e-01 -4.614704251289367676e-01
7.673616409301757812e-01 -6.124055385589599609e-01 -6.638088226318359375e-01 -1.254291385412216187e-01 4.355660378932952881e-01 -4.315419495105743408e-01
7.718210816383361816e-01 -6.133877635002136230e-01 -6.618709564208984375e-01 -1.222997009754180908e-01 4.359839260578155518e-01 -4.316496849060058594e-01
7.731239795684814453e-01 -6.095535159111022949e-01 -6.686540842056274414e-01 -1.150214970111846924e-01 4.294802844524383545e-01 -4.467716515064239502e-01
7.729237079620361328e-01 -6.057365536689758301e-01 -6.611763238906860352e-01 -1.183893978595733643e-01 4.290050864219665527e-01 -4.454550445079803467e-01
7.724995613098144531e-01 -6.084817647933959961e-01 -6.544165611267089844e-01 -1.242815032601356506e-01 4.323809146881103516e-01 -4.374267458915710449e-01
7.705910205841064453e-01 -6.107236742973327637e-01 -6.629344224929809570e-01 -1.201343834400177002e-01 4.312855899333953857e-01 -4.397740662097930908e-01
7.718442678451538086e-01 -6.103937029838562012e-01 -6.627482175827026367e-01 -1.202852949500083923e-01 4.316959083080291748e-01 -4.393321275711059570e-01
7.722580432891845703e-01 -6.101780533790588379e-01 -6.522899866104125977e-01 -1.241774708032608032e-01 4.343570470809936523e-01 -4.317098855972290039e-01
7.736727595329284668e-01 -6.157503724098205566e-01 -6.707230806350708008e-01 -1.188470870256423950e-01 4.331883490085601807e-01 -4.377701580524444580e-01
7.665458917617797852e-01 -6.110671758651733398e-01 -6.390587091445922852e-01 -1.332589238882064819e-01 4.435227513313293457e-01 -4.078731536865234375e-01
7.635529041290283203e-01 -6.101835966110229492e-01 -6.443840265274047852e-01 -1.323023885488510132e-01 4.446255266666412354e-01 -4.063559770584106445e-01
7.716989517211914062e-01 -6.119840741157531738e-01 -6.471529006958007812e-01 -1.297307461500167847e-01 4.426076412200927734e-01 -4.125315546989440918e-01
7.701537609100341797e-01 -6.104019284248352051e-01 -6.444497108459472656e-01 -1.302445083856582642e-01 4.441181123256683350e-01 -4.049746692180633545e-01
7.687916755676269531e-01 -6.099790334701538086e-01 -6.285611391067504883e-01 -1.365433633327484131e-01 4.488176703453063965e-01 -3.954159617424011230e-01
7.670743465423583984e-01 -6.083010435104370117e-01 -6.330004930496215820e-01 -1.371996402740478516e-01 4.432599842548370361e-01 -4.102025628089904785e-01
7.677110433578491211e-01 -6.069383025169372559e-01 -6.390353441238403320e-01 -1.361647248268127441e-01 4.424564838409423828e-01 -4.129915833473205566e-01
7.754350900650024414e-01 -6.061496734619140625e-01 -6.327433586120605469e-01 -1.361689418554306030e-01 4.474149346351623535e-01 -4.029010832309722900e-01
7.791533470153808594e-01 -6.082296371459960938e-01 -6.313691139221191406e-01 -1.349245756864547729e-01 4.479143321514129639e-01 -4.044286608695983887e-01
7.844280004501342773e-01 -6.067253947257995605e-01 -6.355117559432983398e-01 -1.311829239130020142e-01 4.408558309078216553e-01 -4.221931099891662598e-01
7.818801403045654297e-01 -6.048616766929626465e-01 -6.355553865432739258e-01 -1.316084265708923340e-01 4.410901963710784912e-01 -4.242989420890808105e-01
7.824707031250000000e-01 -5.982896089553833008e-01 -6.859419345855712891e-01 -1.080428361892700195e-01 4.151701033115386963e-01 -4.838803410530090332e-01
7.848600149154663086e-01 -5.987828373908996582e-01 -6.760681867599487305e-01 -1.148802042007446289e-01 4.308697581291198730e-01 -4.625083804130554199e-01
7.813520431518554688e-01 -6.010181307792663574e-01 -6.605106592178344727e-01 -1.262250542640686035e-01 4.449994862079620361e-01 -4.321804940700531006e-01
7.980154752731323242e-01 -6.047565340995788574e-01 -6.702692508697509766e-01 -1.208474040031433105e-01 4.427031278610229492e-01 -4.387524127960205078e-01
7.874569892883300781e-01 -5.993763804435729980e-01 -6.683732271194458008e-01 -1.211982667446136475e-01 4.369542300701141357e-01 -4.540659785270690918e-01
7.850080132484436035e-01 -5.916973352432250977e-01 -6.639081239700317383e-01 -1.154786124825477600e-01 4.270425736904144287e-01 -4.710401892662048340e-01
7.681522369384765625e-01 -6.005322337150573730e-01 -6.221330165863037109e-01 -1.375705897808074951e-01 4.432640373706817627e-01 -4.051132500171661377e-01
7.699112892150878906e-01 -6.032208204269409180e-01 -6.140793561935424805e-01 -1.406838744878768921e-01 4.462233185768127441e-01 -3.963763415813446045e-01
7.793832421302795410e-01 -5.931270718574523926e-01 -6.503571271896362305e-01 -1.135341078042984009e-01 4.180611968040466309e-01 -4.667184352874755859e-01
7.783757448196411133e-01 -6.022912263870239258e-01 -6.278146505355834961e-01 -1.312071532011032104e-01 4.390046298503875732e-01 -4.241854846477508545e-01
7.791329622268676758e-01 -6.039047837257385254e-01 -6.315386295318603516e-01 -1.336789727210998535e-01 4.447211921215057373e-01 -4.200097024440765381e-01
7.744427919387817383e-01 -6.052864789962768555e-01 -6.391856670379638672e-01 -1.324073523283004761e-01 4.470777511596679688e-01 -4.209065437316894531e-01
7.705485820770263672e-01 -6.066101193428039551e-01 -6.403430700302124023e-01 -1.332018673419952393e-01 4.502022862434387207e-01 -4.138593673706054688e-01
7.717163562774658203e-01 -6.065927743911743164e-01 -6.459079980850219727e-01 -1.295903921127319336e-01 4.482268989086151123e-01 -4.182064533233642578e-01
7.706032991409301758e-01 -6.059482693672180176e-01 -6.320288181304931641e-01 -1.370516121387481689e-01 4.536883533000946045e-01 -4.060537219047546387e-01
7.768685817718505859e-01 -6.052479743957519531e-01 -6.343675851821899414e-01 -1.348675638437271118e-01 4.510551989078521729e-01 -4.149985909461975098e-01
7.782157659530639648e-01 -6.030998229980468750e-01 -6.437002420425415039e-01 -1.280424147844314575e-01 4.457749426364898682e-01 -4.254799485206604004e-01
7.814797163009643555e-01 -5.990918874740600586e-01 -6.534051895141601562e-01 -1.153274253010749817e-01 4.318001568317413330e-01 -4.462168216705322266e-01
7.798046469688415527e-01 -6.037688851356506348e-01 -6.298202276229858398e-01 -1.344393491744995117e-01 4.471749365329742432e-01 -4.156961441040039062e-01
7.829580307006835938e-01 -6.030204892158508301e-01 -6.316277980804443359e-01 -1.325481683015823364e-01 4.454024136066436768e-01 -4.228548407554626465e-01
7.840834259986877441e-01 -6.026385426521301270e-01 -6.462066173553466797e-01 -1.212835386395454407e-01 4.358268082141876221e-01 -4.409091472625732422e-01
7.845993041992187500e-01 -6.023975610733032227e-01 -6.359957456588745117e-01 -1.269174069166183472e-01 4.377640783786773682e-01 -4.339404702186584473e-01
7.889875173568725586e-01 -6.065623164176940918e-01 -6.511969566345214844e-01 -1.213691830635070801e-01 4.328943789005279541e-01 -4.433983266353607178e-01
7.884700298309326172e-01 -6.049493551254272461e-01 -6.542813777923583984e-01 -1.185031980276107788e-01 4.299337565898895264e-01 -4.474513530731201172e-01
7.902615666389465332e-01 -5.958871245384216309e-01 -6.609605550765991211e-01 -1.087896302342414856e-01 4.201899468898773193e-01 -4.706129431724548340e-01
7.883335947990417480e-01 -5.886828899383544922e-01 -6.703451871871948242e-01 -9.727054089307785034e-02 4.076741337776184082e-01 -4.952012300491333008e-01
7.823426723480224609e-01 -5.939915180206298828e-01 -6.500678062438964844e-01 -1.139545142650604248e-01 4.206729233264923096e-01 -4.646155834197998047e-01
7.803660631179809570e-01 -6.007748246192932129e-01 -6.389765739440917969e-01 -1.269817054271697998e-01 4.310067296028137207e-01 -4.424825012683868408e-01
7.861707210540771484e-01 -5.966007113456726074e-01 -6.527299880981445312e-01 -1.169447600841522217e-01 4.212686419486999512e-01 -4.654829502105712891e-01
7.833822369575500488e-01 -5.940297245979309082e-01 -6.503738164901733398e-01 -1.169720292091369629e-01 4.236282408237457275e-01 -4.615423679351806641e-01
7.719972133636474609e-01 -6.024338006973266602e-01 -6.417338848114013672e-01 -1.263316422700881958e-01 4.361980259418487549e-01 -4.344436228275299072e-01
7.720124125480651855e-01 -6.088526248931884766e-01 -6.634685993194580078e-01 -1.213440150022506714e-01 4.335250556468963623e-01 -4.409753680229187012e-01
7.737665176391601562e-01 -6.109253764152526855e-01 -6.850899457931518555e-01 -1.113076955080032349e-01 4.243873655796051025e-01 -4.651461839675903320e-01
7.696028947830200195e-01 -6.083652377128601074e-01 -6.612275838851928711e-01 -1.232815980911254883e-01 4.325712621212005615e-01 -4.424760937690734863e-01
7.696944475173950195e-01 -6.086255311965942383e-01 -6.623892784118652344e-01 -1.247031539678573608e-01 4.382157325744628906e-01 -4.357413053512573242e-01
7.741171121597290039e-01 -6.102378964424133301e-01 -6.560256481170654297e-01 -1.251070201396942139e-01 4.406943619251251221e-01 -4.265232682228088379e-01
7.742388248443603516e-01 -6.124713420867919922e-01 -6.614887714385986328e-01 -1.279549747705459595e-01 4.419536888599395752e-01 -4.297719299793243408e-01
7.667863368988037109e-01 -6.074426174163818359e-01 -6.834206581115722656e-01 -1.185483634471893311e-01 4.300994575023651123e-01 -4.611135125160217285e-01
7.788598537445068359e-01 -6.048783063888549805e-01 -6.328428983688354492e-01 -1.344387680292129517e-01 4.448968470096588135e-01 -4.175525009632110596e-01
7.768955230712890625e-01 -6.050876975059509277e-01 -6.313593387603759766e-01 -1.323461085557937622e-01 4.427165985107421875e-01 -4.195415973663330078e-01
7.782606482505798340e-01 -6.016032695770263672e-01 -6.221331357955932617e-01 -1.387676447629928589e-01 4.476770460605621338e-01 -4.134895503520965576e-01
7.862335443496704102e-01 -5.948191881179809570e-01 -6.418721675872802734e-01 -1.247993856668472290e-01 4.280064702033996582e-01 -4.555640816688537598e-01
7.809189558029174805e-01 -5.987505316734313965e-01 -6.327620744705200195e-01 -1.266084760427474976e-01 4.312393367290496826e-01 -4.424300789833068848e-01
7.881610393524169922e-01 -5.883100032806396484e-01 -6.498502492904663086e-01 -1.165666282176971436e-01 4.217897653579711914e-01 -4.735529422760009766e-01
7.877877354621887207e-01 -5.936176776885986328e-01 -6.533763408660888672e-01 -1.159948632121086121e-01 4.270087182521820068e-01 -4.630939364433288574e-01
7.858332395553588867e-01 -5.992811918258666992e-01 -6.528613567352294922e-01 -1.204365193843841553e-01 4.351864457130432129e-01 -4.483582377433776855e-01
7.855000495910644531e-01 -5.959420800209045410e-01 -6.666834354400634766e-01 -1.131773442029953003e-01 4.252620041370391846e-01 -4.731187224388122559e-01
7.892998456954956055e-01 -5.909698605537414551e-01 -6.340918540954589844e-01 -1.256300210952758789e-01 4.275248944759368896e-01 -4.583094716072082520e-01
7.815529704093933105e-01 -5.902323722839355469e-01 -6.314399242401123047e-01 -1.241275072097778320e-01 4.262113273143768311e-01 -4.549270868301391602e-01
7.848457098007202148e-01 -5.898213386535644531e-01 -6.437952518463134766e-01 -1.163818389177322388e-01 4.230481982231140137e-01 -4.655176997184753418e-01
7.806993722915649414e-01 -6.005482077598571777e-01 -6.366128921508789062e-01 -1.247120946645736694e-01 4.401822090148925781e-01 -4.322705268859863281e-01
7.845234870910644531e-01 -6.007196307182312012e-01 -6.511543989181518555e-01 -1.197564750909805298e-01 4.346303641796112061e-01 -4.471876621246337891e-01
7.852703928947448730e-01 -5.901654362678527832e-01 -6.607613563537597656e-01 -1.080687940120697021e-01 4.135828018188476562e-01 -4.819948077201843262e-01
7.806229591369628906e-01 -5.961623787879943848e-01 -6.496753692626953125e-01 -1.192670464515686035e-01 4.249903261661529541e-01 -4.571837782859802246e-01
7.828902006149291992e-01 -5.950977206230163574e-01 -6.452996730804443359e-01 -1.190145164728164673e-01 4.275493323802947998e-01 -4.530816674232482910e-01
7.751561403274536133e-01 -6.031876206398010254e-01 -6.356211900711059570e-01 -1.256425976753234863e-01 4.367267787456512451e-01 -4.355520009994506836e-01
7.774553298950195312e-01 -6.028632521629333496e-01 -6.382067203521728516e-01 -1.269489824771881104e-01 4.351564943790435791e-01 -4.421538114547729492e-01
7.860846519470214844e-01 -6.007466912269592285e-01 -6.286954879760742188e-01 -1.295168697834014893e-01 4.385783970355987549e-01 -4.357379078865051270e-01
7.900372743606567383e-01 -5.967883467674255371e-01 -6.338968276977539062e-01 -1.230001524090766907e-01 4.326060414314270020e-01 -4.511467814445495605e-01
7.875478267669677734e-01 -5.974187254905700684e-01 -6.423528194427490234e-01 -1.205690056085586548e-01 4.271043837070465088e-01 -4.594474434852600098e-01
7.881319522857666016e-01 -5.919304490089416504e-01 -6.459897756576538086e-01 -1.149470508098602295e-01 4.217145144939422607e-01 -4.700571298599243164e-01
7.860646247863769531e-01 -5.904124379158020020e-01 -6.483666896820068359e-01 -1.146836206316947937e-01 4.208812713623046875e-01 -4.741076827049255371e-01
7.802100777626037598e-01 -6.003706455230712891e-01 -6.338601112365722656e-01 -1.272395551204681396e-01 4.354975521564483643e-01 -4.398007988929748535e-01
7.811927795410156250e-01 -5.981770157814025879e-01 -6.312578916549682617e-01 -1.268255859613418579e-01 4.343313574790954590e-01 -4.424597024917602539e-01
7.839870452880859375e-01 -5.914092063903808594e-01 -6.491703987121582031e-01 -1.130977720022201538e-01 4.208686053752899170e-01 -4.720992445945739746e-01
7.875072956085205078e-01 -5.962216854095458984e-01 -6.310788393020629883e-01 -1.226063221693038940e-01 4.323440492153167725e-01 -4.448361396789550781e-01
7.901190519332885742e-01 -5.937287211418151855e-01 -6.514559984207153320e-01 -1.107077375054359436e-01 4.241233170032501221e-01 -4.648866057395935059e-01
7.825618982315063477e-01 -5.987051725387573242e-01 -6.360124349594116211e-01 -1.205881014466285706e-01 4.330696165561676025e-01 -4.465835094451904297e-01
7.840099334716796875e-01 -6.016136407852172852e-01 -6.477198600769042969e-01 -1.199826076626777649e-01 4.339175820350646973e-01 -4.492715001106262207e-01
7.858512401580810547e-01 -6.059449911117553711e-01 -6.564650535583496094e-01 -1.198757216334342957e-01 4.348118603229522705e-01 -4.485480189323425293e-01
7.819823026657104492e-01 -6.060582995414733887e-01 -6.304273605346679688e-01 -1.320831179618835449e-01 4.459743797779083252e-01 -4.212116003036499023e-01
7.788282036781311035e-01 -6.053287982940673828e-01 -6.139117479324340820e-01 -1.353828161954879761e-01 4.476160705089569092e-01 -4.112350642681121826e-01
7.780157327651977539e-01 -6.000140309333801270e-01 -6.250697374343872070e-01 -1.311561614274978638e-01 4.429807364940643311e-01 -4.259291589260101318e-01
7.745692729949951172e-01 -6.017128229141235352e-01 -6.175165176391601562e-01 -1.343494057655334473e-01 4.438591003417968750e-01 -4.188308119773864746e-01
7.757146358489990234e-01 -6.012503504753112793e-01 -6.194587945938110352e-01 -1.349262297153472900e-01 4.439461529254913330e-01 -4.197573661804199219e-01
7.793031930923461914e-01 -5.973132848739624023e-01 -6.123034954071044922e-01 -1.367317289113998413e-01 4.486500918865203857e-01 -4.105503559112548828e-01
7.774245142936706543e-01 -5.983772873878479004e-01 -6.126252412796020508e-01 -1.359128654003143311e-01 4.465970993041992188e-01 -4.129183888435363770e-01
7.738326787948608398e-01 -5.968965291976928711e-01 -6.128665208816528320e-01 -1.329984366893768311e-01 4.436531662940979004e-01 -4.214532375335693359e-01
7.757644653320312500e-01 -6.017490625381469727e-01 -6.199140548706054688e-01 -1.340525448322296143e-01 4.478345215320587158e-01 -4.186061024665832520e-01
7.771605253219604492e-01 -6.036075353622436523e-01 -6.240999698638916016e-01 -1.330165266990661621e-01 4.452652633190155029e-01 -4.232487976551055908e-01
7.784940004348754883e-01 -6.069726943969726562e-01 -6.293113231658935547e-01 -1.374975889921188354e-01 4.538800120353698730e-01 -4.090704619884490967e-01
7.765715122222900391e-01 -6.101490855216979980e-01 -6.312673091888427734e-01 -1.369374096393585205e-01 4.552703499794006348e-01 -4.050211906433105469e-01
7.771349549293518066e-01 -6.089698076248168945e-01 -6.321314573287963867e-01 -1.342128068208694458e-01 4.513652622699737549e-01 -4.114489555358886719e-01
7.774850130081176758e-01 -6.065335273742675781e-01 -6.303079128265380859e-01 -1.342387646436691284e-01 4.491729438304901123e-01 -4.168016314506530762e-01
7.815527915954589844e-01 -6.056330800056457520e-01 -6.235699653625488281e-01 -1.377811878919601440e-01 4.527176916599273682e-01 -4.104855656623840332e-01
7.799232006072998047e-01 -6.041752099990844727e-01 -6.241083145141601562e-01 -1.373772025108337402e-01 4.540840387344360352e-01 -4.079768061637878418e-01
7.785272598266601562e-01 -6.018010973930358887e-01 -6.305644512176513672e-01 -1.355332434177398682e-01 4.527850449085235596e-01 -4.132090806961059570e-01
7.799665927886962891e-01 -6.027581095695495605e-01 -6.330844163894653320e-01 -1.356903016567230225e-01 4.525807499885559082e-01 -4.138214290142059326e-01
7.796360254287719727e-01 -6.012316942214965820e-01 -6.302249431610107422e-01 -1.339376568794250488e-01 4.499887824058532715e-01 -4.172095060348510742e-01
7.835395336151123047e-01 -6.076147556304931641e-01 -6.374046802520751953e-01 -1.355586498975753784e-01 4.551323652267456055e-01 -4.098462462425231934e-01
7.824168205261230469e-01 -6.104555726051330566e-01 -6.648499965667724609e-01 -1.242356449365615845e-01 4.438786208629608154e-01 -4.349794983863830566e-01
7.801772356033325195e-01 -6.025493144989013672e-01 -6.513549089431762695e-01 -1.290968805551528931e-01 4.425293207168579102e-01 -4.376198947429656982e-01
7.800612449645996094e-01 -6.035189628601074219e-01 -6.346029043197631836e-01 -1.369845271110534668e-01 4.505494832992553711e-01 -4.170207977294921875e-01
7.800099849700927734e-01 -6.058941483497619629e-01 -6.290159225463867188e-01 -1.424745172262191772e-01 4.581461548805236816e-01 -4.018904566764831543e-01
7.788971662521362305e-01 -6.094646453857421875e-01 -6.279011964797973633e-01 -1.454484909772872925e-01 4.626160562038421631e-01 -3.932989835739135742e-01
7.754966020584106445e-01 -6.117333173751831055e-01 -6.307508945465087891e-01 -1.469269990921020508e-01 4.646918475627899170e-01 -3.903422653675079346e-01
7.726373076438903809e-01 -6.111455559730529785e-01 -6.325795650482177734e-01 -1.469302177429199219e-01 4.623226225376129150e-01 -3.942079544067382812e-01
7.732251882553100586e-01 -6.098938584327697754e-01 -6.373655796051025391e-01 -1.431137025356292725e-01 4.594567418098449707e-01 -4.018632769584655762e-01
7.745878696441650391e-01 -6.108956336975097656e-01 -6.329312324523925781e-01 -1.427042037248611450e-01 4.583741724491119385e-01 -4.011518657207489014e-01
7.779974937438964844e-01 -6.111280918121337891e-01 -6.226637363433837891e-01 -1.469613611698150635e-01 4.642084836959838867e-01 -3.882406651973724365e-01
7.759945988655090332e-01 -6.125578284263610840e-01 -6.183475255966186523e-01 -1.509232521057128906e-01 4.668054282665252686e-01 -3.799082636833190918e-01
7.750979661941528320e-01 -6.160053610801696777e-01 -6.196925640106201172e-01 -1.522833853960037231e-01 4.696340560913085938e-01 -3.724213838577270508e-01
7.755712270736694336e-01 -6.166759133338928223e-01 -6.341133117675781250e-01 -1.477273404598236084e-01 4.657743275165557861e-01 -3.858109116554260254e-01
7.789832353591918945e-01 -6.152788996696472168e-01 -6.305489540100097656e-01 -1.470258086919784546e-01 4.633508920669555664e-01 -3.837929368019104004e-01
7.754428386688232422e-01 -6.106718778610229492e-01 -6.354119777679443359e-01 -1.433158814907073975e-01 4.561806023120880127e-01 -3.990365862846374512e-01
7.766971588134765625e-01 -6.172466278076171875e-01 -6.480321884155273438e-01 -1.388270407915115356e-01 4.541246891021728516e-01 -4.040862917900085449e-01
7.731135487556457520e-01 -6.177426576614379883e-01 -6.583763360977172852e-01 -1.323838233947753906e-01 4.489505589008331299e-01 -4.116869270801544189e-01
7.787047624588012695e-01 -6.179563403129577637e-01 -6.405593156814575195e-01 -1.377993077039718628e-01 4.525309801101684570e-01 -3.970362246036529541e-01
7.779711484909057617e-01 -6.142669916152954102e-01 -6.513214111328125000e-01 -1.309415698051452637e-01 4.461127221584320068e-01 -4.146429598331451416e-01
7.753334045410156250e-01 -6.155749559402465820e-01 -6.463934183120727539e-01 -1.353237479925155640e-01 4.490984678268432617e-01 -4.110971093177795410e-01
7.808142900466918945e-01 -6.195291280746459961e-01 -6.251022815704345703e-01 -1.433255374431610107e-01 4.559651017189025879e-01 -3.874702453613281250e-01
7.764954566955566406e-01 -6.111446022987365723e-01 -6.332498788833618164e-01 -1.412365734577178955e-01 4.544377028942108154e-01 -3.966369330883026123e-01
7.766499519348144531e-01 -6.055986881256103516e-01 -6.229473352432250977e-01 -1.427590399980545044e-01 4.523502886295318604e-01 -3.945679664611816406e-01
7.768305540084838867e-01 -6.040671467781066895e-01 -6.170125007629394531e-01 -1.434701681137084961e-01 4.515542685985565186e-01 -3.908075690269470215e-01
7.722295522689819336e-01 -6.015367507934570312e-01 -6.249489784240722656e-01 -1.391809433698654175e-01 4.482087194919586182e-01 -3.994184434413909912e-01
7.778642177581787109e-01 -6.094734072685241699e-01 -6.209893226623535156e-01 -1.419603675603866577e-01 4.546838700771331787e-01 -3.881173133850097656e-01
7.753880023956298828e-01 -6.095798611640930176e-01 -6.211839914321899414e-01 -1.426431089639663696e-01 4.544963240623474121e-01 -3.883163332939147949e-01
7.732567787170410156e-01 -6.139546036720275879e-01 -6.558958292007446289e-01 -1.284800320863723755e-01 4.445179104804992676e-01 -4.177512526512145996e-01
7.708326578140258789e-01 -6.132794022560119629e-01 -6.184839010238647461e-01 -1.424739509820938110e-01 4.518667459487915039e-01 -3.949335217475891113e-01
7.667751312255859375e-01 -6.067989468574523926e-01 -6.211460828781127930e-01 -1.335151642560958862e-01 4.428365230560302734e-01 -4.154489040374755859e-01
7.748793363571166992e-01 -6.106508374214172363e-01 -6.181820631027221680e-01 -1.366312801837921143e-01 4.492400884628295898e-01 -4.089145958423614502e-01
7.761600017547607422e-01 -6.095376610755920410e-01 -6.353216171264648438e-01 -1.320737600326538086e-01 4.469263255596160889e-01 -4.197245836257934570e-01
7.740501165390014648e-01 -6.099762320518493652e-01 -6.209940910339355469e-01 -1.354096680879592896e-01 4.482663571834564209e-01 -4.097742736339569092e-01
7.763024568557739258e-01 -6.112577319145202637e-01 -6.182103157043457031e-01 -1.358226090669631958e-01 4.490022957324981689e-01 -4.089061021804809570e-01
7.811306715011596680e-01 -6.130985021591186523e-01 -6.318863630294799805e-01 -1.366934180259704590e-01 4.540403485298156738e-01 -4.046717286109924316e-01
7.715631723403930664e-01 -6.183557510375976562e-01 -6.045639514923095703e-01 -1.504198610782623291e-01 4.656022489070892334e-01 -3.710701763629913330e-01
7.697354555130004883e-01 -6.153919100761413574e-01 -6.065496206283569336e-01 -1.520175039768218994e-01 4.676320254802703857e-01 -3.700858354568481445e-01
7.694219350814819336e-01 -6.100247502326965332e-01 -6.092876195907592773e-01 -1.458200663328170776e-01 4.600663781166076660e-01 -3.857107162475585938e-01
7.765441536903381348e-01 -6.034727096557617188e-01 -6.107269525527954102e-01 -1.360042691230773926e-01 4.482195973396301270e-01 -4.095478653907775879e-01
7.793287634849548340e-01 -6.011344790458679199e-01 -6.106296777725219727e-01 -1.331826597452163696e-01 4.461031854152679443e-01 -4.169604182243347168e-01
7.755344510078430176e-01 -6.021279096603393555e-01 -6.117448806762695312e-01 -1.383346468210220337e-01 4.534356296062469482e-01 -4.068990945816040039e-01
7.729753255844116211e-01 -6.040650606155395508e-01 -6.129475831985473633e-01 -1.420228928327560425e-01 4.555284082889556885e-01 -4.019311666488647461e-01
7.732757925987243652e-01 -6.019936203956604004e-01 -6.140010356903076172e-01 -1.405045688152313232e-01 4.515511691570281982e-01 -4.077852368354797363e-01
7.774655818939208984e-01 -6.009873151779174805e-01 -6.126536130905151367e-01 -1.388041079044342041e-01 4.484805762767791748e-01 -4.139934182167053223e-01
7.754303216934204102e-01 -6.013191342353820801e-01 -6.102366447448730469e-01 -1.396940201520919800e-01 4.514882266521453857e-01 -4.102544188499450684e-01
7.776800394058227539e-01 -6.000425219535827637e-01 -6.199450492858886719e-01 -1.391271501779556274e-01 4.503468573093414307e-01 -4.173403978347778320e-01
7.820377349853515625e-01 -5.970218777656555176e-01 -6.231745481491088867e-01 -1.347922086715698242e-01 4.441080093383789062e-01 -4.262944161891937256e-01
7.834788560867309570e-01 -5.924879312515258789e-01 -6.387246847152709961e-01 -1.246068179607391357e-01 4.284920394420623779e-01 -4.580878019332885742e-01
7.848763465881347656e-01 -5.931678414344787598e-01 -6.249899864196777344e-01 -1.289493292570114136e-01 4.355744123458862305e-01 -4.430946409702301025e-01
7.825539112091064453e-01 -5.946770310401916504e-01 -6.239695549011230469e-01 -1.298733800649642944e-01 4.370194077491760254e-01 -4.391380250453948975e-01
7.824714183807373047e-01 -5.952386856079101562e-01 -6.244306564331054688e-01 -1.320957988500595093e-01 4.395518302917480469e-01 -4.365435838699340820e-01
7.842708826065063477e-01 -5.954341888427734375e-01 -6.253818273544311523e-01 -1.320890635251998901e-01 4.403215050697326660e-01 -4.365347027778625488e-01
7.824966907501220703e-01 -5.950260162353515625e-01 -6.261879205703735352e-01 -1.316310465335845947e-01 4.388136863708496094e-01 -4.374516904354095459e-01
7.835193872451782227e-01 -5.931340456008911133e-01 -6.254481077194213867e-01 -1.317651867866516113e-01 4.400219619274139404e-01 -4.357888996601104736e-01
7.841552495956420898e-01 -5.946640968322753906e-01 -6.235735416412353516e-01 -1.335003674030303955e-01 4.424841701984405518e-01 -4.300828576087951660e-01
7.819972634315490723e-01 -6.004324555397033691e-01 -6.241557598114013672e-01 -1.393670737743377686e-01 4.504502117633819580e-01 -4.142791032791137695e-01
7.809144258499145508e-01 -6.023894548416137695e-01 -6.278649568557739258e-01 -1.399777233600616455e-01 4.532564878463745117e-01 -4.086631238460540771e-01
7.800046205520629883e-01 -5.983074903488159180e-01 -6.397919654846191406e-01 -1.350102573633193970e-01 4.482411444187164307e-01 -4.283739924430847168e-01
7.828326225280761719e-01 -5.983068943023681641e-01 -6.336221694946289062e-01 -1.322568356990814209e-01 4.457525908946990967e-01 -4.292914867401123047e-01
7.807143926620483398e-01 -6.048005819320678711e-01 -6.633142232894897461e-01 -1.289572715759277344e-01 4.483402669429779053e-01 -4.361088573932647705e-01
7.788248658180236816e-01 -6.096350550651550293e-01 -6.219035387039184570e-01 -1.455323696136474609e-01 4.627181589603424072e-01 -3.920924067497253418e-01
7.752867341041564941e-01 -6.095486879348754883e-01 -6.187448501586914062e-01 -1.435658484697341919e-01 4.600422084331512451e-01 -3.993735909461975098e-01
7.737456560134887695e-01 -6.038051247596740723e-01 -6.250280141830444336e-01 -1.364709585905075073e-01 4.535997807979583740e-01 -4.157578349113464355e-01
7.737323045730590820e-01 -6.049613356590270996e-01 -6.372940540313720703e-01 -1.306487023830413818e-01 4.433501064777374268e-01 -4.283874630928039551e-01
7.750849723815917969e-01 -6.046803593635559082e-01 -6.238577365875244141e-01 -1.390511393547058105e-01 4.493003785610198975e-01 -4.124154448509216309e-01
7.744035124778747559e-01 -6.042012572288513184e-01 -6.196589469909667969e-01 -1.399505287408828735e-01 4.511978626251220703e-01 -4.044589400291442871e-01
7.741454839706420898e-01 -6.018002033233642578e-01 -6.248710155487060547e-01 -1.347998529672622681e-01 4.459009766578674316e-01 -4.144057035446166992e-01
7.762264013290405273e-01 -6.014541387557983398e-01 -6.202464103698730469e-01 -1.348509490489959717e-01 4.460150897502899170e-01 -4.118079543113708496e-01
7.784801721572875977e-01 -6.047450900077819824e-01 -6.300413608551025391e-01 -1.328157782554626465e-01 4.445978403091430664e-01 -4.194586873054504395e-01
7.781074047088623047e-01 -6.027211546897888184e-01 -6.332105398178100586e-01 -1.311297714710235596e-01 4.381519854068756104e-01 -4.294110834598541260e-01
7.783397436141967773e-01 -6.027103066444396973e-01 -6.270248889923095703e-01 -1.329384148120880127e-01 4.405928254127502441e-01 -4.228887856006622314e-01
7.788445949554443359e-01 -6.038271188735961914e-01 -6.245862245559692383e-01 -1.350012421607971191e-01 4.448414146900177002e-01 -4.163835644721984863e-01
7.765740156173706055e-01 -6.049705743789672852e-01 -6.332302093505859375e-01 -1.338084191083908081e-01 4.451980292797088623e-01 -4.182291924953460693e-01
7.764841318130493164e-01 -6.157185435295104980e-01 -6.526938676834106445e-01 -1.305917948484420776e-01 4.495702981948852539e-01 -4.133964180946350098e-01
7.824191451072692871e-01 -6.096233129501342773e-01 -6.350857019424438477e-01 -1.377245187759399414e-01 4.508099853992462158e-01 -4.164138436317443848e-01
7.784909009933471680e-01 -6.161046028137207031e-01 -6.572051048278808594e-01 -1.262623369693756104e-01 4.441792070865631104e-01 -4.252482354640960693e-01
7.821840047836303711e-01 -6.113402247428894043e-01 -6.462742090225219727e-01 -1.298822909593582153e-01 4.472424685955047607e-01 -4.232225418090820312e-01
7.855976819992065430e-01 -6.105916500091552734e-01 -6.502382755279541016e-01 -1.264418959617614746e-01 4.412591159343719482e-01 -4.363823831081390381e-01
7.777948379516601562e-01 -6.121735572814941406e-01 -6.239448785781860352e-01 -1.358633786439895630e-01 4.534634947776794434e-01 -3.975405991077423096e-01
7.883681058883666992e-01 -6.007785201072692871e-01 -6.527227163314819336e-01 -1.162748932838439941e-01 4.321261942386627197e-01 -4.494631886482238770e-01
7.814558744430541992e-01 -6.015907526016235352e-01 -6.497771739959716797e-01 -1.171366423368453979e-01 4.313227832317352295e-01 -4.485267996788024902e-01
7.797308564186096191e-01 -6.083765625953674316e-01 -6.194050312042236328e-01 -1.332119107246398926e-01 4.482426345348358154e-01 -4.090963006019592285e-01
7.790601253509521484e-01 -6.107344031333923340e-01 -6.077705621719360352e-01 -1.388594210147857666e-01 4.528998136520385742e-01 -3.952058553695678711e-01
7.798424363136291504e-01 -6.115158200263977051e-01 -6.151620149612426758e-01 -1.380300372838973999e-01 4.530857205390930176e-01 -3.982989788055419922e-01
7.813947796821594238e-01 -6.093499660491943359e-01 -6.294989585876464844e-01 -1.324169635772705078e-01 4.491024911403656006e-01 -4.098642468452453613e-01
7.819173336029052734e-01 -6.086885333061218262e-01 -6.275197267532348633e-01 -1.336344927549362183e-01 4.513492286205291748e-01 -4.072130322456359863e-01
7.852807044982910156e-01 -5.930850505828857422e-01 -6.542494297027587891e-01 -1.133993640542030334e-01 4.262721240520477295e-01 -4.694289565086364746e-01
7.905677556991577148e-01 -5.805179476737976074e-01 -6.509957313537597656e-01 -1.064829081296920776e-01 4.130209982395172119e-01 -5.009748339653015137e-01
7.903451323509216309e-01 -5.874340534210205078e-01 -6.333737373352050781e-01 -1.186957955360412598e-01 4.273861646652221680e-01 -4.712972640991210938e-01
7.772735953330993652e-01 -5.972543358802795410e-01 -6.236003637313842773e-01 -1.306384205818176270e-01 4.434913694858551025e-01 -4.331061244010925293e-01
7.723896503448486328e-01 -5.994706153869628906e-01 -6.257973909378051758e-01 -1.345482468605041504e-01 4.485789835453033447e-01 -4.270647764205932617e-01
7.727043032646179199e-01 -5.986202955245971680e-01 -6.211923360824584961e-01 -1.319680660963058472e-01 4.438881278038024902e-01 -4.305259883403778076e-01
7.740975618362426758e-01 -5.979059934616088867e-01 -6.198692321777343750e-01 -1.312251240015029907e-01 4.449902772903442383e-01 -4.284852743148803711e-01
7.739453315734863281e-01 -5.977919697761535645e-01 -6.183125972747802734e-01 -1.315113157033920288e-01 4.456039667129516602e-01 -4.270066022872924805e-01
7.747496962547302246e-01 -5.970169901847839355e-01 -6.205140352249145508e-01 -1.300768554210662842e-01 4.440280497074127197e-01 -4.310128092765808105e-01
7.781653404235839844e-01 -5.952402353286743164e-01 -6.261640787124633789e-01 -1.279817074537277222e-01 4.400543868541717529e-01 -4.415998160839080811e-01
7.768363952636718750e-01 -5.932850241661071777e-01 -6.275126934051513672e-01 -1.258714348077774048e-01 4.359659850597381592e-01 -4.506720900535583496e-01
7.717466354370117188e-01 -5.990232825279235840e-01 -6.180433034896850586e-01 -1.337481141090393066e-01 4.474345445632934570e-01 -4.255209863185882568e-01
7.738565206527709961e-01 -5.976855158805847168e-01 -6.240606307983398438e-01 -1.329281777143478394e-01 4.452068507671356201e-01 -4.315647482872009277e-01
7.749001383781433105e-01 -5.981422066688537598e-01 -6.240192651748657227e-01 -1.323680728673934937e-01 4.446845650672912598e-01 -4.301868975162506104e-01
7.716144919395446777e-01 -6.030488610267639160e-01 -6.176917552947998047e-01 -1.339969187974929810e-01 4.466533362865447998e-01 -4.194153249263763428e-01
7.697682976722717285e-01 -6.035658717155456543e-01 -6.209169626235961914e-01 -1.310919821262359619e-01 4.423391520977020264e-01 -4.181050062179565430e-01
7.729339599609375000e-01 -6.042931079864501953e-01 -6.147519350051879883e-01 -1.337999254465103149e-01 4.442554116249084473e-01 -4.121430814266204834e-01
7.747105360031127930e-01 -6.044660806655883789e-01 -6.363722085952758789e-01 -1.269954890012741089e-01 4.346662461757659912e-01 -4.317111670970916748e-01
7.729817628860473633e-01 -6.047340631484985352e-01 -6.410071849822998047e-01 -1.243747770786285400e-01 4.330857694149017334e-01 -4.390313923358917236e-01
7.814699411392211914e-01 -6.045508980751037598e-01 -6.576441526412963867e-01 -1.186074316501617432e-01 4.307352602481842041e-01 -4.497841596603393555e-01
7.756122350692749023e-01 -6.092166304588317871e-01 -6.514912843704223633e-01 -1.240437477827072144e-01 4.362863898277282715e-01 -4.371735751628875732e-01
7.766509056091308594e-01 -6.027692556381225586e-01 -6.333854198455810547e-01 -1.274125725030899048e-01 4.360442757606506348e-01 -4.330058693885803223e-01
7.715305685997009277e-01 -6.046855449676513672e-01 -6.364166736602783203e-01 -1.332252323627471924e-01 4.422530233860015869e-01 -4.220897555351257324e-01
7.658298015594482422e-01 -6.087980866432189941e-01 -6.422351598739624023e-01 -1.334966719150543213e-01 4.465997815132141113e-01 -4.147930145263671875e-01
7.753075361251831055e-01 -6.086676716804504395e-01 -6.279629468917846680e-01 -1.386440992355346680e-01 4.505652785301208496e-01 -4.056631922721862793e-01
7.730361223220825195e-01 -6.032275557518005371e-01 -6.193584203720092773e-01 -1.364732980728149414e-01 4.462655484676361084e-01 -4.066342115402221680e-01
7.736911177635192871e-01 -6.089736819267272949e-01 -6.238477230072021484e-01 -1.385941505432128906e-01 4.500840008258819580e-01 -4.036817848682403564e-01
7.730927467346191406e-01 -6.109273433685302734e-01 -6.312721967697143555e-01 -1.376654654741287231e-01 4.480507075786590576e-01 -4.112088680267333984e-01
7.746616601943969727e-01 -6.101443767547607422e-01 -6.387219429016113281e-01 -1.354284137487411499e-01 4.446122050285339355e-01 -4.215464293956756592e-01
7.692543268203735352e-01 -6.070784330368041992e-01 -6.361372470855712891e-01 -1.322837769985198975e-01 4.416898190975189209e-01 -4.243896901607513428e-01
7.761841416358947754e-01 -6.032776236534118652e-01 -6.273387670516967773e-01 -1.326285451650619507e-01 4.408008456230163574e-01 -4.226263165473937988e-01
7.739979028701782227e-01 -6.035533547401428223e-01 -6.326935291290283203e-01 -1.302504539489746094e-01 4.400261640548706055e-01 -4.283911585807800293e-01
7.756750583648681641e-01 -6.043030619621276855e-01 -6.415563821792602539e-01 -1.235108524560928345e-01 4.374685585498809814e-01 -4.347396492958068848e-01
7.683235406875610352e-01 -6.009929180145263672e-01 -6.450277566909790039e-01 -1.196913048624992371e-01 4.322160482406616211e-01 -4.434795081615447998e-01
7.718009948730468750e-01 -6.045471429824829102e-01 -6.382746696472167969e-01 -1.268549710512161255e-01 4.405908286571502686e-01 -4.263122081756591797e-01
7.834172844886779785e-01 -5.989805459976196289e-01 -6.506024599075317383e-01 -1.152532324194908142e-01 4.295545220375061035e-01 -4.524814486503601074e-01
7.782475948333740234e-01 -6.007710695266723633e-01 -6.204190254211425781e-01 -1.313338875770568848e-01 4.440667629241943359e-01 -4.212971925735473633e-01
7.800792455673217773e-01 -6.035194993019104004e-01 -6.178567409515380859e-01 -1.319360584020614624e-01 4.458525180816650391e-01 -4.169816374778747559e-01
7.794362306594848633e-01 -6.003178954124450684e-01 -6.305725574493408203e-01 -1.291388571262359619e-01 4.414671957492828369e-01 -4.324491918087005615e-01
7.748175263404846191e-01 -6.042569875717163086e-01 -6.337343454360961914e-01 -1.311402022838592529e-01 4.450184106826782227e-01 -4.270907342433929443e-01
7.756536006927490234e-01 -6.023919582366943359e-01 -6.418025493621826172e-01 -1.259412616491317749e-01 4.391263723373413086e-01 -4.400538802146911621e-01
7.787525653839111328e-01 -6.005446910858154297e-01 -6.366908550262451172e-01 -1.256891340017318726e-01 4.366007149219512939e-01 -4.414356350898742676e-01
7.771276235580444336e-01 -6.016665101051330566e-01 -6.383199691772460938e-01 -1.259270310401916504e-01 4.371828138828277588e-01 -4.398931264877319336e-01
7.793499231338500977e-01 -6.036017537117004395e-01 -6.384850740432739258e-01 -1.268817782402038574e-01 4.375099539756774902e-01 -4.385094046592712402e-01
7.789243459701538086e-01 -6.045960783958435059e-01 -6.329082250595092773e-01 -1.322897523641586304e-01 4.441309273242950439e-01 -4.262622594833374023e-01
7.795073390007019043e-01 -6.033016443252563477e-01 -6.293586492538452148e-01 -1.330732852220535278e-01 4.432885348796844482e-01 -4.266551733016967773e-01
7.822171449661254883e-01 -6.043649315834045410e-01 -6.376689672470092773e-01 -1.280326396226882935e-01 4.406245648860931396e-01 -4.337821006774902344e-01
7.810040712356567383e-01 -6.033825278282165527e-01 -6.358762979507446289e-01 -1.293719559907913208e-01 4.421906769275665283e-01 -4.305504858493804932e-01
7.822647690773010254e-01 -6.014032363891601562e-01 -6.282361745834350586e-01 -1.314896494150161743e-01 4.423590600490570068e-01 -4.286556243896484375e-01
7.858443260192871094e-01 -6.018713712692260742e-01 -6.317453384399414062e-01 -1.282940357923507690e-01 4.391604363918304443e-01 -4.365521967411041260e-01
7.848144173622131348e-01 -6.013878583908081055e-01 -6.287637948989868164e-01 -1.280452460050582886e-01 4.374184310436248779e-01 -4.362667500972747803e-01
7.872051000595092773e-01 -6.003714203834533691e-01 -6.384066343307495117e-01 -1.211740896105766296e-01 4.296342730522155762e-01 -4.542660117149353027e-01
7.874955534934997559e-01 -5.972849726676940918e-01 -6.497515439987182617e-01 -1.125216186046600342e-01 4.216189086437225342e-01 -4.698448777198791504e-01
7.873761653900146484e-01 -6.019986271858215332e-01 -6.315346956253051758e-01 -1.246168315410614014e-01 4.332936704158782959e-01 -4.429034888744354248e-01
7.867717146873474121e-01 -5.951389074325561523e-01 -6.638791561126708984e-01 -1.034363210201263428e-01 4.100006520748138428e-01 -4.866001009941101074e-01
7.901811599731445312e-01 -6.020902395248413086e-01 -6.701033115386962891e-01 -1.016247794032096863e-01 4.131374061107635498e-01 -4.814093708992004395e-01
7.813338041305541992e-01 -6.199547648429870605e-01 -6.600149869918823242e-01 -1.209505796432495117e-01 4.390592277050018311e-01 -4.255548119544982910e-01
7.847273349761962891e-01 -6.157992482185363770e-01 -6.317167282104492188e-01 -1.337851732969284058e-01 4.492269456386566162e-01 -4.023972749710083008e-01
7.812377810478210449e-01 -6.101644635200500488e-01 -6.236007213592529297e-01 -1.376748234033584595e-01 4.506293833255767822e-01 -4.009865820407867432e-01
7.799888849258422852e-01 -6.077407002449035645e-01 -6.202883720397949219e-01 -1.402053683996200562e-01 4.529215991497039795e-01 -4.015469551086425781e-01
7.813490033149719238e-01 -6.037935614585876465e-01 -6.224904060363769531e-01 -1.377422064542770386e-01 4.474425017833709717e-01 -4.158978164196014404e-01
7.857638597488403320e-01 -5.958805084228515625e-01 -6.247953176498413086e-01 -1.270208656787872314e-01 4.328538477420806885e-01 -4.478397965431213379e-01
7.814753055572509766e-01 -6.024635434150695801e-01 -6.199039220809936523e-01 -1.342702358961105347e-01 4.428538978099822998e-01 -4.235450029373168945e-01
7.799438238143920898e-01 -6.046606898307800293e-01 -6.161266565322875977e-01 -1.370444148778915405e-01 4.470277130603790283e-01 -4.143768846988677979e-01
7.779064774513244629e-01 -6.058610677719116211e-01 -6.117409467697143555e-01 -1.385787725448608398e-01 4.478845596313476562e-01 -4.090479016304016113e-01
7.779772877693176270e-01 -6.044247746467590332e-01 -6.115796566009521484e-01 -1.410080492496490479e-01 4.522759616374969482e-01 -4.005205035209655762e-01
7.784634828567504883e-01 -6.045048236846923828e-01 -6.177576780319213867e-01 -1.388881206512451172e-01 4.490520358085632324e-01 -4.094232916831970215e-01
7.744081020355224609e-01 -6.051090359687805176e-01 -6.387289762496948242e-01 -1.311222016811370850e-01 4.405814111232757568e-01 -4.300373196601867676e-01
7.743746042251586914e-01 -6.081334948539733887e-01 -6.559232473373413086e-01 -1.216190308332443237e-01 4.355113804340362549e-01 -4.403038620948791504e-01
7.828534841537475586e-01 -6.079999208450317383e-01 -6.603249311447143555e-01 -1.201119348406791687e-01 4.326361119747161865e-01 -4.436043202877044678e-01
7.800013422966003418e-01 -6.086148023605346680e-01 -6.377428770065307617e-01 -1.331090927124023438e-01 4.455875456333160400e-01 -4.197625219821929932e-01
7.792936563491821289e-01 -6.085603833198547363e-01 -6.312366724014282227e-01 -1.378126144409179688e-01 4.513304233551025391e-01 -4.102025032043457031e-01
7.757275700569152832e-01 -6.113067865371704102e-01 -6.357517242431640625e-01 -1.365879625082015991e-01 4.511710703372955322e-01 -4.098523259162902832e-01
7.719361186027526855e-01 -6.121118068695068359e-01 -6.663314104080200195e-01 -1.203905642032623291e-01 4.382784068584442139e-01 -4.378319680690765381e-01
7.766262292861938477e-01 -6.122339963912963867e-01 -6.611958742141723633e-01 -1.204980090260505676e-01 4.368833005428314209e-01 -4.356134235858917236e-01
7.735961675643920898e-01 -6.131337881088256836e-01 -6.508283615112304688e-01 -1.251685470342636108e-01 4.423440992832183838e-01 -4.254265129566192627e-01
7.770743370056152344e-01 -6.191052198410034180e-01 -6.427984237670898438e-01 -1.319509446620941162e-01 4.492042064666748047e-01 -4.061485528945922852e-01
7.768875956535339355e-01 -6.122727990150451660e-01 -6.357104778289794922e-01 -1.328981667757034302e-01 4.473674893379211426e-01 -4.137722253799438477e-01
7.731482386589050293e-01 -6.099665760993957520e-01 -6.275094747543334961e-01 -1.359319984912872314e-01 4.498044848442077637e-01 -4.076136350631713867e-01
7.742783427238464355e-01 -6.106992959976196289e-01 -6.196875572204589844e-01 -1.389750987291336060e-01 4.524980485439300537e-01 -3.991758525371551514e-01
7.754536271095275879e-01 -6.077505946159362793e-01 -6.136220693588256836e-01 -1.385706663131713867e-01 4.502086043357849121e-01 -4.042026996612548828e-01
7.715734243392944336e-01 -6.053572297096252441e-01 -6.197464466094970703e-01 -1.361272037029266357e-01 4.454337358474731445e-01 -4.160662591457366943e-01
7.745228409767150879e-01 -6.017662286758422852e-01 -6.181837320327758789e-01 -1.342457681894302368e-01 4.434161186218261719e-01 -4.199129343032836914e-01
7.763969898223876953e-01 -6.014966368675231934e-01 -6.188640594482421875e-01 -1.332765072584152222e-01 4.427294731140136719e-01 -4.216222465038299561e-01
7.769702672958374023e-01 -5.997938513755798340e-01 -6.301434040069580078e-01 -1.274044811725616455e-01 4.371485710144042969e-01 -4.370044469833374023e-01
7.804297208786010742e-01 -5.990116596221923828e-01 -6.501426696777343750e-01 -1.193817928433418274e-01 4.326269328594207764e-01 -4.496168494224548340e-01
7.827111482620239258e-01 -5.988777279853820801e-01 -6.311439275741577148e-01 -1.293299645185470581e-01 4.430041015148162842e-01 -4.349092841148376465e-01
7.834132909774780273e-01 -5.999944210052490234e-01 -6.393928527832031250e-01 -1.291362196207046509e-01 4.430200457572937012e-01 -4.392156600952148438e-01
7.858724594116210938e-01 -5.918102264404296875e-01 -6.459467411041259766e-01 -1.176579222083091736e-01 4.269911944866180420e-01 -4.697698950767517090e-01
7.907269597053527832e-01 -5.961719751358032227e-01 -6.508951187133789062e-01 -1.163399815559387207e-01 4.310376346111297607e-01 -4.618967175483703613e-01
7.887504100799560547e-01 -6.033152341842651367e-01 -6.378585100173950195e-01 -1.279047578573226929e-01 4.429679214954376221e-01 -4.345277845859527588e-01
7.821846008300781250e-01 -6.121945381164550781e-01 -6.393799781799316406e-01 -1.330390125513076782e-01 4.482287466526031494e-01 -4.185562431812286377e-01
7.759111523628234863e-01 -6.099788546562194824e-01 -6.174671649932861328e-01 -1.430110633373260498e-01 4.575261175632476807e-01 -3.936213254928588867e-01
7.799727916717529297e-01 -6.070019602775573730e-01 -6.225171089172363281e-01 -1.412147283554077148e-01 4.579129517078399658e-01 -3.993175327777862549e-01
7.726634144783020020e-01 -5.987842082977294922e-01 -6.417980194091796875e-01 -1.286216229200363159e-01 4.384946823120117188e-01 -4.458183348178863525e-01
7.622541189193725586e-01 -6.058640480041503906e-01 -6.309366226196289062e-01 -1.377912014722824097e-01 4.507830142974853516e-01 -4.167054891586303711e-01
7.735723257064819336e-01 -6.082016825675964355e-01 -6.183335781097412109e-01 -1.415008753538131714e-01 4.546860158443450928e-01 -4.046556949615478516e-01
7.752946615219116211e-01 -6.108064651489257812e-01 -6.240712404251098633e-01 -1.439481526613235474e-01 4.587179124355316162e-01 -3.986955881118774414e-01
7.772558331489562988e-01 -6.132728457450866699e-01 -6.216160058975219727e-01 -1.445593088865280151e-01 4.614184498786926270e-01 -3.906616568565368652e-01
7.794478535652160645e-01 -6.126282215118408203e-01 -6.131502389907836914e-01 -1.451891064643859863e-01 4.610570371150970459e-01 -3.897726535797119141e-01
7.811343669891357422e-01 -6.128445863723754883e-01 -6.152240037918090820e-01 -1.449409127235412598e-01 4.625737965106964111e-01 -3.848082721233367920e-01
7.801482081413269043e-01 -6.188379526138305664e-01 -6.373946666717529297e-01 -1.378295570611953735e-01 4.598495662212371826e-01 -3.946982920169830322e-01
7.710102200508117676e-01 -6.118063926696777344e-01 -6.433832645416259766e-01 -1.315252780914306641e-01 4.513751566410064697e-01 -4.120796918869018555e-01
7.692452669143676758e-01 -6.065180301666259766e-01 -6.446077823638916016e-01 -1.279155462980270386e-01 4.390650391578674316e-01 -4.284180998802185059e-01
7.748702764511108398e-01 -6.035175323486328125e-01 -6.396369934082031250e-01 -1.288323551416397095e-01 4.366580843925476074e-01 -4.288303256034851074e-01
7.734562754631042480e-01 -6.016528010368347168e-01 -6.393793821334838867e-01 -1.293257325887680054e-01 4.362111389636993408e-01 -4.286521077156066895e-01
7.724412679672241211e-01 -6.041049361228942871e-01 -6.371918916702270508e-01 -1.308476775884628296e-01 4.393625855445861816e-01 -4.245740175247192383e-01
7.766478061676025391e-01 -6.049252748489379883e-01 -6.286212205886840820e-01 -1.301399916410446167e-01 4.409652352333068848e-01 -4.242621958255767822e-01
7.691677808761596680e-01 -6.083909273147583008e-01 -6.185846328735351562e-01 -1.404812932014465332e-01 4.520170390605926514e-01 -3.988913297653198242e-01
7.600445747375488281e-01 -6.077029705047607422e-01 -6.209242343902587891e-01 -1.442227810621261597e-01 4.553584754467010498e-01 -3.885470032691955566e-01
7.619825601577758789e-01 -6.082174181938171387e-01 -6.182571649551391602e-01 -1.471809893846511841e-01 4.570759832859039307e-01 -3.816467225551605225e-01
7.595840692520141602e-01 -6.040807366371154785e-01 -6.115874052047729492e-01 -1.450414806604385376e-01 4.525077044963836670e-01 -3.845552802085876465e-01
7.607440352439880371e-01 -6.040601730346679688e-01 -6.222269535064697266e-01 -1.411646455526351929e-01 4.488343298435211182e-01 -3.981693089008331299e-01
7.627199888229370117e-01 -6.026219129562377930e-01 -6.262923479080200195e-01 -1.363611072301864624e-01 4.435681998729705811e-01 -4.085985422134399414e-01
7.653203010559082031e-01 -6.029619574546813965e-01 -6.315482854843139648e-01 -1.338736414909362793e-01 4.406662285327911377e-01 -4.159633517265319824e-01
7.644540071487426758e-01 -6.048012375831604004e-01 -6.359056234359741211e-01 -1.327803879976272583e-01 4.370418488979339600e-01 -4.231705665588378906e-01
7.649586796760559082e-01 -6.035982370376586914e-01 -6.358871459960937500e-01 -1.304430365562438965e-01 4.341724216938018799e-01 -4.269008040428161621e-01
7.673983573913574219e-01 -6.046703457832336426e-01 -6.250354051589965820e-01 -1.341239064931869507e-01 4.394144713878631592e-01 -4.135445356369018555e-01
7.650907039642333984e-01 -6.026180982589721680e-01 -6.215105056762695312e-01 -1.332498490810394287e-01 4.387445747852325439e-01 -4.094141721725463867e-01
7.662097215652465820e-01 -5.996241569519042969e-01 -6.214548349380493164e-01 -1.313274055719375610e-01 4.375133514404296875e-01 -4.106532335281372070e-01
7.698881626129150391e-01 -6.009249091148376465e-01 -6.246285438537597656e-01 -1.302397251129150391e-01 4.364590346813201904e-01 -4.159027338027954102e-01
7.658758163452148438e-01 -6.040925979614257812e-01 -6.311531066894531250e-01 -1.281667202711105347e-01 4.358491897583007812e-01 -4.173383712768554688e-01
7.626619338989257812e-01 -6.057038903236389160e-01 -6.162679195404052734e-01 -1.365451663732528687e-01 4.450234472751617432e-01 -3.937858343124389648e-01
7.643785476684570312e-01 -6.058124303817749023e-01 -6.092829704284667969e-01 -1.421508491039276123e-01 4.493758082389831543e-01 -3.857171237468719482e-01
7.563397884368896484e-01 -6.016013622283935547e-01 -6.149002313613891602e-01 -1.398666799068450928e-01 4.452719986438751221e-01 -3.949561119079589844e-01
7.549521923065185547e-01 -6.023712754249572754e-01 -6.174212694168090820e-01 -1.423951536417007446e-01 4.520035386085510254e-01 -3.850037753582000732e-01
7.651268243789672852e-01 -6.005135178565979004e-01 -6.149016618728637695e-01 -1.389318555593490601e-01 4.474865198135375977e-01 -3.948558568954467773e-01
7.680764198303222656e-01 -5.926865935325622559e-01 -6.272014379501342773e-01 -1.285858601331710815e-01 4.329209625720977783e-01 -4.269925355911254883e-01
7.731646299362182617e-01 -5.971645116806030273e-01 -6.196192502975463867e-01 -1.334929764270782471e-01 4.413501322269439697e-01 -4.132576286792755127e-01
7.741932868957519531e-01 -5.934360623359680176e-01 -6.268427371978759766e-01 -1.332861632108688354e-01 4.464906454086303711e-01 -4.189915955066680908e-01
7.789183855056762695e-01 -5.933001637458801270e-01 -6.422655582427978516e-01 -1.325512975454330444e-01 4.478496611118316650e-01 -4.221842586994171143e-01
7.801196575164794922e-01 -5.973827242851257324e-01 -6.374518871307373047e-01 -1.392436623573303223e-01 4.529181420803070068e-01 -4.132521748542785645e-01
7.742720842361450195e-01 -5.955840945243835449e-01 -6.347156763076782227e-01 -1.397450566291809082e-01 4.489408433437347412e-01 -4.185683131217956543e-01
7.799770236015319824e-01 -6.022587418556213379e-01 -6.217772960662841797e-01 -1.464924961328506470e-01 4.641049802303314209e-01 -3.829436004161834717e-01
7.778837680816650391e-01 -6.018928885459899902e-01 -6.346391439437866211e-01 -1.409807801246643066e-01 4.635784626007080078e-01 -3.888155221939086914e-01
7.798169851303100586e-01 -6.028119921684265137e-01 -6.353623867034912109e-01 -1.415744572877883911e-01 4.611726701259613037e-01 -3.920866549015045166e-01
7.713233232498168945e-01 -5.972227454185485840e-01 -6.337870359420776367e-01 -1.383515894412994385e-01 4.527885913848876953e-01 -3.994985222816467285e-01
7.734990119934082031e-01 -6.008019447326660156e-01 -6.262418031692504883e-01 -1.438377201557159424e-01 4.611001014709472656e-01 -3.822150528430938721e-01
7.649562954902648926e-01 -5.993227958679199219e-01 -6.140527725219726562e-01 -1.478548496961593628e-01 4.590132534503936768e-01 -3.773466348648071289e-01
7.709188461303710938e-01 -5.987081527709960938e-01 -6.184701919555664062e-01 -1.454170942306518555e-01 4.586748778820037842e-01 -3.779219388961791992e-01
7.675458192825317383e-01 -5.985630750656127930e-01 -6.148484945297241211e-01 -1.484749168157577515e-01 4.632101953029632568e-01 -3.677074611186981201e-01
7.696486711502075195e-01 -6.008810400962829590e-01 -6.221489906311035156e-01 -1.431416124105453491e-01 4.552916586399078369e-01 -3.958501219749450684e-01
