6.135422736406326294e-03 1.921104826033115387e-02 -3.807015717029571533e-03
5.512319505214691162e-03 2.109451033174991608e-02 -4.658058285713195801e-03
6.234303116798400879e-03 3.264128416776657104e-02 -3.665972501039505005e-03
5.841735750436782837e-03 3.650662302970886230e-02 -2.924218773841857910e-03
7.400486618280410767e-03 4.661197215318679810e-02 -3.542892634868621826e-03
5.511268973350524902e-04 4.962705820798873901e-02 -8.044838905334472656e-04
-2.703480422496795654e-04 5.013674497604370117e-02 -2.414509654045104980e-03
-1.903105527162551880e-03 5.474021285772323608e-02 -3.526560962200164795e-03
9.086355566978454590e-05 5.336079746484756470e-02 -3.622036427259445190e-03
6.774410605430603027e-03 5.571992695331573486e-02 -5.787916481494903564e-03
7.159717381000518799e-03 6.436292827129364014e-02 -7.544804364442825317e-03
8.117750287055969238e-03 6.241413950920104980e-02 -9.998969733715057373e-03
7.140021771192550659e-03 4.966995120048522949e-02 -8.438277989625930786e-03
1.000676304101943970e-02 5.459703505039215088e-02 -5.578964948654174805e-03
9.724676609039306641e-03 5.173413455486297607e-02 -2.019368112087249756e-03
9.468577802181243896e-03 4.838122427463531494e-02 -1.117914915084838867e-03
1.067236065864562988e-02 5.347144603729248047e-02 -3.682084381580352783e-03
1.027490198612213135e-02 5.589329451322555542e-02 -6.463587284088134766e-03
9.197033941745758057e-03 5.093362927436828613e-02 -8.463278412818908691e-03
8.227024227380752563e-03 5.197613686323165894e-02 -8.000522851943969727e-03
2.194918692111968994e-03 4.969222098588943481e-02 -1.644603908061981201e-03
-1.859240233898162842e-03 5.111456662416458130e-02 1.183487474918365479e-04
-3.553424030542373657e-03 3.644415736198425293e-02 3.797642886638641357e-03
2.962052822113037109e-04 3.852304071187973022e-02 -3.160566091537475586e-03
2.536002546548843384e-03 3.660889714956283569e-02 -3.624115139245986938e-03
2.237118780612945557e-03 3.318098187446594238e-02 -2.932269126176834106e-03
1.161284744739532471e-03 3.177555650472640991e-02 -3.465961664915084839e-03
-6.773322820663452148e-05 2.922554127871990204e-02 -4.644371569156646729e-03
-1.419074833393096924e-03 2.160642109811306000e-02 -4.610236734151840210e-03
-3.075979650020599365e-03 1.624208129942417145e-02 -3.173850476741790771e-03
-3.391854465007781982e-03 8.692676201462745667e-03 -1.586876809597015381e-03
-1.772679388523101807e-03 9.981812909245491028e-03 -1.577720046043395996e-03
-2.209827303886413574e-03 5.034564062952995300e-03 -4.442781209945678711e-05
-2.673964947462081909e-03 4.286585375666618347e-03 4.358515143394470215e-04
-3.275904804468154907e-03 1.074279658496379852e-02 -1.492001116275787354e-03
-4.218589514493942261e-03 1.320385001599788666e-02 -3.124374896287918091e-03
-5.065646022558212280e-03 1.237203739583492279e-02 -4.079166799783706665e-03
-3.802966326475143433e-03 1.620966754853725433e-02 -4.539068788290023804e-03
-1.953050494194030762e-03 1.153915561735630035e-02 -5.314886569976806641e-03
3.798447549343109131e-03 1.872633956372737885e-02 -1.204685121774673462e-02
1.107234507799148560e-02 1.782270334661006927e-02 -1.208883896470069885e-02
7.060330361127853394e-03 1.416062563657760620e-02 -6.910488009452819824e-03
-1.627661287784576416e-03 1.394419930875301361e-02 5.126543343067169189e-03
-5.683600902557373047e-04 1.908166892826557159e-02 1.505203545093536377e-03
-5.936920642852783203e-04 1.914712972939014435e-02 -4.867464303970336914e-05
-3.810003399848937988e-04 2.632834203541278839e-02 -3.905631601810455322e-04
-4.123896360397338867e-04 3.030839376151561737e-02 8.919537067413330078e-04
-5.422241985797882080e-03 3.657188266515731812e-02 8.750244975090026855e-03
7.351975888013839722e-03 3.881160914897918701e-02 -1.477222889661788940e-03
1.061870902776718140e-02 3.160745650529861450e-02 -9.088423103094100952e-03
1.221508160233497620e-02 3.107250668108463287e-02 -1.237988099455833435e-02
9.432256221771240234e-03 3.785536438226699829e-02 -1.004645600914955139e-02
6.764531135559082031e-03 3.670395165681838989e-02 -6.438743323087692261e-03
5.108281970024108887e-03 3.356093168258666992e-02 4.029273986816406250e-05
6.571829319000244141e-03 2.947028912603855133e-02 1.719161868095397949e-03
7.278162986040115356e-03 2.995765022933483124e-02 3.923006355762481689e-03
4.632413387298583984e-03 3.217076510190963745e-02 -5.804415792226791382e-03
8.137758821249008179e-03 3.351406008005142212e-02 -1.284504681825637817e-02
1.557972282171249390e-02 3.208252787590026855e-02 -2.148046717047691345e-02
4.988946020603179932e-03 2.091930620372295380e-02 -3.919955343008041382e-03
4.004951566457748413e-03 2.540307305753231049e-02 -1.479793339967727661e-03
1.705203205347061157e-03 2.631141059100627899e-02 -2.142898738384246826e-04
-7.710233330726623535e-05 2.324603870511054993e-02 -1.939572393894195557e-04
-1.739043742418289185e-03 1.689001917839050293e-02 -4.899278283119201660e-04
-1.265857368707656860e-03 1.721645891666412354e-02 1.446567475795745850e-04
-1.119554042816162109e-03 1.396089047193527222e-02 -1.909919083118438721e-04
-7.616430521011352539e-04 1.287044025957584381e-02 -5.826540291309356689e-04
-6.821565330028533936e-04 1.111064292490482330e-02 -4.820562899112701416e-04
-1.190923154354095459e-03 6.031932309269905090e-03 -2.125568687915802002e-03
-8.787065744400024414e-04 9.013694711029529572e-03 -1.527987420558929443e-03
4.234798252582550049e-04 1.040418352931737900e-02 -4.973262548446655273e-05
7.977299392223358154e-04 9.144606068730354309e-03 3.200918436050415039e-04
7.873065769672393799e-04 6.271375343203544617e-03 -8.146800100803375244e-04
8.719787001609802246e-05 2.134562470018863678e-03 -1.371774822473526001e-03
-8.416883647441864014e-04 -2.575468039140105247e-03 -1.731850206851959229e-03
-1.380864530801773071e-03 -4.943941254168748856e-03 -3.633968532085418701e-03
-1.617714762687683105e-03 -5.541996099054813385e-03 -3.941562026739120483e-03
-1.617163419723510742e-03 -5.715405568480491638e-03 -3.956060856580734253e-03
-1.996185630559921265e-03 -6.903967354446649551e-03 -3.345325589179992676e-03
-1.908540725708007812e-03 -5.912259686738252640e-03 -3.029875457286834717e-03
-1.461602747440338135e-03 -3.592025022953748703e-03 -2.742916345596313477e-03
-9.214840829372406006e-04 -1.537193311378359795e-03 -3.016088157892227173e-03
-3.638342022895812988e-04 2.794847358018159866e-03 -2.372205257415771484e-03
-6.448142230510711670e-04 2.732781693339347839e-03 -2.166040241718292236e-03
-4.363059997558593750e-04 1.342518255114555359e-03 -3.431081771850585938e-03
-1.271776854991912842e-04 3.257979638874530792e-03 -2.659924328327178955e-03
-9.228959679603576660e-04 1.478685997426509857e-03 -2.210039645433425903e-03
-1.360982656478881836e-03 1.033871900290250778e-03 -2.120643854141235352e-03
-1.834414899349212646e-03 2.661722246557474136e-03 -2.114742994308471680e-03
-2.230346202850341797e-03 6.233323365449905396e-04 -2.238683402538299561e-03
-2.225454896688461304e-03 -1.809873851016163826e-03 -2.919860184192657471e-03
-2.076271921396255493e-03 -1.796571770682930946e-03 -3.261804580688476562e-03
-1.388695091009140015e-03 -1.440993510186672211e-04 -2.848166972398757935e-03
-1.825775951147079468e-03 -1.812457572668790817e-03 -2.612780779600143433e-03
-2.451218664646148682e-03 -1.663235947489738464e-03 -2.168379724025726318e-03
-2.357728779315948486e-03 2.348812296986579895e-03 -2.109639346599578857e-03
-1.684747636318206787e-03 4.681261256337165833e-03 -2.124197781085968018e-03
-1.578785479068756104e-03 6.249876692891120911e-03 -2.059943974018096924e-03
-2.030014991760253906e-03 5.923422053456306458e-03 -2.208434045314788818e-03
-1.892380416393280029e-03 6.531761959195137024e-03 -1.827843487262725830e-03
-1.792423427104949951e-03 7.716203108429908752e-03 -1.879163086414337158e-03
-1.957006752490997314e-03 6.149785593152046204e-03 -2.127595245838165283e-03
-7.290169596672058105e-04 8.338170126080513000e-03 -1.386977732181549072e-03
2.787448465824127197e-04 9.793953970074653625e-03 -1.413293182849884033e-03
-1.017712056636810303e-03 5.259187892079353333e-03 -6.153695285320281982e-04
-7.607936859130859375e-04 6.131233647465705872e-03 1.614131033420562744e-04
-4.771463572978973389e-04 4.184542223811149597e-03 3.016978502273559570e-03
-1.159191131591796875e-03 7.291162386536598206e-03 -3.868129104375839233e-03
1.575276255607604980e-04 -4.178423900157213211e-03 -5.637854337692260742e-05
-3.170963376760482788e-03 -5.424099043011665344e-03 5.080148577690124512e-03
3.146156668663024902e-03 3.606917336583137512e-03 1.371666789054870605e-03
1.674920320510864258e-03 4.274265840649604797e-03 -1.315660774707794189e-04
-1.843292266130447388e-03 3.005174919962882996e-03 5.186721682548522949e-03
-7.765665650367736816e-04 3.280770033597946167e-04 1.318737864494323730e-03
5.462318658828735352e-04 -8.796671405434608459e-03 -1.300375908613204956e-03
3.085296601057052612e-03 -1.282797008752822876e-02 -5.287520587444305420e-03
-6.996612995862960815e-03 3.837361000478267670e-04 -6.121996790170669556e-03
-8.276037871837615967e-03 5.426693707704544067e-03 -8.001554757356643677e-03
-4.683051258325576782e-03 -7.469709962606430054e-04 -3.234185278415679932e-03
-4.355214536190032959e-03 6.092390045523643494e-03 -3.168687224388122559e-03
-4.105191677808761597e-03 1.127327606081962585e-02 -9.666811674833297729e-03
-1.617480069398880005e-03 8.293440565466880798e-03 -1.032235473394393921e-02
-5.863480269908905029e-03 1.132224127650260925e-02 -8.318647742271423340e-03
-6.074469536542892456e-03 8.098021149635314941e-03 1.450374722480773926e-03
-6.531819701194763184e-03 -2.991188317537307739e-03 8.892640471458435059e-05
-4.424989223480224609e-03 -1.147377304732799530e-02 -8.745789527893066406e-04
-4.404932260513305664e-03 -1.404100470244884491e-02 -4.493296146392822266e-04
-4.057966172695159912e-03 -1.031136699020862579e-02 -7.152259349822998047e-04
-4.926744848489761353e-03 -1.058984361588954926e-02 -3.475062549114227295e-04
-4.449248313903808594e-03 -6.606725975871086121e-03 -1.281715929508209229e-03
-4.088453948497772217e-03 -8.610999211668968201e-03 -1.192193478345870972e-03
-2.753108739852905273e-03 -3.792485222220420837e-03 -6.141886115074157715e-04
-3.044791519641876221e-03 -1.005055569112300873e-02 -8.113645017147064209e-04
-3.776554018259048462e-03 -1.311658509075641632e-02 -1.963652670383453369e-03
-4.614215344190597534e-03 -1.248511858284473419e-02 -2.015102654695510864e-03
-3.778167068958282471e-03 -7.882872596383094788e-03 -2.174843102693557739e-03
-3.508619964122772217e-03 -7.727751508355140686e-03 -1.039288938045501709e-03
-2.374522387981414795e-03 -5.226312205195426941e-03 -1.776382327079772949e-03
-8.844584226608276367e-04 -6.759818643331527710e-04 -4.208438098430633545e-03
-1.584980636835098267e-03 -2.973994240164756775e-03 -3.859195858240127563e-03
-2.202440053224563599e-03 -6.084332242608070374e-03 -1.183643937110900879e-03
-2.816863358020782471e-03 -8.578335866332054138e-03 -1.302663236856460571e-03
-2.966169267892837524e-03 -8.512640371918678284e-03 -2.237603068351745605e-03
-2.099126577377319336e-04 -5.062816664576530457e-03 -1.477211713790893555e-03
-1.092188060283660889e-03 -1.148032397031784058e-02 1.220114529132843018e-03
-6.980326026678085327e-03 -7.459335029125213623e-03 3.714568912982940674e-03
-5.711898207664489746e-03 -5.212234333157539368e-03 5.175247788429260254e-04
-1.560296863317489624e-03 -4.706294275820255280e-03 2.018988132476806641e-03
-6.121184676885604858e-03 -6.065700668841600418e-03 2.709098160266876221e-03
-7.944140583276748657e-03 -3.190044313669204712e-03 1.282617449760437012e-05
-5.256384611129760742e-03 8.345870301127433777e-04 -5.310337990522384644e-03
-4.038359969854354858e-03 4.880093038082122803e-03 -6.941810250282287598e-03
-5.023382604122161865e-03 -2.614643657580018044e-03 1.269869506359100342e-03
-4.126492887735366821e-03 -5.987021140754222870e-03 6.597340106964111328e-04
-5.576279014348983765e-03 -8.900086395442485809e-03 1.593127846717834473e-03
-4.045937210321426392e-03 -2.244975185021758080e-03 -9.270235896110534668e-04
-4.640366882085800171e-03 -6.057886406779289246e-03 9.183958172798156738e-05
-3.768969327211380005e-03 -7.141611538827419281e-03 3.018751740455627441e-04
-4.355069249868392944e-03 -7.912397384643554688e-03 -7.190816104412078857e-04
1.223288476467132568e-03 3.844612278044223785e-03 -1.036883145570755005e-02
1.276001334190368652e-03 -4.752289969474077225e-03 -6.648786365985870361e-04
4.609316587448120117e-03 -3.306061960756778717e-03 -2.855490893125534058e-03
6.314910948276519775e-03 -2.324929228052496910e-03 -5.568072199821472168e-03
2.865605056285858154e-03 -2.418271265923976898e-03 -4.937931895256042480e-03
1.040443778038024902e-03 -2.909341128543019295e-03 -1.647092401981353760e-03
1.322634518146514893e-03 -4.334901925176382065e-03 -1.771122217178344727e-03
3.570992499589920044e-03 -3.125162329524755478e-03 -2.426803112030029297e-03
2.483591437339782715e-03 -2.290908014401793480e-03 -1.418262720108032227e-03
6.949678063392639160e-04 2.083522267639636993e-04 -1.783464103937149048e-03
-5.484335124492645264e-04 4.664547741413116455e-04 4.198811948299407959e-04
-6.031729280948638916e-04 1.278882380574941635e-03 3.484532237052917480e-03
-1.629400998353958130e-03 -4.616303369402885437e-03 3.534860908985137939e-03
2.153441309928894043e-04 -2.488009864464402199e-03 3.147624433040618896e-03
3.328621387481689453e-03 3.214647993445396423e-03 2.279028296470642090e-03
2.449624240398406982e-03 2.890378236770629883e-03 6.949007511138916016e-04
4.827156662940979004e-04 -1.360935857519507408e-03 -1.942649483680725098e-03
-7.959753274917602539e-04 -7.944094948470592499e-03 2.185702323913574219e-03
5.128558725118637085e-03 9.929044172167778015e-04 2.365469932556152344e-03
3.525819629430770874e-03 7.490584626793861389e-03 -9.082924574613571167e-03
2.383373677730560303e-03 6.326076574623584747e-03 -1.372090354561805725e-02
-3.158554434776306152e-03 -4.596948623657226562e-03 -1.227397471666336060e-03
-1.236744225025177002e-03 1.239980570971965790e-03 -6.255134940147399902e-04
-2.283692359924316406e-03 1.323288306593894958e-03 2.174340188503265381e-04
-3.446329385042190552e-03 -6.581554189324378967e-04 1.187786459922790527e-03
-3.735184669494628906e-03 -3.107767552137374878e-04 2.395696938037872314e-03
-5.935493856668472290e-03 -2.831903519108891487e-03 7.066354155540466309e-03
-8.158512413501739502e-03 1.936972606927156448e-03 6.599456071853637695e-03
-9.334538131952285767e-03 -9.006173349916934967e-04 7.532663643360137939e-03
-4.929333925247192383e-03 -1.840459182858467102e-03 7.779359817504882812e-03
-5.026072263717651367e-03 -6.411855574697256088e-03 5.840934813022613525e-03
-7.385313510894775391e-03 6.742441095411777496e-03 3.875382244586944580e-03
-8.626867085695266724e-03 3.153249621391296387e-03 9.008198976516723633e-04
-7.903300225734710693e-03 -1.604435034096240997e-03 -2.464056015014648438e-04
-4.186164587736129761e-03 -6.832370534539222717e-03 -4.210844635963439941e-04
-2.178478986024856567e-03 -1.187594793736934662e-02 -1.529328525066375732e-03
-2.891823649406433105e-03 -1.322993822395801544e-02 -4.317015409469604492e-04
-2.561535686254501343e-03 -1.003607921302318573e-02 -3.279149532318115234e-04
-2.339944243431091309e-03 -1.089964248239994049e-02 -1.192748546600341797e-03
-1.761414110660552979e-03 -9.196305647492408752e-03 -2.226945012807846069e-03
-2.071872353553771973e-03 -8.631611242890357971e-03 -1.237314194440841675e-03
-3.243025392293930054e-03 -1.266488991677761078e-02 2.403482794761657715e-04
-4.118710756301879883e-03 -1.480130478739738464e-02 6.065368652343750000e-04
-4.334315657615661621e-03 -1.431197114288806915e-02 1.515075564384460449e-04
-3.897473216056823730e-03 -1.008587330579757690e-02 1.955717802047729492e-03
-5.835566669702529907e-03 3.535041585564613342e-03 4.591122269630432129e-04
-1.190356910228729248e-03 2.544349059462547302e-03 -4.349369555711746216e-03
-2.586428076028823853e-03 1.413323916494846344e-03 -9.485334157943725586e-05
-3.278307616710662842e-03 -3.751358948647975922e-03 2.717725932598114014e-03
-4.448458552360534668e-03 -6.408793851733207703e-04 3.035798668861389160e-03
-7.822442799806594849e-03 9.433522820472717285e-03 5.225978791713714600e-03
-1.004078984260559082e-02 4.035264253616333008e-03 8.587114512920379639e-03
-1.293917000293731689e-02 8.021490648388862610e-03 6.539799273014068604e-03
-4.923466593027114868e-03 1.348449103534221649e-02 -1.398410648107528687e-03
-3.039501607418060303e-03 1.225135661661624908e-02 -3.087565302848815918e-03
-1.541286706924438477e-03 1.165750436484813690e-02 -8.910074830055236816e-04
-7.498078048229217529e-04 1.368435285985469818e-02 4.485182464122772217e-03
-6.075903773307800293e-03 6.930051371455192566e-03 4.834495484828948975e-03
-8.211590349674224854e-03 3.887088969349861145e-03 1.143895089626312256e-02
-7.503733038902282715e-03 1.027512270957231522e-02 5.446486175060272217e-03
-9.572245180606842041e-03 1.260561123490333557e-02 -1.287966966629028320e-03
-5.388259887695312500e-04 1.537101529538631439e-02 8.584335446357727051e-04
-9.879916906356811523e-04 1.194312609732151031e-02 -4.120670258998870850e-03
2.052921801805496216e-03 9.581831283867359161e-03 -9.998440742492675781e-03
2.173691987991333008e-03 5.786730907857418060e-03 -1.477088406682014465e-02
3.834452480077743530e-03 9.309099987149238586e-04 -1.658757030963897705e-02
1.149496808648109436e-02 -3.603875637054443359e-03 -1.777765154838562012e-02
1.584700495004653931e-02 -1.067039370536804199e-02 -2.491538226604461670e-02
1.430563628673553467e-02 -7.840168662369251251e-03 -2.287265658378601074e-02
8.790187537670135498e-03 -3.660589922219514847e-03 -2.162889391183853149e-02
5.022495985031127930e-03 -6.969776935875415802e-03 -1.868867874145507812e-02
-2.215210348367691040e-03 -7.595666684210300446e-03 -1.106838881969451904e-02
-3.864828497171401978e-03 -9.372563101351261139e-03 -6.507825106382369995e-03
-1.182772219181060791e-03 -1.152361929416656494e-02 -2.386115491390228271e-03
-3.332879394292831421e-03 -1.329933665692806244e-02 -2.774719148874282837e-03
-5.387820303440093994e-03 -1.463277451694011688e-02 -6.416551768779754639e-04
-6.073452532291412354e-03 -1.463104132562875748e-02 1.386582851409912109e-03
-5.418632179498672485e-03 -1.054556854069232941e-02 1.230068504810333252e-03
-4.749871790409088135e-03 -9.945057332515716553e-03 9.391009807586669922e-04
-4.786312580108642578e-03 -6.962576881051063538e-03 6.688535213470458984e-04
-4.787359386682510376e-03 -8.975067175924777985e-04 1.611024141311645508e-03
-7.034715265035629272e-03 8.023749105632305145e-04 8.342511951923370361e-03
-3.071002662181854248e-03 8.361833170056343079e-03 9.079657495021820068e-03
2.554688602685928345e-03 -1.096176728606224060e-02 3.127790987491607666e-03
4.112262278795242310e-03 -1.408376730978488922e-02 -6.870776414871215820e-04
4.088990390300750732e-04 -1.651889085769653320e-02 2.169072628021240234e-03
-3.098987042903900146e-03 -8.629404939711093903e-03 3.155790269374847412e-03
-2.618867903947830200e-03 8.137908764183521271e-03 4.756748676300048828e-03
-7.817149162292480469e-05 4.170561209321022034e-03 4.370905458927154541e-03
3.689195960760116577e-03 1.396924722939729691e-03 -4.237219691276550293e-04
4.055500030517578125e-03 -7.197990082204341888e-03 -2.859000116586685181e-03
4.078395664691925049e-03 -4.210681654512882233e-03 -2.781879156827926636e-03
3.810539841651916504e-03 -5.272661801427602768e-03 -3.794480115175247192e-03
4.355829209089279175e-03 -1.858465606346726418e-03 -3.279220312833786011e-03
4.414569586515426636e-03 -3.787877969443798065e-03 -3.870368003845214844e-03
4.966713488101959229e-03 -3.073144704103469849e-03 -3.626782447099685669e-03
4.788570106029510498e-03 -7.305495440959930420e-03 -3.467023372650146484e-03
4.218768328428268433e-03 -1.102225389331579208e-02 -2.419684082269668579e-03
4.296526312828063965e-03 -1.162983290851116180e-02 -2.080015838146209717e-03
4.642516374588012695e-03 -1.181355211883783340e-02 -2.192370593547821045e-03
4.840742796659469604e-03 -8.805481716990470886e-03 -2.541605383157730103e-03
4.111174494028091431e-03 -1.000524871051311493e-02 -3.040835261344909668e-03
5.239393562078475952e-03 -9.990780614316463470e-03 -4.162512719631195068e-03
3.664806485176086426e-03 -1.174752041697502136e-02 -3.105886280536651611e-04
1.726273447275161743e-03 -1.845708861947059631e-02 2.683103084564208984e-03
6.477087736129760742e-04 -1.230295002460479736e-02 3.352709114551544189e-03
-6.639957427978515625e-05 -7.047745399177074432e-03 3.785364329814910889e-03
-3.194261342287063599e-03 -5.531028378754854202e-03 1.348684728145599365e-02
3.298159688711166382e-03 3.487832844257354736e-03 2.954669296741485596e-03
-2.657435834407806396e-04 3.858301788568496704e-03 -5.030408501625061035e-04
6.069913506507873535e-04 4.948475398123264313e-03 -4.285946488380432129e-04
2.387873828411102295e-04 4.150539636611938477e-03 4.697889089584350586e-04
-1.219421625137329102e-03 -1.883385702967643738e-04 5.013570189476013184e-04
-1.752730458974838257e-03 -1.638718880712985992e-03 -4.695318639278411865e-04
-1.403205096721649170e-03 5.036285147070884705e-04 -2.267811447381973267e-03
-8.505731821060180664e-04 2.455763518810272217e-03 -2.946272492408752441e-03
-8.963011205196380615e-04 3.379614092409610748e-03 -3.386083990335464478e-03
-1.756150275468826294e-03 1.549262553453445435e-03 -2.225901931524276733e-03
-1.075357198715209961e-03 5.152892321348190308e-03 -5.069114267826080322e-04
-8.029378950595855713e-04 3.574839793145656586e-03 4.947856068611145020e-04
-2.146918326616287231e-03 -6.335442885756492615e-04 1.756720244884490967e-03
-2.424430102109909058e-03 -2.341406419873237610e-03 2.207159996032714844e-03
-2.411492168903350830e-03 -4.179021343588829041e-03 1.451104879379272461e-03
-2.097111195325851440e-03 -4.343317821621894836e-03 1.254446804523468018e-03
-1.569364219903945923e-03 8.533094078302383423e-04 9.827092289924621582e-04
-8.077248930931091309e-04 3.254709765315055847e-03 1.154415309429168701e-03
6.630271673202514648e-05 7.048537954688072205e-03 9.638741612434387207e-04
8.433759212493896484e-04 1.075929589569568634e-02 2.015344798564910889e-03
1.050740480422973633e-03 1.236026920378208160e-02 8.015930652618408203e-04
1.243278384208679199e-04 1.072898693382740021e-02 -1.379370689392089844e-03
-6.832554936408996582e-04 8.393982425332069397e-03 -1.126334071159362793e-03
-2.004310488700866699e-03 6.367014721035957336e-03 -7.273927330970764160e-04
-3.084264695644378662e-03 3.764690831303596497e-03 -1.012481749057769775e-03
-3.860585391521453857e-03 4.935730248689651489e-04 -1.815952360630035400e-03
-3.577001392841339111e-03 3.084110096096992493e-03 -1.260079443454742432e-03
-3.748737275600433350e-03 2.891751006245613098e-03 -6.900653243064880371e-04
-3.593519330024719238e-03 2.895463258028030396e-04 -8.448436856269836426e-04
-3.213807940483093262e-03 -1.761285588145256042e-03 -8.590295910835266113e-04
-3.677718341350555420e-03 -2.258313819766044617e-03 -4.261359572410583496e-04
-3.647230565547943115e-03 -5.331588909029960632e-03 -8.328184485435485840e-04
-3.973342478275299072e-03 -2.803115174174308777e-03 4.009529948234558105e-04
-3.590621054172515869e-03 -1.143900677561759949e-03 6.612762808799743652e-04
-3.226734697818756104e-03 -2.946762368083000183e-03 1.010075211524963379e-04
-3.082282841205596924e-03 -7.976276800036430359e-03 -1.079700887203216553e-03
-3.341384232044219971e-03 -7.820902392268180847e-03 -1.537851989269256592e-03
-3.540255129337310791e-03 -7.222188636660575867e-03 -1.276575028896331787e-03
-3.807194530963897705e-03 -3.857566043734550476e-03 -5.014762282371520996e-04
-3.802545368671417236e-03 -6.759239360690116882e-03 -1.611702144145965576e-03
-3.540717065334320068e-03 -4.861308261752128601e-03 -1.408405601978302002e-03
-3.671340644359588623e-03 -1.621840521693229675e-03 -1.339517533779144287e-03
-4.142627120018005371e-03 -8.252276107668876648e-03 -2.101920545101165771e-03
-3.829546272754669189e-03 -3.704382106661796570e-03 -1.968689262866973877e-03
-3.448314964771270752e-03 -3.063274547457695007e-03 -1.352377235889434814e-03
-3.641150891780853271e-03 -5.881829187273979187e-03 -1.257009804248809814e-03
-3.794379532337188721e-03 -5.866257473826408386e-03 -7.236525416374206543e-04
-3.521353006362915039e-03 -2.593709155917167664e-03 -1.026466488838195801e-04
-2.388752996921539307e-03 -2.896299585700035095e-03 -5.452856421470642090e-04
-1.060955226421356201e-03 -3.087958320975303650e-03 -7.658153772354125977e-04
-1.637540757656097412e-03 -7.284520193934440613e-03 -1.805454492568969727e-03
-2.101086080074310303e-03 -7.199792191386222839e-03 -1.232743263244628906e-03
-1.992281526327133179e-03 2.125091850757598877e-05 -6.809085607528686523e-04
-7.865987718105316162e-04 3.866346552968025208e-03 -3.068454563617706299e-03
-5.936436355113983154e-04 3.641324117779731750e-03 -5.101811140775680542e-03
-7.939107716083526611e-03 -4.016255959868431091e-03 1.597560942173004150e-03
-3.293115645647048950e-03 -4.936462268233299255e-03 -2.552997320890426636e-03
-2.449184656143188477e-03 -5.222005769610404968e-03 -2.769619226455688477e-03
-1.505419611930847168e-03 -7.486229762434959412e-03 -4.464618861675262451e-03
-2.962574362754821777e-04 -4.886573180556297302e-03 -3.932461142539978027e-03
1.545473933219909668e-04 2.153310924768447876e-04 -1.620747148990631104e-03
7.166787981986999512e-04 -1.135868951678276062e-03 -2.833597362041473389e-03
3.133229911327362061e-04 -1.195907359942793846e-03 -3.756947815418243408e-03
-2.331472933292388916e-04 -1.008943654596805573e-04 -2.923693507909774780e-03
8.032433688640594482e-04 -1.098516397178173065e-03 -4.058845341205596924e-03
1.743063330650329590e-05 -3.940486349165439606e-04 -3.112699836492538452e-03
-7.976330816745758057e-04 -3.501369152218103409e-03 -4.570189863443374634e-03
-7.457993924617767334e-04 -4.858438391238451004e-03 -5.320973694324493408e-03
-8.183084428310394287e-04 -4.146693274378776550e-03 -5.296844989061355591e-03
-9.840913116931915283e-04 -1.393051352351903915e-03 -5.372487008571624756e-03
-1.598741859197616577e-03 -2.117037773132324219e-03 -5.821164697408676147e-03
-7.969848811626434326e-04 1.733205281198024750e-04 -5.088057368993759155e-03
3.146529197692871094e-04 -1.356375403702259064e-03 -5.762763321399688721e-03
-3.103166818618774414e-04 2.486700657755136490e-03 -1.311946660280227661e-03
-6.390176713466644287e-04 2.484458964318037033e-03 2.469122409820556641e-04
-1.667641103267669678e-03 -2.042843727394938469e-03 -3.809183835983276367e-04
-1.409754157066345215e-03 -5.450190976262092590e-03 -2.257458865642547607e-03
-4.974231123924255371e-04 -4.064330831170082092e-03 -1.763653010129928589e-03
-5.263835191726684570e-05 -9.115193970501422882e-04 -1.030355691909790039e-03
-7.560960948467254639e-04 -1.226121792569756508e-03 -7.949471473693847656e-04
-1.594323664903640747e-03 -6.546739488840103149e-03 -9.484589099884033203e-04
-1.053299754858016968e-03 -6.925741210579872131e-03 -1.176588237285614014e-03
-1.746527850627899170e-04 -2.359151840209960938e-03 -3.355443477630615234e-04
-8.858256042003631592e-04 -2.928228583186864853e-03 1.800999045372009277e-03
-1.251138746738433838e-03 -2.451005857437849045e-03 1.934751868247985840e-03
-1.718331128358840942e-03 -2.873936435207724571e-03 8.269697427749633789e-04
-1.202907413244247437e-03 -3.988956101238727570e-03 -7.228441536426544189e-04
-7.395185530185699463e-04 -3.754858858883380890e-03 -1.680485904216766357e-03
-5.580186843872070312e-04 -2.988497493788599968e-03 -1.594547182321548462e-03
-1.202322542667388916e-03 -4.721299279481172562e-03 -1.603279262781143188e-03
-1.302644610404968262e-03 -4.877347964793443680e-03 -1.816049218177795410e-03
-1.014955341815948486e-04 -2.509920625016093254e-03 -2.047840505838394165e-03
-2.282321453094482422e-03 4.770201630890369415e-04 -2.035263925790786743e-03
-3.254368901252746582e-03 3.368514589965343475e-03 -6.617646664381027222e-03
-4.171390086412429810e-03 -6.746805738657712936e-03 2.008669078350067139e-03
-4.930775612592697144e-03 -8.836816996335983276e-03 -6.055347621440887451e-04
-2.681892365217208862e-03 -1.531914994120597839e-02 2.400562167167663574e-03
-1.461848616600036621e-03 -1.548409741371870041e-02 1.255206763744354248e-03
-2.124432474374771118e-03 -1.157390046864748001e-02 -2.001516520977020264e-03
-3.580689430236816406e-03 -1.144302450120449066e-02 2.381570637226104736e-03
-1.068476587533950806e-03 -1.289092656224966049e-02 2.168305218219757080e-04
-1.204662024974822998e-03 -1.166354678571224213e-02 5.154013633728027344e-04
-2.143066376447677612e-03 -8.787765167653560638e-03 6.317794322967529297e-04
-1.493088901042938232e-03 -2.008076990023255348e-03 -8.408911526203155518e-04
-8.589588105678558350e-04 2.833845093846321106e-03 -1.637898385524749756e-03
-1.876652240753173828e-04 6.435776129364967346e-03 -2.382792532444000244e-03
7.259473204612731934e-04 1.185224950313568115e-02 -1.435413956642150879e-03
-1.599825918674468994e-03 6.123398430645465851e-03 -1.485385000705718994e-03
-2.340577542781829834e-03 4.888885654509067535e-03 -9.609200060367584229e-04
-2.212405204772949219e-03 6.645413115620613098e-03 -6.336346268653869629e-04
-9.991899132728576660e-04 8.513497188687324524e-03 -1.254282891750335693e-03
-9.424909949302673340e-04 9.962977841496467590e-03 -1.494221389293670654e-03
-2.593584358692169189e-03 4.249440506100654602e-03 -2.364553511142730713e-03
-2.586878836154937744e-03 4.242407158017158508e-03 -2.558238804340362549e-03
-3.144837915897369385e-03 7.628668099641799927e-04 -3.112576901912689209e-03
-2.528645098209381104e-03 7.283110171556472778e-04 -3.165297210216522217e-03
-2.734877169132232666e-03 -1.915363594889640808e-03 -2.741642296314239502e-03
-2.052299678325653076e-03 -7.926207035779953003e-04 -2.206303179264068604e-03
-1.380942761898040771e-03 8.025635033845901489e-04 -2.258934080600738525e-03
-1.020975410938262939e-03 4.817293956875801086e-03 5.745664238929748535e-04
-2.318121492862701416e-03 3.262238577008247375e-03 1.859195530414581299e-03
-2.525977790355682373e-03 4.468057304620742798e-04 1.101724803447723389e-03
-2.663202583789825439e-03 -4.237590357661247253e-03 -8.608028292655944824e-04
-2.471253275871276855e-03 -7.958244532346725464e-04 1.436747610569000244e-03
-2.240233123302459717e-03 -2.358388155698776245e-04 2.205073833465576172e-03
-2.265833318233489990e-03 -3.501025959849357605e-03 1.251399517059326172e-03
-2.073027193546295166e-03 -5.165515467524528503e-03 -1.498311758041381836e-05
-7.416829466819763184e-04 -3.233937546610832214e-03 -8.788034319877624512e-04
-2.693757414817810059e-04 -5.216589197516441345e-03 -2.889074385166168213e-03
-1.082643866539001465e-04 -4.559000954031944275e-03 -1.925081014633178711e-03
-1.288212835788726807e-03 -5.833340808749198914e-03 -6.560757756233215332e-04
-1.149393618106842041e-03 -2.834852784872055054e-04 3.034926950931549072e-03
-1.225806772708892822e-03 -1.607460901141166687e-03 2.513945102691650391e-03
-1.673884689807891846e-03 -7.129264995455741882e-03 1.163095235824584961e-03
-2.021066844463348389e-03 -7.920151576399803162e-03 1.006282866001129150e-03
-3.144752234220504761e-03 -1.216438226401805878e-02 -2.822913229465484619e-04
-2.988755702972412109e-03 -1.202226988971233368e-02 -3.030821681022644043e-04
-1.860719174146652222e-03 -1.262217201292514801e-02 -9.117387235164642334e-04
-1.256011426448822021e-03 -1.192901097238063812e-02 -8.476376533508300781e-04
-4.518106579780578613e-04 -9.368931874632835388e-03 -7.573962211608886719e-04
-2.353638410568237305e-05 -1.733360812067985535e-03 -9.198412299156188965e-04
1.836866140365600586e-04 -2.950398251414299011e-03 -1.330800354480743408e-03
-1.778751611709594727e-04 2.564707770943641663e-03 3.449618816375732422e-05
-1.565024256706237793e-03 8.549634367227554321e-04 3.089718520641326904e-04
-1.271694898605346680e-03 1.171750947833061218e-03 1.995787024497985840e-04
-3.251869231462478638e-03 -8.216796442866325378e-03 1.101896166801452637e-03
-3.340385854244232178e-03 -8.682562038302421570e-03 5.644485354423522949e-04
-2.584718167781829834e-03 -5.586830899119377136e-03 -2.137497067451477051e-04
-1.912951469421386719e-03 -9.682079777121543884e-03 -1.972131431102752686e-03
-9.802579879760742188e-04 -1.064999215304851532e-02 -2.838850021362304688e-03
-6.887838244438171387e-04 -1.096293888986110687e-02 -3.906697034835815430e-03
-1.126475632190704346e-03 -4.861501976847648621e-03 -3.100089728832244873e-03
-1.515172421932220459e-03 -6.236059591174125671e-03 -5.011856555938720703e-03
-8.563920855522155762e-04 -2.277715131640434265e-03 -3.156870603561401367e-03
-1.639127731323242188e-07 -4.181321710348129272e-04 -2.049960196018218994e-03
-8.283033967018127441e-04 -5.713580176234245300e-03 -2.855457365512847900e-03
-1.379989087581634521e-03 -8.430656976997852325e-03 -2.196762710809707642e-03
-1.009382307529449463e-03 -9.344969876110553741e-03 -2.146009355783462524e-03
4.443228244781494141e-04 -5.816707387566566467e-03 -1.376383006572723389e-04
-4.158057272434234619e-04 -8.290212601423263550e-03 -3.111138939857482910e-04
6.156042218208312988e-05 -3.072299063205718994e-03 -1.489076763391494751e-03
-7.109604775905609131e-04 2.672303933650255203e-03 -1.625295728445053101e-03
-1.207843422889709473e-03 -5.298538133502006531e-03 -1.138992607593536377e-03
-4.949904978275299072e-04 -2.539796754717826843e-03 -2.134449779987335205e-03
-3.004521131515502930e-04 -2.049177885055541992e-03 -1.651924103498458862e-03
1.620464026927947998e-04 -1.167834969237446785e-03 -1.362018287181854248e-03
-3.662779927253723145e-04 -8.107765577733516693e-03 -4.841949790716171265e-03
-4.439540207386016846e-04 -7.797558791935443878e-03 -6.018787622451782227e-03
4.271008074283599854e-04 -1.968982396647334099e-03 -5.263831466436386108e-03
1.422509551048278809e-03 -4.221395123749971390e-03 -8.950665593147277832e-03
1.087293028831481934e-03 8.152378723025321960e-05 -6.529659032821655273e-03
1.279246062040328979e-03 -7.248857524245977402e-03 -1.184564083814620972e-02
9.825453162193298340e-05 -1.124464208260178566e-03 -4.917774349451065063e-03
-5.443207919597625732e-04 -1.155009493231773376e-03 -2.765357494354248047e-03
-8.660405874252319336e-04 -9.979352355003356934e-03 -5.519568920135498047e-03
-3.443732857704162598e-04 -9.416811168193817139e-03 -6.411053240299224854e-03
-1.532845199108123779e-04 -3.503785701468586922e-03 -4.003416746854782104e-03
-4.148930311203002930e-04 -2.511706203222274780e-03 -4.087172448635101318e-03
1.746613532304763794e-03 -5.066508427262306213e-03 -6.457772105932235718e-03
3.894176334142684937e-03 2.861283253878355026e-03 -6.557904183864593506e-03
1.706440001726150513e-03 4.265428520739078522e-03 -3.776270896196365356e-03
-5.846656858921051025e-04 1.210785470902919769e-03 -3.768835216760635376e-03
-1.179225742816925049e-03 3.484534099698066711e-04 -4.712369292974472046e-03
-8.070766925811767578e-04 1.915131695568561554e-03 -6.561014801263809204e-03
2.899058163166046143e-03 6.117939949035644531e-03 -1.292714104056358337e-02
1.470812223851680756e-02 4.313600249588489532e-03 -9.090207517147064209e-03
1.332303136587142944e-02 4.866960458457469940e-03 -1.166159287095069885e-02
4.102658480405807495e-03 1.015312783420085907e-02 -7.203418761491775513e-03
4.814285784959793091e-03 1.337227784097194672e-02 -4.653461277484893799e-03
3.505766391754150391e-03 7.309922948479652405e-03 -2.507992088794708252e-03
5.777105689048767090e-04 6.617533974349498749e-03 4.489675164222717285e-03
5.758814513683319092e-04 2.873628400266170502e-03 -2.419888973236083984e-03
2.007495611906051636e-03 1.009960379451513290e-02 -6.825774908065795898e-03
1.543540507555007935e-03 8.991789072751998901e-03 -8.140679448843002319e-03
3.617603331804275513e-03 1.528162322938442230e-02 -8.109848946332931519e-03
5.012974143028259277e-03 1.637106761336326599e-02 -7.730126380920410156e-03
6.911147385835647583e-03 1.424385234713554382e-02 -9.423077106475830078e-03
7.595412433147430420e-03 1.049579493701457977e-02 -1.035582646727561951e-02
5.027618259191513062e-03 9.295624680817127228e-03 -1.014110445976257324e-02
2.487722784280776978e-03 1.023309212177991867e-02 -7.355097681283950806e-03
-2.518780529499053955e-04 1.053708232939243317e-02 -7.602345198392868042e-03
6.670542061328887939e-04 1.313438452780246735e-02 -1.020301133394241333e-02
9.617954492568969727e-04 8.763995952904224396e-03 -8.617103099822998047e-03
9.569190442562103271e-04 6.931507959961891174e-03 -7.304526865482330322e-03
1.155525445938110352e-03 1.026643998920917511e-02 -5.911543965339660645e-03
-3.108978271484375000e-04 5.777809768915176392e-03 -7.558092474937438965e-04
2.864971756935119629e-03 8.494555950164794922e-04 -5.233287811279296875e-04
5.799371749162673950e-03 6.102843210101127625e-03 -5.263175815343856812e-03
-1.693882048130035400e-03 -1.037752255797386169e-03 7.265582680702209473e-04
-1.322917640209197998e-03 2.135781571269035339e-03 1.580968499183654785e-03
-1.951679587364196777e-03 -8.233394473791122437e-04 8.740052580833435059e-04
3.642812371253967285e-03 2.494523301720619202e-03 -3.844372928142547607e-03
3.589879721403121948e-03 -1.085270196199417114e-04 -2.534173429012298584e-03
3.731943666934967041e-03 1.267774403095245361e-02 -3.617711365222930908e-03
1.464039087295532227e-05 9.906796738505363464e-03 -4.187129437923431396e-03
1.083102077245712280e-03 9.424792602658271790e-03 -5.755566060543060303e-03
-1.253001391887664795e-03 -1.048132777214050293e-03 -1.910477876663208008e-03
-1.210585236549377441e-03 -4.982510581612586975e-03 5.688495934009552002e-03
1.594349741935729980e-03 1.513890922069549561e-03 1.489080488681793213e-03
3.597050905227661133e-03 5.732892081141471863e-03 -4.449777305126190186e-03
3.351464867591857910e-03 3.847887739539146423e-03 -3.398403525352478027e-03
-7.243901491165161133e-04 1.504926010966300964e-03 1.140475273132324219e-03
-3.111839294433593750e-03 -1.156045123934745789e-03 2.811536192893981934e-03
-2.165295183658599854e-03 1.767979934811592102e-03 5.983263254165649414e-04
-2.075187861919403076e-03 2.095134928822517395e-03 3.229305148124694824e-04
-2.060376107692718506e-03 6.468016654253005981e-04 -4.485026001930236816e-04
-2.057664096355438232e-03 -1.524947583675384521e-05 -1.254223287105560303e-03
-2.110712230205535889e-03 3.781290724873542786e-03 -7.706284523010253906e-04
-2.853885293006896973e-03 2.893680706620216370e-03 -3.742128610610961914e-04
-3.483541309833526611e-03 3.478322178125381470e-04 -2.770051360130310059e-04
-3.093563020229339600e-03 1.530634239315986633e-03 -8.476302027702331543e-04
-2.871595323085784912e-03 5.768425762653350830e-05 -5.402490496635437012e-04
-2.466879785060882568e-03 6.074551492929458618e-04 4.731938242912292480e-04
-2.642612904310226440e-03 1.330619677901268005e-03 8.952394127845764160e-04
-1.425854861736297607e-03 -4.802774637937545776e-04 2.446189522743225098e-03
-4.245012998580932617e-03 -1.948332414031028748e-03 5.557529628276824951e-03
-6.537087261676788330e-03 6.151309236884117126e-03 9.447708725929260254e-03
-2.547793090343475342e-03 5.974580533802509308e-03 2.359814941883087158e-03
-5.239851772785186768e-03 5.191164091229438782e-03 7.744438946247100830e-03
-4.411898553371429443e-03 1.914635300636291504e-03 2.926237881183624268e-03
-1.705575734376907349e-03 4.365434870123863220e-03 6.849840283393859863e-04
-1.844376325607299805e-03 -1.838130876421928406e-03 2.520680427551269531e-03
-2.110116183757781982e-03 9.019915014505386353e-04 2.824760973453521729e-03
-3.542464226484298706e-03 -1.365808770060539246e-03 3.797985613346099854e-03
-2.373285591602325439e-03 -2.965403720736503601e-03 2.179630100727081299e-03
-2.410352230072021484e-03 -4.402814432978630066e-03 1.653335988521575928e-03
-2.922527492046356201e-03 -3.944849595427513123e-03 1.995809376239776611e-03
-3.041036427021026611e-03 -4.200739786028862000e-03 1.139707863330841064e-03
-2.837367355823516846e-03 -3.860866650938987732e-03 3.989264369010925293e-04
-3.049485385417938232e-03 -7.209641858935356140e-03 -1.104488968849182129e-03
-2.934072166681289673e-03 -8.650025352835655212e-03 -1.158211380243301392e-03
-2.684917300939559937e-03 -8.314331993460655212e-03 -1.316390931606292725e-03
-2.894628793001174927e-03 -6.116861011832952499e-03 -5.287751555442810059e-04
-2.475425601005554199e-03 -3.930347505956888199e-03 -1.074891537427902222e-03
-2.473648637533187866e-03 -2.622307743877172470e-03 -9.214170277118682861e-04
-2.542153000831604004e-03 1.091381534934043884e-03 -2.124957740306854248e-03
-2.741254866123199463e-03 6.557675078511238098e-03 -1.049153506755828857e-03
-3.564022481441497803e-03 6.934318691492080688e-03 2.265952527523040771e-03
-3.956653177738189697e-03 6.609335541725158691e-03 -2.963088452816009521e-03
-3.866557031869888306e-03 5.857224576175212860e-03 -5.381662398576736450e-03
-2.132929861545562744e-03 4.733463749289512634e-03 -6.407257169485092163e-03
-1.622863113880157471e-03 7.652225904166698456e-04 -1.029457896947860718e-03
-1.601625233888626099e-03 4.516292363405227661e-03 1.171015202999114990e-03
-6.062351167201995850e-04 2.375165931880474091e-03 1.516938209533691406e-04
6.778798997402191162e-04 4.128010012209415436e-03 1.325450837612152100e-03
1.311797648668289185e-03 6.391643546521663666e-03 9.035244584083557129e-04
1.039125025272369385e-03 9.337916970252990723e-03 -2.750102430582046509e-03
3.394857048988342285e-05 1.030536554753780365e-02 -1.105502247810363770e-03
-5.849666893482208252e-03 6.558508612215518951e-04 8.650496602058410645e-03
-3.207251429557800293e-03 5.107872188091278076e-03 1.007116585969924927e-02
-6.504572927951812744e-03 1.163221523165702820e-02 1.088882237672805786e-02
-8.407864719629287720e-03 9.401034563779830933e-03 1.242538541555404663e-02
-1.182176172733306885e-03 1.151499897241592407e-02 3.479972481727600098e-03
9.770728647708892822e-04 1.316535472869873047e-02 3.369010984897613525e-03
-3.036521375179290771e-04 1.231514103710651398e-02 8.039198815822601318e-03
-2.951435744762420654e-04 1.241483725607395172e-02 3.020972013473510742e-03
3.375068306922912598e-03 1.448219828307628632e-02 -9.210176765918731689e-03
6.065465509891510010e-03 8.519160561263561249e-03 -7.388018071651458740e-03
-2.562671899795532227e-03 -5.670923739671707153e-03 4.048325121402740479e-03
-3.181476145982742310e-03 -1.634365320205688477e-02 1.788982748985290527e-02
-7.221877574920654297e-03 -1.254790369421243668e-02 2.286989986896514893e-02
-6.568040698766708374e-03 -3.230480942875146866e-03 9.183034300804138184e-03
-3.747668117284774780e-03 -4.421267658472061157e-05 8.375309407711029053e-03
-9.686157107353210449e-03 -2.483395393937826157e-03 1.231750845909118652e-02
-1.113024726510047913e-02 -5.739462096244096756e-03 1.947098225355148315e-02
-6.237599998712539673e-03 1.727082766592502594e-03 1.180342584848403931e-02
-5.561143159866333008e-03 4.815670661628246307e-03 1.428627222776412964e-02
-5.003578960895538330e-03 7.954168133437633514e-03 1.660442352294921875e-02
-1.148115471005439758e-02 -1.137471990659832954e-03 2.197096496820449829e-02
2.183347940444946289e-03 1.430344767868518829e-03 2.095893025398254395e-03
5.216404795646667480e-03 1.265494152903556824e-03 1.776367425918579102e-04
8.227117359638214111e-03 2.696875482797622681e-03 -3.688357770442962646e-03
4.291910678148269653e-03 8.684972301125526428e-03 -1.376219093799591064e-03
-2.781584858894348145e-03 8.550926111638545990e-03 2.609163522720336914e-03
-3.467291593551635742e-03 1.210933364927768707e-02 1.571238040924072266e-03
8.210465312004089355e-04 1.286782138049602509e-02 -9.706541895866394043e-04
1.266751438379287720e-03 1.331422850489616394e-02 3.376640379428863525e-04
-1.273296773433685303e-03 7.590800523757934570e-03 3.285728394985198975e-03
4.917476326227188110e-03 7.345417514443397522e-03 -2.930536866188049316e-03
4.967633634805679321e-03 1.204551197588443756e-02 -3.394115716218948364e-03
5.534835159778594971e-03 2.203862555325031281e-02 -4.308946430683135986e-03
4.501536488533020020e-03 2.300313301384449005e-02 -3.248251974582672119e-03
-6.779208779335021973e-04 2.032692916691303253e-02 3.502584993839263916e-03
-4.719413816928863525e-03 2.905875630676746368e-02 1.491194963455200195e-02
-4.647351801395416260e-03 2.874714322388172150e-02 1.077236235141754150e-02
-1.236100494861602783e-02 8.113259449601173401e-03 2.506993710994720459e-02
-5.690447986125946045e-03 4.469951614737510681e-03 1.733139902353286743e-02
-8.849173784255981445e-03 2.689013257622718811e-03 1.466847211122512817e-02
-1.161978393793106079e-02 7.692966610193252563e-04 1.032204180955886841e-02
-1.204625889658927917e-02 9.300913661718368530e-04 9.714238345623016357e-03
-8.447032421827316284e-03 1.860121265053749084e-03 9.458377957344055176e-03
-8.498128503561019897e-03 3.766285255551338196e-03 -1.333404332399368286e-03
-3.878846764564514160e-03 3.942424431443214417e-03 -2.284668385982513428e-03
-2.245634794235229492e-03 6.220210343599319458e-04 -3.239028155803680420e-03
5.686841905117034912e-04 4.286933690309524536e-04 -3.624238073825836182e-03
2.941146492958068848e-03 5.440821871161460876e-03 -3.182228654623031616e-03
5.824781954288482666e-03 1.312465034425258636e-02 -7.913820445537567139e-03
4.908081144094467163e-03 1.865927129983901978e-03 -9.496264159679412842e-03
1.657716929912567139e-04 -1.275633648037910461e-02 -6.892271339893341064e-03
-1.468293368816375732e-03 -1.135705038905143738e-02 -2.486839890480041504e-03
2.884894609451293945e-03 4.637189209461212158e-03 -4.902958869934082031e-03
7.344700396060943604e-03 1.339690573513507843e-02 -9.809508919715881348e-03
5.253203213214874268e-03 6.096241995692253113e-03 -7.032878696918487549e-03
-5.293339490890502930e-04 -5.736300721764564514e-03 -6.067264825105667114e-03
-2.044066786766052246e-03 -1.076485775411128998e-02 -9.566847234964370728e-03
-1.270890235900878906e-03 -7.060723379254341125e-03 -8.960504084825515747e-03
2.553619444370269775e-03 5.182454362511634827e-03 -8.202049881219863892e-03
1.132860779762268066e-05 7.462255656719207764e-03 -5.777787417173385620e-03
3.283880650997161865e-04 8.083827793598175049e-03 -7.894132286310195923e-03
-1.385167241096496582e-03 3.087265416979789734e-03 -7.094129920005798340e-03
1.365344971418380737e-03 7.202022708952426910e-03 -9.319789707660675049e-03
4.976030439138412476e-03 2.395301125943660736e-03 -1.022366806864738464e-02
5.834683775901794434e-03 3.617543727159500122e-03 -1.378523558378219604e-02
-2.938993275165557861e-04 1.441156491637229919e-03 -6.612755358219146729e-03
-1.371294260025024414e-03 -3.357771784067153931e-04 -2.346742898225784302e-03
-2.481862902641296387e-04 5.401434376835823059e-03 -1.227542757987976074e-03
6.932318210601806641e-04 1.201329566538333893e-02 -8.419528603553771973e-04
1.332081854343414307e-03 1.427354104816913605e-02 -2.369210124015808105e-04
6.249397993087768555e-04 1.216122694313526154e-02 4.080682992935180664e-05
1.038879156112670898e-03 1.092890836298465729e-02 -1.006945967674255371e-04
1.530542969703674316e-03 1.221731491386890411e-02 -4.861503839492797852e-04
1.917548477649688721e-03 1.086088456213474274e-02 -2.125576138496398926e-03
1.949243247509002686e-03 8.151801303029060364e-03 -2.655364573001861572e-03
3.156270831823348999e-03 6.681205704808235168e-03 -4.106543958187103271e-03
1.139980927109718323e-02 1.357196643948554993e-02 -1.271257176995277405e-02
1.545995101332664490e-02 1.333257928490638733e-02 -1.513513177633285522e-02
1.160733774304389954e-02 1.854947581887245178e-02 -8.609246462583541870e-03
8.933134377002716064e-03 1.916591078042984009e-02 -4.674207419157028198e-03
7.756654173135757446e-03 1.669436693191528320e-02 -4.300430417060852051e-03
8.323870599269866943e-03 6.216155365109443665e-03 -3.644481301307678223e-03
1.091501116752624512e-02 6.090125069022178650e-03 -6.790269166231155396e-03
1.441863365471363068e-02 1.226565428078174591e-02 -1.041751727461814880e-02
1.432432234287261963e-02 1.206834614276885986e-02 -1.151846349239349365e-02
1.050507649779319763e-02 9.998258203268051147e-03 -8.393608033657073975e-03
8.640404790639877319e-03 5.582515150308609009e-03 -9.517375379800796509e-03
7.781371474266052246e-03 -9.310799650847911835e-04 -9.752228856086730957e-03
5.814623087644577026e-03 -3.696206491440534592e-03 -3.197200596332550049e-03
4.779972136020660400e-03 -6.554286926984786987e-03 8.123293519020080566e-04
7.496908307075500488e-03 -2.217184053733944893e-03 -1.798234879970550537e-04
1.021028310060501099e-02 2.168920822441577911e-03 -3.311160951852798462e-03
1.082557439804077148e-02 2.605777699500322342e-03 -4.689559340476989746e-03
8.325312286615371704e-03 -1.427219947800040245e-03 -3.496192395687103271e-03
6.600435823202133179e-03 -5.478472914546728134e-03 -6.492994725704193115e-04
5.948152393102645874e-03 -8.532060310244560242e-03 1.002177596092224121e-03
5.689892917871475220e-03 -6.045873276889324188e-03 -1.242421567440032959e-04
4.332453012466430664e-03 -6.637796293944120407e-03 -1.445420086383819580e-03
5.381293594837188721e-03 -5.234652198851108551e-03 -2.857860177755355835e-03
5.122665315866470337e-03 -5.937919486314058304e-03 -2.558350563049316406e-03
3.015682101249694824e-03 -1.110350713133811951e-02 1.066140830516815186e-03
3.991629928350448608e-03 -1.218134630471467972e-02 1.804932951927185059e-03
1.992192119359970093e-03 -1.703564077615737915e-02 4.821434617042541504e-03
1.312065869569778442e-03 -1.273519638925790787e-02 4.840090870857238770e-03
-9.965971112251281738e-04 -1.574532687664031982e-02 1.897245645523071289e-03
2.533130347728729248e-03 -2.051298506557941437e-02 -1.286108046770095825e-03
6.742972880601882935e-03 -2.426102384924888611e-02 -1.286894083023071289e-03
3.282792866230010986e-03 -7.424145471304655075e-03 -2.834241837263107300e-03
1.223452389240264893e-03 -5.260216072201728821e-03 -5.464069545269012451e-04
2.976246178150177002e-04 -8.197726681828498840e-03 1.004643738269805908e-03
-7.471181452274322510e-04 -1.399950217455625534e-02 3.438882529735565186e-03
-2.524245530366897583e-03 -2.370861545205116272e-02 1.223289221525192261e-02
-3.257744014263153076e-03 -2.653353475034236908e-02 1.170527189970016479e-02
-2.773765474557876587e-03 -2.796407602727413177e-02 1.059250533580780029e-02
-2.821099013090133667e-03 -2.904518134891986847e-02 8.976079523563385010e-03
-9.954646229743957520e-04 -2.367815375328063965e-02 5.375511944293975830e-03
-4.474557936191558838e-04 -2.565978281199932098e-02 1.953810453414916992e-03
3.511086106300354004e-04 -2.501753903925418854e-02 -2.636425197124481201e-04
9.247995913028717041e-04 -2.667069807648658752e-02 -3.756050020456314087e-03
4.199668765068054199e-03 -2.104730345308780670e-02 -8.956324309110641479e-03
7.899213582277297974e-03 -1.809031143784523010e-02 -1.531372219324111938e-02
6.674803793430328369e-03 -1.541777979582548141e-02 -1.485224440693855286e-02
4.450645297765731812e-03 -1.609578728675842285e-02 -1.418890431523323059e-02
2.563189715147018433e-03 -2.017351053655147552e-02 -1.312110573053359985e-02
1.097574830055236816e-03 -1.732934080064296722e-02 -9.990364313125610352e-03
-4.562735557556152344e-05 -1.962800137698650360e-02 -7.870398461818695068e-03
-1.666031777858734131e-03 -1.589643768966197968e-02 -4.782482981681823730e-03
-2.784796059131622314e-03 -1.763661764562129974e-02 -2.703092992305755615e-03
-3.133021295070648193e-03 -1.650040410459041595e-02 -6.806179881095886230e-04
-2.457305788993835449e-03 -1.713925413787364960e-02 -1.039601862430572510e-03
-1.407988369464874268e-03 -1.288302056491374969e-02 -3.484115004539489746e-04
-9.422078728675842285e-04 -1.417228393256664276e-02 -1.456670463085174561e-03
-1.710183918476104736e-03 -1.470117084681987762e-02 -2.457357943058013916e-03
-2.242304384708404541e-03 -1.317357830703258514e-02 -3.490768373012542725e-03
-1.612983644008636475e-03 -1.341958157718181610e-02 -5.731292068958282471e-03
-1.395963132381439209e-03 -1.233142428100109100e-02 -6.082318723201751709e-03
-1.481242477893829346e-03 -1.198959164321422577e-02 -5.851961672306060791e-03
-2.180255949497222900e-03 -1.091822795569896698e-02 -4.413433372974395752e-03
-2.069540321826934814e-03 -1.143018715083599091e-02 -4.524029791355133057e-03
-1.793690025806427002e-03 -8.244005963206291199e-03 -4.193194210529327393e-03
-1.931585371494293213e-03 -5.666969344019889832e-03 -3.870762884616851807e-03
-2.402223646640777588e-03 -6.477145478129386902e-03 -4.385717213153839111e-03
-2.846129238605499268e-03 -3.790957853198051453e-03 -4.572220146656036377e-03
-2.691172063350677490e-03 -3.257898613810539246e-03 -4.423715174198150635e-03
-2.418167889118194580e-03 -3.546250984072685242e-03 -4.070557653903961182e-03
-2.295590937137603760e-03 -2.587912604212760925e-03 -3.106795251369476318e-03
-2.603061497211456299e-03 -6.136279553174972534e-04 -2.214185893535614014e-03
-3.403209149837493896e-03 -2.332372590899467468e-03 -2.919636666774749756e-03
-3.015644848346710205e-03 -7.829647511243820190e-04 -3.824271261692047119e-03
-2.696566283702850342e-03 2.457501366734504700e-03 -3.469027578830718994e-03
-2.448834478855133057e-03 1.423569396138191223e-03 -3.747560083866119385e-03
-2.728246152400970459e-03 1.564430072903633118e-03 -3.170616924762725830e-03
-2.928443253040313721e-03 1.740919426083564758e-03 -2.619497478008270264e-03
-3.027684986591339111e-03 3.808755427598953247e-04 -2.944715321063995361e-03
-2.957068383693695068e-03 1.681538298726081848e-03 -3.014378249645233154e-03
-3.160692751407623291e-03 2.667071297764778137e-03 -3.130398690700531006e-03
-4.075758159160614014e-03 -1.785201951861381531e-03 -3.476373851299285889e-03
-3.873594105243682861e-03 4.873294383287429810e-04 -3.155253827571868896e-03
-4.635341465473175049e-03 -2.100614830851554871e-03 -2.795822918415069580e-03
-3.506503999233245850e-03 2.072038128972053528e-03 -2.336405217647552490e-03
-3.205560147762298584e-03 1.072319224476814270e-03 -2.201177179813385010e-03
-2.983205020427703857e-03 2.151267603039741516e-03 -1.732401549816131592e-03
-3.768615424633026123e-03 -6.410293281078338623e-05 -1.724459230899810791e-03
-3.922961652278900146e-03 -4.539471119642257690e-04 -2.269171178340911865e-03
-3.660954535007476807e-03 8.492339402437210083e-04 -2.840928733348846436e-03
-2.957276999950408936e-03 1.050861552357673645e-03 -3.250114619731903076e-03
-3.081001341342926025e-03 -1.067398115992546082e-03 -2.818785607814788818e-03
-2.529822289943695068e-03 8.279476314783096313e-04 -3.284618258476257324e-03
-1.591429114341735840e-03 4.008473828434944153e-03 -3.618821501731872559e-03
-3.674522042274475098e-03 4.263911396265029907e-04 -2.752594649791717529e-03
-3.520578145980834961e-03 1.386551652103662491e-03 -2.161346375942230225e-03
-1.649565994739532471e-03 4.858680069446563721e-03 -2.860967069864273071e-03
-1.311428844928741455e-03 5.043826065957546234e-03 -3.442451357841491699e-03
5.691796541213989258e-04 6.818753667175769806e-03 -2.940632402896881104e-03
1.052670180797576904e-03 4.366303794085979462e-03 6.849601864814758301e-03
-7.213205099105834961e-04 4.278031177818775177e-03 1.459509134292602539e-02
-8.564002811908721924e-03 3.817167133092880249e-03 7.883816957473754883e-03
-8.731927722692489624e-03 8.604259230196475983e-03 1.289492100477218628e-02
-9.192362427711486816e-03 1.397099532186985016e-02 1.214742660522460938e-02
-9.661212563514709473e-03 1.827312074601650238e-02 1.337032765150070190e-02
-7.529605180025100708e-03 1.982166245579719543e-02 3.808602690696716309e-03
-3.380626440048217773e-03 1.950050331652164459e-02 1.273982226848602295e-03
-5.034904927015304565e-03 2.123416773974895477e-02 3.807641565799713135e-03
2.586487680673599243e-03 2.444106712937355042e-02 -4.396513104438781738e-04
4.060883074998855591e-03 2.261628955602645874e-02 -6.730832159519195557e-03
3.401786088943481445e-03 2.269255742430686951e-02 -7.694020867347717285e-03
6.677065044641494751e-03 2.797611989080905914e-02 -8.971456438302993774e-03
5.930364131927490234e-03 1.794880628585815430e-02 -1.037238910794258118e-02
2.171263098716735840e-03 2.725572325289249420e-02 -3.264602273702621460e-03
1.872666180133819580e-04 2.025249041616916656e-02 -2.008475363254547119e-03
3.276176750659942627e-03 3.011181391775608063e-02 -9.328052401542663574e-04
2.322502434253692627e-03 2.752753905951976776e-02 1.864545047283172607e-03
-1.446716487407684326e-04 2.138383872807025909e-02 4.563219845294952393e-03
-1.753982156515121460e-03 2.495277859270572662e-02 1.471467316150665283e-03
-3.572106361389160156e-04 2.186913043260574341e-02 1.812241971492767334e-03
2.817064523696899414e-05 2.572640962898731232e-02 3.457367420196533203e-03
4.710108041763305664e-04 2.410588040947914124e-02 8.333921432495117188e-04
5.077950656414031982e-03 2.300323918461799622e-02 -5.198884755373001099e-03
5.670338869094848633e-04 8.501114323735237122e-03 4.705846309661865234e-03
2.281639724969863892e-03 1.216113381087779999e-02 2.363339066505432129e-03
-6.972476840019226074e-04 4.559077322483062744e-03 8.741088211536407471e-03
2.570573240518569946e-03 4.518428817391395569e-03 5.917318165302276611e-03
5.066983401775360107e-03 -2.464740071445703506e-03 -1.958098262548446655e-03
4.994370043277740479e-03 -1.954636769369244576e-03 -6.866093724966049194e-03
3.092091530561447144e-03 -1.617961330339312553e-03 -9.728465229272842407e-03
3.259666264057159424e-03 3.041727468371391296e-03 -1.212532818317413330e-02
2.777714282274246216e-03 7.612605579197406769e-03 -1.137529313564300537e-02
-4.520166665315628052e-03 6.567928940057754517e-03 -6.531789898872375488e-03
-6.869535893201828003e-03 -2.440352691337466240e-03 5.719929933547973633e-03
-4.587955772876739502e-03 -3.905005287379026413e-03 2.356581389904022217e-03
-3.710847347974777222e-03 -4.052654840052127838e-03 9.937137365341186523e-04
-1.712735742330551147e-03 -1.948000863194465637e-04 -1.289881765842437744e-04
-1.290924847126007080e-03 -2.916483674198389053e-03 -7.136501371860504150e-04
-7.132664322853088379e-04 -3.232764778658747673e-03 -1.103777438402175903e-03
5.365833640098571777e-04 -3.221813356503844261e-03 -2.077307552099227905e-03
6.339512765407562256e-04 -3.551903180778026581e-03 -2.888537943363189697e-03
-1.688636839389801025e-04 -3.881606273353099823e-03 -2.137441188097000122e-03
-2.292372286319732666e-03 2.592957578599452972e-03 -3.114815801382064819e-03
2.305027097463607788e-03 -1.650011166930198669e-03 -5.748704075813293457e-03
6.350457668304443359e-03 1.402571797370910645e-06 -3.011140972375869751e-03
4.045546054840087891e-03 2.568567171692848206e-03 -3.876592963933944702e-03
3.931269049644470215e-03 4.366287961602210999e-03 -4.047587513923645020e-03
2.456892281770706177e-03 3.194751217961311340e-03 -2.888057380914688110e-03
5.164757370948791504e-03 6.146091967821121216e-03 -1.135513186454772949e-02
-4.325911402702331543e-03 2.415098249912261963e-03 -2.238638699054718018e-03
-6.834205240011215210e-03 1.769904047250747681e-04 4.605367779731750488e-03
-4.856664687395095825e-03 2.597196027636528015e-03 1.147560775279998779e-03
-3.060214221477508545e-03 9.348694235086441040e-03 -1.426368951797485352e-03
-9.905099868774414062e-04 1.042280346155166626e-02 -1.810740679502487183e-03
-4.853717982769012451e-04 -2.034883946180343628e-04 3.355450928211212158e-03
9.328052401542663574e-04 2.940850332379341125e-03 -1.530192792415618896e-03
3.868065774440765381e-03 1.433523371815681458e-03 -1.238726079463958740e-03
3.955893218517303467e-03 3.987090662121772766e-03 -1.325763761997222900e-03
5.294337868690490723e-03 4.119487479329109192e-03 -2.299424260854721069e-03
7.508348673582077026e-03 8.172677829861640930e-03 -5.789380520582199097e-03
4.900954663753509521e-04 8.466541767120361328e-04 7.129199802875518799e-03
-4.035688936710357666e-03 -1.240769401192665100e-03 1.161567866802215576e-02
9.865872561931610107e-04 -2.449931576848030090e-03 3.977097570896148682e-03
8.233405649662017822e-03 6.426194682717323303e-03 -5.661722272634506226e-03
8.136440068483352661e-03 3.673622384667396545e-03 -5.133423954248428345e-03
7.465209811925888062e-03 2.455506473779678345e-04 -4.139006137847900391e-03
3.978826105594635010e-03 1.973027363419532776e-03 -1.397829502820968628e-03
1.924052834510803223e-03 2.077389508485794067e-04 2.280771732330322266e-04
1.572605222463607788e-03 -7.887016981840133667e-04 -6.471164524555206299e-04
4.276145249605178833e-03 1.048887148499488831e-03 5.559913814067840576e-03
1.623209565877914429e-03 5.783019587397575378e-03 -4.565391689538955688e-03
-3.774005919694900513e-03 5.604339763522148132e-03 -4.107214510440826416e-03
3.367431461811065674e-03 1.279097050428390503e-04 -3.796074539422988892e-03
-3.559201955795288086e-03 -4.618847742676734924e-03 7.718108594417572021e-03
2.299003303050994873e-03 -2.103833481669425964e-03 -1.337081193923950195e-04
5.181729793548583984e-04 -2.931514754891395569e-03 5.046822130680084229e-03
-1.630403101444244385e-03 -6.159863434731960297e-03 4.209928214550018311e-03
-7.992766797542572021e-03 -8.502209559082984924e-03 1.075909286737442017e-02
-8.132636547088623047e-03 -6.634742021560668945e-05 1.237720251083374023e-03
3.346521407365798950e-03 -5.023535341024398804e-04 -5.624368786811828613e-04
-5.759198218584060669e-03 -3.530651330947875977e-03 7.016412913799285889e-03
-1.949034631252288818e-03 -7.245673798024654388e-03 6.805844604969024658e-03
-6.793141365051269531e-03 -4.391258582472801208e-03 1.465945690870285034e-02
-1.067475229501724243e-02 2.425763756036758423e-03 1.143173128366470337e-02
-1.109810918569564819e-02 6.910376250743865967e-03 3.700353205204010010e-03
-1.121459901332855225e-02 2.519549801945686340e-03 5.416795611381530762e-03
-4.493221640586853027e-03 -3.282966092228889465e-03 5.000270903110504150e-03
-5.251847207546234131e-03 -2.151587978005409241e-03 1.709483563899993896e-03
-3.820560872554779053e-03 -1.808939501643180847e-03 1.086048781871795654e-03
-3.458824008703231812e-03 -4.641134757548570633e-03 3.355778753757476807e-04
-4.043739289045333862e-03 -7.697174325585365295e-03 -5.543977022171020508e-04
-3.065068274736404419e-03 -2.652650466188788414e-03 -1.360896974802017212e-03
-1.883547753095626831e-03 -3.750114701688289642e-04 -2.722077071666717529e-03
-6.913356482982635498e-04 2.779439557343721390e-03 -4.096571356058120728e-03
1.906566321849822998e-04 1.911151222884654999e-03 -4.019986838102340698e-03
-7.209144532680511475e-04 -1.198549522086977959e-03 -3.500938415527343750e-03
-4.117712378501892090e-04 -2.781860530376434326e-03 -3.583461046218872070e-03
-1.475967466831207275e-03 -6.760750431567430496e-03 -1.290377229452133179e-03
-3.456171602010726929e-03 4.281764850020408630e-04 4.397228360176086426e-03
8.434928953647613525e-03 4.304900765419006348e-03 -1.080534607172012329e-02
9.793896228075027466e-03 -2.638357691466808319e-04 -1.215942576527595520e-02
1.023001968860626221e-04 -6.789100356400012970e-03 2.084217965602874756e-03
-4.123039543628692627e-04 -2.912977943196892738e-03 1.461558043956756592e-03
-6.361380219459533691e-04 1.001138240098953247e-02 -1.817397773265838623e-03
-1.863174140453338623e-03 1.168389804661273956e-02 -8.427169173955917358e-03
-9.242706000804901123e-04 1.151111535727977753e-02 -1.162019744515419006e-02
3.559470176696777344e-03 1.297914795577526093e-02 -1.357595250010490417e-02
-8.180089294910430908e-03 7.496622391045093536e-03 1.672811806201934814e-03
3.656297922134399414e-04 5.357479676604270935e-03 -6.226215511560440063e-03
-1.702833920717239380e-03 -7.701702415943145752e-04 -6.594296544790267944e-03
-1.138519495725631714e-03 -5.204075947403907776e-03 -5.067840218544006348e-03
-3.165416419506072998e-04 1.429221592843532562e-03 -5.081720650196075439e-03
-4.852488636970520020e-04 1.460799016058444977e-03 -6.402820348739624023e-03
-5.516111850738525391e-04 3.248184919357299805e-03 -3.631044179201126099e-03
-2.009272575378417969e-04 -1.930943690240383148e-04 -4.257462918758392334e-03
-1.357905566692352295e-03 1.093703787773847580e-03 -2.262260764837265015e-03
-1.609187573194503784e-03 1.159770414233207703e-03 -2.074133604764938354e-03
-9.116120636463165283e-04 -1.799035584554076195e-03 -2.440597862005233765e-03
-8.594952523708343506e-04 -1.999338390305638313e-03 -3.400925546884536743e-03
-1.775212585926055908e-04 -1.679489854723215103e-03 -4.124846309423446655e-03
4.000328481197357178e-04 -7.019834592938423157e-04 -4.071179777383804321e-03
6.675347685813903809e-05 -1.127696828916668892e-03 -3.354936838150024414e-03
3.919638693332672119e-04 2.253660932183265686e-03 -3.123383969068527222e-03
-3.263354301452636719e-05 5.178035236895084381e-03 -1.561120152473449707e-03
-1.448307186365127563e-03 1.104493625462055206e-03 -3.186784684658050537e-03
-2.191495150327682495e-03 -9.271455928683280945e-05 -3.935288637876510620e-03
-1.763433218002319336e-03 -1.106920186430215836e-03 -4.560310393571853638e-03
-5.666203796863555908e-04 -1.057821558788418770e-03 -6.040975451469421387e-03
4.416704177856445312e-05 -2.472827676683664322e-03 -8.313909173011779785e-03
-2.445839345455169678e-04 -8.281175978481769562e-04 -8.757423609495162964e-03
1.067668199539184570e-04 -4.025716334581375122e-04 -9.923171252012252808e-03
4.293918609619140625e-04 -3.714761696755886078e-04 -9.399473667144775391e-03
5.665794014930725098e-04 8.706622757017612457e-04 -7.082447409629821777e-03
4.909783601760864258e-04 1.506318803876638412e-03 -4.670038819313049316e-03
-9.227022528648376465e-04 -2.301449421793222427e-03 -4.330813884735107422e-03
-1.323167234659194946e-03 -1.627014484256505966e-03 -4.025917500257492065e-03
-1.733370125293731689e-03 -9.520929306745529175e-04 -3.564320504665374756e-03
-1.873187720775604248e-03 2.706008031964302063e-03 -2.912484109401702881e-03
-9.482577443122863770e-04 8.642138913273811340e-03 -1.892484724521636963e-03
2.884641289710998535e-04 1.496952958405017853e-02 -8.440986275672912598e-04
2.193145453929901123e-03 2.063070423901081085e-02 4.829540848731994629e-04
4.169739782810211182e-03 2.407877333462238312e-02 1.655593514442443848e-04
5.569525063037872314e-03 3.045379556715488434e-02 -3.036335110664367676e-04
9.307213127613067627e-03 3.613153100013732910e-02 -6.993114948272705078e-03
1.217085868120193481e-02 4.349781572818756104e-02 -1.400874555110931396e-02
1.129972189664840698e-02 5.245092511177062988e-02 -1.818738877773284912e-02
1.113918423652648926e-02 5.136054009199142456e-02 -2.098319306969642639e-02
1.219299063086509705e-02 6.056178361177444458e-02 -2.467827498912811279e-02
1.356538385152816772e-02 5.814042687416076660e-02 -2.949111163616180420e-03
1.212388649582862854e-02 6.636103987693786621e-02 -1.326131075620651245e-02
1.205065101385116577e-02 7.157369703054428101e-02 -9.541094303131103516e-03
1.087313517928123474e-02 7.647269964218139648e-02 -8.216850459575653076e-03
1.132690906524658203e-02 6.452348828315734863e-02 -5.285367369651794434e-03
1.180788874626159668e-02 5.527728050947189331e-02 -2.455171197652816772e-03
1.251177489757537842e-02 4.873501509428024292e-02 -2.332821488380432129e-03
1.307550817728042603e-02 4.878696799278259277e-02 -2.290539443492889404e-03
1.456447690725326538e-02 5.077837407588958740e-02 -1.281373202800750732e-03
1.461008191108703613e-02 5.043029785156250000e-02 9.143576025962829590e-04
1.460952311754226685e-02 4.816707968711853027e-02 3.842897713184356689e-03
1.291111856698989868e-02 4.539822041988372803e-02 8.043952286243438721e-03
1.116970926523208618e-02 4.755561053752899170e-02 7.383517920970916748e-03
8.562572300434112549e-03 4.121202230453491211e-02 7.465079426765441895e-03
9.185381233692169189e-03 4.692612588405609131e-02 6.299823522567749023e-03
8.116446435451507568e-03 5.267274379730224609e-02 2.484500408172607422e-03
9.117566049098968506e-03 5.562072992324829102e-02 1.600600779056549072e-03
9.947240352630615234e-03 5.189064145088195801e-02 1.395188271999359131e-03
8.792914450168609619e-03 5.736362934112548828e-02 1.136213541030883789e-03
5.674310028553009033e-03 5.528259277343750000e-02 1.164354383945465088e-03
6.228156387805938721e-03 5.550239235162734985e-02 8.249431848526000977e-04
5.678158253431320190e-03 5.398324131965637207e-02 -1.127980649471282959e-04
2.577148377895355225e-03 5.385736376047134399e-02 -1.393593847751617432e-03
5.580484867095947266e-06 5.863136053085327148e-02 -2.975016832351684570e-05
-2.960480749607086182e-03 5.480952560901641846e-02 2.844788134098052979e-03
-3.437243402004241943e-03 3.762848675251007080e-02 -2.148374915122985840e-04
-5.991987884044647217e-03 3.125129640102386475e-02 -3.362882882356643677e-03
-6.590567529201507568e-03 2.124816365540027618e-02 -6.586920469999313354e-03
-4.357166588306427002e-03 1.229951716959476471e-02 -4.564460366964340210e-03
4.374183714389801025e-03 1.386762596666812897e-02 -5.491092801094055176e-03
6.654784083366394043e-03 1.200942881405353546e-02 -4.889048635959625244e-03
8.234161883592605591e-03 1.096990890800952911e-02 -8.057735860347747803e-03
8.841119706630706787e-03 5.712727084755897522e-03 -1.017633080482482910e-02
1.043943688273429871e-02 4.423530772328376770e-03 -1.155095547437667847e-02
1.473013684153556824e-02 1.198793761432170868e-02 -1.182795315980911255e-02
1.344729214906692505e-02 9.917789138853549957e-03 -1.401942595839500427e-02
1.024972274899482727e-02 7.336324080824851990e-03 -1.157849654555320740e-02
1.113903895020484924e-02 1.260492205619812012e-02 -1.146937906742095947e-02
1.525349728763103485e-02 2.488596364855766296e-02 -1.175470277667045593e-02
1.786680147051811218e-02 2.681961096823215485e-02 -1.644378155469894409e-02
2.250241301953792572e-02 2.440231665968894958e-02 -2.016368508338928223e-02
2.134491689503192902e-02 2.974032796919345856e-02 -1.956433057785034180e-02
1.451914943754673004e-02 2.788119949400424957e-02 -1.618697121739387512e-02
9.177800267934799194e-03 2.272389084100723267e-02 -1.380976289510726929e-02
5.692593753337860107e-03 1.662369072437286377e-02 -1.281793043017387390e-02
1.343108713626861572e-03 1.058182399719953537e-02 -1.128395274281501770e-02
-3.123503178358078003e-03 6.453541107475757599e-03 -8.940305560827255249e-03
-3.339085727930068970e-03 5.642558448016643524e-03 -8.765961974859237671e-03
-1.572582870721817017e-03 6.706552579998970032e-03 -9.646482765674591064e-03
9.166710078716278076e-04 5.180615931749343872e-03 -8.999798446893692017e-03
3.207944333553314209e-03 7.929203100502490997e-03 -9.639102965593338013e-03
1.319508999586105347e-03 6.307637318968772888e-03 -6.428260356187820435e-03
-2.184793353080749512e-03 9.893163107335567474e-03 -9.414140135049819946e-03
-5.775097757577896118e-03 3.801963292062282562e-03 -6.816558539867401123e-03
-3.173742443323135376e-03 -1.210677437484264374e-03 -8.514784276485443115e-04
-3.708507865667343140e-03 -2.524543320760130882e-03 5.986616015434265137e-04
-5.550920963287353516e-03 4.543713293969631195e-04 3.378987312316894531e-03
-6.268415600061416626e-03 -4.587209783494472504e-03 3.550052642822265625e-03
-7.269617170095443726e-03 7.053021341562271118e-03 -5.206409841775894165e-03
4.633940756320953369e-03 3.776891157031059265e-03 -9.964946657419204712e-03
5.192674696445465088e-03 -3.903031814843416214e-03 2.417750656604766846e-04
4.340454936027526855e-03 -1.120442897081375122e-02 -2.314493060111999512e-03
3.795605152845382690e-03 -4.790382925420999527e-03 -1.605141907930374146e-03
1.846406608819961548e-03 -6.291504018008708954e-03 1.198090612888336182e-03
1.870006322860717773e-03 -4.782562609761953354e-03 7.332861423492431641e-04
-3.431368619203567505e-03 -3.492413554340600967e-03 2.691939473152160645e-03
-1.865539699792861938e-03 -7.704288233071565628e-03 2.700641751289367676e-03
-3.269977867603302002e-03 -4.748689476400613785e-03 1.992702484130859375e-03
-1.824781298637390137e-03 -3.629051614552736282e-03 2.795979380607604980e-04
3.647658973932266235e-03 -5.560573656111955643e-03 -2.307806164026260376e-03
8.693885058164596558e-03 -5.835137795656919479e-03 -3.169499337673187256e-03
3.329526633024215698e-03 -3.893543034791946411e-04 -1.834250986576080322e-03
3.162920475006103516e-03 1.655039377510547638e-04 -6.483569741249084473e-04
1.569289714097976685e-03 -4.431383218616247177e-03 -1.663982868194580078e-03
2.560019493103027344e-05 -2.999891992658376694e-03 -6.003119051456451416e-04
7.410347461700439453e-05 1.003712881356477737e-03 2.073980867862701416e-03
-4.743933677673339844e-04 -8.703991770744323730e-04 2.968594431877136230e-03
1.901421695947647095e-03 3.216727636754512787e-03 7.299184799194335938e-04
2.022255212068557739e-03 -2.133845817297697067e-03 -1.214087009429931641e-03
4.322502762079238892e-03 1.087754964828491211e-03 -2.417415380477905273e-04
4.316411912441253662e-03 -2.535486361011862755e-03 -1.201532781124114990e-03
2.265214920043945312e-03 -5.793880671262741089e-03 -6.204918026924133301e-04
-5.543939769268035889e-04 -2.473725005984306335e-03 3.310859203338623047e-03
-1.562885940074920654e-03 -4.846950992941856384e-03 1.246862113475799561e-03
1.482523977756500244e-03 8.307583630084991455e-05 1.426562666893005371e-04
-3.929063677787780762e-04 -4.970561712980270386e-04 -6.604194641113281250e-05
-2.311412245035171509e-03 1.012803986668586731e-03 3.829956054687500000e-03
8.371248841285705566e-04 -1.169322058558464050e-03 1.343540847301483154e-03
1.391023397445678711e-05 -1.322774216532707214e-03 8.759051561355590820e-04
2.216413617134094238e-03 1.062275841832160950e-03 -2.232719212770462036e-03
-2.062235027551651001e-03 1.089992001652717590e-03 2.805031836032867432e-03
-3.224503248929977417e-03 1.055933535099029541e-05 5.230903625488281250e-03
-5.557391792535781860e-03 -5.719212815165519714e-03 4.047989845275878906e-03
-3.074411302804946899e-03 -2.218237146735191345e-03 1.130819320678710938e-03
3.581866621971130371e-04 1.569675281643867493e-03 -2.111345529556274414e-04
1.131355762481689453e-03 8.118543773889541626e-04 -2.330169081687927246e-03
1.822061836719512939e-03 2.440700307488441467e-03 -1.014836132526397705e-03
1.349251717329025269e-03 4.148045554757118225e-03 1.888461410999298096e-04
9.738430380821228027e-04 3.477605059742927551e-03 -4.231929779052734375e-06
2.846710383892059326e-03 5.646133795380592346e-03 2.733170986175537109e-04
1.701202243566513062e-03 -8.483361452817916870e-04 3.277249634265899658e-04
1.480229198932647705e-03 -3.778157755732536316e-03 1.722089946269989014e-04
1.938298344612121582e-03 -3.531407564878463745e-04 1.481138169765472412e-03
2.788633108139038086e-03 1.341240480542182922e-03 2.313069999217987061e-03
5.141932517290115356e-03 5.069421604275703430e-03 8.211135864257812500e-04
3.196857869625091553e-03 -2.696244046092033386e-03 1.756228506565093994e-03
2.253036946058273315e-03 -3.002149984240531921e-03 2.276159822940826416e-03
2.136494964361190796e-03 -1.313684508204460144e-03 2.414040267467498779e-03
1.936711370944976807e-03 -1.868437975645065308e-04 1.585252583026885986e-03
2.997942268848419189e-03 4.293043166399002075e-04 1.621797680854797363e-03
3.053128719329833984e-03 -4.049967974424362183e-04 6.049200892448425293e-04
2.753552049398422241e-03 1.039821654558181763e-04 3.597997128963470459e-04
3.125768154859542847e-03 9.480286389589309692e-04 5.195662379264831543e-04
3.271315246820449829e-03 -8.284859359264373779e-05 -2.093613147735595703e-06
3.070395439863204956e-03 -1.732347533106803894e-03 -4.542358219623565674e-04
3.178581595420837402e-03 4.109162837266921997e-04 -1.342874020338058472e-03
4.426434636116027832e-03 3.559129312634468079e-03 -1.242369413375854492e-03
2.601414918899536133e-03 -2.271233126521110535e-03 -7.266178727149963379e-04
2.157434821128845215e-03 -4.026107490062713623e-05 -8.584782481193542480e-04
2.446860074996948242e-03 2.247663214802742004e-03 -3.105811774730682373e-04
3.075785934925079346e-03 4.783676937222480774e-03 -2.254508435726165771e-04
2.936683595180511475e-03 3.780515864491462708e-03 -2.441965043544769287e-04
2.316009253263473511e-03 1.704381778836250305e-03 -1.207217574119567871e-04
1.822642982006072998e-03 -5.434434860944747925e-04 4.708766937255859375e-06
2.038754522800445557e-03 3.635006025433540344e-03 5.575641989707946777e-05
1.270689070224761963e-03 4.409031942486763000e-03 6.162002682685852051e-04
8.703246712684631348e-04 3.082500770688056946e-03 4.268325865268707275e-04
2.396762371063232422e-03 6.063314154744148254e-03 1.098133623600006104e-03
2.204306423664093018e-03 6.014587357640266418e-03 1.564458012580871582e-03
9.769350290298461914e-04 4.472375847399234772e-03 2.502843737602233887e-03
8.342899382114410400e-04 5.111770704388618469e-03 3.450207412242889404e-03
2.708211541175842285e-04 5.384565331041812897e-03 3.483816981315612793e-03
-1.225061714649200439e-04 5.246484652161598206e-03 3.731392323970794678e-03
-1.796357333660125732e-03 -9.598741307854652405e-04 3.152646124362945557e-03
-5.965344607830047607e-04 6.371499039232730865e-04 3.013350069522857666e-03
7.347017526626586914e-05 -4.717004485428333282e-04 2.638965845108032227e-03
1.336380839347839355e-03 3.694360144436359406e-03 3.311693668365478516e-03
1.212209463119506836e-03 2.152176108211278915e-03 3.944106400012969971e-03
5.344785749912261963e-04 6.956565193831920624e-04 4.147119820117950439e-03
6.207078695297241211e-04 5.201115272939205170e-04 4.321314394474029541e-03
9.797811508178710938e-04 1.080499496310949326e-03 4.325263202190399170e-03
8.987225592136383057e-04 -2.304343506693840027e-04 4.298314452171325684e-03
1.381862908601760864e-03 1.137516926974058151e-03 3.943592309951782227e-03
1.704711467027664185e-03 2.176889684051275253e-03 3.555595874786376953e-03
1.319821923971176147e-03 3.815987147390842438e-03 4.344806075096130371e-03
-8.003227412700653076e-04 -9.672911837697029114e-04 4.786156117916107178e-03
-5.711279809474945068e-04 8.900221437215805054e-04 4.980526864528656006e-03
-9.675361216068267822e-04 -8.133370429277420044e-04 4.262849688529968262e-03
1.746252179145812988e-03 1.593037042766809464e-03 2.817444503307342529e-03
2.087671309709548950e-03 -2.040689578279852867e-03 1.306079328060150146e-03
1.371417194604873657e-03 -6.706443149596452713e-03 -4.345327615737915039e-04
3.142543137073516846e-03 -6.076130084693431854e-04 -1.903884112834930420e-04
3.225192427635192871e-03 1.782362349331378937e-03 -8.571669459342956543e-04
2.855479717254638672e-03 -9.854915551841259003e-04 -2.180840820074081421e-03
4.103433340787887573e-03 -5.751190241426229477e-03 -3.010652959346771240e-03
5.435518920421600342e-03 -5.328025203198194504e-03 -3.772739320993423462e-03
5.802568048238754272e-03 -7.979261688888072968e-03 -2.592168748378753662e-03
4.698961973190307617e-03 -1.412807218730449677e-02 -5.636282265186309814e-03
7.773466408252716064e-03 -7.708217483013868332e-03 -5.099155008792877197e-03
6.747152656316757202e-03 -1.160861179232597351e-02 -1.002259179949760437e-02
4.100367426872253418e-03 -6.804265081882476807e-03 -9.814117103815078735e-03
8.685808628797531128e-03 -4.815286491066217422e-03 -9.909350425004959106e-03
4.281807690858840942e-03 -7.957922294735908508e-03 -4.287362098693847656e-04
2.472359687089920044e-03 -9.439617395401000977e-03 1.479573547840118408e-04
4.824765026569366455e-03 -1.139070745557546616e-02 -2.952039241790771484e-03
5.345344543457031250e-03 -3.936108201742172241e-03 -2.947364002466201782e-03
4.352405667304992676e-03 -4.352037329226732254e-03 -2.487882971763610840e-03
5.214549601078033447e-03 -3.684400580823421478e-04 -3.072097897529602051e-03
4.513919353485107422e-03 -4.687936045229434967e-03 -1.645326614379882812e-03
2.484101802110671997e-03 -4.770127125084400177e-03 1.925341784954071045e-04
3.279004245996475220e-03 -1.116464845836162567e-04 1.950263977050781250e-03
2.016451209783554077e-03 4.390295594930648804e-03 4.140585660934448242e-03
-8.066818118095397949e-04 -3.538502845913171768e-03 1.496642827987670898e-03
6.889402866363525391e-04 -2.576384227722883224e-03 1.259751617908477783e-03
-7.656663656234741211e-04 -2.021408174186944962e-03 1.590386033058166504e-03
9.689852595329284668e-04 8.402597159147262573e-04 3.119938075542449951e-03
1.238405704498291016e-03 8.595455437898635864e-04 3.333665430545806885e-03
2.121299505233764648e-03 -1.293538138270378113e-03 1.495689153671264648e-03
3.402329981327056885e-03 -2.051202580332756042e-03 -4.084780812263488770e-04
4.954345524311065674e-03 1.500668004155158997e-03 -1.690812408924102783e-03
4.847496747970581055e-03 8.934158831834793091e-04 -1.709565520286560059e-03
5.867816507816314697e-03 1.673044636845588684e-03 -1.514464616775512695e-03
5.885362625122070312e-03 1.691149547696113586e-03 -1.269645988941192627e-03
4.937931895256042480e-03 2.123551443219184875e-03 -2.048067748546600342e-03
6.126195192337036133e-03 1.425804570317268372e-03 -2.485446631908416748e-03
6.050474941730499268e-03 1.024456694722175598e-03 -6.930455565452575684e-04
4.008613526821136475e-03 1.992212608456611633e-03 -1.032292842864990234e-03
4.738703370094299316e-03 4.561411216855049133e-03 -3.617949783802032471e-03
4.989653825759887695e-03 5.200477316975593567e-03 -3.462262451648712158e-03
4.414759576320648193e-03 7.793592289090156555e-03 -3.818348050117492676e-04
2.582587301731109619e-03 4.420364275574684143e-03 -8.417107164859771729e-04
3.531336784362792969e-03 6.995709612965583801e-03 -3.068208694458007812e-03
3.936033695936203003e-03 8.269743993878364563e-03 -2.342659980058670044e-03
3.293752670288085938e-03 6.054030731320381165e-03 -7.147379219532012939e-04
2.536926418542861938e-03 7.306696847081184387e-03 1.305311918258666992e-03
3.045074641704559326e-03 4.914822056889533997e-03 1.559995114803314209e-03
4.334561526775360107e-03 5.802439525723457336e-03 -3.447383642196655273e-04
3.761962056159973145e-03 6.006943061947822571e-03 -9.374842047691345215e-04
4.059344530105590820e-03 8.209617808461189270e-03 -2.593174576759338379e-04
3.469765186309814453e-03 5.407648161053657532e-03 -5.791261792182922363e-04
3.294430673122406006e-03 3.865214064717292786e-03 -1.085281372070312500e-03
2.997133880853652954e-03 1.928711310029029846e-03 -2.530343830585479736e-03
4.052370786666870117e-03 -7.880851626396179199e-06 -3.525458276271820068e-03
4.859812557697296143e-03 -2.417167648673057556e-03 -5.432941019535064697e-03
6.280686706304550171e-03 -2.106791362166404724e-03 -5.735695362091064453e-03
3.383703529834747314e-03 -4.640853032469749451e-03 -2.943538129329681396e-03
2.849977463483810425e-03 -2.232043072581291199e-03 -2.576343715190887451e-03
2.976354211568832397e-03 1.920463517308235168e-03 -5.863346159458160400e-04
2.305652946233749390e-03 4.757959395647048950e-04 -5.933418869972229004e-04
2.797938883304595947e-03 -6.580166518688201904e-05 -1.622602343559265137e-03
3.069639205932617188e-05 -4.103092476725578308e-03 -2.792909741401672363e-03
2.023994922637939453e-03 -3.941785544157028198e-04 -2.483658492565155029e-03
2.903081476688385010e-03 -2.613572403788566589e-03 -2.696014940738677979e-03
4.594705998897552490e-03 2.524392679333686829e-03 -2.763718366622924805e-04
3.387875854969024658e-03 1.082034781575202942e-03 -2.351552248001098633e-04
2.902984619140625000e-03 1.053677871823310852e-03 -2.594292163848876953e-04
3.062844276428222656e-03 2.110125496983528137e-03 -5.455911159515380859e-04
4.567511379718780518e-03 3.228025510907173157e-03 5.081966519355773926e-04
4.367984831333160400e-03 4.495549947023391724e-04 6.284192204475402832e-04
3.623925149440765381e-03 -2.128927037119865417e-03 1.804806292057037354e-03
2.348817884922027588e-03 -3.076327964663505554e-03 3.138400614261627197e-03
3.109253942966461182e-03 -9.456258267164230347e-04 2.967067062854766846e-03
3.778271377086639404e-03 -2.923516556620597839e-03 5.189701914787292480e-04
5.573093891143798828e-03 4.071339033544063568e-03 -8.481219410896301270e-04
2.471700310707092285e-03 1.432136632502079010e-03 1.316092908382415771e-03
1.757103949785232544e-03 1.847330015152692795e-03 5.309648811817169189e-03
2.043761312961578369e-03 3.403798677027225494e-03 4.358701407909393311e-03
2.886269241571426392e-03 4.848447628319263458e-03 2.124525606632232666e-03
2.691127359867095947e-03 2.261632587760686874e-03 2.473056316375732422e-03
4.174504429101943970e-03 3.229516558349132538e-03 5.071401596069335938e-03
4.702035337686538696e-03 1.035405322909355164e-03 2.629011869430541992e-03
5.824252963066101074e-03 1.113529782742261887e-03 -1.428332179784774780e-03
8.006304502487182617e-03 4.960395395755767822e-03 -2.876885235309600830e-03
6.319548934698104858e-03 4.863796755671501160e-03 -7.442496716976165771e-04
6.346661597490310669e-03 1.551575958728790283e-03 -3.920715302228927612e-03
4.668071866035461426e-03 2.424281556159257889e-03 -5.390912294387817383e-03
1.542486250400543213e-03 2.950989641249179840e-03 8.686184883117675781e-04
7.931388914585113525e-03 1.257297582924365997e-02 -1.570520550012588501e-02
7.949139922857284546e-03 1.148359291255474091e-02 -1.687637344002723694e-02
1.191962882876396179e-02 1.708791591227054596e-02 -1.921535283327102661e-02
1.085985079407691956e-02 1.210407540202140808e-02 -1.976718381047248840e-02
5.640417337417602539e-03 1.939311157912015915e-03 -1.916609704494476318e-03
1.977026462554931641e-03 -7.169757969677448273e-03 2.252534031867980957e-04
6.779842078685760498e-04 -5.974628962576389313e-03 2.698339521884918213e-03
1.993797719478607178e-03 -5.739717278629541397e-03 2.409026026725769043e-03
4.320748150348663330e-03 -1.738821156322956085e-03 -3.224506974220275879e-03
4.194274544715881348e-03 -1.065074931830167770e-03 -4.490140825510025024e-03
4.148118197917938232e-03 8.612801320850849152e-04 -5.761731415987014771e-03
1.742482185363769531e-03 -2.055451972410082817e-03 -1.556176692247390747e-03
3.340698778629302979e-03 -3.654156811535358429e-03 -2.909403294324874878e-03
6.857044994831085205e-03 -1.224187901243567467e-03 -7.147680968046188354e-03
6.796568632125854492e-03 3.525941632688045502e-03 -7.782444357872009277e-03
9.066563099622726440e-03 9.126976132392883301e-03 -1.569515094161033630e-02
1.016025990247726440e-02 1.727914996445178986e-02 -1.888929679989814758e-02
5.531471222639083862e-03 1.433785259723663330e-02 -1.459055766463279724e-02
-1.032914966344833374e-03 6.014743819832801819e-03 -4.033565521240234375e-03
-4.923261702060699463e-03 3.500285558402538300e-03 5.993545055389404297e-04
-5.370918661355972290e-03 6.277021951973438263e-03 1.799322664737701416e-03
-6.255865097045898438e-03 6.480944342911243439e-03 2.602592110633850098e-03
-5.823109298944473267e-03 1.015551667660474777e-02 3.571853041648864746e-03
-5.618985742330551147e-03 4.258469678461551666e-03 -1.354679465293884277e-03
-5.320440977811813354e-03 7.801846601068973541e-03 -1.126129180192947388e-03
-3.999646753072738647e-03 1.196083426475524902e-02 1.874171197414398193e-03
-1.351371407508850098e-03 1.273985579609870911e-02 -4.428733140230178833e-03
2.657461911439895630e-03 8.407416753470897675e-03 -9.399045258760452271e-03
4.279170185327529907e-03 1.092798635363578796e-02 -1.392501220107078552e-02
-6.456486880779266357e-04 1.042749080806970596e-02 -1.109247282147407532e-02
-3.398779779672622681e-03 6.259271875023841858e-03 -7.260452955961227417e-03
-5.852736532688140869e-03 -8.739456534385681152e-04 2.509742975234985352e-03
-3.443390130996704102e-03 -3.697781823575496674e-03 8.040368556976318359e-04
-2.916611731052398682e-03 -2.539003267884254456e-03 5.097910761833190918e-04
-2.316720783710479736e-03 -2.828037366271018982e-03 7.869973778724670410e-04
-2.063728868961334229e-03 -1.273429021239280701e-03 6.473138928413391113e-04
-2.298541367053985596e-03 1.451278105378150940e-03 4.694610834121704102e-04
-2.479247748851776123e-03 -2.649461850523948669e-03 1.059018075466156006e-03
-2.982698380947113037e-03 2.777500078082084656e-03 2.136923372745513916e-03
-3.587700426578521729e-03 3.313919529318809509e-03 1.075118780136108398e-04
-2.087362110614776611e-03 5.898859351873397827e-03 -2.926472574472427368e-03
-3.848664462566375732e-03 4.479579627513885498e-03 -5.135193467140197754e-03
-2.146225422620773315e-03 7.687106728553771973e-03 -8.578188717365264893e-03
-6.488412618637084961e-04 1.085498929023742676e-02 -1.066350191831588745e-02
6.215013563632965088e-04 1.139724440872669220e-02 -1.365935802459716797e-02
4.951048642396926880e-03 1.179932989180088043e-02 -1.567538827657699585e-02
6.352365016937255859e-03 9.554006159305572510e-03 -1.668756455183029175e-02
7.896758615970611572e-03 1.043326780200004578e-02 -1.585935801267623901e-02
1.006751507520675659e-02 1.193795353174209595e-02 -1.639272272586822510e-02
1.141189783811569214e-02 1.275781355798244476e-02 -1.711522415280342102e-02
1.177653670310974121e-02 1.295205391943454742e-02 -1.704324036836624146e-02
1.104715466499328613e-02 1.119406148791313171e-02 -1.510324701666831970e-02
1.175718754529953003e-02 8.974031545221805573e-03 -1.504194363951683044e-02
9.832713752985000610e-03 5.187867209315299988e-03 -1.266037672758102417e-02
9.903341531753540039e-03 1.043980009853839874e-02 -1.444411277770996094e-02
7.838480174541473389e-03 5.224332213401794434e-03 -1.220063865184783936e-02
7.688675075769424438e-03 6.094790063798427582e-03 -1.174310222268104553e-02
6.441399455070495605e-03 9.404292330145835876e-03 -1.084494590759277344e-02
5.810510367155075073e-03 1.001898944377899170e-02 -8.488975465297698975e-03
5.466435104608535767e-03 1.079040206968784332e-02 -7.080871611833572388e-03
5.729064345359802246e-03 6.423162296414375305e-03 -5.755934864282608032e-03
5.280226469039916992e-03 8.329186588525772095e-03 -6.663326174020767212e-03
5.052767693996429443e-03 7.324362173676490784e-03 -4.105873405933380127e-03
5.093939602375030518e-03 6.951672956347465515e-03 -1.618351787328720093e-03
4.659470170736312866e-03 4.471173509955406189e-03 -1.723043620586395264e-03
3.738753497600555420e-03 1.184800639748573303e-03 -1.259412616491317749e-03
2.922885119915008545e-03 1.155083999037742615e-03 -1.514546573162078857e-03
3.389749675989151001e-03 3.872143104672431946e-03 -1.856919378042221069e-03
2.715095877647399902e-03 -8.403267711400985718e-04 -2.714134752750396729e-03
2.954591065645217896e-03 -1.020727679133415222e-03 -2.679977566003799438e-03
3.215298056602478027e-03 7.353159599006175995e-04 -3.256883472204208374e-03
3.287248313426971436e-03 1.190769951790571213e-03 -3.468170762062072754e-03
4.333738237619400024e-03 1.860472373664379120e-03 -4.182077944278717041e-03
4.141971468925476074e-03 2.183912787586450577e-03 -4.217218607664108276e-03
3.846812993288040161e-03 1.460198312997817993e-03 -4.028260707855224609e-03
4.723478108644485474e-03 3.132478334009647369e-03 -4.243262112140655518e-03
3.847490996122360229e-03 1.988248899579048157e-03 -3.849342465400695801e-03
4.641912877559661865e-03 4.170413129031658173e-03 -4.459735006093978882e-03
4.579182714223861694e-03 3.881298936903476715e-03 -5.169697105884552002e-03
4.363972693681716919e-03 3.824443556368350983e-04 -6.100196391344070435e-03
5.258750170469284058e-03 2.406604122370481491e-03 -6.639789789915084839e-03
5.268145352602005005e-03 3.041912801563739777e-03 -6.510559469461441040e-03
5.216371268033981323e-03 2.588754985481500626e-03 -6.831143051385879517e-03
5.637798458337783813e-03 3.391491249203681946e-03 -6.808891892433166504e-03
5.119696259498596191e-03 1.942704897373914719e-03 -6.563488394021987915e-03
5.208469927310943604e-03 3.533225506544113159e-03 -5.842994898557662964e-03
4.194974899291992188e-03 2.033528406172990799e-03 -4.731014370918273926e-03
4.039898514747619629e-03 1.342782750725746155e-03 -4.119761288166046143e-03
3.615390509366989136e-03 9.737103246152400970e-04 -2.797026187181472778e-03
3.477882593870162964e-03 -4.745973274111747742e-04 -1.935146749019622803e-03
3.590524196624755859e-03 5.374848842620849609e-04 -1.834142953157424927e-03
4.188828170299530029e-03 2.134996931999921799e-03 -2.001434564590454102e-03
3.869440406560897827e-03 2.574258018285036087e-03 -1.038428395986557007e-03
2.918712794780731201e-03 2.570976968854665756e-03 -3.971755504608154297e-04
3.284100443124771118e-03 2.812443766742944717e-03 -8.418783545494079590e-05
3.882192075252532959e-03 4.753704182803630829e-03 5.387589335441589355e-04
3.303222358226776123e-03 2.019612118601799011e-03 5.616173148155212402e-04
2.847384661436080933e-03 -1.089506084099411964e-03 1.764409244060516357e-04
3.193009644746780396e-03 9.553325362503528595e-04 4.238672554492950439e-04
3.106132149696350098e-03 1.400419045239686966e-03 1.079484820365905762e-03
2.906229346990585327e-03 1.615990884602069855e-03 1.532621681690216064e-03
2.806216478347778320e-03 -7.177968509495258331e-04 1.562230288982391357e-03
2.934049814939498901e-03 -1.383127411827445030e-03 1.392431557178497314e-03
2.958878874778747559e-03 3.859428688883781433e-04 1.835994422435760498e-03
2.403028309345245361e-03 -1.125116134062409401e-03 1.956984400749206543e-03
