0.000000000000000000e+00 0.000000000000000000e+00 0.000000000000000000e+00
4.556632043204292271e-02 -8.652587051637161339e-03 5.191219425515605779e-03
1.382788118651430975e-01 -1.534833298101894589e-02 1.920279989723217007e-02
2.646454061479254771e-01 -2.445944792942729429e-02 2.078753120683247274e-02
4.317178447213038672e-01 -3.632752454742332882e-02 3.359204642307995342e-02
6.413017896260966300e-01 -4.697583149787539630e-02 4.101107587991427439e-02
8.972042598762997034e-01 -6.617193513903561752e-02 4.212825828444065335e-02
1.200408663143152310e+00 -8.423335552472756282e-02 3.458985660234288606e-02
1.547590934266045881e+00 -9.420942818866970270e-02 1.033205421232524443e-02
1.939706585302657604e+00 -9.660992657009309648e-02 -3.464619938221161211e-02
2.363008531583736360e+00 -9.196988730465111006e-02 -1.094403128862642405e-01
2.829879681275289549e+00 -8.533121763320804243e-02 -2.177803565769961258e-01
3.335809963946445578e+00 -7.692955061998034416e-02 -3.704435329959582246e-01
3.883124485755096611e+00 -7.090199587607542986e-02 -5.747267444676116277e-01
4.465501445921009172e+00 -6.082369003477071379e-02 -8.157376827484857928e-01
5.095426558109534376e+00 -4.461025446209142264e-02 -1.088017675165068532e+00
5.748171283518082930e+00 -2.945389071021344701e-02 -1.387237848024799991e+00
6.417939935188286427e+00 -1.932554606314459966e-02 -1.716640500483127108e+00
7.119519120304182991e+00 -6.629825829190298669e-03 -2.086364859438166519e+00
7.834225014120030472e+00 1.931669497141901004e-03 -2.465688077514907928e+00
8.579747961397492517e+00 -7.245696860515744853e-03 -2.864775698508862600e+00
9.346123345078849454e+00 -2.242706104230324585e-02 -3.280524883155054194e+00
1.012564615554184400e+01 -4.217075072397907798e-02 -3.713141873894628464e+00
1.091639489448800404e+01 -7.027474878509416822e-02 -4.152205741105342796e+00
1.172751049381401778e+01 -1.167281872249947561e-01 -4.588824756848317143e+00
1.253674538476374423e+01 -1.793218253418372155e-01 -5.013722621418349235e+00
1.336675155339347398e+01 -2.541074205022511023e-01 -5.453156562979234678e+00
1.420924628211121821e+01 -3.390043808894670496e-01 -5.901223484301088007e+00
1.505683037192422802e+01 -4.350533743475915593e-01 -6.356835395590668014e+00
1.590154110649374530e+01 -5.340432347616153042e-01 -6.802224847270685437e+00
1.675046394436580854e+01 -6.448694931726205448e-01 -7.241912188750202262e+00
1.761348000161141414e+01 -7.675426043977464641e-01 -7.688034384127262477e+00
1.848597333168265777e+01 -8.956962904779132151e-01 -8.131788712642666894e+00
1.936855649721917061e+01 -1.026641772820173992e+00 -8.576056721117826243e+00
2.026733937380996764e+01 -1.159043298551568402e+00 -9.019702671320668941e+00
2.117384385449902595e+01 -1.303515186082720989e+00 -9.488171749931749943e+00
2.209695039447444742e+01 -1.447685792085489753e+00 -9.960646019143618801e+00
2.302545224916139333e+01 -1.608710469178558533e+00 -1.043349261147481855e+01
2.395710122458783786e+01 -1.776933222524216038e+00 -1.088018479655959680e+01
2.489335213396246971e+01 -1.951762204369908549e+00 -1.133030433681999227e+01
2.584191016547998387e+01 -2.136850545341113961e+00 -1.177261033405994084e+01
2.679223879387651053e+01 -2.324721718485895927e+00 -1.219386293935952992e+01
2.775440051032489208e+01 -2.515819995911317442e+00 -1.262630583596005174e+01
2.871013046787398437e+01 -2.700786959599588144e+00 -1.304542387846338869e+01
2.968267079181712376e+01 -2.891222619958568885e+00 -1.347329454089999246e+01
3.066835690510907853e+01 -3.083668389520628939e+00 -1.390354714514184309e+01
3.166040940839322460e+01 -3.289928118143885971e+00 -1.430294336912382036e+01
3.267026757680272908e+01 -3.515816040139567722e+00 -1.468409263662851316e+01
3.369206676018038138e+01 -3.762519870456884519e+00 -1.502800053226241772e+01
3.471914977977659333e+01 -4.033581708640464392e+00 -1.533514211273394423e+01
3.577322109864848443e+01 -4.304659350666706352e+00 -1.566945645115425378e+01
3.684665354364290835e+01 -4.588454336276920564e+00 -1.599392449605495692e+01
3.794718617556710427e+01 -4.885451239553834313e+00 -1.630058595458680060e+01
3.907925630014864993e+01 -5.176052148205660508e+00 -1.664591124214811657e+01
4.022422633519340707e+01 -5.476504025377938234e+00 -1.698647332715415104e+01
4.139198456579564578e+01 -5.766392481355019584e+00 -1.735439925692647378e+01
4.257484192079807173e+01 -6.057951540370031474e+00 -1.771558906190338334e+01
4.378297484748754442e+01 -6.348737925672589988e+00 -1.806862716117672818e+01
4.500214199030849471e+01 -6.639541295500626106e+00 -1.839412835876312258e+01
4.623660350763160665e+01 -6.939822627160388002e+00 -1.870452484278770555e+01
4.748996704024832383e+01 -7.235652007852961809e+00 -1.900535152734196487e+01
4.875459678666718588e+01 -7.544970377134646355e+00 -1.928892096428434755e+01
5.003837210397340840e+01 -7.850789047932559050e+00 -1.957254225715866269e+01
5.133786481146716341e+01 -8.166930521996146553e+00 -1.983132069681175480e+01
5.266085076293934009e+01 -8.490636973202706272e+00 -2.008093344616095166e+01
5.399725904312757052e+01 -8.823554330109423915e+00 -2.030351149167830371e+01
5.535270018241325829e+01 -9.167631980150350302e+00 -2.051055514276237446e+01
5.671252505396818577e+01 -9.509225995450300672e+00 -2.071349437183469888e+01
5.807991117532775149e+01 -9.856446609218261656e+00 -2.090645025581971694e+01
5.945967754402516903e+01 -1.022319370974505404e+01 -2.108326116279020113e+01
6.085398577898851613e+01 -1.058724506042558389e+01 -2.126151842253599256e+01
6.225703253480172350e+01 -1.095083492176579121e+01 -2.143854630820582230e+01
6.369104317950676375e+01 -1.129966115254337744e+01 -2.162924190680995551e+01
6.513065666016866828e+01 -1.166319543143358572e+01 -2.179971487519582496e+01
6.658735045366420024e+01 -1.204079137272276512e+01 -2.195575426834936650e+01
6.807434050118494895e+01 -1.242370983169016441e+01 -2.211168221152104607e+01
6.956888590550917684e+01 -1.279869575819208016e+01 -2.227426939149011886e+01
7.106690169424166470e+01 -1.318295783370362706e+01 -2.242604274072721537e+01
7.257479925003302412e+01 -1.357115022121603687e+01 -2.257600092052421914e+01
7.409797545822772236e+01 -1.396207607904354120e+01 -2.271983239465935611e+01
7.562120854692841476e+01 -1.435392342688394329e+01 -2.285232394494247998e+01
7.715694103738991316e+01 -1.476067925746111875e+01 -2.295208535064089261e+01
7.870935490450064265e+01 -1.516960531497875309e+01 -2.302194442068904223e+01
8.027863098037938983e+01 -1.559235750782254826e+01 -2.307233504254049095e+01
8.185593110816728313e+01 -1.601783920329670963e+01 -2.312523913741958026e+01
8.343669884016594551e+01 -1.643741002169189613e+01 -2.319624833393791263e+01
8.503188708625894776e+01 -1.685211176421392665e+01 -2.329299946349971862e+01
8.662460859249654277e+01 -1.727128853258647823e+01 -2.338862868374998527e+01
8.822485315822463292e+01 -1.770233627979128599e+01 -2.347475063917270077e+01
8.983262288192683798e+01 -1.813565293530283995e+01 -2.356976148349132316e+01
9.145170384302808486e+01 -1.857486356614372625e+01 -2.366513411858705851e+01
9.308277936188207491e+01 -1.900825663773249730e+01 -2.377293376290371896e+01
9.471932871239344820e+01 -1.944115300767457200e+01 -2.388192953500944427e+01
9.636954586133558109e+01 -1.987710601369942864e+01 -2.401658218418672419e+01
9.803192640851789008e+01 -2.031620073772378277e+01 -2.415964842333416485e+01
9.969313138681255282e+01 -2.077179198915165514e+01 -2.429010997248522230e+01
1.013595971946079288e+02 -2.122379032316373326e+01 -2.443595072492667342e+01
1.030376092369669010e+02 -2.167552029577026573e+01 -2.461664961356714443e+01
1.047237833280640302e+02 -2.213166906776348597e+01 -2.479830787858628938e+01
1.063984132181211777e+02 -2.259031940951159356e+01 -2.497857848155096860e+01
1.080770715946091087e+02 -2.305297878794405975e+01 -2.514432900098017498e+01
1.097604448035718434e+02 -2.352900907671669728e+01 -2.529778010128110921e+01
1.114481869760522272e+02 -2.401920039414770258e+01 -2.541271544882247468e+01
1.131344616264843665e+02 -2.451330223571350686e+01 -2.551552162641621635e+01
1.148396191847977121e+02 -2.500834449495186007e+01 -2.561794014365395711e+01
1.165565825352309588e+02 -2.549979960296679593e+01 -2.574319123135092013e+01
1.182935159110813998e+02 -2.598779274179175758e+01 -2.589371420219374897e+01
1.200279803581997982e+02 -2.648112158901703594e+01 -2.605692901397420158e+01
1.217676007981966961e+02 -2.696792741093045365e+01 -2.623080380674901235e+01
1.235137560401702643e+02 -2.744543944795001522e+01 -2.642718370574872466e+01
1.252560015468218211e+02 -2.793418839024569422e+01 -2.661120623531606810e+01
1.270183926974800102e+02 -2.841266973186475653e+01 -2.683080501185492750e+01
1.287888371075065663e+02 -2.891245238043276089e+01 -2.701857046210117730e+01
1.305376477853324957e+02 -2.942745265076024808e+01 -2.719079698762918440e+01
1.322972618284025828e+02 -2.994714274661899012e+01 -2.736035734947855147e+01
1.340594299626488635e+02 -3.046041668685719017e+01 -2.754066756555543805e+01
1.358328071675976503e+02 -3.096808976556769721e+01 -2.774834185444813883e+01
1.376063420122645766e+02 -3.148243267808376800e+01 -2.794862259081054034e+01
1.393796197546005260e+02 -3.199774375460625464e+01 -2.816506752305321015e+01
1.411497677880224444e+02 -3.252292947368759002e+01 -2.837216913580315136e+01
1.429215340124831073e+02 -3.305279964230936685e+01 -2.857363200705704642e+01
1.446899756425410430e+02 -3.358432230257756856e+01 -2.878335219881551410e+01
1.464695693947962241e+02 -3.410801204255074737e+01 -2.900516409765343084e+01
1.482555603747581756e+02 -3.463460068438153172e+01 -2.923525522699521417e+01
1.500548317078400942e+02 -3.514366339600383071e+01 -2.949236172078213158e+01
1.518589470687374501e+02 -3.565253300677125026e+01 -2.976249191750915557e+01
1.536747281377265608e+02 -3.616457043556076911e+01 -3.005778792681725875e+01
1.555064896356193458e+02 -3.667401025633039069e+01 -3.039874065821218707e+01
1.573514300111201010e+02 -3.717414642173895345e+01 -3.077599900539370736e+01
1.592028929761868028e+02 -3.766782596069045042e+01 -3.117822011416939532e+01
1.610470087662068863e+02 -3.817688998846713133e+01 -3.153364814143838046e+01
1.629100869928707596e+02 -3.867957495205527607e+01 -3.189046274289763616e+01
1.647803990789284683e+02 -3.917473247622606181e+01 -3.227585587924184551e+01
1.666403120222296081e+02 -3.967800944208231329e+01 -3.265488963715378645e+01
1.685083079614267660e+02 -4.018037310582025867e+01 -3.302228994845192034e+01
1.703619958911455967e+02 -4.069289585388450803e+01 -3.337868329872944173e+01
1.722347779055656645e+02 -4.120635501198748329e+01 -3.377453520281706290e+01
1.740916527003051613e+02 -4.171315532997626008e+01 -3.419543895645077214e+01
1.759622557909808620e+02 -4.220505807954712907e+01 -3.464680842839177899e+01
1.778298115754518847e+02 -4.267978743328182389e+01 -3.513432317452797804e+01
1.797025228912487762e+02 -4.314762258255485960e+01 -3.565853790070084273e+01
1.815610431392831288e+02 -4.361789666112997566e+01 -3.618410530419949112e+01
1.834194912858262398e+02 -4.409674000617666678e+01 -3.670006877782640231e+01
1.852917481622245077e+02 -4.457752738214573185e+01 -3.720032917048423116e+01
1.871438777047327449e+02 -4.505763784347498557e+01 -3.771689474835584832e+01
1.890014180065209928e+02 -4.554260557682757593e+01 -3.822401337514629915e+01
1.908489913948457684e+02 -4.604160434966326676e+01 -3.870061368762327447e+01
1.926862380977796931e+02 -4.654835795373433172e+01 -3.917867944127900870e+01
1.945275757061132822e+02 -4.705023102438115501e+01 -3.968870803541255299e+01
1.963610108003399830e+02 -4.755166160055531321e+01 -4.019529005918723641e+01
1.981866957341579223e+02 -4.804878781372008234e+01 -4.071221771890864716e+01
2.000088497461330519e+02 -4.856955981790869004e+01 -4.118858314100119600e+01
2.018233617275806466e+02 -4.910592297053722177e+01 -4.165267243623462434e+01
2.036298621741347290e+02 -4.965003978711953891e+01 -4.210762777424121595e+01
2.054390783892795866e+02 -5.017517569990075543e+01 -4.260355314562435325e+01
2.072321881794166814e+02 -5.070520459079160958e+01 -4.309165427794971492e+01
2.090241647530773434e+02 -5.124344661160169778e+01 -4.356542565198508754e+01
2.108163920681372190e+02 -5.176790821080560079e+01 -4.408910161056838461e+01
2.126126210169013859e+02 -5.228399343494748308e+01 -4.466044157604513742e+01
2.143882615460674117e+02 -5.281054183497255394e+01 -4.523191104249145411e+01
2.161696780120257984e+02 -5.331678238993205099e+01 -4.585972116540882126e+01
2.179576572267413042e+02 -5.380854023191363211e+01 -4.652715193904264623e+01
2.197499549057569084e+02 -5.428230716760684516e+01 -4.723100769226130780e+01
2.215395972882093361e+02 -5.476233678310470054e+01 -4.794462471056282027e+01
2.233195715091925990e+02 -5.525558997345623169e+01 -4.866154160317861965e+01
2.251092780906518271e+02 -5.575558897088064469e+01 -4.937309695860699321e+01
2.268785110441699260e+02 -5.625113675358134202e+01 -5.008509924375400857e+01
2.286619691716242926e+02 -5.674159760478012515e+01 -5.082386756819440876e+01
2.304417870408271938e+02 -5.724146910748779504e+01 -5.153102070352674247e+01
2.322145491800583841e+02 -5.773347584735000737e+01 -5.225796452402619963e+01
2.339960151706050908e+02 -5.823300740751528792e+01 -5.298192465727149170e+01
2.357743318188855142e+02 -5.872970385381919556e+01 -5.375166277927356617e+01
2.375714192772793183e+02 -5.925081944593394212e+01 -5.446978564538240875e+01
2.393535671106512837e+02 -5.977570168687155672e+01 -5.518785591924912382e+01
2.411599974446210695e+02 -6.028326431569389854e+01 -5.595404468181351376e+01
2.429855373682762547e+02 -6.079418733227492311e+01 -5.674438957120501925e+01
2.448083161659183702e+02 -6.131705706831956348e+01 -5.751673736820561089e+01
2.466380331765821268e+02 -6.183841236005758191e+01 -5.830866446053138219e+01
2.484644501965312315e+02 -6.236940958741249830e+01 -5.906834115827560083e+01
2.503097006151460562e+02 -6.289092534898897924e+01 -5.987586505753245802e+01
2.521573888936039793e+02 -6.341175611014777047e+01 -6.070199814417469497e+01
2.540175642865577004e+02 -6.392651826758802969e+01 -6.153945888501917949e+01
2.558840770527141046e+02 -6.443253329659545159e+01 -6.239370273141566514e+01
2.577529643826557617e+02 -6.493920459788793664e+01 -6.324029385530140956e+01
2.596291964912974208e+02 -6.544655997729940111e+01 -6.407517261370401229e+01
2.615025566295528279e+02 -6.597099811625604104e+01 -6.491386787065600572e+01
2.633610809719598365e+02 -6.650077191119537190e+01 -6.575094439246277034e+01
2.652078578842916841e+02 -6.703592861251003399e+01 -6.660324580878403822e+01
2.670452937381004404e+02 -6.759699151858585253e+01 -6.742716387060204397e+01
2.688896547711659650e+02 -6.815065418248440210e+01 -6.827263632048286013e+01
2.707404611676018931e+02 -6.869709483921322146e+01 -6.912899762660732961e+01
2.725823011245404359e+02 -6.925171444691666522e+01 -6.998404160920834727e+01
2.744115371511622357e+02 -6.981686102927919535e+01 -7.081426961962954181e+01
2.762260764468697971e+02 -7.037901027295589529e+01 -7.163544225313718528e+01
2.780262179663015445e+02 -7.094561327675067730e+01 -7.244369154467858607e+01
2.798168198837736895e+02 -7.152333119449846777e+01 -7.324052959418023079e+01
2.815947601214650717e+02 -7.209712804272336939e+01 -7.403531863648927924e+01
2.833640921575481002e+02 -7.266722976206273188e+01 -7.482252859364386666e+01
2.851299275605136359e+02 -7.324334667932780008e+01 -7.559520385414133159e+01
2.868924600987135705e+02 -7.381527997039086131e+01 -7.638007520776544368e+01
2.886546599853619455e+02 -7.438563931027908893e+01 -7.717626766892834667e+01
2.904193001323808971e+02 -7.496379256183159612e+01 -7.796648640361200933e+01
2.921724391148099471e+02 -7.553510252727635077e+01 -7.875632337335557054e+01
2.939134619024672475e+02 -7.611758598800543041e+01 -7.954048538210959407e+01
2.956607194665389216e+02 -7.669787081489482716e+01 -8.035449791695978661e+01
2.973946441973000105e+02 -7.727257252996713532e+01 -8.117135481056219248e+01
2.991259905929422303e+02 -7.784462290023155617e+01 -8.200145885807596358e+01
3.008560603936912798e+02 -7.841662441331452271e+01 -8.282732940310570768e+01
3.025627127558972234e+02 -7.899844917863948979e+01 -8.362225045493137543e+01
3.042644389566916630e+02 -7.957209307223601513e+01 -8.443237431347046140e+01
3.059462790117002555e+02 -8.016492507988280636e+01 -8.522868468378203488e+01
3.076230590338166166e+02 -8.076665466886335309e+01 -8.602034595105112658e+01
3.092845243453970738e+02 -8.137216513964470721e+01 -8.680957792286264407e+01
3.109519210464731032e+02 -8.197952303720717282e+01 -8.761363989066170177e+01
3.126266022825544724e+02 -8.257884670637504598e+01 -8.841039814833145272e+01
3.142693669500995952e+02 -8.318453394295731584e+01 -8.920055279484498101e+01
3.159030911016533310e+02 -8.380738003552896487e+01 -8.999922592095998652e+01
3.175184703436202653e+02 -8.443494398061494621e+01 -9.079520146879659137e+01
3.191446206320327406e+02 -8.504389420588739767e+01 -9.158390246180672989e+01
3.207673464810380892e+02 -8.564623640350120581e+01 -9.235107423456135223e+01
3.223842667326009632e+02 -8.622546876134707361e+01 -9.312665136877791383e+01
3.239796715392521946e+02 -8.681274553013020068e+01 -9.391099448779924330e+01
3.255539461257112066e+02 -8.741415956607497151e+01 -9.468241366573521134e+01
3.271150788330191403e+02 -8.803191047094591681e+01 -9.544068495935746910e+01
3.286697666099556727e+02 -8.866663404274245863e+01 -9.620239626209544781e+01
3.302200630295123460e+02 -8.930903320957497726e+01 -9.695946529400804081e+01
3.317673752489570802e+02 -8.995284171325073430e+01 -9.772633003830338794e+01
3.332971244777965012e+02 -9.060601589945159162e+01 -9.848820554895308987e+01
3.348223463590238680e+02 -9.125873181640295684e+01 -9.925686456318091189e+01
3.363387616665407904e+02 -9.191112635481019311e+01 -1.000129064611053593e+02
3.378509316078511802e+02 -9.256042449775988246e+01 -1.007887001313341386e+02
3.393577286027793320e+02 -9.321681849269735665e+01 -1.015486474985787453e+02
3.408530194074629662e+02 -9.387439311913367135e+01 -1.022884645795777914e+02
3.423510666597936165e+02 -9.453181628132180947e+01 -1.030369750871110739e+02
3.438364464378502134e+02 -9.519275258538108631e+01 -1.037874862610092777e+02
3.453156304385346402e+02 -9.585719400030009751e+01 -1.045313070636378256e+02
3.467913984209329783e+02 -9.652483206817201733e+01 -1.052817623465826244e+02
3.482623326638790786e+02 -9.719844726731926698e+01 -1.060331514922453380e+02
3.497384320462354026e+02 -9.787818119214277601e+01 -1.067885264366612290e+02
3.512095830986842202e+02 -9.855695733415015525e+01 -1.075548443727764010e+02
3.526749650541902383e+02 -9.924389644985943448e+01 -1.083155214485858551e+02
3.541266352046554289e+02 -9.993245297355554158e+01 -1.090738217073786416e+02
3.555808002563986179e+02 -1.006292265534566184e+02 -1.098254534485872398e+02
3.570281159976438516e+02 -1.013188689385198273e+02 -1.105791926541507166e+02
3.584654687134278106e+02 -1.019792660806279656e+02 -1.113298110053581667e+02
3.599203521594101858e+02 -1.026203905888468455e+02 -1.120708839068905434e+02
3.613762349815538073e+02 -1.032650027889126250e+02 -1.128236177456074643e+02
3.628450567034104779e+02 -1.039111006230659058e+02 -1.135953054410364444e+02
3.643086943986314168e+02 -1.045506211749880947e+02 -1.143650527620092134e+02
3.657774308070329994e+02 -1.051852161194610602e+02 -1.151415224186319648e+02
3.672399139161099697e+02 -1.058232712450395638e+02 -1.158993670746931741e+02
3.687088923298363170e+02 -1.064664032668479905e+02 -1.166647671976518268e+02
3.701815110395378952e+02 -1.071130878079010671e+02 -1.174142257340915734e+02
3.716637242645133483e+02 -1.077670137560151744e+02 -1.181611169080534580e+02
3.731498308812003302e+02 -1.084088772755989538e+02 -1.189161599382344150e+02
3.746491402606798715e+02 -1.090426689504244564e+02 -1.196954634909833572e+02
3.761328728537799293e+02 -1.096873384188197207e+02 -1.204546353967062942e+02
3.776335122311605232e+02 -1.103287517187598894e+02 -1.212129675015265491e+02
3.791390037468585774e+02 -1.109642827528274438e+02 -1.219620087926797964e+02
3.806487681115850705e+02 -1.116110419605626305e+02 -1.226917672953228191e+02
3.821718654550346628e+02 -1.122750773182729489e+02 -1.234128402263209239e+02
3.836970333828202229e+02 -1.129561015958413748e+02 -1.241246719486106826e+02
3.852360237480356204e+02 -1.136332783438803631e+02 -1.248588203661435045e+02
3.867759912473156305e+02 -1.143078813086544727e+02 -1.256066017932384398e+02
3.883060245201144767e+02 -1.149872685593899746e+02 -1.263299555910009531e+02
3.898427387654081713e+02 -1.156659064904523433e+02 -1.270593452093812346e+02
3.913872651350270075e+02 -1.163392310810763348e+02 -1.277906959484999732e+02
3.929281395275881437e+02 -1.170138263985265183e+02 -1.285215511848386143e+02
3.944754387940957940e+02 -1.176846587668413520e+02 -1.292696075801446796e+02
3.960172758553219410e+02 -1.183679075136696781e+02 -1.300120907012041869e+02
3.975612026029195931e+02 -1.190444694221661877e+02 -1.307596587683826783e+02
3.990983446787808475e+02 -1.197149541563474173e+02 -1.314947960553859332e+02
4.006241759073055846e+02 -1.203954866400748784e+02 -1.322241203092353885e+02
4.021460962029993311e+02 -1.210758937692895501e+02 -1.329589883835398609e+02
4.036655050009256911e+02 -1.217554977438262398e+02 -1.336876977456712723e+02
4.051742772618462709e+02 -1.224320735487841745e+02 -1.344125148802831973e+02
4.066989002226962953e+02 -1.231215179385968810e+02 -1.351349114663642297e+02
4.082185498698516426e+02 -1.237948039912617446e+02 -1.358602868997309372e+02
4.097357659305196194e+02 -1.244656118216413887e+02 -1.365861138772218055e+02
4.112629916100824516e+02 -1.251299418108690418e+02 -1.373341051962350718e+02
4.127903573350426996e+02 -1.257865248811204424e+02 -1.380914741956814282e+02
4.143242797225397567e+02 -1.264559827156536329e+02 -1.388476392575398108e+02
4.158484768167535321e+02 -1.271276493653170974e+02 -1.395755917139730968e+02
4.173769963041373217e+02 -1.277922104144603992e+02 -1.403065964400927612e+02
4.189032867493522758e+02 -1.284512632723621266e+02 -1.410328635994787305e+02
4.204252432572225189e+02 -1.291043890921481250e+02 -1.417632634845436428e+02
4.219462049762166203e+02 -1.297532513765234512e+02 -1.424827021176732842e+02
4.234662856845190504e+02 -1.303917554831867847e+02 -1.431934168849716116e+02
4.249832160591794832e+02 -1.310327548059714218e+02 -1.438848385244369013e+02
4.264901481648764729e+02 -1.316742505772337779e+02 -1.445738283040782335e+02
4.279946340977412547e+02 -1.323149886015001755e+02 -1.452585575974970027e+02
4.295171745299413146e+02 -1.329451983781513320e+02 -1.459643298664103668e+02
4.310350740618212626e+02 -1.335775933660736428e+02 -1.466738663933520854e+02
4.325499379870757366e+02 -1.342087733942509828e+02 -1.473900962234764620e+02
4.340734009931276205e+02 -1.348317701214199360e+02 -1.481186253067566838e+02
4.355925929499475728e+02 -1.354451917699109629e+02 -1.488334230923880739e+02
4.371204665071161344e+02 -1.360538314124464705e+02 -1.495531847444039215e+02
4.386413824107413006e+02 -1.366521712982590486e+02 -1.502827566046539971e+02
4.401777105153973366e+02 -1.372613652312928991e+02 -1.510183521476924966e+02
4.416979942263185990e+02 -1.378813926920054200e+02 -1.517451796986994452e+02
4.432256617524327567e+02 -1.384975002468924288e+02 -1.524848053231243625e+02
4.447488041916176940e+02 -1.391141191624517148e+02 -1.532286841534034068e+02
4.462685825365567212e+02 -1.397305190735133067e+02 -1.539698735673986221e+02
4.477906148878795420e+02 -1.403516553738479047e+02 -1.547029434805740209e+02
4.493012227810937134e+02 -1.409759694731335458e+02 -1.554465314246454284e+02
4.508221543431782266e+02 -1.416043627210364093e+02 -1.562182640676455776e+02
4.523406313773490979e+02 -1.422354852222169939e+02 -1.569959428075283370e+02
4.538619909094161358e+02 -1.428541085143371845e+02 -1.577900463030370304e+02
4.553756238099757638e+02 -1.434710550638591542e+02 -1.585997071055494416e+02
4.568865614187956226e+02 -1.440852359554946247e+02 -1.594240149444681833e+02
4.584148142457037238e+02 -1.446964329791795478e+02 -1.602750927571501052e+02
4.599431484614102033e+02 -1.452970538091076946e+02 -1.611136766012261887e+02
4.614814836456778835e+02 -1.459024565639875561e+02 -1.619682187363057153e+02
4.630300580963765924e+02 -1.465073346285823277e+02 -1.628390570026887474e+02
4.645727917126448006e+02 -1.471142283286241081e+02 -1.636902577807304056e+02
4.661237925742753418e+02 -1.477187209808339219e+02 -1.645635422799183232e+02
4.676772951449040079e+02 -1.483188625504542131e+02 -1.654400313716718074e+02
4.692321876530867257e+02 -1.489213044795262135e+02 -1.663134916175996807e+02
4.708022287808809097e+02 -1.495234823624704177e+02 -1.671982066365968080e+02
4.723228598857682528e+02 -1.501417792516779741e+02 -1.680221590000108449e+02
4.738814130342911994e+02 -1.507576471387229446e+02 -1.688628480018605558e+02
4.754360688715615311e+02 -1.513740574247688926e+02 -1.697012380968580771e+02
4.769972259185282155e+02 -1.519853206199372835e+02 -1.705230442208082025e+02
4.785554890025981649e+02 -1.526028344214963397e+02 -1.713277573582823265e+02
4.801137472187986077e+02 -1.532179543669615782e+02 -1.721299007616231336e+02
4.816785725097544741e+02 -1.538244010196841032e+02 -1.729621031957286164e+02
4.832465328717905777e+02 -1.544236024422611422e+02 -1.738098478777563685e+02
4.848196120169319556e+02 -1.550168028906790596e+02 -1.746767644377331692e+02
4.863886818487426353e+02 -1.555992110301796174e+02 -1.755334525552457876e+02
4.879561610561616476e+02 -1.561837217791364196e+02 -1.763957803747900641e+02
4.895146929248026595e+02 -1.567561185822181073e+02 -1.772734133460718908e+02
4.910633022449181908e+02 -1.573350083943951176e+02 -1.781289832961235788e+02
4.926288525267303839e+02 -1.579157804575017394e+02 -1.789887197315591152e+02
4.941886709320868931e+02 -1.585016726672092204e+02 -1.798307607958203391e+02
4.957551147407690451e+02 -1.590780910898938600e+02 -1.806755703196851641e+02
4.973270746893267074e+02 -1.596508881991275359e+02 -1.815331471159636578e+02
4.988972115511006109e+02 -1.602212245095217042e+02 -1.823825724425622070e+02
5.004716427811256949e+02 -1.607939639739622066e+02 -1.832207763841067276e+02
5.020481963829120104e+02 -1.613714779847865941e+02 -1.840404268573826130e+02
5.036410354775840119e+02 -1.619540081881915796e+02 -1.848582706996145077e+02
5.052348936743529180e+02 -1.625304292652917013e+02 -1.856712796386386799e+02
5.068312184825078361e+02 -1.631128474382099967e+02 -1.864610461201286569e+02
5.084227781310650016e+02 -1.636913197161256619e+02 -1.872604851922316413e+02
5.100263646957453716e+02 -1.642679223796009182e+02 -1.880632713508001927e+02
5.116255271713714592e+02 -1.648518082579008706e+02 -1.888468948074231832e+02
5.132192468488918848e+02 -1.654215407883759497e+02 -1.896411239692228889e+02
5.148048971337892681e+02 -1.660016419540485515e+02 -1.904189718771909838e+02
5.163873195880488538e+02 -1.665939062216728530e+02 -1.911951385290567487e+02
5.179648830604272689e+02 -1.671722222464602794e+02 -1.919708334447472566e+02
5.195462906670292114e+02 -1.677599868921519999e+02 -1.927502561891207904e+02
5.211176256169957242e+02 -1.683484183355856487e+02 -1.935318348407803626e+02
5.227093640654309183e+02 -1.689318872199927455e+02 -1.943179691289070092e+02
5.242995756022158957e+02 -1.695158911764426080e+02 -1.951118329741758259e+02
5.258911216053030557e+02 -1.701044688604558814e+02 -1.959009757368090447e+02
5.274803631104489341e+02 -1.706973383759936098e+02 -1.966943846808034664e+02
5.290725233105520147e+02 -1.712874092479381432e+02 -1.974929119600974730e+02
5.306666408393409711e+02 -1.718852001167779804e+02 -1.982842265176139165e+02
5.322673764556209335e+02 -1.724906876312851693e+02 -1.990623060360918544e+02
5.338754690355245884e+02 -1.731059733899552384e+02 -1.998306805382349296e+02
5.354840416758310084e+02 -1.737136330273916087e+02 -2.005808098385334688e+02
5.370853879044508403e+02 -1.743140630970592611e+02 -2.013287726150785488e+02
5.386769965013410228e+02 -1.749218877392385991e+02 -2.020515652570804548e+02
5.402780748805998883e+02 -1.755342435808743744e+02 -2.027775754846200016e+02
5.418801830680320109e+02 -1.761477103425406483e+02 -2.035097902379959578e+02
5.434739880855330512e+02 -1.767556659863053028e+02 -2.042605190726872024e+02
5.450721725868346539e+02 -1.773568779824257717e+02 -2.050280840692936124e+02
5.466688472910688006e+02 -1.779542509720079124e+02 -2.058100024457324082e+02
5.482503653075027614e+02 -1.785470490204805003e+02 -2.066010985198144567e+02
5.498324615742599235e+02 -1.791469833459316305e+02 -2.073865664541226863e+02
5.514102598255946077e+02 -1.797443784950399959e+02 -2.081705189221337378e+02
5.529947427629708727e+02 -1.803488701793324935e+02 -2.089501787619689424e+02
5.545788587461255474e+02 -1.809525097808577527e+02 -2.097322448674568420e+02
5.561618418476194847e+02 -1.815487468900992383e+02 -2.105101787736191739e+02
5.577528947796976126e+02 -1.821498322309650746e+02 -2.112944892853905117e+02
5.593382022538942238e+02 -1.827550006840940853e+02 -2.120633813812896449e+02
5.609220006678863228e+02 -1.833680054434979638e+02 -2.128164132224611080e+02
5.625143355603996724e+02 -1.839739135376547949e+02 -2.135887618006512980e+02
5.641126849365950875e+02 -1.845702431325338182e+02 -2.143695870050815699e+02
5.657074164564372722e+02 -1.851623459064306587e+02 -2.151342706848267596e+02
5.673012900005571737e+02 -1.857513649212131952e+02 -2.158915755283827025e+02
5.688936945887476213e+02 -1.863337489737082535e+02 -2.166429317071608693e+02
5.704883519682425685e+02 -1.869107640008204783e+02 -2.173919735569706688e+02
5.720897926645071720e+02 -1.874779276873328513e+02 -2.181452113415511747e+02
5.736878059911872469e+02 -1.880440393600335085e+02 -2.188968003825426933e+02
5.752807378287936899e+02 -1.886123138160431267e+02 -2.196174000618762250e+02
5.768792142088905166e+02 -1.891873935023938884e+02 -2.203229707102239558e+02
5.784840927097237682e+02 -1.897446778080064291e+02 -2.210203615701374247e+02
5.800822115156097425e+02 -1.903089767682890852e+02 -2.217196851625562886e+02
5.816791698218069087e+02 -1.908656506445672107e+02 -2.224358806995720954e+02
5.832793796967995377e+02 -1.914265587828481330e+02 -2.231560318489793531e+02
5.848835269748992687e+02 -1.919871996882364158e+02 -2.238896919566110739e+02
5.864994392763685482e+02 -1.925529990552500124e+02 -2.246219879456627382e+02
5.881142764304929642e+02 -1.931150052666364161e+02 -2.253430595733201471e+02
5.897295984784127540e+02 -1.936712839382184939e+02 -2.260582369837489409e+02
5.913413553488475145e+02 -1.942284153049762097e+02 -2.267758780182703333e+02
5.929524071738670727e+02 -1.947988482433578383e+02 -2.274799173990635097e+02
5.945645043765579203e+02 -1.953721152639485013e+02 -2.281702772739776606e+02
5.961859234921860207e+02 -1.959427581754047480e+02 -2.288585576699868795e+02
5.978092152547485512e+02 -1.965153366659904464e+02 -2.295482196083716531e+02
5.994371861890252831e+02 -1.971054106430160573e+02 -2.302263948260791437e+02
6.010621171296398870e+02 -1.976973834899233111e+02 -2.309000548927353123e+02
6.026923732602156178e+02 -1.983062718627247136e+02 -2.315653142670584259e+02
6.043313729306851201e+02 -1.989182368471547306e+02 -2.322191323612293843e+02
6.059606609264092185e+02 -1.995239215395778558e+02 -2.328675705091526709e+02
6.075890664582125282e+02 -2.001246171152147042e+02 -2.335194282134374930e+02
6.092234659353024426e+02 -2.007333653620240170e+02 -2.341722983868961308e+02
6.108633067510670571e+02 -2.013499323097933313e+02 -2.348308027146194661e+02
6.125029726430692563e+02 -2.019677699118708176e+02 -2.354812343783501660e+02
6.141489068764728927e+02 -2.025840756696902076e+02 -2.361274152479118982e+02
6.157973256183596504e+02 -2.031911940992684720e+02 -2.367783188211476215e+02
6.174352630574524028e+02 -2.037996676902527895e+02 -2.374320239355948843e+02
6.190804443587290962e+02 -2.044063954087789625e+02 -2.381072528949589184e+02
6.207127132144670441e+02 -2.050090442308856211e+02 -2.387580693209163485e+02
6.223490518386553276e+02 -2.056234209945393445e+02 -2.393970101695586834e+02
6.239788524721685690e+02 -2.062475241092568865e+02 -2.400173379890537717e+02
6.256016059552902107e+02 -2.068766762469329024e+02 -2.406269031984826370e+02
6.272176644358960402e+02 -2.075089460153415928e+02 -2.412287725195777170e+02
6.288247508786358821e+02 -2.081468865776486155e+02 -2.418201480887026094e+02
6.304344744824074951e+02 -2.087905562570138329e+02 -2.424198091064500602e+02
6.320412477021529867e+02 -2.094332900882616855e+02 -2.430125655564919214e+02
6.336552877520663287e+02 -2.100759309319026897e+02 -2.436037625874247112e+02
6.352675662941587689e+02 -2.107183424548152857e+02 -2.442025693847385810e+02
6.368737688513577950e+02 -2.113578162887710619e+02 -2.448130668055705996e+02
6.384865735685533537e+02 -2.120046316504124491e+02 -2.454399600072370333e+02
6.401087874785256417e+02 -2.126475275299909242e+02 -2.460849513460483706e+02
6.417168901888611572e+02 -2.132916132330971095e+02 -2.467160962896081173e+02
6.433319787617141401e+02 -2.139344318456402618e+02 -2.473393562803439636e+02
6.449382862459991657e+02 -2.145754846062031049e+02 -2.479590883031959265e+02
6.465463366625841672e+02 -2.152232794553660824e+02 -2.485602171178612139e+02
6.481551921724974363e+02 -2.158824182563934642e+02 -2.491443627073016671e+02
6.497620341357902589e+02 -2.165454282513090050e+02 -2.497286833374812431e+02
6.513798040431789786e+02 -2.172049348188114095e+02 -2.503216937587597499e+02
6.529975203144564375e+02 -2.178549195175376667e+02 -2.509336109091388209e+02
6.546224994130936921e+02 -2.185015365577228295e+02 -2.515419236462227843e+02
6.562530766227683898e+02 -2.191460117057948196e+02 -2.521485380306746720e+02
6.578900203343761177e+02 -2.197931758182508304e+02 -2.527600818721646476e+02
6.595360271874956197e+02 -2.204346743126207002e+02 -2.533790922153140457e+02
6.611819879652499594e+02 -2.210771730090108065e+02 -2.539789103092306277e+02
6.628381870372525100e+02 -2.217086100263694561e+02 -2.545820929534921788e+02
6.644916370010060973e+02 -2.223406306516553457e+02 -2.551749761109784060e+02
6.661512859633326116e+02 -2.229633407173731428e+02 -2.557649954098739329e+02
6.678137906593258322e+02 -2.235768714084732665e+02 -2.563633735275070649e+02
6.694754452883723843e+02 -2.241806615486989358e+02 -2.569663805424634120e+02
6.711399473090114043e+02 -2.247841197891865193e+02 -2.575716498798165617e+02
6.728025410432559283e+02 -2.253930266316191648e+02 -2.581714658451596165e+02
6.744833700014438591e+02 -2.260025862234271585e+02 -2.587849211663338451e+02
6.761548699891106935e+02 -2.266100461066774017e+02 -2.593954062348956313e+02
6.778334042920288312e+02 -2.272182434705350147e+02 -2.600106195422449105e+02
6.795088474904620170e+02 -2.278233117274642439e+02 -2.606282645244120317e+02
6.811960326722903574e+02 -2.284283329873020705e+02 -2.612494990697938988e+02
6.828949558708576433e+02 -2.290336503132678274e+02 -2.618889222855671051e+02
6.845779096783492150e+02 -2.296394796960012457e+02 -2.625319581344459152e+02
6.862575246252715715e+02 -2.302298144918626122e+02 -2.631899899999746140e+02
6.879294836344904525e+02 -2.308316912431508001e+02 -2.638389897600526410e+02
6.896036006099606084e+02 -2.314261076568385533e+02 -2.644877636396371940e+02
6.912917210832832779e+02 -2.320249619576657381e+02 -2.651381029018189679e+02
6.929771222706893923e+02 -2.326275237380647241e+02 -2.658025500848214051e+02
6.946508811507191012e+02 -2.332338648909316134e+02 -2.664491540771011273e+02
6.963244780571653791e+02 -2.338388984474806023e+02 -2.670988705853886813e+02
6.979922347244128105e+02 -2.344480589419667353e+02 -2.677483900421933640e+02
6.996713051623833053e+02 -2.350662156302350922e+02 -2.683900460528396934e+02
7.013132402554271039e+02 -2.356826316700907569e+02 -2.689943380588776449e+02
7.029781535127565348e+02 -2.362935399819324402e+02 -2.696244657974584129e+02
7.046355785031707910e+02 -2.368973036356551347e+02 -2.702371738672617312e+02
7.063080661339461130e+02 -2.375067076364911145e+02 -2.708687792546228934e+02
7.079725260691793665e+02 -2.381117686291132429e+02 -2.715042844516832474e+02
7.096352778150762788e+02 -2.387223672795853417e+02 -2.721241844146104540e+02
7.112925796255420892e+02 -2.393268833514324001e+02 -2.727518410852994748e+02
7.129438448465886040e+02 -2.399238802640579991e+02 -2.733757549708543593e+02
7.146169765835410317e+02 -2.405177610375529014e+02 -2.740044888643363947e+02
7.162865108296567769e+02 -2.411000260759981870e+02 -2.746649743396862959e+02
7.179571231743196904e+02 -2.416802059625981656e+02 -2.753318662827419985e+02
7.196343499174838598e+02 -2.422512834371262329e+02 -2.760075772661719498e+02
7.213082857649692414e+02 -2.428154720944236828e+02 -2.766953223566810607e+02
7.229957340298907411e+02 -2.433776515983127240e+02 -2.773809855832093376e+02
7.246848317228551650e+02 -2.439365572063260004e+02 -2.780813983444098199e+02
7.263714280684441746e+02 -2.444893967968437209e+02 -2.787697668538330049e+02
7.280600979156664607e+02 -2.450307361404358346e+02 -2.794578157896711446e+02
7.297355293954941544e+02 -2.455786225808511176e+02 -2.801401406976050339e+02
7.314047625443018887e+02 -2.461543211135112017e+02 -2.808301969569579910e+02
7.330944489251606910e+02 -2.467242169044807838e+02 -2.815159383537303484e+02
7.347968359551564390e+02 -2.472619161682065396e+02 -2.822177209068924526e+02
7.365027501382312494e+02 -2.477865249353981483e+02 -2.829268297997999753e+02
7.381975040593036965e+02 -2.483088155364303589e+02 -2.836328590092840614e+02
7.399085002733228293e+02 -2.488322759254098173e+02 -2.843402414152682809e+02
7.416263648554865995e+02 -2.493468378023456467e+02 -2.850603362324749241e+02
7.433557743240647824e+02 -2.498476833441697806e+02 -2.858351579294427438e+02
7.450913089762118489e+02 -2.503359424421117012e+02 -2.866411092477119951e+02
7.468256882949822284e+02 -2.508189858973184130e+02 -2.874630663501102958e+02
7.485726847126807115e+02 -2.512938025129004984e+02 -2.883223092299276686e+02
7.503269683696889842e+02 -2.517597835897765890e+02 -2.892063842667743643e+02
7.520852888901307551e+02 -2.522216549111804511e+02 -2.900919682345640922e+02
7.538459845800176709e+02 -2.526779178838433495e+02 -2.909794439594585924e+02
7.556143326279603798e+02 -2.531261593286122320e+02 -2.918855402685003924e+02
7.573894408827029565e+02 -2.535604022061181411e+02 -2.928059239972973273e+02
7.591522244363425216e+02 -2.540043918308408877e+02 -2.937104803322695261e+02
7.609111216936005349e+02 -2.544465810707444575e+02 -2.946131662873234518e+02
7.626583967321870432e+02 -2.548922921869581444e+02 -2.954729184051171842e+02
7.644099949196515809e+02 -2.553379271640341699e+02 -2.963170777845408566e+02
7.661479465895489511e+02 -2.557664106096515013e+02 -2.971678783765771641e+02
7.678761355759938851e+02 -2.561992824508707258e+02 -2.980081677465923917e+02
7.696030675577721922e+02 -2.566458448840605229e+02 -2.988389733396011252e+02
7.713262742893398354e+02 -2.570877438390505745e+02 -2.996757302083579475e+02
7.730564793159486499e+02 -2.575326233998644057e+02 -3.005203593552830625e+02
7.747877647104544394e+02 -2.579859091122181098e+02 -3.013437579888632740e+02
7.765364455709274125e+02 -2.584322241031484282e+02 -3.021868970032580251e+02
7.782740977369925304e+02 -2.588839594629410499e+02 -3.030333149597869919e+02
7.800163748275562057e+02 -2.593224986037873236e+02 -3.039051372223652834e+02
7.817578326718671633e+02 -2.597609437933576828e+02 -3.047702723420184157e+02
7.835064429420955321e+02 -2.602066599682805759e+02 -3.056133664247282127e+02
7.852398104710025564e+02 -2.606646847486758816e+02 -3.064092393913305727e+02
7.869648546851208266e+02 -2.611260631544677153e+02 -3.071864088264120483e+02
7.886791020687860509e+02 -2.615846476379671799e+02 -3.079517065526825377e+02
7.903987295691816826e+02 -2.620258593732817758e+02 -3.087293897933898279e+02
7.921139471461519861e+02 -2.624701124655275066e+02 -3.095079244684649780e+02
7.938411894842531638e+02 -2.629128091474108828e+02 -3.102941328237098446e+02
7.955770459183952426e+02 -2.633419225208738794e+02 -3.111022424368309203e+02
7.973167437265262834e+02 -2.637739548333980224e+02 -3.118855879052426872e+02
7.990558989686481937e+02 -2.642191759722425672e+02 -3.126446326062398953e+02
8.008056017864502110e+02 -2.646465217216702968e+02 -3.134311765017022822e+02
8.025612125574351694e+02 -2.650810093981551745e+02 -3.142091731642632340e+02
8.043220601681791777e+02 -2.655246986066567842e+02 -3.150039960347522765e+02
8.060783665923718218e+02 -2.659722863670012316e+02 -3.157990659113362995e+02
8.078415279334878960e+02 -2.664214563506704394e+02 -3.165887117580508061e+02
8.095961814109982697e+02 -2.668850718144540792e+02 -3.173607044380182742e+02
8.113401023536063121e+02 -2.673500626009152370e+02 -3.181303936188713806e+02
8.130796925768148640e+02 -2.678258322872886197e+02 -3.188925153788524653e+02
8.148234074063168464e+02 -2.683066587608177542e+02 -3.196307536821674375e+02
8.165705809278522338e+02 -2.687796767210223265e+02 -3.203632217812580620e+02
8.183074160860355732e+02 -2.692490142433652522e+02 -3.210945440693988644e+02
8.200507393553045858e+02 -2.697075778722779660e+02 -3.218431285028217417e+02
8.217936934717348549e+02 -2.701601247311518819e+02 -3.225859291859097766e+02
8.235310200950340231e+02 -2.706204950401729548e+02 -3.233144055600871525e+02
8.252727769661577213e+02 -2.710843481914017730e+02 -3.240359847192651728e+02
8.270113056032698751e+02 -2.715470088526236623e+02 -3.247755306580203865e+02
8.287620887836658312e+02 -2.719945353742868974e+02 -3.255379138461921684e+02
8.305036940625033139e+02 -2.724403454451150424e+02 -3.262904882701620295e+02
8.322498196812415472e+02 -2.728853598555931512e+02 -3.270275511796589285e+02
8.339910796581249315e+02 -2.733480131554849208e+02 -3.277484300922754983e+02
8.357359184356957940e+02 -2.738102563400043437e+02 -3.284649011819969360e+02
8.374861581715841794e+02 -2.742635175209102272e+02 -3.291855082994495660e+02
8.392562074333030750e+02 -2.747044634928397500e+02 -3.299168626031845406e+02
8.410180461463218080e+02 -2.751444579735360776e+02 -3.306179405428444511e+02
8.427818755127500481e+02 -2.755793602082011375e+02 -3.313145117147014957e+02
8.445451479489934172e+02 -2.760105380401963657e+02 -3.320194640612863850e+02
8.463119320769320666e+02 -2.764356135171814230e+02 -3.327345133918410625e+02
8.480745295499821168e+02 -2.768675883329464114e+02 -3.334554855014962982e+02
8.498268774608146714e+02 -2.772980085544624558e+02 -3.341756020484274927e+02
8.515845348551680445e+02 -2.777310258771099711e+02 -3.348867783919715748e+02
8.533413415117197474e+02 -2.781598794754691539e+02 -3.355942651940933388e+02
8.551004803311508340e+02 -2.785827901672743110e+02 -3.363141552693542735e+02
8.568785202294453711e+02 -2.790038536399621307e+02 -3.370220995986541084e+02
8.586429275387708913e+02 -2.794238398270081802e+02 -3.377022032193983705e+02
8.603968533309052873e+02 -2.798419044459067777e+02 -3.383548050749957952e+02
8.621587483543136159e+02 -2.802672278390490419e+02 -3.390300035554372471e+02
8.639271122001915728e+02 -2.806840562535037975e+02 -3.397152073412217987e+02
8.657092008339346876e+02 -2.811050687804602148e+02 -3.404003702891956777e+02
8.674863230285228610e+02 -2.815299949431239384e+02 -3.410482260192518993e+02
8.692711510392485934e+02 -2.819597492776568401e+02 -3.416783375688532374e+02
8.710583047433706270e+02 -2.823689924270839242e+02 -3.423119840683880852e+02
8.728333715274304723e+02 -2.827690578288161873e+02 -3.429276890728766034e+02
8.746259541079016344e+02 -2.831660193196829596e+02 -3.435474634789393349e+02
8.764216637351041754e+02 -2.835654589092395099e+02 -3.441749528579551338e+02
8.782206347350839906e+02 -2.839697705490950739e+02 -3.448110317531579199e+02
8.800115236967529881e+02 -2.843819101307656183e+02 -3.454115566467849021e+02
8.818096166268090883e+02 -2.847904872518276989e+02 -3.460133336516941540e+02
8.835993645392561575e+02 -2.852069088442920588e+02 -3.466009367685760481e+02
8.853916854275854575e+02 -2.856235922328505694e+02 -3.471851665695663200e+02
8.871855498438898167e+02 -2.860409712566095664e+02 -3.477598197529871413e+02
8.889797979179115828e+02 -2.864598837035803740e+02 -3.483510730834696574e+02
8.907960124813312177e+02 -2.868833867625338030e+02 -3.489708695185818215e+02
8.926222965719099420e+02 -2.873016075369864097e+02 -3.496017901865889712e+02
8.944453149116204713e+02 -2.877155902223504427e+02 -3.502227595956396726e+02
8.962708673784426310e+02 -2.881213777558361357e+02 -3.508446436424670196e+02
8.980950609505778175e+02 -2.885235599612900614e+02 -3.514552878233510569e+02
8.999198976010681008e+02 -2.889283553725944103e+02 -3.520554505137552042e+02
9.017524742532532400e+02 -2.893423799417608393e+02 -3.526642074740435646e+02
9.035864291235667451e+02 -2.897601846438586790e+02 -3.532639159293308353e+02
9.054342424006541705e+02 -2.901733558658830816e+02 -3.538920823979077568e+02
9.072927925577705537e+02 -2.905874434999622622e+02 -3.545200460633996613e+02
9.091527807239116328e+02 -2.910057108200354605e+02 -3.551300392658829423e+02
9.110173140889346541e+02 -2.914238370279781520e+02 -3.557488855688819740e+02
9.128889914129235876e+02 -2.918229655107574558e+02 -3.563880931221772812e+02
9.147711989859279811e+02 -2.922203968027663450e+02 -3.570336054904176990e+02
9.166504303683940407e+02 -2.926166376840251928e+02 -3.576724101050858167e+02
9.185349937109128859e+02 -2.930111247916278217e+02 -3.583067453990074114e+02
9.204248065985960920e+02 -2.933924098801167020e+02 -3.589561720109393832e+02
9.223209003658788561e+02 -2.937694325774981507e+02 -3.595997852093483971e+02
9.242146795560678356e+02 -2.941321888436867198e+02 -3.602294107683134712e+02
9.261071088307302261e+02 -2.944958480184711220e+02 -3.608693440405908177e+02
9.280074769795492102e+02 -2.948570805836922091e+02 -3.615123123071955433e+02
9.299115692870635712e+02 -2.952212577911196263e+02 -3.621523357882198297e+02
9.318041649734731209e+02 -2.955888206694798441e+02 -3.627830023458914184e+02
9.336944677562809147e+02 -2.959443244588867401e+02 -3.634260754119439412e+02
9.355784140812189662e+02 -2.963172269746729057e+02 -3.640445079191189848e+02
9.375298770088420497e+02 -2.967018071247393891e+02 -3.647067809526820383e+02
9.393839171831542671e+02 -2.970955321758318064e+02 -3.653160274828546221e+02
9.413019805336416539e+02 -2.974883943570948759e+02 -3.659391831449451047e+02
9.432164962746335277e+02 -2.978784943012717576e+02 -3.665683598138923571e+02
9.451560851182416627e+02 -2.982781201402217448e+02 -3.671815568331505233e+02
9.470853613845056316e+02 -2.987002373068879706e+02 -3.677681858954116478e+02
9.490129438881432407e+02 -2.991247418794208670e+02 -3.683370177943656358e+02
9.509482987882835232e+02 -2.995418486303857435e+02 -3.689141705040100305e+02
9.528989599686142355e+02 -2.999620912001361148e+02 -3.695040055573051063e+02
9.548424664927998720e+02 -3.003950681701944632e+02 -3.700840028985161894e+02
9.567921706845421568e+02 -3.008205307994183499e+02 -3.706702002295056673e+02
9.587591525988923422e+02 -3.012535899966581496e+02 -3.712655090324211073e+02
9.607284772671130213e+02 -3.016763560348866235e+02 -3.718807041634031521e+02
9.627026082593994261e+02 -3.020928213536342355e+02 -3.725311609586395321e+02
9.646847939532131022e+02 -3.025161563312811950e+02 -3.731633963073830387e+02
9.666582260098808774e+02 -3.029353159405757765e+02 -3.738070249976778996e+02
9.686378747119939590e+02 -3.033520093751234299e+02 -3.744449930496176080e+02
9.706186188730747517e+02 -3.037814508450056792e+02 -3.750709084603784618e+02
9.726016563389879366e+02 -3.041973993835452461e+02 -3.757067354589905790e+02
9.745832710814631810e+02 -3.046197854036469153e+02 -3.763364578902180710e+02
9.765705140855797026e+02 -3.050375074814933214e+02 -3.769712373961719436e+02
9.785617510260077552e+02 -3.054526953100483979e+02 -3.776074369791550112e+02
9.805606319442276799e+02 -3.058541682137716293e+02 -3.782416073436838246e+02
9.825550270806652406e+02 -3.062632695474603111e+02 -3.788534299407668300e+02
9.845695695490811659e+02 -3.066596856445636377e+02 -3.794772829134592484e+02
9.865853893712940135e+02 -3.070511416309495303e+02 -3.801021461907103003e+02
9.886018364876815667e+02 -3.074423713158753912e+02 -3.807208947046074741e+02
9.906218712486684126e+02 -3.078362564422238279e+02 -3.813363661884288263e+02
9.926607780370878800e+02 -3.082411205967286492e+02 -3.819723921817833343e+02
9.946895594644486209e+02 -3.086407144527588002e+02 -3.826021379061936614e+02
9.967190380507972804e+02 -3.090498174605796180e+02 -3.832363608551486891e+02
9.987454334449031421e+02 -3.094593178892931178e+02 -3.838678410136878369e+02
1.000768287870387894e+03 -3.098689133462206655e+02 -3.844946597768762899e+02
1.002795560093182871e+03 -3.102802888630177449e+02 -3.851150818859160267e+02
1.004820371277645108e+03 -3.106998095139294378e+02 -3.857052646364438715e+02
1.006836017332961660e+03 -3.111177264772471176e+02 -3.862658904689791370e+02
1.008854680495351658e+03 -3.115313376023082697e+02 -3.868171305279465173e+02
1.010877098687134435e+03 -3.119507023741563785e+02 -3.873590789615030303e+02
1.012928696850510505e+03 -3.123842297106449450e+02 -3.879115390508737846e+02
1.014942045762527982e+03 -3.128357006674727359e+02 -3.884241027012147356e+02
1.016977253904570603e+03 -3.133060858845800567e+02 -3.889353046160345002e+02
1.019022655285796191e+03 -3.137735199089327125e+02 -3.894534290827584186e+02
1.021063767997375862e+03 -3.142340781701598758e+02 -3.899619729098517951e+02
1.023121092222124389e+03 -3.146939154863037515e+02 -3.904610794265802838e+02
1.025176586453482741e+03 -3.151519085141846404e+02 -3.909566883991460600e+02
1.027233957985829647e+03 -3.156044326634358868e+02 -3.914618404084782242e+02
1.029288485460726179e+03 -3.160736994583238584e+02 -3.919659944174327961e+02
1.031333264036194350e+03 -3.165413313710201351e+02 -3.924630562526991184e+02
1.033379371297814714e+03 -3.170088788806093589e+02 -3.929712409029601758e+02
1.035421141087282422e+03 -3.174867703001401082e+02 -3.934695025655734071e+02
1.037459166683350759e+03 -3.179686183144519873e+02 -3.939667262119472184e+02
1.039493623973887907e+03 -3.184449200423846946e+02 -3.944806681660192567e+02
1.041519753122168822e+03 -3.189279333588089571e+02 -3.949609407408267430e+02
1.043551790089868746e+03 -3.194089857876327301e+02 -3.954405324276897318e+02
1.045581940740256641e+03 -3.198890823595086772e+02 -3.959375249770498613e+02
1.047613462364524594e+03 -3.203675015731175222e+02 -3.964406367210631856e+02
1.049643091000977392e+03 -3.208460197156933305e+02 -3.969523008290388475e+02
1.051679528142230083e+03 -3.213372154354305508e+02 -3.974549791348412100e+02
1.053723122472996920e+03 -3.218192929342130242e+02 -3.979576633328420030e+02
1.055762848220098704e+03 -3.223115918314112491e+02 -3.984388609633554097e+02
1.057806231934593370e+03 -3.227958757315059302e+02 -3.989390232707149835e+02
1.059848594384348644e+03 -3.232663819602777266e+02 -3.994522554734327855e+02
1.061900105416132874e+03 -3.237222493777761656e+02 -3.999629715868779840e+02
1.063946017400453457e+03 -3.241875446491394541e+02 -4.004589729273945977e+02
1.065993961217955075e+03 -3.246403046747734038e+02 -4.009488432973132035e+02
1.068046750867034234e+03 -3.251183210434187458e+02 -4.014311534809653494e+02
1.070102842860610281e+03 -3.256101687337584849e+02 -4.019185032227463807e+02
1.072161393334835338e+03 -3.260974604307573372e+02 -4.024092825038395063e+02
1.074229783086158022e+03 -3.265778126830971360e+02 -4.028981953009748054e+02
1.076305311118167310e+03 -3.270431068838810802e+02 -4.034042390868401071e+02
1.078366124868848374e+03 -3.275223806948620791e+02 -4.038764887303091200e+02
1.080420934292558059e+03 -3.279897451468420968e+02 -4.043424082649721640e+02
1.082481619319171159e+03 -3.284573451852573953e+02 -4.048131342487628785e+02
1.084533992980893800e+03 -3.289220534909974845e+02 -4.052783961486831572e+02
1.086593982326412743e+03 -3.293876132596006414e+02 -4.057586547637334320e+02
1.088652895995534891e+03 -3.298555190318215864e+02 -4.062412152903828542e+02
1.090708090330876757e+03 -3.303249185064111657e+02 -4.067185816668531402e+02
1.092757578463835671e+03 -3.308048122237169082e+02 -4.071828843557598248e+02
1.094813657759305897e+03 -3.312711276108414609e+02 -4.076695091064622147e+02
1.096858937695977374e+03 -3.317403985171539489e+02 -4.081535892068199018e+02
1.098915713021985994e+03 -3.322176446660060947e+02 -4.086291648610018683e+02
1.100969379794893939e+03 -3.326939103424970767e+02 -4.090857777297259759e+02
1.103023850868163890e+03 -3.331720604946868889e+02 -4.095255867806435504e+02
1.105065501761219139e+03 -3.336643365915124377e+02 -4.099273023527653663e+02
1.107117727860257446e+03 -3.341520606530943382e+02 -4.103412632790794419e+02
1.109164639063730874e+03 -3.346447021729213134e+02 -4.107353669685732598e+02
1.111226752718019043e+03 -3.351259629701998506e+02 -4.111516416869480395e+02
1.113285531465267695e+03 -3.356058682443475050e+02 -4.115673321561582156e+02
1.115349644269443843e+03 -3.360805950028192228e+02 -4.119840022010958478e+02
1.117400814419240760e+03 -3.365658999277926000e+02 -4.123704850918297780e+02
1.119452484194237286e+03 -3.370594673427759744e+02 -4.127676077224903679e+02
1.121511093504959717e+03 -3.375543736186443766e+02 -4.131678064871024958e+02
1.123568722147750123e+03 -3.380475330008792980e+02 -4.135616333961373243e+02
1.125631978635821270e+03 -3.385386815245969387e+02 -4.139636545324005965e+02
1.127697251361458711e+03 -3.390287108438691916e+02 -4.143645309756344659e+02
1.129750860479971152e+03 -3.395218250533504829e+02 -4.147452208474135773e+02
1.131808681737431243e+03 -3.400066217872084167e+02 -4.151408407625278301e+02
1.133868806459668349e+03 -3.404910075037506090e+02 -4.155411034839486888e+02
1.135931559537821158e+03 -3.409700727670740434e+02 -4.159310469036709037e+02
1.137997851897149530e+03 -3.414554613302172470e+02 -4.163172776133929460e+02
1.140057376944596626e+03 -3.419372856529859064e+02 -4.166863572665291713e+02
1.142111439944951826e+03 -3.424231934845823844e+02 -4.170538576752476274e+02
1.144159100737880635e+03 -3.429038183300934293e+02 -4.174272438790401338e+02
1.146200663391979106e+03 -3.433939523182887115e+02 -4.177842955463634667e+02
1.148251439496675857e+03 -3.438818653312129641e+02 -4.181398809908052385e+02
1.150308617342327125e+03 -3.443642824043609494e+02 -4.185025619307123748e+02
1.152377897278500541e+03 -3.448499967664145629e+02 -4.188752326792921963e+02
1.154444972942336335e+03 -3.453410149125036241e+02 -4.192259197302327038e+02
1.156519498627301573e+03 -3.458339637400232505e+02 -4.195771327339156187e+02
1.158597110508480228e+03 -3.463444659924162465e+02 -4.199076077164755816e+02
1.160673691636996864e+03 -3.468607033065006249e+02 -4.202221182555529708e+02
1.162761318463331463e+03 -3.473792960060363271e+02 -4.205418752791779866e+02
1.164834863613132029e+03 -3.478950627496722632e+02 -4.208400603451419784e+02
1.166910107322231624e+03 -3.484120709322345419e+02 -4.211325753858415055e+02
1.168974739874953457e+03 -3.489290544961399974e+02 -4.214143024104437814e+02
1.171045088291038837e+03 -3.494496248644935577e+02 -4.216642661860248040e+02
1.173129390394121856e+03 -3.499731087737437178e+02 -4.219249559103446927e+02
1.175207109708888993e+03 -3.505060018216627782e+02 -4.221535469424690632e+02
1.177270178574060537e+03 -3.510265039759144088e+02 -4.223892015019304722e+02
1.179318985615368092e+03 -3.515510319515008746e+02 -4.226050493810956254e+02
1.181363817669714081e+03 -3.520640880797201362e+02 -4.228250790044359633e+02
1.183400176705553577e+03 -3.525693677705877462e+02 -4.230316421202808215e+02
1.185444024213318698e+03 -3.530768941461652162e+02 -4.232532211219719898e+02
1.187491957019869233e+03 -3.535912549364835513e+02 -4.234620845541433596e+02
1.189541343970798380e+03 -3.541019482242874687e+02 -4.236950945458423234e+02
1.191597354426874745e+03 -3.546093377403241789e+02 -4.239383526566510341e+02
1.193658640354778754e+03 -3.551106795507802758e+02 -4.241873645658644705e+02
1.195720511044369232e+03 -3.556154289714029346e+02 -4.244430549347629267e+02
1.197790412001488221e+03 -3.561101590221822448e+02 -4.247055325247764017e+02
1.199842745724652787e+03 -3.566034877002402936e+02 -4.249560411089946683e+02
1.201897247242201729e+03 -3.570865523378425905e+02 -4.252192321168186595e+02
1.203953983712447098e+03 -3.575665138792339235e+02 -4.254821662343695721e+02
1.206012904163166695e+03 -3.580472789262300921e+02 -4.257527199163262708e+02
1.208073420536459707e+03 -3.585247438438436802e+02 -4.260218348107219413e+02
1.210140680280249171e+03 -3.590039623632948746e+02 -4.262997593059353676e+02
1.212204819671874020e+03 -3.594831509494746911e+02 -4.265876995113915200e+02
1.214275938828218614e+03 -3.599411847133162041e+02 -4.268949665028386562e+02
1.216336182429411110e+03 -3.603914333971435440e+02 -4.272053975967318138e+02
1.218376986368188000e+03 -3.608501298315949839e+02 -4.275054020298878186e+02
1.220416016089796813e+03 -3.613199099977481978e+02 -4.277938533481751051e+02
1.222448577522853611e+03 -3.617814928015025089e+02 -4.280943572112897186e+02
1.224489068088127169e+03 -3.622293653681702494e+02 -4.284134639910013789e+02
1.226522476209388515e+03 -3.626779680888516850e+02 -4.287234993135573973e+02
1.228549772154101220e+03 -3.631210161282516538e+02 -4.290259701706305009e+02
1.230582169425483016e+03 -3.635573810781770590e+02 -4.293261529510880337e+02
1.232591896898409686e+03 -3.640094254483938698e+02 -4.296033264460059513e+02
1.234602405815815928e+03 -3.644456746378426146e+02 -4.298957126118608585e+02
1.236610264846400014e+03 -3.648756818833505235e+02 -4.301753798611167099e+02
1.238615844419236510e+03 -3.653144755820766250e+02 -4.304344205701109445e+02
1.240632432123112494e+03 -3.657604178864444293e+02 -4.306970827852894104e+02
1.242643458926866515e+03 -3.661888088090661313e+02 -4.309836562647726623e+02
1.244656598747657199e+03 -3.666304644815422193e+02 -4.312609281662423086e+02
1.246667516000606156e+03 -3.670773529428468009e+02 -4.315273242349373390e+02
1.248686309232306712e+03 -3.675092288693172122e+02 -4.318191806865190756e+02
1.250718444524776260e+03 -3.679275024446413909e+02 -4.321160911891486762e+02
1.252750437227123712e+03 -3.683306425083318913e+02 -4.324208324324882255e+02
1.254779898039599857e+03 -3.687378083461405822e+02 -4.327384165502899123e+02
1.256797894276578972e+03 -3.691620249894580184e+02 -4.330507500256060212e+02
1.258809669632704981e+03 -3.695884344639063670e+02 -4.333685306050066401e+02
1.260834078698288067e+03 -3.700128282241611828e+02 -4.336990647469348801e+02
1.262838017629182104e+03 -3.704430329498408128e+02 -4.340164646118539622e+02
1.264840448335840392e+03 -3.708778655579368433e+02 -4.343344454060369912e+02
1.266833668406580955e+03 -3.713008468598758895e+02 -4.346517611291850471e+02
1.268825431630658386e+03 -3.717344058906155624e+02 -4.349464540802994748e+02
1.270807997423605684e+03 -3.721555911595793305e+02 -4.352519234999334117e+02
1.272788344876633118e+03 -3.725700542383170273e+02 -4.355678567126036569e+02
1.274764533409579144e+03 -3.729872630153837463e+02 -4.358719096963292259e+02
1.276733351602349330e+03 -3.733923550603736885e+02 -4.361875499015700939e+02
1.278695304276836396e+03 -3.738007657731144491e+02 -4.364953926906914035e+02
1.280647125445354732e+03 -3.742021381761144312e+02 -4.367992360767640321e+02
1.282589556424643433e+03 -3.746054098072691545e+02 -4.371145659222270865e+02
1.284524252896782627e+03 -3.750065351426833899e+02 -4.374401788195369818e+02
1.286449923836152266e+03 -3.754214329525830181e+02 -4.377620309923149193e+02
1.288382080187061547e+03 -3.758320196924809125e+02 -4.381112161793587916e+02
1.290301930142228684e+03 -3.762446183483475579e+02 -4.384629938388091546e+02
1.292208455902335800e+03 -3.766622270690574510e+02 -4.388115757895914157e+02
1.294110537530113106e+03 -3.770869879693902931e+02 -4.391693797541530557e+02
1.296002892831730833e+03 -3.775179856908412717e+02 -4.395398453023689740e+02
1.297895905886926130e+03 -3.779477729589648902e+02 -4.398946976916249127e+02
1.299778489772595321e+03 -3.783684129561969485e+02 -4.402630899247648131e+02
1.301659168657586406e+03 -3.787947338529918966e+02 -4.406278892113042502e+02
1.303531096348392794e+03 -3.792202054599578105e+02 -4.409993197683896824e+02
1.305394516817306567e+03 -3.796514255700636227e+02 -4.413674030474212486e+02
1.307248976507269845e+03 -3.800800626018233856e+02 -4.417470057298344273e+02
1.309087445314816250e+03 -3.805083183400435018e+02 -4.421296489503077396e+02
1.310923253920404477e+03 -3.809291235002451685e+02 -4.425250226127753308e+02
1.312749429606488320e+03 -3.813517679509853338e+02 -4.429288599360473881e+02
1.314565698760726264e+03 -3.817837472147548397e+02 -4.433252955637510127e+02
1.316373529236800323e+03 -3.822272567612715761e+02 -4.437193075253999268e+02
1.318171731450122707e+03 -3.826705807207275711e+02 -4.441270735557730518e+02
1.319972320619131551e+03 -3.831022069672558814e+02 -4.445451578742550964e+02
1.321761630378776090e+03 -3.835372150060140939e+02 -4.449678079908056816e+02
1.323540055280332581e+03 -3.839686922582088187e+02 -4.454091883779951218e+02
1.325301440284942828e+03 -3.844104985023163294e+02 -4.458278604938566332e+02
1.327052495419952720e+03 -3.848574466707451620e+02 -4.462125848834251656e+02
1.328793638396581173e+03 -3.853104931663900743e+02 -4.465795128224669952e+02
1.330522591153466919e+03 -3.857499246947454026e+02 -4.469550059750728792e+02
1.332243751316545286e+03 -3.861940746565999234e+02 -4.473394493114326451e+02
1.333949496725463177e+03 -3.866449924713420501e+02 -4.477049870796338382e+02
1.335660169545447161e+03 -3.870913113403481702e+02 -4.480797698734934897e+02
1.337364188716532908e+03 -3.875342761878353599e+02 -4.484490060812760817e+02
1.339048585955708859e+03 -3.879840980873228773e+02 -4.487811152386069011e+02
1.340749808507142234e+03 -3.884272679380059117e+02 -4.491308898059148191e+02
1.342443013789540828e+03 -3.888708945107262593e+02 -4.494732638642105371e+02
1.344132709611293649e+03 -3.893110406000789112e+02 -4.498227542865595296e+02
1.345828749424547368e+03 -3.897528448452933389e+02 -4.501767925555681700e+02
1.347513377042178490e+03 -3.901918970184109412e+02 -4.505107701715160147e+02
1.349202782295058341e+03 -3.906076052127474441e+02 -4.508610726156243800e+02
1.350874006695825301e+03 -3.910286616120673102e+02 -4.512100175200607737e+02
1.352536358693052989e+03 -3.914660994051832859e+02 -4.515623930227008032e+02
1.354193378074022121e+03 -3.919083831396438313e+02 -4.519091580215342674e+02
1.355867645506709096e+03 -3.923504080357873249e+02 -4.522587019715087422e+02
1.357547391985832292e+03 -3.927774518936668642e+02 -4.526081027188822645e+02
1.359226566457467243e+03 -3.931987780144793305e+02 -4.529540315073440979e+02
1.360902178490304550e+03 -3.936206799476659626e+02 -4.532806193838121089e+02
1.362575154305982551e+03 -3.940465854400168269e+02 -4.535793648734401700e+02
1.364251324155846532e+03 -3.944690862065990586e+02 -4.538862716391959111e+02
1.365937769130263860e+03 -3.948870651921130843e+02 -4.542090259982859379e+02
1.367624557656308070e+03 -3.953100382188875983e+02 -4.544982384682044199e+02
1.369286311694839924e+03 -3.957304202591288345e+02 -4.547789169980700308e+02
1.370941086183538573e+03 -3.961507886957496112e+02 -4.550545656244115662e+02
1.372611923019433789e+03 -3.965642826142070021e+02 -4.553516064170998447e+02
1.374293817531100558e+03 -3.969710520184441407e+02 -4.556505817131363187e+02
1.375977345048748930e+03 -3.973794668674205468e+02 -4.559481037524155340e+02
1.377665250743543993e+03 -3.977917998441997156e+02 -4.562332083565238463e+02
1.379348393093669529e+03 -3.982066398471473576e+02 -4.565108279941557612e+02
1.381025345710276724e+03 -3.986230391197072436e+02 -4.567861039759272330e+02
1.382702012155399871e+03 -3.990430666242726829e+02 -4.570655278688584531e+02
1.384377430083862691e+03 -3.994580248676913925e+02 -4.573445219777841544e+02
1.386052101267734997e+03 -3.998612366900448478e+02 -4.576304100048629380e+02
1.387724753084992699e+03 -4.002614799174214113e+02 -4.579273242284039611e+02
1.389401646621189911e+03 -4.006595353934823720e+02 -4.582273105850514412e+02
1.391063018141322573e+03 -4.010606142619681691e+02 -4.585282950719064843e+02
1.392724772223268474e+03 -4.014559205568186826e+02 -4.588454612912246944e+02
1.394406363256650138e+03 -4.018516786725820111e+02 -4.591576496130603005e+02
1.396088223323038619e+03 -4.022302442446318196e+02 -4.594743313502588649e+02
1.397771115530581483e+03 -4.026033114879265327e+02 -4.597884666377184999e+02
1.399449187109888726e+03 -4.029906435390651041e+02 -4.600889919497176379e+02
1.401141477856250958e+03 -4.033781337105339162e+02 -4.603887375396160451e+02
1.402821410991013408e+03 -4.037550157377733058e+02 -4.606862114012481015e+02
1.404499947759708220e+03 -4.041342244477700092e+02 -4.609675646888818505e+02
1.406169466362110370e+03 -4.044985531169778596e+02 -4.612560235152940322e+02
1.407836450056845479e+03 -4.048579802249188901e+02 -4.615454512814285408e+02
1.409503573634962322e+03 -4.052138024899117568e+02 -4.618299788761779610e+02
1.411155543810617928e+03 -4.055633121108705836e+02 -4.621239965609361207e+02
1.412800904914735611e+03 -4.059141236394505086e+02 -4.624107633709432434e+02
1.414452556518587699e+03 -4.062636783660561832e+02 -4.626891682588684489e+02
1.416072363652704780e+03 -4.066225391136133567e+02 -4.629498970145353951e+02
1.417696084034939759e+03 -4.069807800357324368e+02 -4.631996799238085600e+02
1.419303364000282500e+03 -4.073321667446492143e+02 -4.634371281463778018e+02
1.420906071374687599e+03 -4.076876753640832476e+02 -4.636621119370880137e+02
1.422494631080641511e+03 -4.080383880315715146e+02 -4.638989627485477740e+02
1.424078969338648676e+03 -4.083801710789907702e+02 -4.641351884512401398e+02
1.425652663202905387e+03 -4.087215126463859178e+02 -4.643670418012830510e+02
1.427215825868870525e+03 -4.090501066609900249e+02 -4.646053595535447016e+02
1.428789138875526533e+03 -4.093645443325302722e+02 -4.648338290888358415e+02
1.430345867275443197e+03 -4.096849235863350600e+02 -4.650682859342484221e+02
1.431897088962639373e+03 -4.100109619813399036e+02 -4.652986285465132710e+02
1.433438485852957911e+03 -4.103595916251798599e+02 -4.655190954413776012e+02
1.434972219776562270e+03 -4.107078699948304461e+02 -4.657190908549212054e+02
1.436509308766341064e+03 -4.110547241354605035e+02 -4.659310492586127452e+02
1.438021793270867875e+03 -4.114013954138057443e+02 -4.661555736963509844e+02
1.439538968992603486e+03 -4.117406120306457638e+02 -4.663882423131976225e+02
1.441038992922791067e+03 -4.120814060104501664e+02 -4.666138771085233543e+02
1.442521366275132550e+03 -4.124103379220247234e+02 -4.668511818835099803e+02
1.443996557376899773e+03 -4.127511645154963844e+02 -4.670871795019359638e+02
1.445468763070461819e+03 -4.130784693991877248e+02 -4.673490391628349130e+02
1.446920088809457184e+03 -4.134054439275801087e+02 -4.676251351327783254e+02
1.448357037218731875e+03 -4.137286420861017859e+02 -4.679126380814414574e+02
1.449781238482195249e+03 -4.140435887177821428e+02 -4.682190524466245165e+02
1.451186087015605608e+03 -4.143496107683657783e+02 -4.685265650799501032e+02
1.452582952493386301e+03 -4.146347479314795237e+02 -4.688735234031078107e+02
1.453961386526797924e+03 -4.149346914203045458e+02 -4.691982692848093848e+02
1.455322560936429227e+03 -4.152340947650583871e+02 -4.695159593272068719e+02
1.456663129861410198e+03 -4.155307869192390058e+02 -4.698546726674514389e+02
1.457994707571380332e+03 -4.158197940977559028e+02 -4.702042080624077016e+02
1.459314213822305646e+03 -4.161106210922798141e+02 -4.705643621953724960e+02
1.460613785515736026e+03 -4.163814756786046587e+02 -4.709447137661530292e+02
1.461895449806716670e+03 -4.166318289189178472e+02 -4.713510247353535760e+02
1.463164186150924479e+03 -4.168802631545128747e+02 -4.717845611850439127e+02
1.464404835191451639e+03 -4.171219373127125323e+02 -4.722209831573688348e+02
1.465621107412587435e+03 -4.173789046945747714e+02 -4.726484934047593924e+02
1.466816535538425114e+03 -4.176231132610104169e+02 -4.730942533532902985e+02
1.467973460766564813e+03 -4.178619136475532514e+02 -4.735359080078707166e+02
1.469136534884095227e+03 -4.181037574090829025e+02 -4.740083780247588265e+02
1.470285954657767434e+03 -4.183661640999673637e+02 -4.744798184959160494e+02
1.471386732292776742e+03 -4.186202682971405693e+02 -4.749441123297589797e+02
1.472491023874919620e+03 -4.188771790910450932e+02 -4.754291106910785061e+02
1.473567508199306076e+03 -4.191220707875144740e+02 -4.759284575920229372e+02
1.474602366072304676e+03 -4.193638892135314222e+02 -4.764274153305173627e+02
1.475641263919378844e+03 -4.196139401868185814e+02 -4.769416303242651907e+02
1.476621943337080211e+03 -4.198624917597675221e+02 -4.774555473289348129e+02
1.477617455645043037e+03 -4.200959164505686090e+02 -4.780236865416953265e+02
1.478595569556212922e+03 -4.203207892484537638e+02 -4.786137904238944429e+02
1.479496575766733258e+03 -4.205245885193388631e+02 -4.792232314959011319e+02
1.480419102490024670e+03 -4.207250372083240109e+02 -4.798836704735724084e+02
1.481339558538651545e+03 -4.209403749282357694e+02 -4.805548056688069209e+02
1.482200474794930642e+03 -4.211726021630344690e+02 -4.811930842597849960e+02
1.483079192915866315e+03 -4.213970083776135311e+02 -4.818906518306189355e+02
1.483865486373974363e+03 -4.216239085162682727e+02 -4.825692794361359006e+02
1.484693504627158518e+03 -4.218538299924966282e+02 -4.833035671480245128e+02
1.485510327550997545e+03 -4.220973455765011408e+02 -4.840425333518780349e+02
1.486242488756620560e+03 -4.223382998896930189e+02 -4.847525773601846595e+02
1.487018044163753984e+03 -4.225725150375480439e+02 -4.855209741876116709e+02
1.487752428375390764e+03 -4.228180958875138913e+02 -4.863032113495264070e+02
1.488393004506754778e+03 -4.230645069883238989e+02 -4.870758549016628649e+02
1.489073065593720912e+03 -4.233184139396039996e+02 -4.879022377359166853e+02
1.489642557752830044e+03 -4.235625519349616184e+02 -4.887106285628504452e+02
1.490248112697001943e+03 -4.238067196172949593e+02 -4.895790282073896265e+02
1.490820539672161658e+03 -4.240483501543043872e+02 -4.904682062681099524e+02
1.491276839172214068e+03 -4.242750881490055122e+02 -4.913269481354859067e+02
1.491744762399805268e+03 -4.244814171738433970e+02 -4.922525759654434410e+02
1.492195604454307158e+03 -4.247031177055331455e+02 -4.931851840958912589e+02
1.492548898940592380e+03 -4.249303887925242975e+02 -4.941031316397887849e+02
1.492952477747445755e+03 -4.251765630508435834e+02 -4.950699029645651308e+02
1.493264647982167389e+03 -4.254482367970594510e+02 -4.960093566756339669e+02
1.493601563875554575e+03 -4.257089555352346792e+02 -4.970007477238019646e+02
1.493879273882286498e+03 -4.259485710159677296e+02 -4.979971031433943836e+02
1.494037454900676039e+03 -4.261662518131116713e+02 -4.989757182674292153e+02
1.494204983599088791e+03 -4.263603327269705687e+02 -4.999922279467738804e+02
1.494330851723002979e+03 -4.265502121502482851e+02 -5.010154154732378515e+02
1.494368379410771468e+03 -4.267516733757705651e+02 -5.020128300591678112e+02
1.494420137652160747e+03 -4.269544582573226990e+02 -5.030566206517648311e+02
1.494462773627267779e+03 -4.271801541626190897e+02 -5.041237049971023225e+02
1.494417935561016066e+03 -4.274238610058328618e+02 -5.051470644257171330e+02
1.494388884091775253e+03 -4.276650648264617871e+02 -5.062093405788072573e+02
1.494261590470642886e+03 -4.278986848801920360e+02 -5.072377080369684563e+02
1.494151913305278640e+03 -4.281386982546349032e+02 -5.082974177648467276e+02
1.494019398134850690e+03 -4.283847656077062993e+02 -5.093643975121539142e+02
1.493792883865547310e+03 -4.286287607369044963e+02 -5.103967920308814996e+02
1.493587395718334847e+03 -4.288669988485880253e+02 -5.114711377298042407e+02
1.493360680342376781e+03 -4.291143684441565824e+02 -5.125470302354119667e+02
1.493034091775102070e+03 -4.293807406170093941e+02 -5.135878085391115064e+02
1.492739166653140273e+03 -4.296418488798378235e+02 -5.146701636954821879e+02
1.492345081876625954e+03 -4.299023488435505556e+02 -5.157057357275344884e+02
1.491991619847574839e+03 -4.301817775560407995e+02 -5.167946765597030208e+02
1.491611084403085215e+03 -4.304681323198082623e+02 -5.178824916127507549e+02
1.491118715905957515e+03 -4.307475488513106257e+02 -5.189145462750783508e+02
1.490696399699487074e+03 -4.310586586112111718e+02 -5.200206082351240866e+02
1.490228239958937593e+03 -4.313772271289538480e+02 -5.211199781398885307e+02
1.489653943436471991e+03 -4.317009671785395994e+02 -5.221764886340300791e+02
1.489114133018417078e+03 -4.320308883665830990e+02 -5.232662123642894585e+02
1.488541822413987575e+03 -4.323841920860737673e+02 -5.243476586357550104e+02
1.487882694045106973e+03 -4.327786905393999746e+02 -5.254075956736496664e+02
1.487281298645325478e+03 -4.331905781854407564e+02 -5.265277531072318880e+02
1.486590465847413043e+03 -4.336185052650467355e+02 -5.276216068125344236e+02
1.485960834761129945e+03 -4.340723661110349667e+02 -5.287703797447792340e+02
1.485308778226415143e+03 -4.345233990001116240e+02 -5.299286783989864489e+02
1.484543372057873967e+03 -4.349750424836489628e+02 -5.310074913436508268e+02
1.483814578116209532e+03 -4.354161812511388803e+02 -5.320703078172722371e+02
1.483039000139732025e+03 -4.358560396810119073e+02 -5.330951531524616485e+02
1.482149100643249767e+03 -4.363097239542498187e+02 -5.340384317120430069e+02
1.481302082580468095e+03 -4.367503854903628167e+02 -5.349899495378708707e+02
1.480342820052032039e+03 -4.371907009938548185e+02 -5.358606646477281856e+02
1.479413447331716725e+03 -4.376262897225348638e+02 -5.367183533339308497e+02
1.478448447851162655e+03 -4.380542485892691502e+02 -5.375336285227025428e+02
1.477368798644105027e+03 -4.384796304361273087e+02 -5.382614259007978035e+02
1.476328151718965728e+03 -4.388996769513325376e+02 -5.389888508869050838e+02
1.475252080971531086e+03 -4.393149127798358791e+02 -5.396651464997174799e+02
1.474089295883791010e+03 -4.397374585339333635e+02 -5.402924920652092169e+02
1.472962477593455333e+03 -4.401591063637148977e+02 -5.409152005977472299e+02
1.471748737890461598e+03 -4.405952909227833629e+02 -5.414804558855809091e+02
1.470569320538591228e+03 -4.410281356287793528e+02 -5.420495639965438386e+02
1.469365503939370001e+03 -4.414655941366265779e+02 -5.425820849859234158e+02
1.468058963510807416e+03 -4.418949811509431242e+02 -5.430376433221354091e+02
1.466796849550745264e+03 -4.423281592664321238e+02 -5.435325916444478480e+02
1.465512338215326736e+03 -4.427580292170208622e+02 -5.440173041745504179e+02
1.464152559220423427e+03 -4.431901243342041994e+02 -5.444268595205761585e+02
1.462822241880380716e+03 -4.436118970214843671e+02 -5.448370125830463166e+02
1.461453673164092606e+03 -4.440354150897036902e+02 -5.451896971362656359e+02
1.460010238306097335e+03 -4.444544159158071466e+02 -5.454499100538341736e+02
1.458601221724393554e+03 -4.448737601628677680e+02 -5.456747635146701896e+02
1.457133968490284133e+03 -4.452919893834851450e+02 -5.458247174717064354e+02
1.455673455726422617e+03 -4.457184288129397487e+02 -5.459641486939993911e+02
1.454199628437812862e+03 -4.461429435020262417e+02 -5.460789621235954883e+02
1.452687097030117684e+03 -4.465678183810430255e+02 -5.461634640601635056e+02
1.451174260615931189e+03 -4.469772330916896408e+02 -5.462225320473080501e+02
1.449638302435035712e+03 -4.473850018393176242e+02 -5.462666815649986347e+02
1.448072644308730105e+03 -4.478018728291249317e+02 -5.462832177405226730e+02
1.446508408056887902e+03 -4.482175886020744429e+02 -5.462941556387044102e+02
1.444920695238225562e+03 -4.486320248583864441e+02 -5.462715748297684968e+02
1.443303301911830886e+03 -4.490499677645584597e+02 -5.462141825363751195e+02
1.441690406396360686e+03 -4.494695868580677711e+02 -5.461461982337187919e+02
1.440067540288660894e+03 -4.498887388820290880e+02 -5.461001602523249403e+02
1.438447910131059416e+03 -4.503116940347922537e+02 -5.460452811161529780e+02
1.436790457771513047e+03 -4.507366489480656924e+02 -5.459737205832423115e+02
1.435139059638980143e+03 -4.511665148582498546e+02 -5.458904461448412349e+02
1.433485404007593161e+03 -4.515846146947512807e+02 -5.457916542405317841e+02
1.431822706368267973e+03 -4.520065793367677429e+02 -5.456852806162107754e+02
1.430165904889898911e+03 -4.524312839799537187e+02 -5.455743659988044101e+02
1.428524941083039948e+03 -4.528631861359386903e+02 -5.454514608188053444e+02
1.426887174309517150e+03 -4.532879314614145869e+02 -5.453333625387889469e+02
1.425245062396378898e+03 -4.537068092334591825e+02 -5.452106221051808461e+02
1.423598700435365799e+03 -4.541353353571104776e+02 -5.450971427604138171e+02
1.421954242322446589e+03 -4.545779032469801564e+02 -5.449974426766112856e+02
1.420305796073030251e+03 -4.550283920486114653e+02 -5.449131615334023309e+02
1.418662330528259872e+03 -4.554873294131897978e+02 -5.448392279476379372e+02
1.417015720352452945e+03 -4.559463674986653245e+02 -5.447712700865115494e+02
1.415372232097989809e+03 -4.564007539842847905e+02 -5.447294535504641999e+02
1.413746510727245777e+03 -4.568540029932563016e+02 -5.447134880087128295e+02
1.412116025569088379e+03 -4.573098480433460509e+02 -5.447019631133102848e+02
1.410500265498730414e+03 -4.577599928562974014e+02 -5.446962469971554128e+02
1.408882140910869111e+03 -4.582128882016679086e+02 -5.446919328693661555e+02
1.407263742595230269e+03 -4.586685859590670020e+02 -5.446989929524802392e+02
1.405659912240708309e+03 -4.591253838867920081e+02 -5.447285444105913257e+02
1.404052670847383752e+03 -4.595744102204966453e+02 -5.447646578256045586e+02
1.402459831534492650e+03 -4.600312009749936237e+02 -5.448138519181270567e+02
1.400876982317484135e+03 -4.604751436702484284e+02 -5.448667127448634346e+02
1.399310982918754235e+03 -4.609296744941869406e+02 -5.449287941733743992e+02
1.397746857730199963e+03 -4.613802633291587085e+02 -5.449999992294573303e+02
1.396188635659744932e+03 -4.618270934457460157e+02 -5.450738264430287927e+02
1.394649326429161647e+03 -4.622764142214921321e+02 -5.451370212158150252e+02
1.393127021928713930e+03 -4.627251760842340786e+02 -5.452232753125920226e+02
1.391610016965622663e+03 -4.631712429977879992e+02 -5.452988033578398017e+02
1.390092090684586083e+03 -4.636248868441149966e+02 -5.453685463702793186e+02
1.388588893530622727e+03 -4.640835461623724996e+02 -5.454263245407466911e+02
1.387091968659642362e+03 -4.645481604071804327e+02 -5.454778742590204956e+02
1.385620792612426385e+03 -4.650130290204700145e+02 -5.455177455445555097e+02
1.384169309398894256e+03 -4.654859664620040007e+02 -5.455355404671219048e+02
1.382725715787175204e+03 -4.659567778969230289e+02 -5.455363361638389961e+02
1.381304204674891480e+03 -4.664324234868798840e+02 -5.455161111933481379e+02
1.379869852204887820e+03 -4.669059686705905960e+02 -5.454669026747671978e+02
1.378471692201543874e+03 -4.673816262786834272e+02 -5.454099910012257624e+02
1.377091599244733288e+03 -4.678771579644700296e+02 -5.453272029221839148e+02
1.375695743730523645e+03 -4.683759872928631012e+02 -5.451984505405505388e+02
1.374347399866750948e+03 -4.688798680273073387e+02 -5.450558350029244821e+02
1.373017191230509980e+03 -4.693946564917024489e+02 -5.448746057817747896e+02
1.371653794004031397e+03 -4.699130749791805215e+02 -5.446339096724485671e+02
1.370345583385838836e+03 -4.704331640049404655e+02 -5.443815219499267641e+02
1.368985208768461689e+03 -4.709583586682015266e+02 -5.440248945972097090e+02
1.367686383386625266e+03 -4.714828979403317817e+02 -5.436565020194612998e+02
1.366405622204744532e+03 -4.720291606926469399e+02 -5.432655808430704383e+02
1.365067337130503574e+03 -4.725931085563003080e+02 -5.427784098944711104e+02
1.363812739763137415e+03 -4.731635362940729124e+02 -5.422948436422494751e+02
1.362557919128403228e+03 -4.737486257136956169e+02 -5.417637184080499537e+02
1.361245435340061931e+03 -4.743432920282508007e+02 -5.411342772975848447e+02
1.360034163754903830e+03 -4.749579565888690809e+02 -5.405048082866294408e+02
1.358760389812902076e+03 -4.755585187275830208e+02 -5.397757066838911442e+02
1.357599815418643630e+03 -4.761697382246298957e+02 -5.390695393343504520e+02
1.356480907200083493e+03 -4.767771056286393332e+02 -5.383291183733181242e+02
1.355280637370533441e+03 -4.773918498739682263e+02 -5.374947461457289819e+02
1.354212349798805462e+03 -4.780068275656792025e+02 -5.366659208278040296e+02
1.353186786308009459e+03 -4.786162119473993357e+02 -5.357953922969611540e+02
1.352086894783486059e+03 -4.792310728581016974e+02 -5.348060200987687267e+02
1.351115892491510294e+03 -4.798501563894299693e+02 -5.338502612131386513e+02
1.350070420829839804e+03 -4.804754520716911088e+02 -5.327953251750985828e+02
1.349171914564940607e+03 -4.810928816151468936e+02 -5.317587488361928081e+02
1.348312978304466924e+03 -4.817089389352417470e+02 -5.306892654808650605e+02
1.347389495695793812e+03 -4.823293536801319874e+02 -5.295170199954808368e+02
1.346609852300622379e+03 -4.829529688042116504e+02 -5.283767978516048061e+02
1.345870753579413304e+03 -4.835782594606415614e+02 -5.272092733329621979e+02
1.345070552010645997e+03 -4.842196214441926827e+02 -5.259535343707351558e+02
1.344408074509581411e+03 -4.848452457511202738e+02 -5.247257202567653849e+02
1.343682364991529312e+03 -4.854857173297244231e+02 -5.234029638260651609e+02
1.343087736500744541e+03 -4.861298788697317264e+02 -5.221098042911078210e+02
1.342528927748635397e+03 -4.867782377837257854e+02 -5.207726397113433450e+02
1.341930862185750129e+03 -4.874345886072608209e+02 -5.193648119827710161e+02
1.341456995812479136e+03 -4.880911599552676989e+02 -5.179845143095567437e+02
1.341019798545049298e+03 -4.887515462754441273e+02 -5.165899975833318649e+02
1.340545216895249496e+03 -4.894212891671892862e+02 -5.151251504848974037e+02
1.340185193367005240e+03 -4.900858507231237695e+02 -5.136981333504702434e+02
1.339864684470972861e+03 -4.907535284169628653e+02 -5.122447082673884324e+02
1.339491475680573785e+03 -4.914293893674690707e+02 -5.107084555816120996e+02
1.339259540577933194e+03 -4.921009017066825777e+02 -5.092218217502729658e+02
1.338979370333140196e+03 -4.927571037906848801e+02 -5.076690656505726338e+02
1.338855726143482570e+03 -4.934553726070955690e+02 -5.061931940876576732e+02
1.338763021161938241e+03 -4.941466596216353651e+02 -5.046996003835833449e+02
1.338627140168638562e+03 -4.948749972681654299e+02 -5.031145585265854834e+02
1.338635143052142894e+03 -4.955779407387994411e+02 -5.015852492450676436e+02
1.338695213710958342e+03 -4.962869231705352604e+02 -5.000614713415210417e+02
1.338700236288111228e+03 -4.969940464781547007e+02 -4.984667179388639511e+02
1.338843801174511555e+03 -4.977043058278156877e+02 -4.969376949358078832e+02
1.338943695939439294e+03 -4.984054280951773421e+02 -4.953451063234467142e+02
1.339179632797783825e+03 -4.991132871809820699e+02 -4.938155969319843166e+02
1.339449819366930569e+03 -4.998286847227846579e+02 -4.922845182015444152e+02
1.339679958864102900e+03 -5.005542453166625023e+02 -4.906968188393031483e+02
1.340061951525296081e+03 -5.012785751985730940e+02 -4.891865580348324443e+02
1.340493738156614882e+03 -5.020066059835205579e+02 -4.876744250971386805e+02
1.340905203768296133e+03 -5.027326236481716251e+02 -4.861237129266223178e+02
1.341450906517901558e+03 -5.034495544037781087e+02 -4.846379096433797145e+02
1.341986567179384792e+03 -5.041721275698702698e+02 -4.831139999736273012e+02
1.342625090086516366e+03 -5.048805754233025596e+02 -4.816397010611306655e+02
1.343308639279309773e+03 -5.055769144174759049e+02 -4.801782046843074454e+02
1.343994586935820280e+03 -5.062633230295702447e+02 -4.787004044085021519e+02
1.344766666512124402e+03 -5.069444187298929592e+02 -4.772640286462355448e+02
1.345571089260535246e+03 -5.076241446493020817e+02 -4.758290541065998696e+02
1.346389338340845597e+03 -5.083016936259154477e+02 -4.743986771915875806e+02
1.347270036490782331e+03 -5.089721553655451203e+02 -4.729720095097813441e+02
1.348162445600743922e+03 -5.096305544123090385e+02 -4.715811088947376675e+02
1.349076955235389960e+03 -5.102767903703219190e+02 -4.701719983075935829e+02
1.350029482305713373e+03 -5.109236319714872820e+02 -4.687725180021017763e+02
1.350994439299194710e+03 -5.115732007332065336e+02 -4.673718415405798510e+02
1.351992521850970206e+03 -5.122259896861977495e+02 -4.659615123011012656e+02
1.352997478675905768e+03 -5.128789545545525925e+02 -4.645421998717653764e+02
1.353988852233235775e+03 -5.135245605603773811e+02 -4.631343850085413578e+02
1.354993658347821338e+03 -5.141712559677114314e+02 -4.617112604099567079e+02
1.356014552786656168e+03 -5.148280174468457062e+02 -4.602722827343449694e+02
1.357029555050084809e+03 -5.154900188930472495e+02 -4.588246082907417644e+02
1.358054334011118499e+03 -5.161522158586826663e+02 -4.573539848251735407e+02
1.359070748746131585e+03 -5.168171147792608053e+02 -4.558852030980455083e+02
1.360098852892932427e+03 -5.174849446523774077e+02 -4.544079976618860996e+02
1.361129454019598597e+03 -5.181583669226241682e+02 -4.529102928851847878e+02
1.362184505660608238e+03 -5.188481975795307335e+02 -4.513642340504054573e+02
1.363200912963263363e+03 -5.195357133436515369e+02 -4.498546104453270118e+02
1.364247231650414506e+03 -5.202388517888922479e+02 -4.482885483875527939e+02
