0.000000000000000000e+00 0.000000000000000000e+00 0.000000000000000000e+00
1.616428851466595457e-02 4.408438040578827391e-03 -1.180550778425488827e-03
2.125394102167151369e-02 -1.017532375168784392e-02 1.083163997515411078e-02
2.694492415195466270e-02 -1.929673207003937407e-02 3.360824677084767176e-02
3.465250623083114545e-02 -1.810043316623240542e-02 7.340117899796347323e-02
3.298815602038732142e-02 -9.286883949314674730e-03 1.149760960048841485e-01
3.056063304631749175e-02 4.112175092318379535e-03 1.818405241144598894e-01
2.255986298771440676e-02 1.124023435338215686e-02 2.597362121179326300e-01
1.722914818436051959e-02 2.449873112608201911e-02 3.634178751721650058e-01
2.026773264401031394e-03 4.643324937510433931e-02 4.971471068331024812e-01
-2.203666663748440890e-02 6.402085573991497802e-02 6.513411692886594828e-01
-5.039537830043885891e-02 8.115484034094389010e-02 8.635358649588192881e-01
-8.535381826061529120e-02 9.626942619610004415e-02 1.059717566613915807e+00
-1.293621066313633272e-01 1.124925179280425735e-01 1.319337530244482970e+00
-1.843471431108307246e-01 1.112496567474601655e-01 1.628798680182396375e+00
-2.455285890269214011e-01 1.148570047994416782e-01 1.978544699862669232e+00
-3.121168431798637122e-01 1.226243730190682696e-01 2.356703893534764394e+00
-3.923522138317306340e-01 1.295115599096069159e-01 2.763897218930746025e+00
-4.847477239936001103e-01 1.361641254767561870e-01 3.205524682790579227e+00
-5.914323217765177221e-01 1.349500441527028138e-01 3.680213017221107386e+00
-7.035935530260185589e-01 1.195180921929007850e-01 4.174363373067770056e+00
-8.236154190870152991e-01 1.063852021256987690e-01 4.690790277158984445e+00
-9.506903884242965397e-01 1.029993226971752662e-01 5.238186610177332447e+00
-1.086297085786089633e+00 1.026794287241556275e-01 5.827238610622794468e+00
-1.237439907650806692e+00 1.056623288750563466e-01 6.459508371090390000e+00
-1.396365276920591203e+00 1.026384904481337373e-01 7.129867673491230740e+00
-1.566182284095905652e+00 9.537880670762249880e-02 7.834936907914527460e+00
-1.747884657287828603e+00 9.317736004406616812e-02 8.551042062102503394e+00
-1.945145293927990515e+00 9.113929387342988020e-02 9.316233400386842334e+00
-2.155040267625563555e+00 9.077335781909473544e-02 1.012977517051428578e+01
-2.381909987740336021e+00 8.471255515137131320e-02 1.097532611919054446e+01
-2.622651811339467010e+00 7.051325132927567518e-02 1.185620656774474213e+01
-2.873644715982445419e+00 5.987926034889197446e-02 1.277000225846110304e+01
-3.134787752964198315e+00 6.266621621326234903e-02 1.370773565782123882e+01
-3.412331929242907513e+00 7.330115759399455366e-02 1.469029710799405031e+01
-3.707760945144851217e+00 7.585114751877090888e-02 1.570551251061197995e+01
-4.012277957780232995e+00 7.002036548221074463e-02 1.674822611909697656e+01
-4.323444696319451275e+00 5.450737397403094403e-02 1.781368226510142705e+01
-4.652818567148345075e+00 3.754133981611580684e-02 1.890432065131041384e+01
-4.995327270824108545e+00 2.404218357009623927e-02 2.003356251900503082e+01
-5.347962772897423278e+00 5.213794108782032755e-03 2.114361451688938232e+01
-5.712102141767901209e+00 3.527023981252395100e-03 2.229443852231814560e+01
-6.074356141679979615e+00 3.156028079529114155e-03 2.346358188748621032e+01
-6.447426444661769729e+00 -6.967524423380395959e-03 2.464027865030229236e+01
-6.830201826934303000e+00 -2.485713357563043568e-02 2.582414020078054406e+01
-7.211045834217511441e+00 -4.136471688780375688e-02 2.701829869110890314e+01
-7.593753464041217427e+00 -5.288433070890329740e-02 2.821542264611066742e+01
-7.981848189428232487e+00 -6.393998227831590442e-02 2.942893758137311622e+01
-8.376795027247245784e+00 -9.143870277984542105e-02 3.067499277629784160e+01
-8.774574912439467411e+00 -1.104543695273047660e-01 3.188993603071897098e+01
-9.175181058533292244e+00 -1.296071152647882418e-01 3.310906466201550558e+01
-9.579143176197208120e+00 -1.480123556327227197e-01 3.432028148819788527e+01
-9.978481911407214966e+00 -1.661749650773370335e-01 3.551818032221011379e+01
-1.037386492535176075e+01 -1.935539333372475190e-01 3.670056225373134140e+01
-1.077744204997679667e+01 -2.292451542336596260e-01 3.787275505976259637e+01
-1.117774470007858767e+01 -2.584389248489699087e-01 3.903998332564257367e+01
-1.158097175138321511e+01 -2.961002497330010863e-01 4.019187729469061310e+01
-1.198416940400326780e+01 -3.409251123239767090e-01 4.133797975707685879e+01
-1.238783455338323058e+01 -3.853651387208639201e-01 4.246827413884061286e+01
-1.279227900577846455e+01 -4.343550784733654635e-01 4.358903691387222779e+01
-1.318401968013651171e+01 -4.873911149224358086e-01 4.468791424432990311e+01
-1.357180186019974322e+01 -5.343942933788815575e-01 4.577661468623615804e+01
-1.395887291177242950e+01 -5.722186614879377631e-01 4.686909312498102054e+01
-1.434940981610748345e+01 -6.147080347083546670e-01 4.793016231718259235e+01
-1.473337545956023753e+01 -6.752992017727178498e-01 4.899122139436668277e+01
-1.511135711035078444e+01 -7.421470667434100221e-01 5.003854990328743213e+01
-1.549285584659829595e+01 -8.116094879654139893e-01 5.109320817830930395e+01
-1.587353103242647379e+01 -8.754837075692937232e-01 5.216036906272348972e+01
-1.624741085317350198e+01 -9.328880188217527625e-01 5.324686287732479428e+01
-1.660816995237029303e+01 -9.856620635820639853e-01 5.434604931643418979e+01
-1.696232510748829725e+01 -1.040540094124590587e+00 5.546351359820195626e+01
-1.731499818024273196e+01 -1.089495899515597666e+00 5.657665523530644691e+01
-1.764899538766741927e+01 -1.142036765774923301e+00 5.771409618104101469e+01
-1.797944424338790270e+01 -1.188025948393216513e+00 5.886220800667447151e+01
-1.830616156023699759e+01 -1.226749361876156241e+00 5.999777232042394814e+01
-1.862390259996224984e+01 -1.267270534285306782e+00 6.114667906791285645e+01
-1.893193595865508527e+01 -1.297488411196060509e+00 6.229512027864522850e+01
-1.922590836617523991e+01 -1.318090613532306277e+00 6.343870077022721432e+01
-1.950404993403928344e+01 -1.319617489932073395e+00 6.456675210442493551e+01
-1.975732031827507740e+01 -1.315298952757576911e+00 6.567945146534648870e+01
-1.997980435763621898e+01 -1.294957648472068401e+00 6.675134183552587785e+01
-2.016242152912831997e+01 -1.238354434343323929e+00 6.776950813866770318e+01
-2.030719116642389466e+01 -1.147727913978690006e+00 6.875187493135884154e+01
-2.041842369075894936e+01 -1.032025876237759654e+00 6.968400406204757758e+01
-2.050251220358932258e+01 -8.879709209160471239e-01 7.056320138618394822e+01
-2.056266596983936168e+01 -7.457934142050477444e-01 7.142266818068809187e+01
-2.059359908106500825e+01 -5.833631710723435893e-01 7.224514142603419486e+01
-2.059464052744726459e+01 -4.027042748218792600e-01 7.302079781105480549e+01
-2.056209068368195858e+01 -2.184405961138110308e-01 7.376264648431394733e+01
-2.049301696760444713e+01 -1.548968256318161707e-02 7.446624389633882402e+01
-2.037410533281762071e+01 2.023924650434485439e-01 7.510118663613756951e+01
-2.020689590314505324e+01 4.574501276833632391e-01 7.567683320428807292e+01
-2.000005144265998780e+01 7.359008292205356794e-01 7.616847003658396886e+01
-1.974892467873058877e+01 1.044403095566835082e+00 7.659271981347355052e+01
-1.945529768838122209e+01 1.361461779105684666e+00 7.696239113676513455e+01
-1.912781840247701126e+01 1.691605499479784891e+00 7.725403183496348447e+01
-1.876765901774255596e+01 2.019117306510995746e+00 7.748900780777678676e+01
-1.839488372411896222e+01 2.355127538184131453e+00 7.769742859142209568e+01
-1.799080269807105026e+01 2.690181623489876106e+00 7.784517449018672153e+01
-1.755616768702964947e+01 3.026542617258147772e+00 7.796770833718659333e+01
-1.708732511498381612e+01 3.375618814044631932e+00 7.800548499788077095e+01
-1.657590289300818753e+01 3.752554547429898690e+00 7.797025819172145589e+01
-1.606951712606359806e+01 4.138456632486853692e+00 7.788919776722194399e+01
-1.552971500072415800e+01 4.519486863383084696e+00 7.775301223161075370e+01
-1.496526887342733936e+01 4.898750419520341737e+00 7.760656225447498002e+01
-1.438965449096886218e+01 5.287488946387687960e+00 7.744079111397579140e+01
-1.380668206537086817e+01 5.670815118957835743e+00 7.725659591125004511e+01
-1.322006908160767402e+01 6.046117582041712346e+00 7.706486877213272635e+01
-1.260919833661687228e+01 6.417818349564730518e+00 7.687480086527585854e+01
-1.200147351672921658e+01 6.779272440493632423e+00 7.669929316000195740e+01
-1.138261780676937285e+01 7.121384823802317854e+00 7.653642793040990000e+01
-1.075062680288871420e+01 7.468803872590969561e+00 7.633013808722701299e+01
-1.011918881848283824e+01 7.817625991896031579e+00 7.614708654601055571e+01
-9.470787198963460440e+00 8.171191119218208954e+00 7.596281402993575682e+01
-8.811589402506307067e+00 8.524442739944111835e+00 7.577174127022381356e+01
-8.151481212446524793e+00 8.846419101486594272e+00 7.564690427903829573e+01
-7.480054367739477961e+00 9.169738364866638847e+00 7.551665658115339852e+01
-6.816768401588736204e+00 9.480553744805620298e+00 7.542410912275886403e+01
-6.147266480788203147e+00 9.799014578129458641e+00 7.534947609545679370e+01
-5.463932972700133561e+00 1.011559931728193540e+01 7.528297989961069447e+01
-4.773063365676618375e+00 1.041460877260281848e+01 7.527953746992328377e+01
-4.074415419269748817e+00 1.071028874189057412e+01 7.529559872076089277e+01
-3.374633115059872956e+00 1.099630055989145916e+01 7.531607061317320984e+01
-2.678791399116131622e+00 1.128020348304121967e+01 7.534645663987689090e+01
-1.977396582239504319e+00 1.158695489213047658e+01 7.531035614811892742e+01
-1.275298627104042737e+00 1.187011607431258042e+01 7.531265339525566560e+01
-5.640920390454784439e-01 1.215803913543000547e+01 7.534360821707380751e+01
1.339731493112144012e-01 1.243489915564257231e+01 7.538326493088035818e+01
8.497100603725343815e-01 1.271482969588775624e+01 7.538898672678813284e+01
1.558035676893419375e+00 1.299826874537177623e+01 7.538772389911333960e+01
2.271322334666392440e+00 1.328285233457015124e+01 7.538150406903248779e+01
2.991026325744012837e+00 1.357409025552198401e+01 7.536490897923725640e+01
3.716111127396548586e+00 1.387674444461368672e+01 7.534689695315729807e+01
4.432969358013100880e+00 1.417305801429969847e+01 7.532189219459407070e+01
5.146263473835769986e+00 1.446888215385718190e+01 7.529684408273595864e+01
5.868522014427089317e+00 1.476643332666612096e+01 7.527867927652560809e+01
6.588073043698499553e+00 1.505975221987926105e+01 7.525624183881454599e+01
7.303215390244288230e+00 1.536426438562207686e+01 7.522598842906212724e+01
8.027977426133380945e+00 1.566839130099049093e+01 7.519196544814751348e+01
8.744815184783636397e+00 1.597604387007396731e+01 7.516793566268646032e+01
9.470258840986360838e+00 1.628591321903326872e+01 7.515892780569924980e+01
1.019840302871934412e+01 1.659849267373622084e+01 7.514247022889428251e+01
1.093164867398194140e+01 1.691056143430392567e+01 7.512630210300267208e+01
1.166183614135772473e+01 1.721852826633338651e+01 7.509742316111484683e+01
1.241054034903859637e+01 1.752287808193308649e+01 7.506412509888092188e+01
1.315013802756286942e+01 1.782267062781100719e+01 7.504316811995606429e+01
1.390383703813014549e+01 1.810932374976106374e+01 7.504432964554710850e+01
1.466071037554145740e+01 1.839761016837191221e+01 7.505778354533930496e+01
1.542333287183188695e+01 1.868426212163567612e+01 7.508520091613499403e+01
1.619620845470889492e+01 1.895909474931537630e+01 7.512840166783787765e+01
1.696705957251448282e+01 1.923799092588588522e+01 7.516713161987897251e+01
1.774185533978517526e+01 1.951384894406854897e+01 7.520699004947219635e+01
1.852098469056313590e+01 1.979729180649504983e+01 7.525137536582320763e+01
1.931093854905535778e+01 2.007874571283915799e+01 7.529186655185439747e+01
2.009865619307176132e+01 2.035901663165780562e+01 7.535003459941049186e+01
2.086009471297086648e+01 2.062803079440890386e+01 7.541005360858613926e+01
2.163623102026902956e+01 2.089794344106359603e+01 7.547229572022523314e+01
2.241867509122520374e+01 2.115844470332271499e+01 7.553933916961877060e+01
2.321346612135876342e+01 2.141737921433828618e+01 7.561616270315076349e+01
2.398878272333997685e+01 2.166974921110567820e+01 7.568930518106992622e+01
2.478698338527481226e+01 2.193142786563718616e+01 7.576992890538315351e+01
2.557639134760107424e+01 2.220502713079152812e+01 7.586496190222582925e+01
2.636550862169989884e+01 2.248532562303360294e+01 7.597091699745581650e+01
2.713679879620070778e+01 2.277177491383798369e+01 7.607689337953924280e+01
2.792393542089891412e+01 2.305780386319693775e+01 7.616588631741500137e+01
2.867766823466460124e+01 2.335742904631065286e+01 7.624678377540310237e+01
2.943989768850922317e+01 2.365411133823582901e+01 7.632986114980808168e+01
3.019187978457723887e+01 2.394969712876259038e+01 7.643009775106568782e+01
3.091833242145467864e+01 2.424534046915996299e+01 7.652615039778744688e+01
3.164356794825463837e+01 2.454346991130646316e+01 7.663743400634798775e+01
3.237395876683095963e+01 2.484082000149502889e+01 7.674585164367816503e+01
3.307597119401802388e+01 2.513688524832127058e+01 7.685404133226292345e+01
3.377790772565026600e+01 2.543876474752391914e+01 7.696139719102204424e+01
3.447870348527174400e+01 2.574434140394390624e+01 7.706080032672086588e+01
3.515484300589955780e+01 2.604914506945809904e+01 7.715301982442449003e+01
3.582465339635979973e+01 2.635401169664945087e+01 7.723543100854061549e+01
3.648911349392192704e+01 2.666283332069806988e+01 7.731646933987778425e+01
3.715330294940531530e+01 2.697237568204394975e+01 7.739233593188968996e+01
3.779639805028660504e+01 2.728141218441529503e+01 7.746903858918854269e+01
3.843905545309124960e+01 2.757878243904873372e+01 7.754921094411355398e+01
3.907265604775788148e+01 2.787754914062138312e+01 7.763361941386054355e+01
3.969955721050572350e+01 2.817710033586591933e+01 7.771285893766803099e+01
4.032096183846314830e+01 2.849050467785263763e+01 7.779529059016604720e+01
4.092555489061340523e+01 2.881067619809915570e+01 7.786833070046789373e+01
4.151586845883127808e+01 2.911759068123577876e+01 7.794594648075019450e+01
4.209580184309589868e+01 2.942324736588363265e+01 7.802728377287016315e+01
4.268160063810006477e+01 2.972408243958938812e+01 7.811063020762578901e+01
4.321493709980011033e+01 3.003471187348416649e+01 7.817158462423451226e+01
4.377716355121787473e+01 3.035012884436085656e+01 7.821802371744682603e+01
4.431419764708181219e+01 3.067323068132898101e+01 7.825268252781182809e+01
4.486345619295212828e+01 3.100445038232933825e+01 7.825713756477441052e+01
4.540624608745278579e+01 3.133926838086670585e+01 7.825025804627036052e+01
4.593356766376995637e+01 3.168003304299315204e+01 7.823469606619529770e+01
4.646930349483825751e+01 3.203181766144792419e+01 7.820018116187199553e+01
4.700526525335897787e+01 3.238915796511300016e+01 7.815534086134753977e+01
4.753842836330309041e+01 3.275331650087670710e+01 7.810158371292777701e+01
4.807216222195434341e+01 3.310741808809180498e+01 7.804297151014237954e+01
4.861775872982791924e+01 3.346665501580537949e+01 7.797593821695747351e+01
4.915931119079244382e+01 3.383117196417016004e+01 7.788941616293021752e+01
4.971172797429896661e+01 3.420512574259723948e+01 7.781172233307378860e+01
5.026210027909038303e+01 3.456028771494385410e+01 7.773774622627382769e+01
5.082190971083044673e+01 3.492631915647339724e+01 7.766699954963129926e+01
5.138301615378233578e+01 3.528438340910076931e+01 7.759294969690392918e+01
5.195263151966582171e+01 3.563044051360351006e+01 7.752959020317143768e+01
5.253881908227558739e+01 3.598318030554734293e+01 7.748236186980322771e+01
5.311374337819496105e+01 3.633852596173285576e+01 7.742689533285069103e+01
5.368928953288369854e+01 3.668995326021329362e+01 7.738520697147777128e+01
5.429084004917849882e+01 3.703457552152822529e+01 7.736700587618761915e+01
5.486190830060383661e+01 3.737418500765262763e+01 7.736291686056142680e+01
5.546757584200629765e+01 3.770081207463204009e+01 7.738527172766526974e+01
5.606197809229751527e+01 3.802485711634987808e+01 7.742671914524383681e+01
5.666119517174394815e+01 3.835340211745506878e+01 7.748604462422075301e+01
5.727113531186279971e+01 3.869056869687227618e+01 7.756521007993350736e+01
5.790489103566844165e+01 3.902873512822249324e+01 7.765413526650358733e+01
5.854093264464485458e+01 3.936997446885295204e+01 7.773898398871888560e+01
5.920185343769659170e+01 3.971291026968754778e+01 7.782715015117429402e+01
5.987610513494631448e+01 4.006357848246377529e+01 7.791503740384342791e+01
6.056258777844777086e+01 4.041576579912717904e+01 7.801872874883390807e+01
6.126230283827162992e+01 4.077788823000039997e+01 7.812736775174296611e+01
6.198008961997474842e+01 4.116279281597482509e+01 7.825609180675535015e+01
6.269655236688947753e+01 4.155090833001380446e+01 7.838908302915568527e+01
6.342636565696533779e+01 4.192499735560701879e+01 7.854951048022579130e+01
6.414589871778960628e+01 4.228024548822050122e+01 7.872637398722540070e+01
6.486214348010081210e+01 4.262346221299360138e+01 7.891116326405119707e+01
6.557414855430751288e+01 4.296726432866640977e+01 7.909030985896613686e+01
6.628726415401624195e+01 4.329668183951734761e+01 7.927541732633893901e+01
6.699401290629553785e+01 4.362469306222027399e+01 7.946266420262618624e+01
6.769101009666155733e+01 4.396481749477167966e+01 7.965556610335001153e+01
6.838001385317456027e+01 4.429154124457212305e+01 7.983634125231786527e+01
6.906249499082586851e+01 4.462339271967478282e+01 8.001492915451845533e+01
6.974455071360522140e+01 4.493798818175653764e+01 8.020901845928386820e+01
7.040132794120059145e+01 4.524608156815143190e+01 8.039518705615277838e+01
7.106355386285871134e+01 4.554423283214012486e+01 8.058581559748716927e+01
7.173056502335421669e+01 4.585050118361156990e+01 8.077562966504656572e+01
7.236504089493054437e+01 4.616466208794044945e+01 8.094441604524467948e+01
7.302563289580264438e+01 4.648089271441158132e+01 8.111708086214314051e+01
7.363906379595115936e+01 4.680229386998709629e+01 8.127182139365255864e+01
7.425766531967369133e+01 4.712552061998967190e+01 8.141549015755160212e+01
7.487175139822778647e+01 4.745444871636524198e+01 8.154625780732740736e+01
7.547489306766509287e+01 4.779007796715391976e+01 8.164530847834605254e+01
7.606656451032350219e+01 4.813345070481605603e+01 8.173132052950573723e+01
7.665349193635047698e+01 4.849072053508933067e+01 8.179227828480929929e+01
7.723086694919621209e+01 4.884868063574445785e+01 8.181063762579245235e+01
7.779990927384841370e+01 4.920679877599569352e+01 8.180729870151436955e+01
7.837563174861000448e+01 4.956453406757596980e+01 8.177896360242307594e+01
7.894329849939522603e+01 4.993614051493781147e+01 8.172924277642377433e+01
7.949855559156425500e+01 5.031945347335280871e+01 8.166176947651041473e+01
8.005215822592889197e+01 5.069922096968303293e+01 8.159071149488279673e+01
8.060219248403787162e+01 5.108537463146286939e+01 8.153224591223057871e+01
8.114919121726708795e+01 5.147935175372524697e+01 8.147660153643748515e+01
8.170055789815640424e+01 5.187225164891953000e+01 8.142680772346265883e+01
8.224543484960432238e+01 5.226593101292355925e+01 8.138373676499604414e+01
8.277308291018964326e+01 5.264653092279608160e+01 8.134294093528095004e+01
8.328311584168446302e+01 5.302708309639764650e+01 8.130931259624769325e+01
8.380340750557715523e+01 5.340265370805489908e+01 8.130338372092413124e+01
8.430970471872284122e+01 5.377737950633439823e+01 8.129799213373628675e+01
8.481553421175298979e+01 5.414700496779222050e+01 8.128992017209394305e+01
8.533358563903576055e+01 5.451095291157855627e+01 8.130838463293913776e+01
8.586024442666283107e+01 5.486413792204905349e+01 8.133725758738458467e+01
8.639322202321615407e+01 5.522685243644029640e+01 8.138292906429083473e+01
8.691661439358375674e+01 5.559640888459738761e+01 8.145397464972138835e+01
8.744108606743395740e+01 5.597448437589876846e+01 8.152919458932989016e+01
8.795593877932007842e+01 5.635821355715687275e+01 8.161250332379916017e+01
8.848272825443494582e+01 5.674785293990404966e+01 8.169780062719907221e+01
8.901398382770196349e+01 5.713431801949695910e+01 8.179430206986505425e+01
8.956411810144871311e+01 5.752524141060450091e+01 8.189638634867817757e+01
9.012855358762385549e+01 5.791790480539108898e+01 8.201449932925982012e+01
9.069758569864787034e+01 5.830838935980823834e+01 8.215105046091562713e+01
9.128360777758155109e+01 5.869799858065525200e+01 8.229815530338598251e+01
9.187166450942106621e+01 5.908713569967139989e+01 8.245338528764435182e+01
9.246305107026026349e+01 5.948014493326908791e+01 8.263301059598269660e+01
9.305005998098427256e+01 5.987226412768245609e+01 8.281464973847178612e+01
9.364638993625737839e+01 6.027929432836329937e+01 8.300567932246789837e+01
9.424885976778618613e+01 6.067842069486815859e+01 8.321535332056882339e+01
9.486737734987066517e+01 6.107452529533220797e+01 8.343504427578874072e+01
9.548753934604799554e+01 6.145820750620172390e+01 8.366815997780514635e+01
9.612530714226642203e+01 6.184255425089300218e+01 8.391746532809975179e+01
9.672631555267265924e+01 6.221827440935994247e+01 8.415137078081575339e+01
9.736217312093673115e+01 6.258087073530045075e+01 8.443270779211611909e+01
9.798390276909604779e+01 6.294364365759771829e+01 8.472895747944156142e+01
9.859996698082110811e+01 6.329534241855188270e+01 8.502437147298722664e+01
9.922699613636886795e+01 6.363796507678399195e+01 8.535414465318422117e+01
9.985180832858945621e+01 6.397351533410029134e+01 8.570032449453229617e+01
1.004932821605195983e+02 6.431379657726377275e+01 8.607549635630536500e+01
1.011156361776544799e+02 6.465309675526359001e+01 8.643845076473536437e+01
1.017582090903429304e+02 6.498614759205656810e+01 8.681211202095316537e+01
1.024048988320730729e+02 6.532622747971767296e+01 8.719231959715482105e+01
1.030547423151952273e+02 6.566967790306671304e+01 8.757701205827108026e+01
1.037003054082135662e+02 6.601576893120081024e+01 8.797274690568306710e+01
1.043517852027795385e+02 6.635366362468381851e+01 8.838225034933482505e+01
1.049913656145884602e+02 6.667796958197457968e+01 8.879497552262689908e+01
1.056399735356802552e+02 6.699055551764159588e+01 8.923122481090487668e+01
1.062642055284898817e+02 6.730161385976737165e+01 8.965970807240708496e+01
1.069046967370509549e+02 6.759738183691774793e+01 9.011009624201287238e+01
1.075443350153278033e+02 6.789156626260290750e+01 9.057319482558973789e+01
1.081636414244151183e+02 6.817102205937388248e+01 9.104260400069915704e+01
1.087770900822837348e+02 6.844251674575660616e+01 9.151003703960934388e+01
1.093834647038532211e+02 6.870239857263332794e+01 9.197449922862445248e+01
1.099990458149308239e+02 6.895500352910467257e+01 9.244149396734195534e+01
1.106074269265001959e+02 6.919327297894362516e+01 9.290351879334228613e+01
1.112234133685296058e+02 6.941937864815113812e+01 9.336934843141115437e+01
1.118084499335162860e+02 6.964932170454217442e+01 9.381883845310181869e+01
1.124114855918971330e+02 6.987519238973294478e+01 9.428148605022443007e+01
1.130203943717801565e+02 7.011016204762549364e+01 9.474146404121881915e+01
1.136323228176375295e+02 7.034704845718020749e+01 9.520032186096494797e+01
1.142510255352985524e+02 7.058457737483826122e+01 9.567126426160376695e+01
1.148426332557884422e+02 7.081860789046842797e+01 9.610675571643835724e+01
1.154473495218710468e+02 7.104976800104000745e+01 9.654659121120698728e+01
1.160672260317196560e+02 7.128169653293210217e+01 9.699214069979187514e+01
1.166788315722272955e+02 7.151964650005942303e+01 9.742521895806538623e+01
1.172874868670139819e+02 7.176938899063151212e+01 9.784248540455521947e+01
1.179006451414682459e+02 7.201761085396067585e+01 9.824889323409149711e+01
1.185097531770776982e+02 7.226579387072480642e+01 9.862779290839162627e+01
1.191036959821995254e+02 7.251561072233212712e+01 9.901205632385125455e+01
1.197079771526069578e+02 7.277260492851861784e+01 9.939594681493392159e+01
1.203223485019735506e+02 7.302016855635891091e+01 9.978266761676789542e+01
1.209239429057142559e+02 7.326828907095776344e+01 1.001483260154704737e+02
1.215509617408247891e+02 7.352295686209660630e+01 1.005259514520088686e+02
1.221663696058567865e+02 7.378220756131017311e+01 1.008737632594722271e+02
1.227942271660118507e+02 7.403880168115412630e+01 1.012359363189219437e+02
1.234323175169682543e+02 7.429612950472058230e+01 1.016091509766168599e+02
1.240626782476620349e+02 7.454996137162271452e+01 1.019974199836388635e+02
1.246900012064141947e+02 7.480853350399793555e+01 1.023818631229682978e+02
1.253306515141543827e+02 7.505768899112194958e+01 1.027960880367742504e+02
1.259652683176039147e+02 7.529928365960169856e+01 1.032342353648378150e+02
1.266142137785477786e+02 7.554052284367801917e+01 1.036707472810674204e+02
1.272697826930876062e+02 7.577635314067777017e+01 1.041118195371120265e+02
1.279301556437001182e+02 7.600143900729392499e+01 1.045593022749355612e+02
1.285976884516946086e+02 7.623222099276671315e+01 1.050080450208105134e+02
1.292766786278736220e+02 7.645327769879881430e+01 1.054734013670867796e+02
1.299626064947185853e+02 7.667468885798609790e+01 1.059307313224919227e+02
1.306578376165942359e+02 7.688671914699291676e+01 1.064222445893715872e+02
1.313625968739854670e+02 7.710149735364497303e+01 1.069085700815634823e+02
1.320733423050226065e+02 7.732394782223589402e+01 1.074155821241600961e+02
1.327860684254919192e+02 7.753530187278350638e+01 1.079405761313708183e+02
1.335184298785860051e+02 7.772835440614838376e+01 1.084899828030193447e+02
1.342205360420102522e+02 7.793077086619652505e+01 1.090124098535467425e+02
1.349348989096922935e+02 7.813061807358694466e+01 1.095334058556677519e+02
1.356938128220217266e+02 7.831832931339829429e+01 1.100618068857453409e+02
1.364297693169419006e+02 7.851842240683689056e+01 1.105595276042539865e+02
1.371678300483670228e+02 7.872419593150728190e+01 1.110340788529979221e+02
1.379152718772837716e+02 7.893773532711128382e+01 1.114939032430776251e+02
1.386645873822248518e+02 7.914518230238596175e+01 1.119478380970540030e+02
1.394074527911366772e+02 7.935013977868031532e+01 1.123718579811006606e+02
1.401414567586226383e+02 7.956211894756816605e+01 1.127795601488213748e+02
1.408722062063788485e+02 7.977727362853518400e+01 1.131955849429609486e+02
1.415860561038105629e+02 7.998516020244082370e+01 1.135920799055376733e+02
1.423191999963434569e+02 8.019050492580743139e+01 1.139995964434369000e+02
1.430194058984028516e+02 8.040502594158895988e+01 1.143890790495531888e+02
1.437083427586439939e+02 8.061703960149472437e+01 1.147810359956093578e+02
1.444074499523967461e+02 8.082521317921627713e+01 1.151674891462482435e+02
1.451124912189247880e+02 8.104078653529005294e+01 1.155350154068651847e+02
1.458093527943211996e+02 8.125809087277504261e+01 1.158827198489235002e+02
1.465017304907965183e+02 8.147075556939834939e+01 1.162226934785873738e+02
1.471867179326067117e+02 8.168519755982924835e+01 1.165424523459837189e+02
1.478593654766705754e+02 8.190377972973186615e+01 1.168511730767396415e+02
1.485278412974855371e+02 8.212272393855889163e+01 1.171626820301869998e+02
1.492068394611515600e+02 8.233969393550111704e+01 1.174678940204246231e+02
1.498626360101019372e+02 8.256578211880201934e+01 1.177532733820488176e+02
1.505252342677107436e+02 8.278554587728926606e+01 1.180561717791653393e+02
1.511798257372840908e+02 8.300656576297552647e+01 1.183453155199178752e+02
1.518309496681700068e+02 8.323358892378608687e+01 1.186155529158236419e+02
1.524808102305508442e+02 8.346262656634456789e+01 1.188813511635472935e+02
1.531231685689006952e+02 8.369506212840926196e+01 1.191515635556894779e+02
1.537498591209193535e+02 8.391832072527151354e+01 1.194256232853069406e+02
1.543720003802105509e+02 8.415034122975612263e+01 1.197067839354196508e+02
1.549783613564731013e+02 8.437920821576990704e+01 1.199855883769375140e+02
1.555935637469132189e+02 8.461507999288474480e+01 1.202586599916255778e+02
1.562023721113767749e+02 8.485135495505464576e+01 1.205223325319114878e+02
1.567938595187377189e+02 8.508744762401823891e+01 1.207856509766618132e+02
1.573813632559414373e+02 8.532655614048502457e+01 1.210477949919574598e+02
1.579688495083439932e+02 8.556713158340600955e+01 1.213149165249732420e+02
1.585647090980833127e+02 8.580339546982087029e+01 1.215922079696564282e+02
1.591619611930370297e+02 8.603158465262548305e+01 1.218717029672700534e+02
1.597716893012790251e+02 8.625057542333229321e+01 1.221724158950617607e+02
1.603827171516470855e+02 8.647624826801465758e+01 1.224833926218950069e+02
1.610122611391050782e+02 8.669783571371972641e+01 1.227867735210711686e+02
1.616424722976655346e+02 8.692568200251689348e+01 1.230887319451229587e+02
1.622838304300259153e+02 8.714748319144605659e+01 1.233864292405034320e+02
1.629303321048534485e+02 8.736884423927921262e+01 1.236791349813500034e+02
1.635687197758115303e+02 8.758799405409796179e+01 1.239787336109401679e+02
1.642097793951254232e+02 8.779858349395662742e+01 1.242731623845232178e+02
1.648692273340530505e+02 8.800221345838998843e+01 1.245787284024952299e+02
1.655475662966948107e+02 8.819638966121530643e+01 1.248931675938277550e+02
1.662326700837008673e+02 8.839400935713092622e+01 1.251999796219599403e+02
1.669299790021975696e+02 8.859679551804484277e+01 1.255065951140813922e+02
1.676305723956540419e+02 8.878926075729826550e+01 1.258112118497759866e+02
1.683461050896480629e+02 8.897280100772552203e+01 1.260924183002174175e+02
1.690906314525879282e+02 8.916200730597790880e+01 1.263637657135151500e+02
1.698610632136094409e+02 8.935025709025933338e+01 1.266312650392694650e+02
1.706210154282352676e+02 8.953892748605608176e+01 1.268979180250536700e+02
1.713954200944658339e+02 8.972038469618681233e+01 1.271728163049096310e+02
1.721831488956710245e+02 8.988814777291597125e+01 1.274504152554104621e+02
1.729713863755309546e+02 9.006061288145178878e+01 1.277276521072784305e+02
1.737472482911966551e+02 9.022675936749311632e+01 1.280075607046888706e+02
1.745471797484998433e+02 9.037913056756323726e+01 1.283000079228160359e+02
1.753744141795905875e+02 9.052272045809949930e+01 1.286005935212661200e+02
1.762183339504011315e+02 9.065553888950020678e+01 1.289177094339034397e+02
1.770731219804762020e+02 9.077954670927044845e+01 1.292574874542670216e+02
1.779021799999067071e+02 9.088917964862720567e+01 1.295964424134733974e+02
1.787286564024148561e+02 9.100588642956630281e+01 1.299368093473344459e+02
1.795984485488429243e+02 9.112204267076832309e+01 1.302904382965556636e+02
1.804484089860096958e+02 9.124609367308650576e+01 1.306312711275141112e+02
1.813148085668270824e+02 9.136450394749610382e+01 1.309768116203053410e+02
1.821822704032665001e+02 9.148009151275985573e+01 1.313199845895897795e+02
1.830517332117893545e+02 9.159235669695554805e+01 1.316637565680683224e+02
1.839334161527494871e+02 9.170097137493750949e+01 1.319950426970670492e+02
1.848236312260469845e+02 9.180438241254790910e+01 1.323215917463123219e+02
1.857175940818564754e+02 9.190373777388876420e+01 1.326354363521626851e+02
1.866151942346443775e+02 9.200696712220529605e+01 1.329422409445024016e+02
1.875081447312030321e+02 9.211100820527572353e+01 1.332433894598486575e+02
1.884121962923638307e+02 9.221332593529452026e+01 1.335336644342470152e+02
1.893209859753429214e+02 9.231801324990875912e+01 1.338201671385776876e+02
1.902253541898450351e+02 9.241825508339258022e+01 1.341119920293912458e+02
1.911297357485245811e+02 9.251190766040814140e+01 1.343977570416933531e+02
1.920325295734402857e+02 9.260040807714270272e+01 1.346711223843842617e+02
1.929445607185298570e+02 9.269246667251421457e+01 1.349416756232728574e+02
1.938501429859776692e+02 9.278820493987110751e+01 1.352090888246791280e+02
1.947492053470733708e+02 9.288814118293836941e+01 1.354849330026942766e+02
1.956568013419195609e+02 9.298054040732806413e+01 1.357686457328792642e+02
1.965700873996195241e+02 9.307381105305957192e+01 1.360598600735938817e+02
1.974875595908002879e+02 9.316395862520127480e+01 1.363603465697420916e+02
1.983743488032393145e+02 9.325666773810873167e+01 1.366766857403850679e+02
1.992709897417012144e+02 9.333571147663411693e+01 1.370016461598121964e+02
2.001961461491021907e+02 9.341002642455427463e+01 1.373348402063158744e+02
2.010699120528167327e+02 9.348569865070747653e+01 1.376713055228554481e+02
2.019871325517393075e+02 9.355236913658603726e+01 1.380244688012140273e+02
2.028634089911992362e+02 9.362069512203538579e+01 1.383768631137447755e+02
2.037536496696253892e+02 9.368855229116675787e+01 1.387397066577701992e+02
2.046493008853255162e+02 9.374957594510482295e+01 1.391100173003902682e+02
2.055517598045817920e+02 9.381013878490001900e+01 1.394765200880471809e+02
2.064622059728079648e+02 9.387741606382105886e+01 1.398325768041067079e+02
2.073688440741534293e+02 9.394706798425909255e+01 1.401840724240297220e+02
2.082617107663769502e+02 9.402296497637786388e+01 1.405288984776245513e+02
2.091547627013584361e+02 9.409779790816359935e+01 1.408698970869632490e+02
2.100631544570198912e+02 9.417677491318579541e+01 1.411901903856267495e+02
2.109584671834782910e+02 9.425377464811987238e+01 1.414913646305590476e+02
2.118492295178529901e+02 9.432440099399468636e+01 1.417794775380179715e+02
2.127402151582764134e+02 9.439117981280384129e+01 1.420588112110413306e+02
2.136390175093216044e+02 9.445737509066913162e+01 1.423168865608742522e+02
2.145359782048963666e+02 9.451687294313907728e+01 1.425537222140233666e+02
2.154441497798474074e+02 9.458147112511474575e+01 1.427557214237739345e+02
2.163532679547407156e+02 9.464434377726287551e+01 1.429137189487638580e+02
2.172551035008028180e+02 9.472315653228730525e+01 1.430423358958346682e+02
2.181662084146256291e+02 9.481766799298337389e+01 1.431239407149293754e+02
2.190885639149631459e+02 9.493062814621504231e+01 1.431511946287754711e+02
2.200263265815066234e+02 9.505282357764649248e+01 1.431117899710435495e+02
2.209833467139561094e+02 9.518664484426926720e+01 1.430328970459570144e+02
2.219422634803617882e+02 9.532139815627709822e+01 1.429385339267123527e+02
2.229057489613648784e+02 9.546016537638871569e+01 1.428546018001452467e+02
2.238449087758261271e+02 9.559783830600490262e+01 1.427831070780539164e+02
2.247813426864746020e+02 9.572716096108794659e+01 1.427286077375211164e+02
2.257250152978039637e+02 9.584117526202147985e+01 1.426764269906787774e+02
2.266641960654403647e+02 9.594928399573836941e+01 1.426350933113362203e+02
2.276016895077859772e+02 9.604510567027581658e+01 1.425999016931959602e+02
2.285419170481862920e+02 9.614000869846699970e+01 1.425683448265029938e+02
2.294772474392466961e+02 9.623823956363986554e+01 1.425343821925012833e+02
2.304154524093599719e+02 9.634286781401553412e+01 1.425014981575623665e+02
2.313533424085790102e+02 9.644900624870321337e+01 1.424728248886583515e+02
2.322875054839151119e+02 9.655596865848895050e+01 1.424295380035406424e+02
2.332160879992521814e+02 9.666677757236811885e+01 1.423622494463558894e+02
2.341429380938712939e+02 9.677971875688609771e+01 1.422947795333885779e+02
2.350770990537760952e+02 9.689209829265706730e+01 1.422094595217500625e+02
2.360184847739212159e+02 9.699425391963664822e+01 1.421138313319741542e+02
2.369632615501946873e+02 9.710228767327618016e+01 1.420137137864329588e+02
2.379068868241658947e+02 9.719885275624159249e+01 1.419107358992824004e+02
2.388462496879636490e+02 9.730478041066078276e+01 1.418120630213274183e+02
2.397872784388007403e+02 9.742309954227806656e+01 1.417079794562709480e+02
2.407280460577522376e+02 9.753047444336911553e+01 1.416113449350941096e+02
2.416663724701726608e+02 9.763849868127807952e+01 1.415202085825188192e+02
2.426003372959796707e+02 9.774403703131652321e+01 1.414220855513689230e+02
2.435311220706863082e+02 9.786064625597593647e+01 1.413168214789056663e+02
2.444654455345401232e+02 9.798652663135477781e+01 1.411902768617059110e+02
2.453945020318999184e+02 9.810920616374804126e+01 1.410737965266168885e+02
2.463142768876586786e+02 9.823330674199969792e+01 1.409671205716619795e+02
2.472339573614145252e+02 9.834751320669919039e+01 1.408811091385028647e+02
2.481447171275073345e+02 9.845255278230330021e+01 1.408090667314841653e+02
2.490663628186454730e+02 9.854376673392775388e+01 1.407497215882564205e+02
2.499367576899217909e+02 9.863440417589687570e+01 1.407083467476637964e+02
2.508116662718007319e+02 9.871924171172994988e+01 1.406838521622401004e+02
2.516721141917171281e+02 9.879737812238585093e+01 1.406792148692571232e+02
2.525306166743415019e+02 9.886800432800025362e+01 1.406981721200876336e+02
2.533734497705644344e+02 9.893184125043551091e+01 1.407158271143717627e+02
2.542088592385247523e+02 9.899607282829039434e+01 1.407416299733547476e+02
2.550395117589594634e+02 9.906748408179880983e+01 1.407612870481432594e+02
2.558664788203271030e+02 9.915313014631230715e+01 1.407646091848224046e+02
2.566946225781264275e+02 9.923109555253387271e+01 1.407481804078535959e+02
2.575256957690728541e+02 9.930946145484658416e+01 1.407128692034683013e+02
2.583456487643755395e+02 9.939600668536161265e+01 1.406784867583593268e+02
2.591551965460446354e+02 9.948620045384242871e+01 1.406553994779416144e+02
2.599368141321811549e+02 9.958584510932425360e+01 1.406355665472800922e+02
2.607085421600460791e+02 9.969126650431576309e+01 1.406057125521364242e+02
2.614778539942454358e+02 9.981034971729329186e+01 1.405529872529589284e+02
2.622423398412682900e+02 9.993471031897190926e+01 1.404891093273475349e+02
2.630014550225272387e+02 1.000653528487631405e+02 1.404265214368198258e+02
2.637474812082364224e+02 1.001911961953313295e+02 1.403601685216550266e+02
2.644898164729158907e+02 1.003215003553339102e+02 1.402945353795710730e+02
2.652164539963865764e+02 1.004679001933577496e+02 1.402322731386180976e+02
2.659411498298997003e+02 1.006146882800178304e+02 1.401683571438570368e+02
2.666340506488679125e+02 1.007564637069620090e+02 1.401056567602419705e+02
2.673334125287292977e+02 1.008991250506285695e+02 1.400423654124717814e+02
2.680060381754475429e+02 1.010401522758811126e+02 1.399773519374832063e+02
2.686682766570946796e+02 1.011810585557186783e+02 1.399245262436958512e+02
2.693096010619073581e+02 1.013233793961411493e+02 1.398934096476085358e+02
2.699354058705499710e+02 1.014545164403407540e+02 1.398780952190162168e+02
2.705535953622576812e+02 1.015925928881292037e+02 1.398796208362399796e+02
2.711545354564109971e+02 1.017310234915077132e+02 1.399060005789482375e+02
2.717409504700764842e+02 1.018599265081437864e+02 1.399474421465587284e+02
2.723172407999242637e+02 1.019862687089921707e+02 1.400066670430137492e+02
2.728784867175470481e+02 1.021038419832117370e+02 1.400843264317633725e+02
2.734286398869246000e+02 1.022082595295987772e+02 1.401925054670108182e+02
2.739684696058239979e+02 1.022938900499243147e+02 1.403229456242814024e+02
2.745061945224575197e+02 1.023687795081060727e+02 1.404820649058052027e+02
2.750467803864248140e+02 1.024323394887058924e+02 1.406591342335336208e+02
2.755868454131284579e+02 1.024873887362393532e+02 1.408573892686585793e+02
2.761316545415721748e+02 1.025358551146127439e+02 1.410762421166081424e+02
2.766779907237357179e+02 1.025684044932607719e+02 1.413106842677354109e+02
2.772289222244571079e+02 1.025896677956941261e+02 1.415695580681188801e+02
2.777894634921418060e+02 1.026044697860396724e+02 1.418553738824911079e+02
2.783606030906014439e+02 1.026125082134994813e+02 1.421632886417190207e+02
2.789424052329738970e+02 1.026096143839692445e+02 1.424890424424798994e+02
2.795331549979814554e+02 1.025824493707336700e+02 1.428243474030535367e+02
2.801451305643351475e+02 1.025557792636241885e+02 1.431634313719924307e+02
2.807614092113651623e+02 1.025354378285612569e+02 1.435192176952939462e+02
2.813857264549703814e+02 1.025150023374873456e+02 1.438975431910297686e+02
2.820167274984292476e+02 1.024884976278869999e+02 1.442693278218065700e+02
2.826717178210310522e+02 1.024555170053931619e+02 1.446253422875583965e+02
2.833373910250293761e+02 1.024131731605372977e+02 1.449817215691489594e+02
2.840184713035194477e+02 1.023808231989435171e+02 1.453389456716113557e+02
2.847145573312753299e+02 1.023494830776227644e+02 1.456861376090460567e+02
2.854121029038814754e+02 1.023262473757809516e+02 1.460140639212863789e+02
2.861162585423000451e+02 1.023162242938732476e+02 1.463150017837191115e+02
2.868476242689174569e+02 1.023057648397402204e+02 1.466057419077797874e+02
2.875991226558599578e+02 1.022974690097239971e+02 1.468940067972949066e+02
2.883610329777260404e+02 1.022987297560036524e+02 1.471543523109403395e+02
2.891402226082424249e+02 1.022978555624091541e+02 1.473967915529655386e+02
2.899371387802256095e+02 1.022917119187937800e+02 1.476118331284526448e+02
2.907361580142277830e+02 1.022908565037000557e+02 1.477993975667926350e+02
2.915476903163848306e+02 1.022951688435642268e+02 1.479829524572419928e+02
2.923720872015714463e+02 1.022914476716838266e+02 1.481443161232554360e+02
2.932100399600865330e+02 1.022805050047568187e+02 1.482951040912796543e+02
2.940546368242721087e+02 1.022747536900441503e+02 1.484372742161492340e+02
2.949035378690825837e+02 1.022735050494098630e+02 1.485734118389550815e+02
2.957630179703808153e+02 1.022808436533909600e+02 1.486941601211657371e+02
2.966337182696333343e+02 1.022932795377631976e+02 1.488025785107779200e+02
2.975163605809176488e+02 1.023082216665284392e+02 1.489000528319771490e+02
2.984173125834244047e+02 1.023355652421074495e+02 1.489855981724163883e+02
2.993323813420632291e+02 1.023655709858428935e+02 1.490700850116353422e+02
3.002681307175049596e+02 1.023976847977704097e+02 1.491623011750045009e+02
3.011931978312499609e+02 1.024291730551477002e+02 1.492498634909092345e+02
3.021403035870490612e+02 1.024567316058794830e+02 1.493412368260777043e+02
3.030920611070703785e+02 1.024762152710089822e+02 1.494374593547349548e+02
3.040549048488641120e+02 1.025029261980982369e+02 1.495413315545879414e+02
3.050344050447678796e+02 1.025246083611465338e+02 1.496489729754669042e+02
3.060211604890053536e+02 1.025462019537551583e+02 1.497542039054279428e+02
3.070219541426768046e+02 1.025639538729204929e+02 1.498744067058665905e+02
3.080237973546701369e+02 1.025864927049983919e+02 1.500107682367674045e+02
3.090292817030492643e+02 1.026065407655939481e+02 1.501710261981009467e+02
3.100409146162234038e+02 1.026260337944911782e+02 1.503520669809042261e+02
3.110446777068880806e+02 1.026278936514822107e+02 1.505695464530894014e+02
3.120459125771023423e+02 1.026166535001712532e+02 1.508059095099368676e+02
3.130476203682429173e+02 1.026080720459576838e+02 1.510428923541193171e+02
3.140600135286792920e+02 1.026044827002186537e+02 1.512960909345231073e+02
3.150684428240061266e+02 1.025835663661837600e+02 1.515717761583438232e+02
3.160783588251537708e+02 1.025596521689472809e+02 1.518586554010891803e+02
3.170922257566300573e+02 1.025461969922052248e+02 1.521254005777214502e+02
3.181179464868737341e+02 1.025352301094126233e+02 1.523702252676746980e+02
3.191441903087335845e+02 1.025297446171758367e+02 1.526103301254887299e+02
3.201752616973442400e+02 1.025304845637787849e+02 1.528487961657125993e+02
3.212088970801591472e+02 1.025370390139936063e+02 1.530934040719554048e+02
3.222459751735633517e+02 1.025521906938693775e+02 1.533103260599677355e+02
3.232760080266364753e+02 1.025672524574480775e+02 1.535247742361050882e+02
3.242957032956260832e+02 1.025786387658337730e+02 1.537484511779382501e+02
3.253200046511911978e+02 1.025943784246503725e+02 1.539674070024937578e+02
3.263333257280394832e+02 1.026036776980843115e+02 1.542012003973120784e+02
3.273401678313842353e+02 1.026112853911426015e+02 1.544419655093913377e+02
3.283408537779700396e+02 1.026204888362918410e+02 1.547035197732193410e+02
3.293437343840610083e+02 1.026182670113880135e+02 1.549940879129869131e+02
3.303316063580713262e+02 1.026133497591329444e+02 1.552954596079292457e+02
3.313141706111375697e+02 1.026114874895878586e+02 1.556049571884218494e+02
3.323037903396341335e+02 1.025976727061588889e+02 1.559366171045663521e+02
3.332894120488822409e+02 1.025789696414595085e+02 1.562907889422673406e+02
3.342698562202280073e+02 1.025528086826710847e+02 1.566666863745420528e+02
3.352393366923320741e+02 1.025146585457911073e+02 1.570625928373094382e+02
3.362058883383144234e+02 1.024798183882631974e+02 1.574754191197646094e+02
3.371690645660279984e+02 1.024320184333289632e+02 1.579043410409400963e+02
3.381383125058399060e+02 1.023771413269911932e+02 1.583527075593590894e+02
3.391043749908761811e+02 1.023255413567483032e+02 1.587878643002468095e+02
3.400850867867875422e+02 1.022826605849977142e+02 1.592071678308314517e+02
3.410699599517119509e+02 1.022472885287074149e+02 1.596204359381552536e+02
3.420541037963191116e+02 1.022071356951242365e+02 1.600360640724630912e+02
3.430359269989151585e+02 1.021633905482399314e+02 1.604555765677342549e+02
3.440185651956108472e+02 1.021297749304397797e+02 1.608596392470729199e+02
3.450065294089761210e+02 1.021029806213760054e+02 1.612423379512163137e+02
3.460082896984429226e+02 1.020845165040581861e+02 1.616150375331264399e+02
3.470111875460872852e+02 1.020661960267685515e+02 1.619773293962539640e+02
3.480281684185542304e+02 1.020449175909273407e+02 1.623326005001067927e+02
3.490378966390075561e+02 1.020320245854667149e+02 1.627050161162319739e+02
3.500507240128093827e+02 1.020184498087986782e+02 1.630769784342099911e+02
3.510554029610846101e+02 1.020003878160992912e+02 1.634551319220153118e+02
3.520554374870021661e+02 1.019820112751936279e+02 1.638416988870352498e+02
3.530536971837299234e+02 1.019530055327694811e+02 1.642457633342622216e+02
3.540504618801136871e+02 1.019195127842812525e+02 1.646787496682818812e+02
3.550344713132739685e+02 1.018945685512018855e+02 1.651313809377587347e+02
3.560234769714634240e+02 1.018687416278082338e+02 1.655988020222162902e+02
3.570104853488082313e+02 1.018462222990842889e+02 1.660681478549204257e+02
3.579929334607043074e+02 1.018212814342366102e+02 1.665483643391821147e+02
3.589760124659009648e+02 1.017922112301689452e+02 1.670456425301715910e+02
3.599528728847469097e+02 1.017591372440874125e+02 1.675556369164420971e+02
3.609320293368569992e+02 1.017265503013519066e+02 1.680625270301543139e+02
3.619153050278250703e+02 1.016917748461763722e+02 1.685781646063057906e+02
3.628978824917261932e+02 1.016592927907277897e+02 1.690982860613567880e+02
3.638829544312137045e+02 1.016273032899383821e+02 1.696183099225557100e+02
3.648677868054668352e+02 1.015822266516681793e+02 1.701388202976530124e+02
3.658471339623542917e+02 1.015402785858411789e+02 1.706754098439644451e+02
3.668110085354741727e+02 1.014914459514234863e+02 1.712342103526080734e+02
3.677540061246609753e+02 1.014385709022801763e+02 1.718043217933761753e+02
3.687083731606498418e+02 1.013844022002796237e+02 1.723685208795325821e+02
3.696572484297281562e+02 1.013350084066848495e+02 1.729247223149831143e+02
3.705984859134214844e+02 1.012868191421820683e+02 1.734807129740009657e+02
3.715314800182036379e+02 1.012402380247137472e+02 1.740333082238896054e+02
3.724560422185838320e+02 1.011846671562848599e+02 1.745984004926126545e+02
3.733578443232368045e+02 1.011152930356450668e+02 1.751597496307967106e+02
3.742504279451574689e+02 1.010485232666981119e+02 1.757251464084802421e+02
3.751188703348101399e+02 1.009977333100714674e+02 1.762962133647795042e+02
3.759837046704855652e+02 1.009398072206446102e+02 1.768658424320347535e+02
3.768450679245278252e+02 1.008675421397585268e+02 1.774474835654298488e+02
3.776944268881237576e+02 1.007901219078353847e+02 1.780304106400676289e+02
3.785531514413377749e+02 1.007188227168561951e+02 1.786041469193613125e+02
3.794115496329177972e+02 1.006493751630359839e+02 1.791413531218882156e+02
3.802790614558664970e+02 1.005877266652814512e+02 1.796410290044268265e+02
3.811499303338039226e+02 1.005337463292508460e+02 1.801300870733273882e+02
3.820287481907236611e+02 1.004824555677839584e+02 1.806044646424336406e+02
3.829324590115062961e+02 1.004429054548246967e+02 1.810578607617710247e+02
3.838432226700930983e+02 1.004038299856623695e+02 1.815017309277050686e+02
3.847475019168454651e+02 1.003575822431606213e+02 1.819461332962587221e+02
3.856461672720763545e+02 1.003243389412427149e+02 1.823713346753232543e+02
3.865469168657996875e+02 1.002809926486480236e+02 1.827998983264039907e+02
3.874615320467551669e+02 1.002341536958983852e+02 1.832524043850393696e+02
3.883793956020210771e+02 1.001865581924881923e+02 1.837129609397349839e+02
3.892975753249456830e+02 1.001369383655267171e+02 1.841842324341849917e+02
3.902187365324613779e+02 1.000810098427964334e+02 1.846596868814859533e+02
3.911585508645153482e+02 1.000306015205776902e+02 1.851411731116150747e+02
3.920694424061859422e+02 9.998156346095589697e+01 1.856099654217315447e+02
3.930306968777289853e+02 9.992956750754680684e+01 1.861116265960118312e+02
3.939364016320764676e+02 9.988840661617884109e+01 1.866076804783668308e+02
3.948731795810155631e+02 9.984042824591085719e+01 1.871168542257769332e+02
3.958099552132588315e+02 9.979501578267813500e+01 1.876282504485577363e+02
3.967493472999844926e+02 9.974036572586803118e+01 1.881568390158799673e+02
3.976776211041709530e+02 9.968221351814922571e+01 1.886886611762684538e+02
3.986023074118650698e+02 9.961347991929812906e+01 1.892208910035694487e+02
3.995193752304502368e+02 9.954832045737300916e+01 1.897613147190327822e+02
4.004264791477224321e+02 9.948753819385990482e+01 1.903059994165699891e+02
4.013423486135298504e+02 9.941699312110533526e+01 1.908558785526688268e+02
4.022574235542201677e+02 9.934484127906672768e+01 1.913702114808565398e+02
4.031734388297447822e+02 9.928270586858717195e+01 1.918786302573062983e+02
4.040846907052692245e+02 9.922304625040464998e+01 1.923798563791051777e+02
4.050098796461393249e+02 9.917513903565699707e+01 1.928660430626939046e+02
4.059379700659709442e+02 9.911869733801601967e+01 1.933495748767582540e+02
4.068554054555791595e+02 9.906292115732607328e+01 1.938229129134848279e+02
4.077844731936704648e+02 9.902363930009106241e+01 1.942679231527088746e+02
4.087092356749226383e+02 9.898862142791288932e+01 1.946937810712063026e+02
4.096386487786556927e+02 9.896476156135854296e+01 1.951031473705562860e+02
4.105604419752775129e+02 9.895288946287554666e+01 1.954884523671577483e+02
4.114872374648380742e+02 9.895902149244884072e+01 1.958633800657980260e+02
4.123958814842720244e+02 9.898284419846766014e+01 1.962260275506549760e+02
4.132989602842209820e+02 9.900344171177495411e+01 1.965732996862406310e+02
4.141962893585870233e+02 9.903390490353106657e+01 1.969102473970926042e+02
4.150854269099017415e+02 9.906510531046814094e+01 1.972435298691853518e+02
4.159654760157353621e+02 9.909451097204444636e+01 1.975668779017875352e+02
4.168522501606564106e+02 9.912130436410770074e+01 1.978816878884187531e+02
4.177390216780440255e+02 9.914494695005089397e+01 1.981823986696332156e+02
4.186269746025670884e+02 9.916291101732957713e+01 1.984865672804615144e+02
4.195141895636878075e+02 9.918452109693301111e+01 1.987956730989380105e+02
4.203925339758222890e+02 9.921191812292144618e+01 1.990916192078164784e+02
4.212613709370120887e+02 9.923783259849956551e+01 1.993851075043153571e+02
4.221253805461479942e+02 9.926055114285155412e+01 1.996801103964165236e+02
4.229988054466877543e+02 9.928947942175112473e+01 1.999683119487424676e+02
4.238691800414685531e+02 9.931613673763135353e+01 2.002603312377329416e+02
4.247431664602172532e+02 9.934427712036165303e+01 2.005418981861078294e+02
4.256462943625469393e+02 9.938481152102578164e+01 2.008166965801706283e+02
4.265188575576058270e+02 9.943687021418723759e+01 2.010841835869770762e+02
4.274123500227325394e+02 9.948997064579920391e+01 2.013497117187783090e+02
4.283114392067976155e+02 9.953154779023104481e+01 2.016155068786823108e+02
4.292166896550888282e+02 9.957125876338876935e+01 2.018921786991990643e+02
4.301227836492504366e+02 9.961391255628292640e+01 2.021667387270080098e+02
4.310073988558717701e+02 9.965379919032430678e+01 2.024378739314321081e+02
4.318688751659852869e+02 9.969044846304134921e+01 2.027098890399168454e+02
4.327385434134982347e+02 9.971953578099474669e+01 2.029913289845875397e+02
4.336099088892261761e+02 9.975652559498038841e+01 2.032537740625722620e+02
4.344615687743976196e+02 9.979373341347611870e+01 2.034995850449511465e+02
4.353110578328752922e+02 9.983071847764234974e+01 2.037417569318123753e+02
4.361535412102998635e+02 9.986557381399146038e+01 2.039852976261134643e+02
4.370004714439533018e+02 9.990789608497104268e+01 2.042356936310802382e+02
4.378303561320075801e+02 9.996564856774091368e+01 2.044771263998621293e+02
4.386565792105438391e+02 1.000285512113485424e+02 2.047146493455616962e+02
4.394855866151054329e+02 1.001020987598028285e+02 2.049463840144697144e+02
4.402742595842732953e+02 1.001835008127884521e+02 2.051502518611591199e+02
4.410731206520854926e+02 1.002711281898952649e+02 2.053568536907874886e+02
4.418728688058656076e+02 1.003551194137956344e+02 2.055622760913811646e+02
4.426358241480940023e+02 1.004386427270402038e+02 2.057492618406612337e+02
4.434318223441095483e+02 1.005216341419922657e+02 2.059362629195620968e+02
4.441872134062386408e+02 1.006080789533564541e+02 2.061064886748137326e+02
4.449591173003148015e+02 1.006983267209846957e+02 2.062709545204767494e+02
4.457278911220521991e+02 1.007934841781611368e+02 2.064135088258296093e+02
4.464961097177107945e+02 1.008983704005005677e+02 2.065539472297800501e+02
4.472595819373713653e+02 1.010143659170380062e+02 2.066891312754569014e+02
4.480153278376553203e+02 1.011289152889231246e+02 2.068116963809246158e+02
4.487709869649981442e+02 1.012529637479392619e+02 2.069174552605111046e+02
4.495038483736803983e+02 1.013616024875498596e+02 2.070241212048062778e+02
4.502326247747366779e+02 1.014715389053441896e+02 2.071253942138195612e+02
4.509514147402583149e+02 1.015797697882987762e+02 2.072241870456647064e+02
4.516619241407292407e+02 1.016907523804517552e+02 2.073077865524535355e+02
4.523648442971086752e+02 1.018012784931945305e+02 2.073863319173619288e+02
4.530543717087329583e+02 1.019198922612102791e+02 2.074445141551633753e+02
4.537343646137221072e+02 1.020376637830438398e+02 2.074977534531779497e+02
4.544036587983569007e+02 1.021575815840458716e+02 2.075414123121446721e+02
4.550504346325918164e+02 1.022769639226129073e+02 2.075636933995797904e+02
4.556917381669302927e+02 1.024027777693749641e+02 2.075802722589760947e+02
4.563251422629101057e+02 1.025318029630552985e+02 2.075811008650345286e+02
4.569483236975958107e+02 1.026669341084414668e+02 2.075685239258766330e+02
4.575669263638483812e+02 1.027994127803795692e+02 2.075660997697960113e+02
4.581719302726302772e+02 1.029349251346065159e+02 2.075649263875582164e+02
4.587670614957083330e+02 1.030734054804810995e+02 2.075582667986955698e+02
4.593514860386741816e+02 1.032223394064110096e+02 2.075408716725716829e+02
4.599292028266597754e+02 1.033768478469335861e+02 2.075120984308184404e+02
4.605018201450567972e+02 1.035455118529815337e+02 2.074713626125362111e+02
4.610579054141907704e+02 1.037149792935883710e+02 2.074352448151534531e+02
4.616114310073180604e+02 1.038973955860146248e+02 2.073780588479586129e+02
4.621635406876284264e+02 1.040856486964864445e+02 2.073117167621477392e+02
4.627145094392488431e+02 1.042772581222554322e+02 2.072415512456112197e+02
4.632648296838449937e+02 1.044739300323184921e+02 2.071569205066698487e+02
4.638094857727790554e+02 1.046731446250313553e+02 2.070638687740830051e+02
4.643489706749349466e+02 1.048680450802109050e+02 2.069613045867601500e+02
4.648795074136884864e+02 1.050708028463800474e+02 2.068567757848396411e+02
4.654103418097856775e+02 1.052807652847419746e+02 2.067528170724442020e+02
4.659335391869872183e+02 1.054934428519128886e+02 2.066507526506287320e+02
4.664610185984769259e+02 1.057116581683365126e+02 2.065489713952605371e+02
4.669896338579090980e+02 1.059302781164151668e+02 2.064425692959580942e+02
4.675298734416379602e+02 1.061515545212283627e+02 2.063497583766793184e+02
4.680716705598507019e+02 1.063718409770235667e+02 2.062639352802931967e+02
4.686188229979321136e+02 1.065877978881869836e+02 2.061757965379357529e+02
4.691706636559982257e+02 1.068016095041367919e+02 2.060967733079652930e+02
4.697231972434323097e+02 1.070176853906910708e+02 2.060346651041010944e+02
4.702850360932103513e+02 1.072351640681530114e+02 2.059883738005883629e+02
4.708402641206934049e+02 1.074583704359624647e+02 2.059369354596163362e+02
4.713926059380223137e+02 1.076795045290807309e+02 2.058992148489661815e+02
4.719422247519891016e+02 1.079008868518081243e+02 2.058682528502537821e+02
4.724708783727422770e+02 1.081211750707938535e+02 2.058378465150614147e+02
4.729902713108326680e+02 1.083548564155549769e+02 2.058087758165044647e+02
4.734948418232631866e+02 1.085887926555730871e+02 2.057901950043589920e+02
4.739795705009249787e+02 1.088237569396020348e+02 2.057689236376508291e+02
4.744372794417573118e+02 1.090596522501575549e+02 2.057484568985254043e+02
4.748707470827225734e+02 1.092946478580188625e+02 2.057177421465515863e+02
4.752988893963903365e+02 1.095459531815787813e+02 2.056789441087506418e+02
4.756883281962617502e+02 1.097966985724883386e+02 2.056413976481641441e+02
4.761154314294246888e+02 1.100282370890429320e+02 2.056476250524391389e+02
4.765131312321680639e+02 1.102608670836346647e+02 2.056657580481861203e+02
4.769118785913398142e+02 1.104912688232601710e+02 2.056978390447593483e+02
4.773055502177078893e+02 1.107187505227324209e+02 2.057384310966517944e+02
4.777113207682452867e+02 1.109388044594140865e+02 2.057828986857972779e+02
4.781148809458966866e+02 1.111549365703599506e+02 2.058307714836156777e+02
4.785186929116982810e+02 1.113734626358451152e+02 2.058714597886612978e+02
4.789207680611232831e+02 1.115841536618804639e+02 2.059080617627619745e+02
4.793242287212784163e+02 1.117904570391038561e+02 2.059608988051012091e+02
4.797227009652696665e+02 1.120007951934899637e+02 2.060007481121540138e+02
4.801161554694279516e+02 1.121995584337667680e+02 2.060381094648831208e+02
4.804891564013093443e+02 1.124103010599385470e+02 2.060628775114292353e+02
4.808546262481312965e+02 1.126283511906870558e+02 2.060843595625790385e+02
4.812186975815792493e+02 1.128532559196352736e+02 2.060978862213833906e+02
4.815614899055007641e+02 1.130789318313896530e+02 2.060816642369601936e+02
4.818952490484778650e+02 1.132980027229081230e+02 2.060546064184318027e+02
4.822325102135297925e+02 1.135258555843151669e+02 2.060145523780527412e+02
4.825427674935685900e+02 1.137527568300352101e+02 2.059606049462722410e+02
4.828297790778983085e+02 1.139804096714497348e+02 2.058788124926721252e+02
4.831230624101417561e+02 1.142248502182315519e+02 2.057914305833378137e+02
4.834130142247568074e+02 1.144674811471926716e+02 2.056945993507651735e+02
4.836776125503494086e+02 1.147204734368243066e+02 2.055802288966644937e+02
4.839343743940019635e+02 1.149742806472742558e+02 2.054658125177282102e+02
4.841749476837357520e+02 1.152238800086281998e+02 2.053506188484700772e+02
4.843998358685037715e+02 1.154747369420301339e+02 2.052415364393295363e+02
4.846219124578483388e+02 1.157253403876901388e+02 2.051296168743210160e+02
4.848544612732864607e+02 1.159771274212608034e+02 2.050249651680400973e+02
4.850846352082971293e+02 1.162242736327554553e+02 2.049082472394719900e+02
4.853114351443417149e+02 1.164691221136172317e+02 2.047873875393074172e+02
4.855388695989106509e+02 1.167095139493701197e+02 2.046775003791510130e+02
4.857583285044947274e+02 1.169493793937269572e+02 2.045678706267879647e+02
4.859703655167427314e+02 1.172010545726411976e+02 2.044514639417755575e+02
4.861749374821454239e+02 1.174448744596719933e+02 2.043181677921981247e+02
4.863643158370016408e+02 1.176864430653326821e+02 2.041853858979981737e+02
4.865430284935983423e+02 1.179395756648203388e+02 2.040488097611604701e+02
4.867183664353463541e+02 1.181910673222992756e+02 2.039158950012846390e+02
4.868963077696374739e+02 1.184415756958725296e+02 2.037657496274497362e+02
4.870896274853449768e+02 1.186889765293843340e+02 2.036115360219838806e+02
4.872899153942680641e+02 1.189388174071291218e+02 2.034508919965234384e+02
4.874874832299265108e+02 1.191806520098666198e+02 2.032893540491953672e+02
4.876710805879113764e+02 1.194263323673391710e+02 2.031222306404345090e+02
4.878420304875421607e+02 1.196615656837273178e+02 2.029596288396568866e+02
4.880191135516013219e+02 1.199083248067665579e+02 2.028012927559890386e+02
4.881931758641612191e+02 1.201463573066093602e+02 2.026270015897220560e+02
