0.000000000000000000e+00 0.000000000000000000e+00 0.000000000000000000e+00
-1.448759606051844111e-03 7.505098281300201860e-03 3.900773107318000581e-04
-1.298134108704032327e-02 2.343817558174529810e-03 1.395211518722363694e-02
-2.850575011815361520e-02 -3.539002447794124991e-03 1.710976954069631101e-02
-4.066884842639376108e-02 1.802769178795886156e-03 2.749511588370662230e-02
-6.500802817792755706e-02 2.133765342840563545e-02 1.682627931755095729e-02
-9.520031017410393592e-02 7.788285030778946405e-02 2.054066215492206249e-02
-1.366462688245444479e-01 1.359065285995470496e-01 2.743467379992054617e-02
-1.791256788767202068e-01 2.146670685338553097e-01 3.592830082076553522e-02
-2.238159254842344570e-01 3.135194272502132007e-01 6.377967315468208165e-02
-2.764266536652972839e-01 4.253586305343232676e-01 9.675071523092509951e-02
-3.323053921362227880e-01 5.549485647073664207e-01 1.725519379523550723e-01
-3.992388954364951559e-01 6.934370011944076539e-01 1.959325046450412222e-01
-4.729256101048324723e-01 8.613227801166997155e-01 2.738929712894787594e-01
-5.583103497114108027e-01 1.072563192945031441e+00 3.802117159893502740e-01
-6.513955849587322877e-01 1.319715149970598134e+00 5.000419785183813914e-01
-7.555141407858507741e-01 1.605849199923736315e+00 6.422820499395464067e-01
-8.712175495400268366e-01 1.925112675701917242e+00 8.029410692462585208e-01
-9.949751446866419435e-01 2.281649319630423278e+00 9.810732458866480155e-01
-1.124608523316556141e+00 2.674875453700586547e+00 1.180543898785797019e+00
-1.274046731476110805e+00 3.094215868413092263e+00 1.390487704666040436e+00
-1.425335318455840383e+00 3.541481057776572960e+00 1.622348106949024649e+00
-1.579938778634118801e+00 4.025042746795588933e+00 1.865307510116282153e+00
-1.736752275106309584e+00 4.524062779958970992e+00 2.129593806967443381e+00
-1.899159717106907008e+00 5.041436121140788984e+00 2.406743888258312758e+00
-2.064693960216796853e+00 5.580940897714252280e+00 2.698045800957578955e+00
-2.230661381992723236e+00 6.129561084920209346e+00 2.992378045975026435e+00
-2.393863691213671707e+00 6.711768454200476519e+00 3.272458873865411455e+00
-2.569436801835792483e+00 7.307129075304742649e+00 3.560878350038641393e+00
-2.743992788555563056e+00 7.914211958249659951e+00 3.849834932513647168e+00
-2.926953506051853449e+00 8.534247090046081397e+00 4.132650727470093877e+00
-3.124304871804701733e+00 9.162235982865292172e+00 4.427462771073801484e+00
-3.321140517744181953e+00 9.811799832324428650e+00 4.727119390970580426e+00
-3.518832789222100743e+00 1.048048524346321209e+01 5.032121117892173423e+00
-3.719226107329654862e+00 1.117690519670395943e+01 5.332243349329652382e+00
-3.935934636179515334e+00 1.186845790486974828e+01 5.633248859894841587e+00
-4.156863780424342458e+00 1.256910858569544764e+01 5.927899733433863894e+00
-4.382735911388641270e+00 1.327909288359369988e+01 6.234575262740972512e+00
-4.619513434066742086e+00 1.399589543107599710e+01 6.549565674023017259e+00
-4.865326607758653665e+00 1.472477870102340169e+01 6.889726787378450901e+00
-5.119569096245210282e+00 1.547552037706928374e+01 7.198217208442224901e+00
-5.379916646004767600e+00 1.624565266011450504e+01 7.526447583336525859e+00
-5.643088022316325336e+00 1.703462598155848440e+01 7.867016648927243061e+00
-5.916286123689435961e+00 1.782502103628079837e+01 8.196792667039240143e+00
-6.194270496100082291e+00 1.863359464349229100e+01 8.525132086896896055e+00
-6.468936715845860164e+00 1.946451437109165994e+01 8.853181501105842344e+00
-6.754145516693946583e+00 2.030231929549547942e+01 9.181910824552247163e+00
-7.048562058397896735e+00 2.115433448371787506e+01 9.524564943176562437e+00
-7.353395631756395545e+00 2.200842133026587888e+01 9.902800857696217207e+00
-7.658822162236761599e+00 2.287477966096848903e+01 1.025157008260796765e+01
-7.960150253765297279e+00 2.375414826461380358e+01 1.060422942430203896e+01
-8.257298352538219532e+00 2.464163336217502120e+01 1.095697214868486746e+01
-8.548122863723056852e+00 2.553971072870229264e+01 1.129580381461907379e+01
-8.847063601252827425e+00 2.644322764092403233e+01 1.162069397964449280e+01
-9.132040371625993913e+00 2.734941252958147828e+01 1.193739890509537283e+01
-9.407356635720368843e+00 2.826155145289769521e+01 1.225088475077336803e+01
-9.678776624637638548e+00 2.918745811510154908e+01 1.254269093522077227e+01
-9.946071910475469124e+00 3.011510500571516857e+01 1.281193773094561728e+01
-1.021122506499335714e+01 3.103953051045558453e+01 1.305846111737106519e+01
-1.047618039886807573e+01 3.196790597024651603e+01 1.329926776783879916e+01
-1.073729203681538813e+01 3.290256008715865477e+01 1.352076865867833710e+01
-1.099650503948623204e+01 3.384622300990459820e+01 1.371877643388859269e+01
-1.126184378565337951e+01 3.479494016595506878e+01 1.390970244741801132e+01
-1.153183804559504289e+01 3.574199971668483755e+01 1.405752329222852026e+01
-1.179887575634100472e+01 3.668862593098876346e+01 1.418376075628245658e+01
-1.205968266604764239e+01 3.762963742157946712e+01 1.429674897927179700e+01
-1.232327848159074790e+01 3.857812529866473028e+01 1.440437586213812793e+01
-1.258319994610063297e+01 3.953279873508513731e+01 1.450306417518379831e+01
-1.284210495895183790e+01 4.050000102732536078e+01 1.460670312397638959e+01
-1.308998177631565518e+01 4.148041960714892440e+01 1.471191125399158217e+01
-1.333520412114170917e+01 4.247473944270029733e+01 1.483643513683868065e+01
-1.358247324951620882e+01 4.348002309456080638e+01 1.493917391542397333e+01
-1.383040267411239022e+01 4.448921980650536057e+01 1.505223735897079784e+01
-1.407623719855204669e+01 4.550421755980516281e+01 1.517511573063890395e+01
-1.432403686243521790e+01 4.653143212584008381e+01 1.528048698520619375e+01
-1.456164168779339363e+01 4.755255922628693810e+01 1.539901136269973492e+01
-1.478784171532818625e+01 4.856837100316798939e+01 1.551701474714713669e+01
-1.500112068006681909e+01 4.957893420663950934e+01 1.564433622852994610e+01
-1.520355070493146599e+01 5.059595641310163927e+01 1.577950483375334301e+01
-1.540251956956960555e+01 5.161707205577417312e+01 1.592225952352517915e+01
-1.559187267701257618e+01 5.265636127004724898e+01 1.605543926562843637e+01
-1.577110474530596385e+01 5.371703820978486732e+01 1.618667648308761287e+01
-1.593451785486995398e+01 5.480285476500402808e+01 1.630659525306260704e+01
-1.609040091446068743e+01 5.591168861347510699e+01 1.640935577113846833e+01
-1.623754345373200181e+01 5.702919070592960082e+01 1.650822773768835106e+01
-1.637233880787091778e+01 5.814352386840507592e+01 1.660695361747595911e+01
-1.649833495919439841e+01 5.924696720302161168e+01 1.670630303876907874e+01
-1.661915542917236266e+01 6.035185584628533206e+01 1.680093622382627672e+01
-1.671160769771520549e+01 6.144790973528862565e+01 1.691212732577499978e+01
-1.677584829327710025e+01 6.254049603796773482e+01 1.702581268801855430e+01
-1.680649058016384600e+01 6.363167538249732758e+01 1.714834183583747418e+01
-1.679703590547772762e+01 6.471261138405088786e+01 1.729664860472815135e+01
-1.677398114812543994e+01 6.576396690732582329e+01 1.745211979805506530e+01
-1.674111652204367218e+01 6.681386153263831318e+01 1.762919893506658653e+01
-1.668787505597166287e+01 6.784176126731176737e+01 1.780801301240995116e+01
-1.660895942305895545e+01 6.886652593842748615e+01 1.797356789519491116e+01
-1.650730581205721492e+01 6.986154832236219647e+01 1.812775675108469287e+01
-1.639784788105497881e+01 7.085699641144334748e+01 1.827329017994382454e+01
-1.627450641834403200e+01 7.185092459647029273e+01 1.840281088226046080e+01
-1.612889246699861090e+01 7.283353345629747366e+01 1.852020546708874349e+01
-1.596100177638584938e+01 7.380840851502551914e+01 1.863082112169529836e+01
-1.576685381279313525e+01 7.477474414388362334e+01 1.876651142145096429e+01
-1.558742875286776020e+01 7.572684577424084296e+01 1.892373392049029235e+01
-1.538659948562790092e+01 7.665706728230652800e+01 1.905546989172659167e+01
-1.516769144795147461e+01 7.758104287873732119e+01 1.917521155646796061e+01
-1.493920994445414330e+01 7.851530076669985192e+01 1.929431197295670231e+01
-1.470961528453524991e+01 7.945139200498931586e+01 1.941000181563637739e+01
-1.448738601705646190e+01 8.038653339524344688e+01 1.952552585928540907e+01
-1.424329570046936233e+01 8.131898600438195501e+01 1.964542042007364131e+01
-1.400937446996689850e+01 8.224192186669890248e+01 1.977191074709566365e+01
-1.375704197051343947e+01 8.315054254910982934e+01 1.989055853997801648e+01
-1.349901379712752991e+01 8.404164031161511161e+01 2.001596447131220913e+01
-1.323142034736791395e+01 8.495458444442641621e+01 2.013313536124669412e+01
-1.295017047958033096e+01 8.586486943500982250e+01 2.027750597816180189e+01
-1.266396176049942390e+01 8.678153620414698821e+01 2.040335135365972263e+01
-1.235209739693025632e+01 8.771493227558322303e+01 2.049434957886585096e+01
-1.203215735492683436e+01 8.860845036514794515e+01 2.063326669257078549e+01
-1.172216519678798718e+01 8.947871966749328010e+01 2.080150204942986747e+01
-1.140166921717010240e+01 9.034084831834427121e+01 2.099730827719271531e+01
-1.107226290115957212e+01 9.118826593023787552e+01 2.122701271121046318e+01
-1.073268333390281626e+01 9.200367086019129204e+01 2.150060249997279271e+01
-1.036872748223110996e+01 9.280149118093302718e+01 2.178455619348050476e+01
-9.992950298231349393e+00 9.360042578696354099e+01 2.206578476276629175e+01
-9.623341912619620686e+00 9.439757014021684256e+01 2.235875316595425133e+01
-9.263526373836187489e+00 9.521124270965925973e+01 2.261706890972246953e+01
-8.905195323923161155e+00 9.601263283875096022e+01 2.289080449329741285e+01
-8.536586793910741378e+00 9.682525326659114739e+01 2.318627139680268456e+01
-8.179381070594384795e+00 9.762971413847168378e+01 2.348720906230168026e+01
-7.811290468884009464e+00 9.842701314950573988e+01 2.377474329640600104e+01
-7.442197068199296162e+00 9.924680660056847614e+01 2.405644482250926686e+01
-7.093497405106466758e+00 1.000657551397127634e+02 2.435207049883350194e+01
-6.724776604697800586e+00 1.008837521917586599e+02 2.465623168876754434e+01
-6.349616750917842722e+00 1.017106734122199185e+02 2.495156947452817064e+01
-5.978177528120613538e+00 1.025433364604492397e+02 2.522807381121269898e+01
-5.610119962295762264e+00 1.033674309847973802e+02 2.551494819917508039e+01
-5.247820543252977643e+00 1.042131984639425895e+02 2.578987842045139089e+01
-4.896164144467867629e+00 1.050715172272377771e+02 2.605845872337225799e+01
-4.541656957244263104e+00 1.059334951584747841e+02 2.631604130444834411e+01
-4.189486585461942525e+00 1.067968365998586222e+02 2.658146170517156293e+01
-3.842870047386445442e+00 1.076665008714628016e+02 2.685463862741075047e+01
-3.489390743937095696e+00 1.085471638376149457e+02 2.712471991318552966e+01
-3.136542046291894703e+00 1.094327831493717156e+02 2.737970112487913354e+01
-2.770802147113356817e+00 1.103110671933093556e+02 2.763393670694902937e+01
-2.403259518747081103e+00 1.111934242328800622e+02 2.788678176088521710e+01
-2.040168129682747633e+00 1.120732150445835202e+02 2.814329040877473176e+01
-1.682429512049405496e+00 1.129576002768482255e+02 2.839570642334265216e+01
-1.316241704978897697e+00 1.138362638578655748e+02 2.864869917568129054e+01
-9.400317745132686920e-01 1.147072549848534493e+02 2.890215600361509374e+01
-5.600726953453684098e-01 1.155808406991013157e+02 2.915837736152107595e+01
-1.762250333594123086e-01 1.164590376338148303e+02 2.941702202323785897e+01
2.173558193696557006e-01 1.173412395608855547e+02 2.965983825908628546e+01
6.285801735341322027e-01 1.182288061311376026e+02 2.989726323963405719e+01
1.042275520151142665e+00 1.191077932969003541e+02 3.013513524660026022e+01
1.469125475765450606e+00 1.199887447637017033e+02 3.036367796644929129e+01
1.914168583766723497e+00 1.208679917517881250e+02 3.059482382801922640e+01
2.337558182503924886e+00 1.217485696588903608e+02 3.083639497540659846e+01
2.776480424172820705e+00 1.226378144191483557e+02 3.107945740576696991e+01
3.234209216666693365e+00 1.235224430586159343e+02 3.132658263391701681e+01
3.710316889789715855e+00 1.244023583983346697e+02 3.158743943051227987e+01
4.171881570248006099e+00 1.252774868516907532e+02 3.184738779265001796e+01
4.650385011513226807e+00 1.261442503162344480e+02 3.211769409749177129e+01
5.131163327753262671e+00 1.270061735000047349e+02 3.238365219458938071e+01
5.616056821756501449e+00 1.278717334435840627e+02 3.265071118585100152e+01
6.097874010408708578e+00 1.287553186503762390e+02 3.292722016271206087e+01
6.587101178378478750e+00 1.296467490802669431e+02 3.318843412085139022e+01
7.043040316791426392e+00 1.305390662422510957e+02 3.344214415775059734e+01
7.498234748368522773e+00 1.314434185616348998e+02 3.368543873951583834e+01
7.941526510500855451e+00 1.323527966431311995e+02 3.393472215639627620e+01
8.358706091298044427e+00 1.332697931981151385e+02 3.417949480350416280e+01
8.783864495795690175e+00 1.341890647060437232e+02 3.442429573241325613e+01
9.216739429721100052e+00 1.351151420032400097e+02 3.466744273520231445e+01
9.612636950362787758e+00 1.360510605521205605e+02 3.489853287141189497e+01
1.001175729711944840e+01 1.369876555600706638e+02 3.512884885173813387e+01
1.039465437341684506e+01 1.379143649102378788e+02 3.536519637460611420e+01
1.075803082830206137e+01 1.388439031165013660e+02 3.559162907034517787e+01
1.109757445090585470e+01 1.397789473902255395e+02 3.581229855285340591e+01
1.141122152597911565e+01 1.407216980495718417e+02 3.602952413393204267e+01
1.171342307164237795e+01 1.416633525470836048e+02 3.623563658222811057e+01
1.200153050959664114e+01 1.426198569149619289e+02 3.642959547548046828e+01
1.228689760677292853e+01 1.435617780969736828e+02 3.663248336711089337e+01
1.255801859316360769e+01 1.444898901511673159e+02 3.683827715888322984e+01
1.281685601324014812e+01 1.454155472456513110e+02 3.704494432480129973e+01
1.306336783466420037e+01 1.463468957239576866e+02 3.725325676326416868e+01
1.329455178917376479e+01 1.472862542008756463e+02 3.745613236959085413e+01
1.351906695487608268e+01 1.482217665868734571e+02 3.765139380567003258e+01
1.374224009392762724e+01 1.491606132904826154e+02 3.783845006138741951e+01
1.397443590702971150e+01 1.501065711382769052e+02 3.802234987849830361e+01
1.416985464414691798e+01 1.510482763557348846e+02 3.819533166756204423e+01
1.439981366782922301e+01 1.519921850728447055e+02 3.837052447002151467e+01
1.460821947062503412e+01 1.529364452308374780e+02 3.854272409753816220e+01
1.481995250160774447e+01 1.538898642519350801e+02 3.869627576787156897e+01
1.502959033244690090e+01 1.548517181362340978e+02 3.884347700489848876e+01
1.522122599735432225e+01 1.558192673156384558e+02 3.898368665573097047e+01
1.540368498707038469e+01 1.567807182871442251e+02 3.912170522222071867e+01
1.558525639217990388e+01 1.577489201323192276e+02 3.925075743376094550e+01
1.576375241332832466e+01 1.587164194543442193e+02 3.938369053242286810e+01
1.594241278893021985e+01 1.596800136985938536e+02 3.951311321736361748e+01
1.612479435888791812e+01 1.606407844695654603e+02 3.965168432827919531e+01
1.631168650316016411e+01 1.615984430719635441e+02 3.978456165514374021e+01
1.650892132468917595e+01 1.625567822626940995e+02 3.992014752760082530e+01
1.671484714676236649e+01 1.635073343365720575e+02 4.006561530005484428e+01
1.692256183222893640e+01 1.644494781700753094e+02 4.022203594962079620e+01
1.711638896433493429e+01 1.653896405331286417e+02 4.037303383574798943e+01
1.731863102113609898e+01 1.663238804448871520e+02 4.052456431823124205e+01
1.754544850942365741e+01 1.672619424025437240e+02 4.068292693918449743e+01
1.775373800088993193e+01 1.682039874922389799e+02 4.083542991189843008e+01
1.795639799496958844e+01 1.691482544287130452e+02 4.099470551858500755e+01
1.819120510387355694e+01 1.701004795864606933e+02 4.116410941083732666e+01
1.840991109055788044e+01 1.710649656083677428e+02 4.132429026652319948e+01
1.866041628862656410e+01 1.720351390511881959e+02 4.149434096988386500e+01
1.891076966949288263e+01 1.730037777287155336e+02 4.167133378697428725e+01
1.917519911133408783e+01 1.739792225254604148e+02 4.185443842629980082e+01
1.944757969841172951e+01 1.749702332730773833e+02 4.203633070815620698e+01
1.973759019230975298e+01 1.759666642411042687e+02 4.221574805868301894e+01
2.004163633437057968e+01 1.769716612691657645e+02 4.240510862830361560e+01
2.036640509513320296e+01 1.779899550264737513e+02 4.259131225774181218e+01
2.070142751214358157e+01 1.790214379979308887e+02 4.276632261992470774e+01
2.105187068882126411e+01 1.800624283042806724e+02 4.294333752015711525e+01
2.140689030192477205e+01 1.811146150106067694e+02 4.313063406923532028e+01
2.178434953721112066e+01 1.821876410979534455e+02 4.331801864161803906e+01
2.216473950747896993e+01 1.832302990734777381e+02 4.350681287728488655e+01
2.256709069025836101e+01 1.842604257884247545e+02 4.371743137410246050e+01
2.296485964926594292e+01 1.852643444254452731e+02 4.394593155514114358e+01
2.336057538162846114e+01 1.862442763083339514e+02 4.418912186221560034e+01
2.375639182409552674e+01 1.872239053803388629e+02 4.443363668698801661e+01
2.416257961452053138e+01 1.881836218197297228e+02 4.468619220588715990e+01
2.455858789863947322e+01 1.891266535543245482e+02 4.494659244087750238e+01
2.493841888010201302e+01 1.900828844280669330e+02 4.521575251353498004e+01
2.531407504887692284e+01 1.910155474799124420e+02 4.548151754987419793e+01
2.567712189904642983e+01 1.919456693943689629e+02 4.573719827699093088e+01
2.603738770080525100e+01 1.928457046458418063e+02 4.599200180276905314e+01
2.637622433465146443e+01 1.937429686543146659e+02 4.623785281930635449e+01
2.672215828144737770e+01 1.946400745250919044e+02 4.648448471430702966e+01
2.706609483086109336e+01 1.955427047279705732e+02 4.672820801915063527e+01
2.738330297604393238e+01 1.964789925808577493e+02 4.695526655099483548e+01
2.770883063286099102e+01 1.974250695243725033e+02 4.718127956620549668e+01
2.798913624338085171e+01 1.983966066075119841e+02 4.737798330930806401e+01
2.827696415504250282e+01 1.993833107501766904e+02 4.756195185302359363e+01
2.856500729122834059e+01 2.003779240492014253e+02 4.772589630113362347e+01
2.885491585381916124e+01 2.013773817177672925e+02 4.788715510000322695e+01
2.913118942243085741e+01 2.024084652285573895e+02 4.804641110737568255e+01
2.939337695428793751e+01 2.034407931924324089e+02 4.820079108999856032e+01
2.965017855900745403e+01 2.044789866054827030e+02 4.834944861097797286e+01
2.989924596551728797e+01 2.055189340846173423e+02 4.848220469925007592e+01
3.015390212300274797e+01 2.065484947999408689e+02 4.861909126241189227e+01
3.039913646660118118e+01 2.075754099656816152e+02 4.876598337077821554e+01
3.064735537702333090e+01 2.086067516174674950e+02 4.891602797388961221e+01
3.088506864470080870e+01 2.096275213869142533e+02 4.906592172201139590e+01
3.112016431362911817e+01 2.106400272781326350e+02 4.921742873260408402e+01
3.135206701990122724e+01 2.116602915436610033e+02 4.936350361779452811e+01
3.157228023732771049e+01 2.126861640753065501e+02 4.950790137171738081e+01
3.178301878597250507e+01 2.137069413422255479e+02 4.965144904899964473e+01
3.198751661949853187e+01 2.147108005191787754e+02 4.980008936116203699e+01
3.217971491129593886e+01 2.157036184613048988e+02 4.993695754897908756e+01
3.237972424434148166e+01 2.166974369617261686e+02 5.008010765910579920e+01
3.256800953053563319e+01 2.176796969194645612e+02 5.021305791823073150e+01
3.276672172394517446e+01 2.186490947914431331e+02 5.035715135050020308e+01
3.297524702401434382e+01 2.196108846196351578e+02 5.050735975456171900e+01
3.320827639493109018e+01 2.205653721477116562e+02 5.067237759547685272e+01
3.343739256269313387e+01 2.215154905947046018e+02 5.084094177006000592e+01
3.366367365109530851e+01 2.224678304114637228e+02 5.102308836864045105e+01
3.390472725253557229e+01 2.234255355003916179e+02 5.120852905722460235e+01
3.413784226185050130e+01 2.243910163680792209e+02 5.139637386283035880e+01
3.438075845524978291e+01 2.253607020889149339e+02 5.159069922352226456e+01
3.463095299774916924e+01 2.263333182675185355e+02 5.179227288798225004e+01
3.490343494583385109e+01 2.272985419146912989e+02 5.200419413712302941e+01
3.518846610126222174e+01 2.282576797734008949e+02 5.222254480876994620e+01
3.548034834013164840e+01 2.292019152883981405e+02 5.245384330339575740e+01
3.577672762281116547e+01 2.301481939835577464e+02 5.270115290674642239e+01
3.608443148951288038e+01 2.310907153362048518e+02 5.296066447603044480e+01
3.639155657643411956e+01 2.320420613067286126e+02 5.323375866562638237e+01
3.669760648452557206e+01 2.329928204763507438e+02 5.351228108958343199e+01
3.701524161276562808e+01 2.339483120134118792e+02 5.380072309917605367e+01
3.733233071019734695e+01 2.348940973245770465e+02 5.409864040191914114e+01
3.767111201567946210e+01 2.358349153305499897e+02 5.440602711810685577e+01
3.802476822369158782e+01 2.367699234833025344e+02 5.471933144958335760e+01
3.840496462579995551e+01 2.376944451690834228e+02 5.504613486112638299e+01
3.877384799983457242e+01 2.385864752329060821e+02 5.534880458171289064e+01
3.917692312060417237e+01 2.394634778343773007e+02 5.567745526517511934e+01
3.957947436678545472e+01 2.403266473907421812e+02 5.602055852093034360e+01
3.997974410222843744e+01 2.411584636410483995e+02 5.636227396076873930e+01
4.039040223726465229e+01 2.419725970669500157e+02 5.671075367270560719e+01
4.079805484319726361e+01 2.427690855929262455e+02 5.705827527572475333e+01
4.121856108036552513e+01 2.435508240409116354e+02 5.741999173149360303e+01
4.162403365087698859e+01 2.443085588927781941e+02 5.776454073956463020e+01
4.205114107304507343e+01 2.450389773315848458e+02 5.810981447191446136e+01
4.248727792983316931e+01 2.457474021727577167e+02 5.846294203706926851e+01
4.292293083143810861e+01 2.464446492968447160e+02 5.882828802688166547e+01
4.335646505747970281e+01 2.471237269410720785e+02 5.919552976117692822e+01
4.380013974868025173e+01 2.477872318322639842e+02 5.956405751405530680e+01
4.423534068352009285e+01 2.484291596583688602e+02 5.993239800465437384e+01
4.468651843231544518e+01 2.490442448382607665e+02 6.031872913470592579e+01
4.510602368018336961e+01 2.496494528442567855e+02 6.069606830088994798e+01
4.553990247930842372e+01 2.502515921256550655e+02 6.109515970326323497e+01
4.598197815770410557e+01 2.508571485024419303e+02 6.150252491299944069e+01
4.642358527714852556e+01 2.514684038891857938e+02 6.190201455467688163e+01
4.687177368240023156e+01 2.520615969440557080e+02 6.229745150941910481e+01
4.732051520504709430e+01 2.526356664044927527e+02 6.269852335090513407e+01
4.778403920593808607e+01 2.531918939331377771e+02 6.309957140501762751e+01
4.824680941384045241e+01 2.537272370702111175e+02 6.349311216846508898e+01
4.873598460615957606e+01 2.542408205149088474e+02 6.387852976010334061e+01
4.919367519805260258e+01 2.547518240490408061e+02 6.423146169309355002e+01
4.966556317947186727e+01 2.552517452163742746e+02 6.460323605338525965e+01
5.013811350376472120e+01 2.557480395781225297e+02 6.497069989625065034e+01
5.061892417809892208e+01 2.562291246187109550e+02 6.534348297213406909e+01
5.111763503368489836e+01 2.567054060147469272e+02 6.572789177675853978e+01
5.158950761318078548e+01 2.571678883728474148e+02 6.608061722711100572e+01
5.206797852101907154e+01 2.576355794414250227e+02 6.645053461749645862e+01
5.256894580463340816e+01 2.581038712879317814e+02 6.683236438822677883e+01
5.306283492406862479e+01 2.585604356076188992e+02 6.720322976407243232e+01
5.356999337781648052e+01 2.590161695982435504e+02 6.756789088239000307e+01
5.408632517246367399e+01 2.594617443054510773e+02 6.792538064121390562e+01
5.458973363785523958e+01 2.599029263197409705e+02 6.826837989940743512e+01
5.509152178003802902e+01 2.603484122352390386e+02 6.861228457739926512e+01
5.560600984053466078e+01 2.607770956119086350e+02 6.896019549354495837e+01
5.614119503244000953e+01 2.611908910508747113e+02 6.931332053086661915e+01
5.665714494467619033e+01 2.615997543431296322e+02 6.964711615603742700e+01
5.720031405567042526e+01 2.620035316894590665e+02 7.000629597313442787e+01
5.772148800092019627e+01 2.624121351836327563e+02 7.033540807293083219e+01
5.825776523528552531e+01 2.628200033246608314e+02 7.066743818403230648e+01
5.881076533536013073e+01 2.632340218275867301e+02 7.100824067645997673e+01
5.936061942049514073e+01 2.636399524436031356e+02 7.133386565170957283e+01
5.990953201893530178e+01 2.640416476499191276e+02 7.163855431483345626e+01
6.047664004041864416e+01 2.644296966202049930e+02 7.195181030628640428e+01
6.104890200049304383e+01 2.648001332277014512e+02 7.228363892409504388e+01
6.162289146029394260e+01 2.651638145266309721e+02 7.262326508052898077e+01
6.219205283413042196e+01 2.655272170975808876e+02 7.295073243552107556e+01
6.276969977984933990e+01 2.658778386739962798e+02 7.328588407405071337e+01
6.334659506798573858e+01 2.662224583002641793e+02 7.361420011278507047e+01
6.393203631166349510e+01 2.665548939245719566e+02 7.395347309958049209e+01
6.453070918527031097e+01 2.668780750938016126e+02 7.428278293003737076e+01
6.513909358847899966e+01 2.671922782841892854e+02 7.463937983640292373e+01
6.576268333803218979e+01 2.675020803459707963e+02 7.499320737822672811e+01
6.638847507936725378e+01 2.678171174973481925e+02 7.536599717633897910e+01
6.702162900709899418e+01 2.681353902901808510e+02 7.573869267522518101e+01
6.766851651966069880e+01 2.684392258213077866e+02 7.611473382461690562e+01
6.828000525330024573e+01 2.687469292710858895e+02 7.647490283048838933e+01
6.890015928012671509e+01 2.690534123073113619e+02 7.682842936735846706e+01
6.956203668139663421e+01 2.693507359530689769e+02 7.720765267752469185e+01
7.019990785258278265e+01 2.696549145965439607e+02 7.753050169714202866e+01
7.083938465086042413e+01 2.699776785359508153e+02 7.784170224584480025e+01
7.148894041250220255e+01 2.702943430910035545e+02 7.814954539144285661e+01
7.215384151821643854e+01 2.706016515460754590e+02 7.844516501547893483e+01
7.283013064626925370e+01 2.709232453294711718e+02 7.869711324963822108e+01
7.350750777007083059e+01 2.712557579536621120e+02 7.893654629941205769e+01
7.418284693842686295e+01 2.715924445222620989e+02 7.916432403277103447e+01
7.484956559488895778e+01 2.719273774260799428e+02 7.937426411328321763e+01
7.553129178579349912e+01 2.722496461200540807e+02 7.957772637728028542e+01
7.617801748641080906e+01 2.725770257693625922e+02 7.973951621584843963e+01
7.682533335414913722e+01 2.729116273280540099e+02 7.989645644217355880e+01
7.748135177209594815e+01 2.732442150806812720e+02 8.004788686735754766e+01
7.813770522386043638e+01 2.735774909049370081e+02 8.018638808032535792e+01
7.878335674551324530e+01 2.739188131517185525e+02 8.030606534980620381e+01
7.940724532562684601e+01 2.742702685460018301e+02 8.041735316622421692e+01
8.001909375353700682e+01 2.746153032105643206e+02 8.052574481175403776e+01
8.061541967701302269e+01 2.749640733339073222e+02 8.061900510922249907e+01
8.121109363911631362e+01 2.753182794977523713e+02 8.070403209282652313e+01
8.182200201597544265e+01 2.756704397292329531e+02 8.078821691117732939e+01
8.241671541348391372e+01 2.760243050961963718e+02 8.085717706472604505e+01
8.301489779727309326e+01 2.763737708137622917e+02 8.095467728281445829e+01
8.361195342723473800e+01 2.767273622463275728e+02 8.103250394103038445e+01
8.420100239488371585e+01 2.770916567923960088e+02 8.107403587872011030e+01
8.479445291589600231e+01 2.774636401768876226e+02 8.110456344320962785e+01
8.538034520824169249e+01 2.778364779465714491e+02 8.113016005075188275e+01
8.595119003550142622e+01 2.781991444535683513e+02 8.115537791338648788e+01
8.650866481594862023e+01 2.785561170965926863e+02 8.118068959242999938e+01
8.705031289996861688e+01 2.789089153380380139e+02 8.119971037087407240e+01
8.761439127631392410e+01 2.792622316062133905e+02 8.120460468361245887e+01
8.816550382883676207e+01 2.796197997354148015e+02 8.119413592470461083e+01
8.871053833436441494e+01 2.799665730301356916e+02 8.117174783785877423e+01
8.925411125560972891e+01 2.803221575684345908e+02 8.113433901413279159e+01
8.978503151165982388e+01 2.806771392909192286e+02 8.109350983711077276e+01
9.031723430973893585e+01 2.810330887082894833e+02 8.104932338933410563e+01
9.084625953065516057e+01 2.813802129453819703e+02 8.100966616673490250e+01
9.138859680374778804e+01 2.817135099065671398e+02 8.097594050499102991e+01
9.193095964983984913e+01 2.820431059541765535e+02 8.094600587745641462e+01
9.249454428302018982e+01 2.823652558023451888e+02 8.092251808516830636e+01
9.306343523082502145e+01 2.826802196839590806e+02 8.090197411900510360e+01
9.363503292004571676e+01 2.829914686787722644e+02 8.088347082431916135e+01
9.421479897694726446e+01 2.832929479463351186e+02 8.088746439527321286e+01
9.480324113474156889e+01 2.835987553790962465e+02 8.090637001790285865e+01
9.541043820981461465e+01 2.838974329465625033e+02 8.094410953241417417e+01
9.601992481963138459e+01 2.841953568574683686e+02 8.100168158117286055e+01
9.663918839981626263e+01 2.844971139356424601e+02 8.108738225239872577e+01
9.726729803936250107e+01 2.848031050526325316e+02 8.118287532712601262e+01
9.791525243587713589e+01 2.851001084839192004e+02 8.128395737481417882e+01
9.857903599098266056e+01 2.853936715482460045e+02 8.137812064297531833e+01
9.926917135424049832e+01 2.856835649313212002e+02 8.147774401173398928e+01
9.997069940717021552e+01 2.859715320047592400e+02 8.157297321386583633e+01
1.006967442245747577e+02 2.862608192835088516e+02 8.167893461146069001e+01
1.014154233138649772e+02 2.865511460541492852e+02 8.179625731016716372e+01
1.021447069234193208e+02 2.868377528849436544e+02 8.194557115869618258e+01
1.028845369213584462e+02 2.871138728998161014e+02 8.210354473034979605e+01
1.036260948434066052e+02 2.873799864886158844e+02 8.226520322073568536e+01
1.043507096450651375e+02 2.876483817134679839e+02 8.240183942192655309e+01
1.050929567417761490e+02 2.879050356814248062e+02 8.253189236941341278e+01
1.058653366509795859e+02 2.881546130446458278e+02 8.265074787148422786e+01
1.066555854169983633e+02 2.884107801894909358e+02 8.276691540354084964e+01
1.074629920010879260e+02 2.886571706769864818e+02 8.289088381113886328e+01
1.082514786973516578e+02 2.889026428522741980e+02 8.300713332352579243e+01
1.090328362199333014e+02 2.891492925232326456e+02 8.312145061328124029e+01
1.098543629418856682e+02 2.893834247491505494e+02 8.325219948455568897e+01
1.106513316161307614e+02 2.896119479561048706e+02 8.336738093344725087e+01
1.114673237121437666e+02 2.898437850113175500e+02 8.348208330748775552e+01
1.122795927302989298e+02 2.900803311507053763e+02 8.359702942642077517e+01
1.131035744272144967e+02 2.903165350816762498e+02 8.370779224296137500e+01
1.139433038433290903e+02 2.905555013792883301e+02 8.380782565136317430e+01
1.147930704699291766e+02 2.907883827970183575e+02 8.393126839188305155e+01
1.156598480223870240e+02 2.910185358140818153e+02 8.407184950948281710e+01
1.165362593479794100e+02 2.912379388903031554e+02 8.421964083683283775e+01
1.174157225855390294e+02 2.914527426529901390e+02 8.437989719918279263e+01
1.183014933056895757e+02 2.916635298616848786e+02 8.455319157145825670e+01
1.191800142040517727e+02 2.918571915431544426e+02 8.473460840547872408e+01
1.200498584977635375e+02 2.920477752052717619e+02 8.492636434128159806e+01
1.209259450146380743e+02 2.922264010910850516e+02 8.512577405716183421e+01
1.217993502530511734e+02 2.923947713862419278e+02 8.533529756707230263e+01
1.226738119604266046e+02 2.925561905251438475e+02 8.554393624240523764e+01
1.235507158319208685e+02 2.927248225809914288e+02 8.576118190474137748e+01
1.244308475148650359e+02 2.928906904485466498e+02 8.598391089989891611e+01
1.253221134478526011e+02 2.930502783863985314e+02 8.621049439316234952e+01
1.262156886657436559e+02 2.931982961953371500e+02 8.644329988744560467e+01
1.271127059578440708e+02 2.933452807952600665e+02 8.667567361455380137e+01
1.279853060032166638e+02 2.934932720995124669e+02 8.691389617330237627e+01
1.288656653065209525e+02 2.936225991850959076e+02 8.716009096326156680e+01
1.297820468345322809e+02 2.937406012727662414e+02 8.742056766088634845e+01
1.306517827276508967e+02 2.938552438916348706e+02 8.767004926691751621e+01
1.315598794025832774e+02 2.939573916510136655e+02 8.793790553578068625e+01
1.324366894595420945e+02 2.940537285543620101e+02 8.821047876640265883e+01
1.333240107743799854e+02 2.941529825698815444e+02 8.848050439435715475e+01
1.342151943645985739e+02 2.942516115741311751e+02 8.874878298407165289e+01
1.351125820515939608e+02 2.943396471592884041e+02 8.900114913438065400e+01
1.360185131175622928e+02 2.944368348441378203e+02 8.924416404988896545e+01
1.369174027764667017e+02 2.945322659605106992e+02 8.948462602147755263e+01
1.377997657104714904e+02 2.946341212979892248e+02 8.971087535539301427e+01
1.386889042324439458e+02 2.947342137443044976e+02 8.993642490249212074e+01
1.395881291926070560e+02 2.948427434232147561e+02 9.014328237635101004e+01
1.404612567441888302e+02 2.949523189260455069e+02 9.033868277838570293e+01
1.413441235724521619e+02 2.950619245719233845e+02 9.051272088187914733e+01
1.422195891443604978e+02 2.951701082489653913e+02 9.066398945276596066e+01
1.430965116889064177e+02 2.952783957465863978e+02 9.079442325681451109e+01
1.439814631305404191e+02 2.953882092584269685e+02 9.090215883592162527e+01
1.448558552483131336e+02 2.954972247671709056e+02 9.100569109192531414e+01
1.457234802551858763e+02 2.955999705296157458e+02 9.110966603392064656e+01
1.465836505580658979e+02 2.957166700168289708e+02 9.120419643947445820e+01
1.474445751902757706e+02 2.958328976121781579e+02 9.129169362600021032e+01
1.482977609361131783e+02 2.959540321716160634e+02 9.136657450818971427e+01
1.491487677900142330e+02 2.960803961172364325e+02 9.140745731601181490e+01
1.500073678218808482e+02 2.962154771796789987e+02 9.143180266650811916e+01
1.508664907851641601e+02 2.963568012424212270e+02 9.143579060167449768e+01
1.517269980102493321e+02 2.965118476111052814e+02 9.142549763772139215e+01
1.525766376279646295e+02 2.966707239030562278e+02 9.139215107709171093e+01
1.534246798015166462e+02 2.968222999241328353e+02 9.135976849337608030e+01
1.542759637632220233e+02 2.969678824149580691e+02 9.134151031200796922e+01
1.551290759601214972e+02 2.971163712419872809e+02 9.130387497478614023e+01
1.559777578830806988e+02 2.972592770104598117e+02 9.126881952111214957e+01
1.568223639239883198e+02 2.973976462824444980e+02 9.123550497502341727e+01
1.576610239762870549e+02 2.975469938327351542e+02 9.118728880815817206e+01
1.584988030565336032e+02 2.976975016610705893e+02 9.112599360059148523e+01
1.593413517360486651e+02 2.978571620251338459e+02 9.105884757116369599e+01
1.601831459004662577e+02 2.980126534444016215e+02 9.097454046447488452e+01
1.610116780934329483e+02 2.981648181669756354e+02 9.088003603828610721e+01
1.618324593817349637e+02 2.983186884250644084e+02 9.078542329948643896e+01
1.626548350128858829e+02 2.984747181359880983e+02 9.069043035554891219e+01
1.634836093825601324e+02 2.986349678951266355e+02 9.058510714784526385e+01
1.643049439136354977e+02 2.988048561536668899e+02 9.047737657416536194e+01
1.651188025315625225e+02 2.989787773367906993e+02 9.034853837129990950e+01
1.659281870221531960e+02 2.991602838209252582e+02 9.020966308450559268e+01
1.667288969775898977e+02 2.993340617472238137e+02 9.007791948900431578e+01
1.675375797649411140e+02 2.995004900081255528e+02 8.993751278108994995e+01
1.683494548661273882e+02 2.996626803005300985e+02 8.979420516101289707e+01
1.691658518910047349e+02 2.998278635079036007e+02 8.964786604412661575e+01
1.699691418074167757e+02 2.999952082539585376e+02 8.949364982653563061e+01
1.707654546750210329e+02 3.001746502417668694e+02 8.934226498307289432e+01
1.715550571350869973e+02 3.003510108397893532e+02 8.919289028622601734e+01
1.723414056133315171e+02 3.005272319110111425e+02 8.906068408131092440e+01
1.731301981064812026e+02 3.006854421891341076e+02 8.893882768506188086e+01
1.739199240124234791e+02 3.008145779758451113e+02 8.882450013407675726e+01
1.747178095867139405e+02 3.009385996106630614e+02 8.872285882690664494e+01
1.754744035815642746e+02 3.010613784245371107e+02 8.862207658109238650e+01
1.762448152674712389e+02 3.011881131944085723e+02 8.852224871830775044e+01
1.769978833972069197e+02 3.013092737627307542e+02 8.843607428523024794e+01
1.777495793735177756e+02 3.014350386447877099e+02 8.835330689519308578e+01
1.784878090017027716e+02 3.015572973079436565e+02 8.828316240057863240e+01
1.792150467736143469e+02 3.016760673335777483e+02 8.821229433851286217e+01
1.799255029055399291e+02 3.017877445571411954e+02 8.815112840173330255e+01
1.806399871403275768e+02 3.018972523189486878e+02 8.809217301548159185e+01
1.813420060031450873e+02 3.020048921334038710e+02 8.804256418023493325e+01
1.820510918156461742e+02 3.021059591119964693e+02 8.799065356607388821e+01
1.827381733079029402e+02 3.022089685990596877e+02 8.794639595206626836e+01
1.834190270927958579e+02 3.023109613348796074e+02 8.791354351384052279e+01
1.840807399010885206e+02 3.024280945853564617e+02 8.787201272410192132e+01
1.847337664269736024e+02 3.025389049795517735e+02 8.783166387133958608e+01
1.853760197828326284e+02 3.026607196787009002e+02 8.778568555794595341e+01
1.860107257985015394e+02 3.027867696478201651e+02 8.772655817275634149e+01
1.866326247701806267e+02 3.029233989830857467e+02 8.766158194492501821e+01
1.872454533098502907e+02 3.030651414187581167e+02 8.757788099583839880e+01
1.878449922781937005e+02 3.032092356416268899e+02 8.748868745446688422e+01
1.884292323212584961e+02 3.033553489233872256e+02 8.738591649941025707e+01
1.890067538273331991e+02 3.035016504951165075e+02 8.727947712389386936e+01
1.895534391300217010e+02 3.036504009416877352e+02 8.716364620907617677e+01
1.901136401447382411e+02 3.037887349005911801e+02 8.704574301319786400e+01
1.906590267951747251e+02 3.039365430921430971e+02 8.692143453970315647e+01
1.911990484918149207e+02 3.040855613468214642e+02 8.679375990106264283e+01
1.917292617564570776e+02 3.042473702336620249e+02 8.665657778022664104e+01
1.922629495467165270e+02 3.044137500014751936e+02 8.651181481574882071e+01
1.927853232689310801e+02 3.045886693049289420e+02 8.635336665249288046e+01
1.932971954952770091e+02 3.047710223630223254e+02 8.618048709355528558e+01
1.937983191708776758e+02 3.049431604520497672e+02 8.600669216663251859e+01
1.942990712047537443e+02 3.051159850301683605e+02 8.583623887050390522e+01
1.947929871083818796e+02 3.052795472941107278e+02 8.566461693632385277e+01
1.952878091035380805e+02 3.054314075834236064e+02 8.550636306704041090e+01
1.957761037249305218e+02 3.055850964658214366e+02 8.537618891025580581e+01
1.962728668110492265e+02 3.057302854024599128e+02 8.526548928550208473e+01
1.967753693860089186e+02 3.058686427536692349e+02 8.517636859802706795e+01
1.972830962615553005e+02 3.059909618173788886e+02 8.509937278064920463e+01
1.978048462188745589e+02 3.061032373147236854e+02 8.503260062001153585e+01
1.983223356256620491e+02 3.062060069820052490e+02 8.496656083288651473e+01
1.988378369709987226e+02 3.063031467582085838e+02 8.490753833012877294e+01
1.993627159079016167e+02 3.064005066733730018e+02 8.486163670289182903e+01
1.999055656062479329e+02 3.064904920295974762e+02 8.484154129036835457e+01
2.004517722237600594e+02 3.065604853461069297e+02 8.482711158986377598e+01
2.010142249375537631e+02 3.066078847472507505e+02 8.481440899842577608e+01
2.015991810930526071e+02 3.066409458637855892e+02 8.480300816499605787e+01
2.021914101712669947e+02 3.066712300729753906e+02 8.481608337075621762e+01
2.027861805883783575e+02 3.066896911106863399e+02 8.484126161715082048e+01
2.033855128493291318e+02 3.066975402739743686e+02 8.486308143726301978e+01
2.039978809104325990e+02 3.066981229112831784e+02 8.487608968454806302e+01
2.046184255500224936e+02 3.067108928220394546e+02 8.487674260190921416e+01
2.052603633182415024e+02 3.067289089878489676e+02 8.488135455692176379e+01
2.059163999161959850e+02 3.067434880523591119e+02 8.490388576160053447e+01
2.065754750674556703e+02 3.067596993873164024e+02 8.492630808086046557e+01
2.072365302227685788e+02 3.067756746979652576e+02 8.493116701484878206e+01
2.079135042722361959e+02 3.067862420314206133e+02 8.493197334175191315e+01
2.086158648992277733e+02 3.067945477414230027e+02 8.493969317382955353e+01
2.093167752409620732e+02 3.068042092277840993e+02 8.495174171624209691e+01
2.100217940102246530e+02 3.068060129441020649e+02 8.496074522235336701e+01
2.107322962031210238e+02 3.067986034603600274e+02 8.495731933127298419e+01
2.114407271681862142e+02 3.067865146682844966e+02 8.495476033057791199e+01
2.121647919521905408e+02 3.067761100465694426e+02 8.494360279195961994e+01
2.129113495624762606e+02 3.067694090863506062e+02 8.490670017329249220e+01
2.136683849612301742e+02 3.067624918405969083e+02 8.486693922463572903e+01
2.144334062836755948e+02 3.067588464754082906e+02 8.482112317513620781e+01
2.152042556913474982e+02 3.067617350495939377e+02 8.476249416321331864e+01
2.159786958761717131e+02 3.067707080254499488e+02 8.470752059379501020e+01
2.167688504090917263e+02 3.067816271370687673e+02 8.464725726792720195e+01
2.175670742199554013e+02 3.067905830586457228e+02 8.458337252154817065e+01
2.183794328189142959e+02 3.068041931486458225e+02 8.450140530332480182e+01
2.192025910752373647e+02 3.068298447256021291e+02 8.442268973148290456e+01
2.200380806440724371e+02 3.068594486275256941e+02 8.434063918635544610e+01
2.208671517913358855e+02 3.068810693922664541e+02 8.425002009311896245e+01
2.217131187789812543e+02 3.069051496004597084e+02 8.415495015283376290e+01
2.225684937645697516e+02 3.069301652365559221e+02 8.407042604426720800e+01
2.234368842036383853e+02 3.069564188825787028e+02 8.399600724060573498e+01
2.243093713673644345e+02 3.069863782006971178e+02 8.391532179636004685e+01
2.251992668997291389e+02 3.070253112064802394e+02 8.382349865704131275e+01
2.261001118606513103e+02 3.070623773389411326e+02 8.373866858721122242e+01
2.270101816010744074e+02 3.070955941522066155e+02 8.365154750044158050e+01
2.279399833349480389e+02 3.071236189783474515e+02 8.357233321420478944e+01
2.288840154598032655e+02 3.071433199282419650e+02 8.349528920338229909e+01
2.298211340001068379e+02 3.071597527588679668e+02 8.341929989802521561e+01
2.307610372883333412e+02 3.071683463439512138e+02 8.334583492281298334e+01
2.317040456895628040e+02 3.071724925710111052e+02 8.327289123945158167e+01
2.326486773889834865e+02 3.071757351726883485e+02 8.319548011773134988e+01
2.335884632894237711e+02 3.071650108076198080e+02 8.312363469398592031e+01
2.345252219430382468e+02 3.071440518114571887e+02 8.306223527013686692e+01
2.354662141822584545e+02 3.071303662816873725e+02 8.299803699749710972e+01
2.364079631280710601e+02 3.071155315522851765e+02 8.293257699780522785e+01
2.373501151056717049e+02 3.071013368896346947e+02 8.286911038589516920e+01
2.382970519923375718e+02 3.070949128297062884e+02 8.280161476159278777e+01
2.392366755957592943e+02 3.070769588542785868e+02 8.273041381841008501e+01
2.401766135913312326e+02 3.070520099631905282e+02 8.264796986686745583e+01
2.411244506670083183e+02 3.070179069844340347e+02 8.256260816453550433e+01
2.420681664657484475e+02 3.069882910754323007e+02 8.248242689487396717e+01
2.430058546263456094e+02 3.069579397674237384e+02 8.240409513886190496e+01
2.439400061667878674e+02 3.069209651544227313e+02 8.233603008893909703e+01
2.448761075138690728e+02 3.068761313870711547e+02 8.226829866381142153e+01
2.458169560702962428e+02 3.068420483995796531e+02 8.220016634606169248e+01
2.467582589694529531e+02 3.068066851982141543e+02 8.213572626440551971e+01
2.476956294259939000e+02 3.067664903097744968e+02 8.208625804654705860e+01
2.486275774106803738e+02 3.067158895421822535e+02 8.204286912072781490e+01
2.495546661001253028e+02 3.066594614503335379e+02 8.201845539068220603e+01
2.504874506814164192e+02 3.065923488545207078e+02 8.200978340142440004e+01
2.514176017929612499e+02 3.065144880715623685e+02 8.200995881311484936e+01
2.523333392068446130e+02 3.064246836262901184e+02 8.202732555706168682e+01
2.532439334269788844e+02 3.063232203692413691e+02 8.206296093684287030e+01
2.541542460544283131e+02 3.062101382790573894e+02 8.211152560751685314e+01
2.550681223764310914e+02 3.060764408472502964e+02 8.216806663246789810e+01
2.559845592370884333e+02 3.059429466971362785e+02 8.222947156623445153e+01
2.569114528975464964e+02 3.058308606360989188e+02 8.227577674883555403e+01
2.578319272684617545e+02 3.057207467487835970e+02 8.232410540589010850e+01
2.587538318234178973e+02 3.056326725171019802e+02 8.237185519847119508e+01
2.596769794615059936e+02 3.055616359955237158e+02 8.240290226607723412e+01
2.606040455626339281e+02 3.055130644314335200e+02 8.241639044662102265e+01
2.615378489511069233e+02 3.054648778984206956e+02 8.243743410308621833e+01
2.624739369112079430e+02 3.054248152748602365e+02 8.245938959280719871e+01
2.634033338542295724e+02 3.053820595910972884e+02 8.248060369685445892e+01
2.643318844493352913e+02 3.053431928314138872e+02 8.252336998159643144e+01
2.652608904970305730e+02 3.053144978763284598e+02 8.257322937325085377e+01
2.661944172465863971e+02 3.052905256827365861e+02 8.261586428937418702e+01
2.671302552550698124e+02 3.052779481967681363e+02 8.266389234558158705e+01
2.680559870972653584e+02 3.052637749614573863e+02 8.271545957841279062e+01
2.689696442864574806e+02 3.052496525405305192e+02 8.278615155758296851e+01
2.698816371565839063e+02 3.052412709821524004e+02 8.286820944387429222e+01
2.707867016207095503e+02 3.052402124214992796e+02 8.295797442019620860e+01
2.716955761706688577e+02 3.052509776971314750e+02 8.306172001028697593e+01
2.726076596843306561e+02 3.052707606476338924e+02 8.316004297236428044e+01
2.735171571325105333e+02 3.052899317103936028e+02 8.326393549942113737e+01
2.744238614309579134e+02 3.053048280444355100e+02 8.337223212447716492e+01
2.753302267873478399e+02 3.053179162491079524e+02 8.348128258262609336e+01
2.762500034528559354e+02 3.053363441970640793e+02 8.359256190912412876e+01
2.771645163376897472e+02 3.053518813660276692e+02 8.371530689760915322e+01
2.780881266599602100e+02 3.053524403908072031e+02 8.385485162367730538e+01
2.790073995453129783e+02 3.053367611517177238e+02 8.400411160637023045e+01
2.799292203671287211e+02 3.053127700393440591e+02 8.415999981655372153e+01
2.808463015087026520e+02 3.052960596273230180e+02 8.432611426802573362e+01
2.817564520995198905e+02 3.052770915398117495e+02 8.449882936601642314e+01
2.826519536173775009e+02 3.052540090919337672e+02 8.466671581752471809e+01
2.835493349183499276e+02 3.052300640205809259e+02 8.484198717654079758e+01
2.844349769368595844e+02 3.052111877603986159e+02 8.501945526760272287e+01
2.853088677057026530e+02 3.051869969304675578e+02 8.520161516227820186e+01
2.861873516482710897e+02 3.051672777643717041e+02 8.537988274515099363e+01
2.870616504757903726e+02 3.051442708890829749e+02 8.556403815592025808e+01
2.879298615797002867e+02 3.051092808221463883e+02 8.576545896292083171e+01
2.887861929500887754e+02 3.050814266231572560e+02 8.596505725403233100e+01
2.896302710975858759e+02 3.050594333275870440e+02 8.616275736124850937e+01
2.904730746624536550e+02 3.050338330319598867e+02 8.635513862765130000e+01
2.913130965098747538e+02 3.050069223369561655e+02 8.653821563152051510e+01
2.921463444685509785e+02 3.049757092073236322e+02 8.672357500849895473e+01
2.929831287377030549e+02 3.049399829761777028e+02 8.691336288443066849e+01
2.938072177434978016e+02 3.049057601201868124e+02 8.709593489898340124e+01
2.946247828405024052e+02 3.048793856114618279e+02 8.727001722051080890e+01
2.954346458401224709e+02 3.048596044993147984e+02 8.743866407418848041e+01
2.962402783681666278e+02 3.048365137644858578e+02 8.759319794396388659e+01
2.970543237500383498e+02 3.048232921125867279e+02 8.774008144161967948e+01
2.978735211105710619e+02 3.048160730781119696e+02 8.788026376156761899e+01
2.986746992134619632e+02 3.048128307446899043e+02 8.802812517994314589e+01
2.994774329772964734e+02 3.048090674332693766e+02 8.815979890424186749e+01
3.002830111861365481e+02 3.047974403514227220e+02 8.828691112042589850e+01
3.011016236926041074e+02 3.047887201447192069e+02 8.842100616204581343e+01
3.019316468771405084e+02 3.047804116434767252e+02 8.855647073170200656e+01
3.027619271760382276e+02 3.047637558550056838e+02 8.870282672088620757e+01
3.035903264941944713e+02 3.047458250330789724e+02 8.885591376255503349e+01
3.044416008245576108e+02 3.047140378818397153e+02 8.902377780271672236e+01
3.052745086887696857e+02 3.046817152049550259e+02 8.918368401473379947e+01
3.061616913141596115e+02 3.046459729540991361e+02 8.938138561169061802e+01
3.069922581103958805e+02 3.046151478385016844e+02 8.956758209368678081e+01
3.078571139956697493e+02 3.045806414914982270e+02 8.975530015016973095e+01
3.087231738236536671e+02 3.045535026744864808e+02 8.994445151748723788e+01
3.095971760836780504e+02 3.045158797406932081e+02 9.014100297467383882e+01
3.104622131731424020e+02 3.044758523395224188e+02 9.033507447034556037e+01
3.113320450351209843e+02 3.044417486955257459e+02 9.052020577246975108e+01
3.122002403681029250e+02 3.044157794416238971e+02 9.070048528826714573e+01
3.130767905901466293e+02 3.043987142273532527e+02 9.089481073662811639e+01
3.139612758093284128e+02 3.043845455951397980e+02 9.108943940874954137e+01
3.148502098481430949e+02 3.043759674552548518e+02 9.126631208015263041e+01
3.157381140015696133e+02 3.043655176904620134e+02 9.143312491193231040e+01
3.166158289521920324e+02 3.043579355095027950e+02 9.159390785017419034e+01
3.174985906853513598e+02 3.043566971055052477e+02 9.175302375701298274e+01
3.183928496839865261e+02 3.043531050632903430e+02 9.191011247940301132e+01
3.192703288672151416e+02 3.043555320750518263e+02 9.206301826718086545e+01
3.201430844057834975e+02 3.043533850300102586e+02 9.221816975453249654e+01
3.209996023272585717e+02 3.043517411040391494e+02 9.236755281176550625e+01
3.218451966092886209e+02 3.043475512059695802e+02 9.252428478581759919e+01
3.226784240838895244e+02 3.043450065181522746e+02 9.267254582299432286e+01
3.235244987660164497e+02 3.043307117282443528e+02 9.282693181936271287e+01
3.243610161898425872e+02 3.043141744950664815e+02 9.297692207575735779e+01
3.251866419158802159e+02 3.043035064335136326e+02 9.311633213335922221e+01
3.260060410645321554e+02 3.042851446480793811e+02 9.324104521618609454e+01
3.268216493901719559e+02 3.042630620805337571e+02 9.335944503064585831e+01
3.276274764773403945e+02 3.042349827046483597e+02 9.348807486788334131e+01
3.284406468431627673e+02 3.041980167922245641e+02 9.362342809090736750e+01
3.292479773967324945e+02 3.041662899844638446e+02 9.377038437015256989e+01
3.300526052886363004e+02 3.041257263892089213e+02 9.391312676687478245e+01
3.308605048333947138e+02 3.040860827530366350e+02 9.405423073712852045e+01
3.316599275853050699e+02 3.040489477695618916e+02 9.417679493311339911e+01
3.324446739179049928e+02 3.040150792995281108e+02 9.428995889604794911e+01
3.332193557784556219e+02 3.039874342934380138e+02 9.439580462913986025e+01
3.340005772694067332e+02 3.039591217587421852e+02 9.451165425405861242e+01
3.347813214406077122e+02 3.039405361134440113e+02 9.462236564170790132e+01
3.355633539367694311e+02 3.039286923698522287e+02 9.472338882734115373e+01
3.363656008451891921e+02 3.039225095258065608e+02 9.483361852338443043e+01
3.371394480725533640e+02 3.039285530136144189e+02 9.492643332220320929e+01
3.379386747109758744e+02 3.039326671944209011e+02 9.502479311201868484e+01
3.387536808846684266e+02 3.039303396165624349e+02 9.512345234283864670e+01
3.395753490418773026e+02 3.039209971693940702e+02 9.522072127280225118e+01
3.403939978056775431e+02 3.039012191017308737e+02 9.532444059653990109e+01
3.411959543576094802e+02 3.038691088421243194e+02 9.543925299673344398e+01
3.419857241589895125e+02 3.038216300008512007e+02 9.555533547319551246e+01
3.427771860356883167e+02 3.037743232826013582e+02 9.567775758177849355e+01
3.435617563762313011e+02 3.037296871564428216e+02 9.580288585097898135e+01
3.443301058845959233e+02 3.036992624735273125e+02 9.591524428467771202e+01
3.450931628505571211e+02 3.036697970911568518e+02 9.601326343556490883e+01
3.458568067039033735e+02 3.036441248821038812e+02 9.611003910559811914e+01
3.466129077243775782e+02 3.036283717258405090e+02 9.620928051398411185e+01
3.473499782847431447e+02 3.036247779301373271e+02 9.629222091935395156e+01
3.480840051715906611e+02 3.036279437619116948e+02 9.636717200591198207e+01
3.488166843152158663e+02 3.036381124448499804e+02 9.644417167054405127e+01
3.495030495171514531e+02 3.036609715523493946e+02 9.649421657463848589e+01
3.502028362296711066e+02 3.037024897489477553e+02 9.654493072369506024e+01
3.509097729146345728e+02 3.037481806436556440e+02 9.659221704426208532e+01
3.515683051331904494e+02 3.038036408607276826e+02 9.662937610080901152e+01
3.522431826940900237e+02 3.038666697732803641e+02 9.666875414319083859e+01
3.528759316184167005e+02 3.039379957386154842e+02 9.668667284832825715e+01
3.535180219232649961e+02 3.040160655803177292e+02 9.670625406755810616e+01
3.541508412099519205e+02 3.041048932825266888e+02 9.671954659470512183e+01
3.547762710081845512e+02 3.042023418408612656e+02 9.671990239350421348e+01
3.554012297904257025e+02 3.043099549818766150e+02 9.671788044745436252e+01
3.560165881671990178e+02 3.044230232736986750e+02 9.670781344285842351e+01
3.566249821038949790e+02 3.045531270670315394e+02 9.668582644414620120e+01
3.572056873145565419e+02 3.046886479414204700e+02 9.665296737032265639e+01
3.577898304528257540e+02 3.048348063896565918e+02 9.661096235031128288e+01
3.583709884886191048e+02 3.049865127318801115e+02 9.656479497099174125e+01
3.589315781223918975e+02 3.051422489554989852e+02 9.649841752098110703e+01
3.594918508739891081e+02 3.053004056748556536e+02 9.643308219826508321e+01
3.600290460767942022e+02 3.054603205909629651e+02 9.637062141060168585e+01
3.605659641785879899e+02 3.056356121305704505e+02 9.630165647596776068e+01
3.611079523791912038e+02 3.058129990436954699e+02 9.621961396458071647e+01
3.616270405140103321e+02 3.059889515659119752e+02 9.612989040276059427e+01
3.621405125180078812e+02 3.061725637728377478e+02 9.602889899307317023e+01
3.626465597540517933e+02 3.063699881699693606e+02 9.592608115874492114e+01
3.631257863980980005e+02 3.065726808554079525e+02 9.580578917999741861e+01
3.636083828871815626e+02 3.067888943161191833e+02 9.567972069534046398e+01
3.640679336190993354e+02 3.070101931891458662e+02 9.554015419988655822e+01
3.645198235537402525e+02 3.072388604844115321e+02 9.538545820855919999e+01
3.649507145770270427e+02 3.074858723443613826e+02 9.521442282377479671e+01
3.653718608545161146e+02 3.077419315373331301e+02 9.502218664556208694e+01
3.657876147715082311e+02 3.080199749476847160e+02 9.481098671157471358e+01
3.661829311585787536e+02 3.083083235746574928e+02 9.457353989975511865e+01
3.665718097076186837e+02 3.086097537759487750e+02 9.432943163861554581e+01
3.669644947678685298e+02 3.089161822875159373e+02 9.408661416627924723e+01
3.673471199747646097e+02 3.092347041780918744e+02 9.382545598948382803e+01
3.677303571335600623e+02 3.095604543426091482e+02 9.355164552645929632e+01
3.681070012552000890e+02 3.098908796865060253e+02 9.326293739970395791e+01
3.684785543421521652e+02 3.102382300288749093e+02 9.295752651705407743e+01
3.688516862600401964e+02 3.105968274259186046e+02 9.265260172463578670e+01
3.692237501681576646e+02 3.109513307015101873e+02 9.233942920096390594e+01
3.695818102074143781e+02 3.113129941147466297e+02 9.203939351230611976e+01
3.699399340246101815e+02 3.116648986497221472e+02 9.173395705003922274e+01
3.703051310966752681e+02 3.120094750877752290e+02 9.143432170762466171e+01
3.706776673495138539e+02 3.123547490317188817e+02 9.113347694079287464e+01
3.710393776668575470e+02 3.127075931688466994e+02 9.082423214936764566e+01
3.714059374551139285e+02 3.130612722123331082e+02 9.051665514374266763e+01
3.717837549644854107e+02 3.134214501537085198e+02 9.022456646049874962e+01
3.721557882651256932e+02 3.137813785474298243e+02 8.993858079774793168e+01
3.725375800216283437e+02 3.141467748514240270e+02 8.966061894052360515e+01
3.729081722787774993e+02 3.145142166710359675e+02 8.938246276652027689e+01
3.732875104555291728e+02 3.148915539432578612e+02 8.912051663928744460e+01
3.736646472332050735e+02 3.152581279497699711e+02 8.886294198023968249e+01
3.740226785664222007e+02 3.156200033936812019e+02 8.860828016227534931e+01
3.743719373960940402e+02 3.159900543603612277e+02 8.835962000637726987e+01
3.747170512005626506e+02 3.163517776992773634e+02 8.810570791387740996e+01
3.750593608086286963e+02 3.166963567940999269e+02 8.784315882331480907e+01
3.753990935151862232e+02 3.170269055549296127e+02 8.756856249294672523e+01
3.757345235204499545e+02 3.173492631534692237e+02 8.728260471767718798e+01
3.760754261915911911e+02 3.176762778747812490e+02 8.698331628990321462e+01
3.763851359154752458e+02 3.180039018431094178e+02 8.666261878153910914e+01
3.767416375661334200e+02 3.183167273269605175e+02 8.635417602172981333e+01
3.770852823063580104e+02 3.186323035309331999e+02 8.604480563732391829e+01
3.774216624805492302e+02 3.189554099727864127e+02 8.572596414854233160e+01
3.777524527079669383e+02 3.192774666156980174e+02 8.539017007629531975e+01
3.780971178122953802e+02 3.195930680185484221e+02 8.506997676924514451e+01
3.784470373047854537e+02 3.198982654956706142e+02 8.476045094897368415e+01
3.787983150074874175e+02 3.202015926609204257e+02 8.446473036924213318e+01
3.791553376503921413e+02 3.204969705136247740e+02 8.418244155292650532e+01
3.795088858744828144e+02 3.207862125982159682e+02 8.391926214868126976e+01
3.798533898440186363e+02 3.210765051060978976e+02 8.366219375715374440e+01
3.801956331747106219e+02 3.213626680294702851e+02 8.341746080164030275e+01
3.805151840911931345e+02 3.216415174305747087e+02 8.317067937364862473e+01
3.808306316498173487e+02 3.219207054862142741e+02 8.292963212084080737e+01
3.811406041944230765e+02 3.221980502781469227e+02 8.269405693431460236e+01
3.814289380588033396e+02 3.224752747583395376e+02 8.244538052293430042e+01
3.817147475477185026e+02 3.227539863065913437e+02 8.219436691123411265e+01
3.819939774456051396e+02 3.230160702369630030e+02 8.195021176388115691e+01
3.822518581136352509e+02 3.232791708646331585e+02 8.170927357484009690e+01
3.824812893378477270e+02 3.235318891432309556e+02 8.145218463598040159e+01
3.827080382014596012e+02 3.238078996349848921e+02 8.119837599234988090e+01
3.829430415354306092e+02 3.240851766772216251e+02 8.093536517546176867e+01
3.831507033289652213e+02 3.243730331425688291e+02 8.064461867090201963e+01
3.833575270169934015e+02 3.246672777760074950e+02 8.034272959597008423e+01
3.835551459807779224e+02 3.249542864303417673e+02 8.003170998613073550e+01
3.837378629166499877e+02 3.252510309254205367e+02 7.974420040815600430e+01
3.839236516630713822e+02 3.255412230225839494e+02 7.945581696742632971e+01
3.841157274016867973e+02 3.258316145487676181e+02 7.917655841697973074e+01
3.842920091315398281e+02 3.261250874493291576e+02 7.888646102482574918e+01
3.844591153103444867e+02 3.264122976328924892e+02 7.859492431012219527e+01
3.846273314599097262e+02 3.267124933991654530e+02 7.830005257122438422e+01
3.847915918463967273e+02 3.270202577015808743e+02 7.799805560569018326e+01
3.849456757659337427e+02 3.273425965836610771e+02 7.769305515015750530e+01
3.850956542458720833e+02 3.276701369902768874e+02 7.737307879318586856e+01
3.852348221155601209e+02 3.279918006219481299e+02 7.706404350231626665e+01
3.853489662714527526e+02 3.283343762365734619e+02 7.675772798799117425e+01
3.854520791355632241e+02 3.286932466303677529e+02 7.645931260610038294e+01
3.855504785611287275e+02 3.290806855084680365e+02 7.615681292147948511e+01
3.856603305843850649e+02 3.294744758922574306e+02 7.584782502224669543e+01
3.857771206621561078e+02 3.298835304830737982e+02 7.553291689365022421e+01
3.858973518823675590e+02 3.302871377499067194e+02 7.521572368682726051e+01
3.860061693019765130e+02 3.306807457326477788e+02 7.491234905908321196e+01
3.861038561912453702e+02 3.310808286075565547e+02 7.460205118865744112e+01
3.861951562806483480e+02 3.314920684791268854e+02 7.429901819088566128e+01
3.862905476300847454e+02 3.319032462662843841e+02 7.398812335661625639e+01
