-4.596282728016376495e-03 -2.000481588765978813e-03 9.154709428548812866e-02
-1.184924785047769547e-02 -4.296927247196435928e-03 1.916844546794891357e-01
-2.189632505178451538e-02 -6.877710111439228058e-03 3.003815710544586182e-01
-3.500513359904289246e-02 -9.719846770167350769e-03 4.175744056701660156e-01
-5.155964568257331848e-02 -1.278975792229175568e-02 5.431590080261230469e-01
-7.204100489616394043e-02 -1.604445464909076691e-02 6.769832372665405273e-01
-9.700471162796020508e-02 -1.943319663405418396e-02 8.188370466232299805e-01
-1.270561963319778442e-01 -2.289962768554687500e-02 9.684435129165649414e-01
-1.628268510103225708e-01 -2.638435177505016327e-02 1.125451326370239258e+00
-2.049525380134582520e-01 -2.982785366475582123e-02 1.289429187774658203e+00
-2.540561854839324951e-01 -3.317359462380409241e-02 1.459864616394042969e+00
-3.107357025146484375e-01 -3.637105971574783325e-02 1.636164903640747070e+00
-3.755578398704528809e-01 -3.937846422195434570e-02 1.817662954330444336e+00
-4.490578472614288330e-01 -4.216483607888221741e-02 2.003624439239501953e+00
-5.317444205284118652e-01 -4.471119493246078491e-02 2.193257808685302734e+00
-6.241086721420288086e-01 -4.701061174273490906e-02 2.385725259780883789e+00
-7.266356945037841797e-01 -4.906703904271125793e-02 2.580152273178100586e+00
-8.398165106773376465e-01 -5.089291185140609741e-02 2.775637149810791016e+00
-9.641593098640441895e-01 -5.250567197799682617e-02 2.971257209777832031e+00
-1.100197434425354004e+00 -5.392352119088172913e-02 3.166073322296142578e+00
-1.248493552207946777e+00 -5.516079068183898926e-02 3.359132289886474609e+00
-1.409638524055480957e+00 -5.622342228889465332e-02 3.549465894699096680e+00
-1.584244847297668457e+00 -5.710508301854133606e-02 3.736090421676635742e+00
-1.772935390472412109e+00 -5.778437480330467224e-02 3.918005943298339844e+00
-1.976327657699584961e+00 -5.822358280420303345e-02 4.094195842742919922e+00
-2.195014476776123047e+00 -5.836916342377662659e-02 4.263631820678710938e+00
-2.429544448852539062e+00 -5.815411731600761414e-02 4.425280094146728516e+00
-2.680401563644409180e+00 -5.750209465622901917e-02 4.578114032745361328e+00
-2.947987556457519531e+00 -5.633293837308883667e-02 4.721129894256591797e+00
-3.232607603073120117e+00 -5.456920713186264038e-02 4.853369712829589844e+00
-3.534461736679077148e+00 -5.214304476976394653e-02 4.973945617675781250e+00
-3.853641271591186523e+00 -4.900274053215980530e-02 5.082067966461181641e+00
-4.190131664276123047e+00 -4.511829465627670288e-02 5.177073478698730469e+00
-4.543822288513183594e+00 -4.048536345362663269e-02 5.258452892303466797e+00
-4.914519786834716797e+00 -3.512709960341453552e-02 5.325873851776123047e+00
-5.301967144012451172e+00 -2.909359522163867950e-02 5.379200458526611328e+00
-5.705866336822509766e+00 -2.245882526040077209e-02 5.418504714965820312e+00
-6.125899314880371094e+00 -1.531526632606983185e-02 5.444069385528564453e+00
-6.561751842498779297e+00 -7.766568101942539215e-03 5.456384181976318359e+00
-7.013134002685546875e+00 8.112378418445587158e-05 5.456131935119628906e+00
-7.479797363281250000e+00 8.128452114760875702e-03 5.444166660308837891e+00
-7.961548328399658203e+00 1.629190519452095032e-02 5.421485424041748047e+00
-8.458255767822265625e+00 2.451181225478649139e-02 5.389194488525390625e+00
-8.969856262207031250e+00 3.275849670171737671e-02 5.348472595214843750e+00
-9.496350288391113281e+00 4.103596508502960205e-02 5.300532817840576172e+00
-1.003779697418212891e+01 4.938275739550590515e-02 5.246584892272949219e+00
-1.059430122375488281e+01 5.786971375346183777e-02 5.187800407409667969e+00
-1.116600131988525391e+01 6.659486889839172363e-02 5.125282287597656250e+00
-1.175305271148681641e+01 7.567578554153442383e-02 5.060039043426513672e+00
-1.235561084747314453e+01 8.523998409509658813e-02 4.992966175079345703e+00
-1.297380924224853516e+01 9.541424363851547241e-02 4.924831390380859375e+00
-1.360774707794189453e+01 1.063137054443359375e-01 4.856269359588623047e+00
-1.425746726989746094e+01 1.180316954851150513e-01 4.787779331207275391e+00
-1.492294216156005859e+01 1.306311488151550293e-01 4.719728469848632812e+00
-1.560406208038330078e+01 1.441383361816406250e-01 4.652359485626220703e+00
-1.630062103271484375e+01 1.585394889116287231e-01 4.585801124572753906e+00
-1.701230812072753906e+01 1.737805157899856567e-01 4.520081996917724609e+00
-1.773870658874511719e+01 1.897698789834976196e-01 4.455143928527832031e+00
-1.847928237915039062e+01 2.063842415809631348e-01 4.390858173370361328e+00
-1.923339080810546875e+01 2.234765887260437012e-01 4.327041625976562500e+00
-2.000028038024902344e+01 2.408858835697174072e-01 4.263472557067871094e+00
-2.077909660339355469e+01 2.584475576877593994e-01 4.199906349182128906e+00
-2.156889724731445312e+01 2.760041356086730957e-01 4.136092185974121094e+00
-2.236866378784179688e+01 2.934147715568542480e-01 4.071787357330322266e+00
-2.317731857299804688e+01 3.105635046958923340e-01 4.006770610809326172e+00
-2.399374961853027344e+01 3.273651897907257080e-01 3.940855503082275391e+00
-2.481682968139648438e+01 3.437690436840057373e-01 3.873901128768920898e+00
-2.564544296264648438e+01 3.597596883773803711e-01 3.805820465087890625e+00
-2.647850608825683594e+01 3.753554821014404297e-01 3.736586570739746094e+00
-2.731499671936035156e+01 3.906047046184539795e-01 3.666234016418457031e+00
-2.815397262573242188e+01 4.055798053741455078e-01 3.594858884811401367e+00
-2.899458885192871094e+01 4.203702807426452637e-01 3.522613763809204102e+00
-2.983611488342285156e+01 4.350747168064117432e-01 3.449699163436889648e+00
-3.067794227600097656e+01 4.497926831245422363e-01 3.376352071762084961e+00
-3.151958656311035156e+01 4.646168053150177002e-01 3.302831411361694336e+00
-3.236068725585937500e+01 4.796258211135864258e-01 3.229402303695678711e+00
-3.320099258422851562e+01 4.948785901069641113e-01 3.156318187713623047e+00
-3.404034805297851562e+01 5.104098320007324219e-01 3.083804845809936523e+00
-3.487868499755859375e+01 5.262274146080017090e-01 3.012044191360473633e+00
-3.571598815917968750e+01 5.423116087913513184e-01 2.941162109375000000e+00
-3.655228424072265625e+01 5.586161017417907715e-01 2.871219396591186523e+00
-3.738760375976562500e+01 5.750706791877746582e-01 2.802206516265869141e+00
-3.822198104858398438e+01 5.915856361389160156e-01 2.734044551849365234e+00
-3.905541610717773438e+01 6.080572605133056641e-01 2.666589736938476562e+00
-3.988787460327148438e+01 6.243743896484375000e-01 2.599643468856811523e+00
-4.071927642822265625e+01 6.404253244400024414e-01 2.532966375350952148e+00
-4.154949569702148438e+01 6.561050415039062500e-01 2.466295242309570312e+00
-4.237835311889648438e+01 6.713217496871948242e-01 2.399361133575439453e+00
-4.320563888549804688e+01 6.860026121139526367e-01 2.331909179687500000e+00
-4.403111267089843750e+01 7.000985145568847656e-01 2.263715267181396484e+00
-4.485451889038085938e+01 7.135867476463317871e-01 2.194601774215698242e+00
-4.567560195922851562e+01 7.264721989631652832e-01 2.124447584152221680e+00
-4.649412155151367188e+01 7.387866377830505371e-01 2.053194522857666016e+00
-4.730985260009765625e+01 7.505859732627868652e-01 1.980847239494323730e+00
-4.812260818481445312e+01 7.619458436965942383e-01 1.907468080520629883e+00
-4.893222808837890625e+01 7.729559540748596191e-01 1.833166718482971191e+00
-4.973857879638671875e+01 7.837133407592773438e-01 1.758085846900939941e+00
-5.054154586791992188e+01 7.943153381347656250e-01 1.682384729385375977e+00
-5.134102249145507812e+01 8.048522472381591797e-01 1.606221795082092285e+00
-5.213688278198242188e+01 8.154010176658630371e-01 1.529739022254943848e+00
-5.292896652221679688e+01 8.260195851325988770e-01 1.453050136566162109e+00
-5.371704864501953125e+01 8.367426991462707520e-01 1.376234054565429688e+00
-5.450082778930664062e+01 8.475797176361083984e-01 1.299335718154907227e+00
-5.527989578247070312e+01 8.585139513015747070e-01 1.222374916076660156e+00
-5.605373001098632812e+01 8.695037961006164551e-01 1.145363211631774902e+00
-5.682167053222656250e+01 8.804857730865478516e-01 1.068328380584716797e+00
-5.758292770385742188e+01 8.913790583610534668e-01 9.913449883460998535e-01
-5.833658599853515625e+01 9.020908474922180176e-01 9.145693182945251465e-01
-5.908160781860351562e+01 9.125224947929382324e-01 8.382751941680908203e-01
-5.981686401367187500e+01 9.225761890411376953e-01 7.628881335258483887e-01
-6.054114913940429688e+01 9.321609735488891602e-01 6.890143752098083496e-01
-6.125321960449218750e+01 9.411984682083129883e-01 6.174616217613220215e-01
-6.195183181762695312e+01 9.496276974678039551e-01 5.492491722106933594e-01
-6.263577270507812500e+01 9.574086070060729980e-01 4.856051802635192871e-01
-6.330390548706054688e+01 9.645242094993591309e-01 4.279502630233764648e-01
-6.395518875122070312e+01 9.709814190864562988e-01 3.778676688671112061e-01
-6.458872222900390625e+01 9.768103957176208496e-01 3.370609879493713379e-01
-6.520376586914062500e+01 9.820626974105834961e-01 3.073019385337829590e-01
-6.579975128173828125e+01 9.868079423904418945e-01 2.903712093830108643e-01
-6.637628936767578125e+01 9.911296963691711426e-01 2.879965007305145264e-01
-6.693317413330078125e+01 9.951205849647521973e-01 3.017919361591339111e-01
-6.747035980224609375e+01 9.988765716552734375e-01 3.332032561302185059e-01
-6.798796844482421875e+01 1.002491235733032227e+00 3.834625780582427979e-01
-6.848624420166015625e+01 1.006049990653991699e+00 4.535563588142395020e-01
-6.896554565429687500e+01 1.009624600410461426e+00 5.442085266113281250e-01
-6.942629241943359375e+01 1.013268113136291504e+00 6.558803319931030273e-01
-6.986894989013671875e+01 1.017011165618896484e+00 7.887861132621765137e-01
-7.029401397705078125e+01 1.020859003067016602e+00 9.429242014884948730e-01
-7.070197296142578125e+01 1.024790167808532715e+00 1.118119955062866211e+00
-7.109329223632812500e+01 1.028756737709045410e+00 1.314076900482177734e+00
-7.146839904785156250e+01 1.032686352729797363e+00 1.530433177947998047e+00
-7.182769012451171875e+01 1.036485195159912109e+00 1.766816377639770508e+00
-7.217152404785156250e+01 1.040043473243713379e+00 2.022894859313964844e+00
-7.250022125244140625e+01 1.043241143226623535e+00 2.298420429229736328e+00
-7.281408691406250000e+01 1.045955181121826172e+00 2.593258857727050781e+00
-7.311341857910156250e+01 1.048066616058349609e+00 2.907407522201538086e+00
-7.339852142333984375e+01 1.049467921257019043e+00 3.240998983383178711e+00
-7.366972351074218750e+01 1.050069332122802734e+00 3.594290256500244141e+00
-7.392737579345703125e+01 1.049804210662841797e+00 3.967639684677124023e+00
-7.417187500000000000e+01 1.048632860183715820e+00 4.361475467681884766e+00
-7.440365600585937500e+01 1.046544790267944336e+00 4.776255607604980469e+00
-7.462319946289062500e+01 1.043558359146118164e+00 5.212427139282226562e+00
-7.483102416992187500e+01 1.039718985557556152e+00 5.670382976531982422e+00
-7.502767944335937500e+01 1.035095572471618652e+00 6.150423526763916016e+00
-7.521372222900390625e+01 1.029775261878967285e+00 6.652723789215087891e+00
-7.538970947265625000e+01 1.023857355117797852e+00 7.177308082580566406e+00
-7.555620574951171875e+01 1.017446637153625488e+00 7.724031925201416016e+00
-7.571374511718750000e+01 1.010646939277648926e+00 8.292573928833007812e+00
-7.586282348632812500e+01 1.003554701805114746e+00 8.882433891296386719e+00
-7.600392150878906250e+01 9.962542653083801270e-01 9.492938995361328125e+00
-7.613745880126953125e+01 9.888136386871337891e-01 1.012325382232666016e+01
-7.626383209228515625e+01 9.812819957733154297e-01 1.077239608764648438e+01
-7.638340759277343750e+01 9.736889004707336426e-01 1.143925380706787109e+01
-7.649651336669921875e+01 9.660443663597106934e-01 1.212260341644287109e+01
-7.660347747802734375e+01 9.583404660224914551e-01 1.282113075256347656e+01
-7.670461273193359375e+01 9.505537152290344238e-01 1.353344631195068359e+01
-7.680023193359375000e+01 9.426479935646057129e-01 1.425810813903808594e+01
-7.689067077636718750e+01 9.345778226852416992e-01 1.499363899230957031e+01
-7.697626495361328125e+01 9.262913465499877930e-01 1.573854541778564453e+01
-7.705737304687500000e+01 9.177336096763610840e-01 1.649133682250976562e+01
-7.713436889648437500e+01 9.088488817214965820e-01 1.725054931640625000e+01
-7.720763397216796875e+01 8.995829224586486816e-01 1.801476478576660156e+01
-7.727754974365234375e+01 8.898847103118896484e-01 1.878262901306152344e+01
-7.734449005126953125e+01 8.797079324722290039e-01 1.955288124084472656e+01
-7.740880584716796875e+01 8.690118789672851562e-01 2.032436943054199219e+01
-7.747082519531250000e+01 8.577626347541809082e-01 2.109607505798339844e+01
-7.753085327148437500e+01 8.459337353706359863e-01 2.186712455749511719e+01
-7.758913421630859375e+01 8.335070013999938965e-01 2.263681030273437500e+01
-7.764588928222656250e+01 8.204731345176696777e-01 2.340459823608398438e+01
-7.770129394531250000e+01 8.068323135375976562e-01 2.417013168334960938e+01
-7.775549316406250000e+01 7.925946712493896484e-01 2.493323707580566406e+01
-7.780860137939453125e+01 7.777803540229797363e-01 2.569391441345214844e+01
-7.786073303222656250e+01 7.624195814132690430e-01 2.645232963562011719e+01
-7.791199493408203125e+01 7.465520501136779785e-01 2.720880126953125000e+01
-7.796250152587890625e+01 7.302262783050537109e-01 2.796378135681152344e+01
-7.801239013671875000e+01 7.134985923767089844e-01 2.871783638000488281e+01
-7.806182861328125000e+01 6.964318156242370605e-01 2.947162246704101562e+01
-7.811101531982421875e+01 6.790935993194580078e-01 3.022586822509765625e+01
-7.816018676757812500e+01 6.615551114082336426e-01 3.098134231567382812e+01
-7.820960235595703125e+01 6.438892483711242676e-01 3.173884010314941406e+01
-7.825953674316406250e+01 6.261689066886901855e-01 3.249915695190429688e+01
-7.831027984619140625e+01 6.084656715393066406e-01 3.326306915283203125e+01
-7.836211395263671875e+01 5.908482074737548828e-01 3.403131866455078125e+01
-7.841529846191406250e+01 5.733808875083923340e-01 3.480459976196289062e+01
-7.847005462646484375e+01 5.561223030090332031e-01 3.558353424072265625e+01
-7.852655792236328125e+01 5.391240119934082031e-01 3.636867523193359375e+01
-7.858490753173828125e+01 5.224289894104003906e-01 3.716048049926757812e+01
-7.864514923095703125e+01 5.060701370239257812e-01 3.795931243896484375e+01
-7.870725250244140625e+01 4.900688230991363525e-01 3.876542282104492188e+01
-7.877111816406250000e+01 4.744335412979125977e-01 3.957895278930664062e+01
-7.883657836914062500e+01 4.591584503650665283e-01 4.039992141723632812e+01
-7.890341949462890625e+01 4.442224204540252686e-01 4.122822189331054688e+01
-7.897137451171875000e+01 4.295882880687713623e-01 4.206362152099609375e+01
-7.904016876220703125e+01 4.152027666568756104e-01 4.290576171875000000e+01
-7.910950469970703125e+01 4.009968340396881104e-01 4.375415802001953125e+01
-7.917908477783203125e+01 3.868869543075561523e-01 4.460822296142578125e+01
-7.924864196777343750e+01 3.727770149707794189e-01 4.546725845336914062e+01
-7.931793212890625000e+01 3.585609793663024902e-01 4.633048629760742188e+01
-7.938675689697265625e+01 3.441261947154998779e-01 4.719705581665039062e+01
-7.945494842529296875e+01 3.293574154376983643e-01 4.806607437133789062e+01
-7.952239990234375000e+01 3.141410052776336670e-01 4.893662643432617188e+01
-7.958904266357421875e+01 2.983695268630981445e-01 4.980780410766601562e+01
-7.965485382080078125e+01 2.819462716579437256e-01 5.067871856689453125e+01
-7.971986389160156250e+01 2.647894918918609619e-01 5.154854202270507812e+01
-7.978412628173828125e+01 2.468362897634506226e-01 5.241651153564453125e+01
-7.984774017333984375e+01 2.280459403991699219e-01 5.328195571899414062e+01
-7.991082763671875000e+01 2.084023058414459229e-01 5.414430236816406250e+01
-7.997354888916015625e+01 1.879155337810516357e-01 5.500309371948242188e+01
-8.003607940673828125e+01 1.666226983070373535e-01 5.585797882080078125e+01
-8.009861755371093750e+01 1.445874422788619995e-01 5.670871353149414062e+01
-8.016139221191406250e+01 1.218986585736274719e-01 5.755515670776367188e+01
-8.022465515136718750e+01 9.866814315319061279e-02 5.839724731445312500e+01
-8.028867340087890625e+01 7.502724975347518921e-02 5.923500061035156250e+01
-8.035374450683593750e+01 5.112271010875701904e-02 6.006847763061523438e+01
-8.042017364501953125e+01 2.711167186498641968e-02 6.089777374267578125e+01
-8.048830413818359375e+01 3.156125545501708984e-03 6.172299575805664062e+01
-8.055847167968750000e+01 -2.058305032551288605e-02 6.254424285888671875e+01
-8.063102722167968750e+01 -4.395217448472976685e-02 6.336160278320312500e+01
-8.070631408691406250e+01 -6.681066751480102539e-02 6.417512512207031250e+01
-8.078467559814453125e+01 -8.903641998767852783e-02 6.498482513427734375e+01
-8.086643981933593750e+01 -1.105303391814231873e-01 6.579068756103515625e+01
-8.095190429687500000e+01 -1.312196403741836548e-01 6.659264373779296875e+01
-8.104134368896484375e+01 -1.510597318410873413e-01 6.739060974121093750e+01
-8.113498687744140625e+01 -1.700344532728195190e-01 6.818447113037109375e+01
-8.123302459716796875e+01 -1.881546080112457275e-01 6.897411346435546875e+01
-8.133561706542968750e+01 -2.054549008607864380e-01 6.975940704345703125e+01
-8.144287109375000000e+01 -2.219895124435424805e-01 7.054025268554687500e+01
-8.155487823486328125e+01 -2.378266155719757080e-01 7.131657409667968750e+01
-8.167168426513671875e+01 -2.530422508716583252e-01 7.208832550048828125e+01
-8.179332733154296875e+01 -2.677141427993774414e-01 7.285549926757812500e+01
-8.191983795166015625e+01 -2.819158136844635010e-01 7.361813354492187500e+01
-8.205125427246093750e+01 -2.957115769386291504e-01 7.437631225585937500e+01
-8.218762207031250000e+01 -3.091526329517364502e-01 7.513015747070312500e+01
-8.232903289794921875e+01 -3.222745358943939209e-01 7.587982177734375000e+01
-8.247560119628906250e+01 -3.350960016250610352e-01 7.662548065185546875e+01
-8.262748718261718750e+01 -3.476190865039825439e-01 7.736732482910156250e+01
-8.278490447998046875e+01 -3.598304986953735352e-01 7.810556030273437500e+01
-8.294810485839843750e+01 -3.717035949230194092e-01 7.884038543701171875e+01
-8.311739349365234375e+01 -3.832009434700012207e-01 7.957198333740234375e+01
-8.329310607910156250e+01 -3.942769765853881836e-01 8.030052947998046875e+01
-8.347560119628906250e+01 -4.048805236816406250e-01 8.102617645263671875e+01
-8.366525268554687500e+01 -4.149569869041442871e-01 8.174905395507812500e+01
-8.386243438720703125e+01 -4.244503974914550781e-01 8.246928405761718750e+01
-8.406748962402343750e+01 -4.333048462867736816e-01 8.318696594238281250e+01
-8.428072357177734375e+01 -4.414662122726440430e-01 8.390219879150390625e+01
-8.450238800048828125e+01 -4.488836526870727539e-01 8.461507415771484375e+01
-8.473267364501953125e+01 -4.555115997791290283e-01 8.532568359375000000e+01
-8.497166442871093750e+01 -4.613123536109924316e-01 8.603413391113281250e+01
-8.521937561035156250e+01 -4.662590026855468750e-01 8.674054718017578125e+01
-8.547571563720703125e+01 -4.703391492366790771e-01 8.744506072998046875e+01
-8.574049377441406250e+01 -4.735588729381561279e-01 8.814782714843750000e+01
-8.601343536376953125e+01 -4.759467244148254395e-01 8.884900665283203125e+01
-8.629417419433593750e+01 -4.775572717189788818e-01 8.954876708984375000e+01
-8.658227539062500000e+01 -4.784737825393676758e-01 9.024729156494140625e+01
-8.687725830078125000e+01 -4.788094460964202881e-01 9.094474029541015625e+01
-8.717859649658203125e+01 -4.787067174911499023e-01 9.164125823974609375e+01
-8.748577117919921875e+01 -4.783346652984619141e-01 9.233697509765625000e+01
-8.779825592041015625e+01 -4.778838455677032471e-01 9.303199005126953125e+01
-8.811557006835937500e+01 -4.775592088699340820e-01 9.372634887695312500e+01
-8.843726348876953125e+01 -4.775711596012115479e-01 9.442006683349609375e+01
-8.876296234130859375e+01 -4.781252443790435791e-01 9.511310577392578125e+01
-8.909235382080078125e+01 -4.794112741947174072e-01 9.580538940429687500e+01
-8.942520141601562500e+01 -4.815925657749176025e-01 9.649680328369140625e+01
-8.976133728027343750e+01 -4.847962260246276855e-01 9.718720245361328125e+01
-9.010067749023437500e+01 -4.891050457954406738e-01 9.787639617919921875e+01
-9.044316864013671875e+01 -4.945518076419830322e-01 9.856419372558593750e+01
-9.078881072998046875e+01 -5.011165142059326172e-01 9.925035858154296875e+01
-9.113760375976562500e+01 -5.087265968322753906e-01 9.993466186523437500e+01
-9.148956298828125000e+01 -5.172603130340576172e-01 1.006168441772460938e+02
-9.184465026855468750e+01 -5.265530347824096680e-01 1.012966156005859375e+02
-9.220278930664062500e+01 -5.364063382148742676e-01 1.019736785888671875e+02
-9.256382751464843750e+01 -5.465986132621765137e-01 1.026476745605468750e+02
-9.292752075195312500e+01 -5.568972826004028320e-01 1.033182067871093750e+02
-9.329351043701171875e+01 -5.670713782310485840e-01 1.039848022460937500e+02
-9.366133117675781250e+01 -5.769035220146179199e-01 1.046469192504882812e+02
-9.403041076660156250e+01 -5.862012505531311035e-01 1.053039245605468750e+02
-9.440006256103515625e+01 -5.948061347007751465e-01 1.059550857543945312e+02
-9.476949310302734375e+01 -6.026006937026977539e-01 1.065995712280273438e+02
-9.513784027099609375e+01 -6.095127463340759277e-01 1.072364501953125000e+02
-9.550415802001953125e+01 -6.155166625976562500e-01 1.078647079467773438e+02
-9.586746978759765625e+01 -6.206319332122802734e-01 1.084832534790039062e+02
-9.622678375244140625e+01 -6.249189972877502441e-01 1.090909423828125000e+02
-9.658111572265625000e+01 -6.284728646278381348e-01 1.096865921020507812e+02
-9.692951965332031250e+01 -6.314148902893066406e-01 1.102690277099609375e+02
-9.727109527587890625e+01 -6.338835954666137695e-01 1.108370971679687500e+02
-9.760502624511718750e+01 -6.360248923301696777e-01 1.113896942138671875e+02
-9.793059539794921875e+01 -6.379824876785278320e-01 1.119258041381835938e+02
-9.824720001220703125e+01 -6.398892998695373535e-01 1.124445114135742188e+02
-9.855435180664062500e+01 -6.418600678443908691e-01 1.129450225830078125e+02
-9.885168457031250000e+01 -6.439856886863708496e-01 1.134266738891601562e+02
-9.913896942138671875e+01 -6.463296413421630859e-01 1.138889465332031250e+02
-9.941609954833984375e+01 -6.489263772964477539e-01 1.143314743041992188e+02
-9.968310546875000000e+01 -6.517816185951232910e-01 1.147540130615234375e+02
-9.994012451171875000e+01 -6.548746824264526367e-01 1.151564636230468750e+02
-1.001874160766601562e+02 -6.581618785858154297e-01 1.155388565063476562e+02
-1.004253387451171875e+02 -6.615812778472900391e-01 1.159013290405273438e+02
-1.006543426513671875e+02 -6.650579571723937988e-01 1.162441253662109375e+02
-1.008749465942382812e+02 -6.685094833374023438e-01 1.165675811767578125e+02
-1.010877532958984375e+02 -6.718512177467346191e-01 1.168721313476562500e+02
-1.012933959960937500e+02 -6.750012040138244629e-01 1.171582717895507812e+02
-1.014925537109375000e+02 -6.778841614723205566e-01 1.174265899658203125e+02
-1.016859130859375000e+02 -6.804347038269042969e-01 1.176777267456054688e+02
-1.018741760253906250e+02 -6.825997829437255859e-01 1.179123916625976562e+02
-1.020580215454101562e+02 -6.843397021293640137e-01 1.181313552856445312e+02
-1.022381057739257812e+02 -6.856286525726318359e-01 1.183354415893554688e+02
-1.024150695800781250e+02 -6.864543557167053223e-01 1.185255126953125000e+02
-1.025895156860351562e+02 -6.868169307708740234e-01 1.187024765014648438e+02
-1.027620162963867188e+02 -6.867272257804870605e-01 1.188672637939453125e+02
-1.029331283569335938e+02 -6.862050294876098633e-01 1.190208206176757812e+02
-1.031034088134765625e+02 -6.852766275405883789e-01 1.191641006469726562e+02
-1.032734146118164062e+02 -6.839726567268371582e-01 1.192980346679687500e+02
-1.034437408447265625e+02 -6.823256611824035645e-01 1.194235305786132812e+02
-1.036150436401367188e+02 -6.803680658340454102e-01 1.195414428710937500e+02
-1.037880477905273438e+02 -6.781300306320190430e-01 1.196525573730468750e+02
-1.039635848999023438e+02 -6.756379008293151855e-01 1.197575912475585938e+02
-1.041425704956054688e+02 -6.729129552841186523e-01 1.198571624755859375e+02
-1.043260421752929688e+02 -6.699703335762023926e-01 1.199517669677734375e+02
-1.045151290893554688e+02 -6.668185591697692871e-01 1.200417709350585938e+02
-1.047110366821289062e+02 -6.634592413902282715e-01 1.201274032592773438e+02
-1.049150314331054688e+02 -6.598871350288391113e-01 1.202087326049804688e+02
-1.051283950805664062e+02 -6.560904979705810547e-01 1.202856445312500000e+02
-1.053523635864257812e+02 -6.520513296127319336e-01 1.203578491210937500e+02
-1.055881118774414062e+02 -6.477460265159606934e-01 1.204248580932617188e+02
-1.058366699218750000e+02 -6.431457400321960449e-01 1.204859924316406250e+02
-1.060989074707031250e+02 -6.382169723510742188e-01 1.205403671264648438e+02
-1.063754730224609375e+02 -6.329221725463867188e-01 1.205869064331054688e+02
-1.066667709350585938e+02 -6.272205710411071777e-01 1.206243515014648438e+02
-1.069729537963867188e+02 -6.210688352584838867e-01 1.206512832641601562e+02
-1.072939071655273438e+02 -6.144224405288696289e-01 1.206661529541015625e+02
-1.076292877197265625e+02 -6.072371006011962891e-01 1.206672973632812500e+02
-1.079785308837890625e+02 -5.994706749916076660e-01 1.206530075073242188e+02
-1.083408966064453125e+02 -5.910852551460266113e-01 1.206215591430664062e+02
-1.087155303955078125e+02 -5.820496082305908203e-01 1.205712661743164062e+02
-1.091015090942382812e+02 -5.723413825035095215e-01 1.205005416870117188e+02
-1.094979019165039062e+02 -5.619492530822753906e-01 1.204079513549804688e+02
-1.099038391113281250e+02 -5.508744120597839355e-01 1.202922592163085938e+02
-1.103185424804687500e+02 -5.391311645507812500e-01 1.201524658203125000e+02
-1.107413864135742188e+02 -5.267464518547058105e-01 1.199878540039062500e+02
-1.111719131469726562e+02 -5.137580633163452148e-01 1.197980117797851562e+02
-1.116098556518554688e+02 -5.002115368843078613e-01 1.195828399658203125e+02
-1.120551376342773438e+02 -4.861558377742767334e-01 1.193425598144531250e+02
-1.125078582763671875e+02 -4.716380238533020020e-01 1.190776824951171875e+02
-1.129682846069335938e+02 -4.566975831985473633e-01 1.187889938354492188e+02
-1.134368057250976562e+02 -4.413605928421020508e-01 1.184775161743164062e+02
-1.139139022827148438e+02 -4.256346523761749268e-01 1.181444396972656250e+02
-1.144000854492187500e+02 -4.095050096511840820e-01 1.177910995483398438e+02
-1.148958892822265625e+02 -3.929326832294464111e-01 1.174188842773437500e+02
-1.154018096923828125e+02 -3.758547604084014893e-01 1.170292053222656250e+02
-1.159182739257812500e+02 -3.581873178482055664e-01 1.166234130859375000e+02
-1.164456329345703125e+02 -3.398309350013732910e-01 1.162027816772460938e+02
-1.169841308593750000e+02 -3.206785023212432861e-01 1.157684402465820312e+02
-1.175339126586914062e+02 -3.006249070167541504e-01 1.153213653564453125e+02
-1.180950164794921875e+02 -2.795777916908264160e-01 1.148623580932617188e+02
-1.186673889160156250e+02 -2.574685215950012207e-01 1.143920440673828125e+02
-1.192509002685546875e+02 -2.342623472213745117e-01 1.139108657836914062e+02
-1.198453674316406250e+02 -2.099667936563491821e-01 1.134191207885742188e+02
-1.204505844116210938e+02 -1.846372932195663452e-01 1.129169921875000000e+02
-1.210663146972656250e+02 -1.583794653415679932e-01 1.124045486450195312e+02
-1.216923446655273438e+02 -1.313474923372268677e-01 1.118818283081054688e+02
-1.223284530639648438e+02 -1.037385240197181702e-01 1.113488388061523438e+02
-1.229744567871093750e+02 -7.578340172767639160e-02 1.108056106567382812e+02
-1.236301879882812500e+02 -4.773422703146934509e-02 1.102522277832031250e+02
-1.242954864501953125e+02 -1.984973996877670288e-02 1.096888656616210938e+02
-1.249701995849609375e+02 7.620353251695632935e-03 1.091157836914062500e+02
-1.256541519165039062e+02 3.445081412792205811e-02 1.085333633422851562e+02
-1.263471527099609375e+02 6.045475229620933533e-02 1.079420928955078125e+02
-1.270489425659179688e+02 8.549477905035018921e-02 1.073425674438476562e+02
-1.277592010498046875e+02 1.094903945922851562e-01 1.067354736328125000e+02
-1.284775238037109375e+02 1.324210166931152344e-01 1.061215744018554688e+02
-1.292034301757812500e+02 1.543243825435638428e-01 1.055016860961914062e+02
-1.299363250732421875e+02 1.752904206514358521e-01 1.048766403198242188e+02
-1.306755523681640625e+02 1.954512149095535278e-01 1.042472610473632812e+02
-1.314203491210937500e+02 2.149680554866790771e-01 1.036143493652343750e+02
-1.321699218750000000e+02 2.340166866779327393e-01 1.029786529541015625e+02
-1.329234313964843750e+02 2.527721226215362549e-01 1.023408279418945312e+02
-1.336800384521484375e+02 2.713945209980010986e-01 1.017014617919921875e+02
-1.344389038085937500e+02 2.900172173976898193e-01 1.010610427856445312e+02
-1.351992492675781250e+02 3.087381422519683838e-01 1.004199447631835938e+02
-1.359603576660156250e+02 3.276151120662689209e-01 9.977846527099609375e+01
-1.367216186523437500e+02 3.466654717922210693e-01 9.913681793212890625e+01
-1.374825439453125000e+02 3.658698499202728271e-01 9.849513244628906250e+01
-1.382427673339843750e+02 3.851795196533203125e-01 9.785348510742187500e+01
-1.390020446777343750e+02 4.045265018939971924e-01 9.721192169189453125e+01
-1.397602844238281250e+02 4.238353371620178223e-01 9.657045745849609375e+01
-1.405174865722656250e+02 4.430352747440338135e-01 9.592911529541015625e+01
-1.412737731933593750e+02 4.620715081691741943e-01 9.528790283203125000e+01
-1.420293579101562500e+02 4.809144735336303711e-01 9.464685821533203125e+01
-1.427845153808593750e+02 4.995664060115814209e-01 9.400604248046875000e+01
-1.435395355224609375e+02 5.180643200874328613e-01 9.336553192138671875e+01
-1.442947235107421875e+02 5.364795923233032227e-01 9.272542572021484375e+01
-1.450503540039062500e+02 5.549137592315673828e-01 9.208584594726562500e+01
-1.458066558837890625e+02 5.734917521476745605e-01 9.144692993164062500e+01
-1.465637817382812500e+02 5.923526883125305176e-01 9.080879974365234375e+01
-1.473217926025390625e+02 6.116396188735961914e-01 9.017158508300781250e+01
-1.480806427001953125e+02 6.314890384674072266e-01 8.953540039062500000e+01
-1.488402099609375000e+02 6.520211696624755859e-01 8.890032196044921875e+01
-1.496002349853515625e+02 6.733322143554687500e-01 8.826641845703125000e+01
-1.503603820800781250e+02 6.954884529113769531e-01 8.763371276855468750e+01
-1.511202392578125000e+02 7.185233235359191895e-01 8.700220489501953125e+01
-1.518793334960937500e+02 7.424371838569641113e-01 8.637184906005859375e+01
-1.526371612548828125e+02 7.671995759010314941e-01 8.574259185791015625e+01
-1.533932037353515625e+02 7.927532792091369629e-01 8.511434936523437500e+01
-1.541469573974609375e+02 8.190200328826904297e-01 8.448702239990234375e+01
-1.548979949951171875e+02 8.459067344665527344e-01 8.386051940917968750e+01
-1.556459503173828125e+02 8.733114600181579590e-01 8.323475646972656250e+01
-1.563905639648437500e+02 9.011288881301879883e-01 8.260966491699218750e+01
-1.571316680908203125e+02 9.292542934417724609e-01 8.198519897460937500e+01
-1.578692321777343750e+02 9.575862288475036621e-01 8.136136627197265625e+01
-1.586033325195312500e+02 9.860272407531738281e-01 8.073820495605468750e+01
-1.593341674804687500e+02 1.014483451843261719e+00 8.011581420898437500e+01
-1.600620422363281250e+02 1.042862772941589355e+00 7.949433898925781250e+01
-1.607873229980468750e+02 1.071072816848754883e+00 7.887398529052734375e+01
-1.615104370117187500e+02 1.099018216133117676e+00 7.825502014160156250e+01
-1.622317962646484375e+02 1.126598954200744629e+00 7.763774871826171875e+01
-1.629518280029296875e+02 1.153709650039672852e+00 7.702252960205078125e+01
-1.636708679199218750e+02 1.180240035057067871e+00 7.640975189208984375e+01
-1.643891754150390625e+02 1.206076622009277344e+00 7.579982757568359375e+01
-1.651068725585937500e+02 1.231106877326965332e+00 7.519319152832031250e+01
-1.658239288330078125e+02 1.255223512649536133e+00 7.459027099609375000e+01
-1.665401458740234375e+02 1.278330087661743164e+00 7.399148559570312500e+01
-1.672551422119140625e+02 1.300347208976745605e+00 7.339723205566406250e+01
-1.679683837890625000e+02 1.321217536926269531e+00 7.280787658691406250e+01
-1.686791534423828125e+02 1.340910196304321289e+00 7.222376251220703125e+01
-1.693865966796875000e+02 1.359423995018005371e+00 7.164517211914062500e+01
-1.700897674560546875e+02 1.376788020133972168e+00 7.107236480712890625e+01
-1.707876281738281250e+02 1.393060445785522461e+00 7.050556182861328125e+01
-1.714791259765625000e+02 1.408325314521789551e+00 6.994493865966796875e+01
-1.721632080078125000e+02 1.422687530517578125e+00 6.939066314697265625e+01
-1.728388824462890625e+02 1.436266541481018066e+00 6.884287261962890625e+01
-1.735052490234375000e+02 1.449189305305480957e+00 6.830169677734375000e+01
-1.741615295410156250e+02 1.461583495140075684e+00 6.776726531982421875e+01
-1.748071136474609375e+02 1.473571062088012695e+00 6.723970031738281250e+01
-1.754415283203125000e+02 1.485263586044311523e+00 6.671913146972656250e+01
-1.760644989013671875e+02 1.496758818626403809e+00 6.620566558837890625e+01
-1.766758575439453125e+02 1.508139967918395996e+00 6.569941711425781250e+01
-1.772756042480468750e+02 1.519475936889648438e+00 6.520045471191406250e+01
-1.778638305664062500e+02 1.530824065208435059e+00 6.470880889892578125e+01
-1.784406738281250000e+02 1.542233467102050781e+00 6.422444915771484375e+01
-1.790062866210937500e+02 1.553749322891235352e+00 6.374725723266601562e+01
-1.795607910156250000e+02 1.565416574478149414e+00 6.327700805664062500e+01
-1.801042175292968750e+02 1.577283263206481934e+00 6.281336212158203125e+01
-1.806364746093750000e+02 1.589401721954345703e+00 6.235584640502929688e+01
-1.811572875976562500e+02 1.601828932762145996e+00 6.190385055541992188e+01
-1.816662139892578125e+02 1.614624142646789551e+00 6.145663070678710938e+01
-1.821625823974609375e+02 1.627845048904418945e+00 6.101331710815429688e+01
-1.826455078125000000e+02 1.641542077064514160e+00 6.057293701171875000e+01
-1.831139526367187500e+02 1.655752182006835938e+00 6.013443374633789062e+01
-1.835666656494140625e+02 1.670492053031921387e+00 5.969670486450195312e+01
-1.840023040771484375e+02 1.685752034187316895e+00 5.925864028930664062e+01
-1.844194335937500000e+02 1.701491475105285645e+00 5.881916427612304688e+01
-1.848165893554687500e+02 1.717635750770568848e+00 5.837727355957031250e+01
-1.851923522949218750e+02 1.734076380729675293e+00 5.793208312988281250e+01
-1.855453796386718750e+02 1.750672936439514160e+00 5.748285675048828125e+01
-1.858744659423828125e+02 1.767258405685424805e+00 5.702904891967773438e+01
-1.861785583496093750e+02 1.783646225929260254e+00 5.657031631469726562e+01
-1.864568328857421875e+02 1.799639463424682617e+00 5.610653686523437500e+01
-1.867086639404296875e+02 1.815040707588195801e+00 5.563782501220703125e+01
-1.869336547851562500e+02 1.829661726951599121e+00 5.516451263427734375e+01
-1.871316223144531250e+02 1.843333244323730469e+00 5.468714904785156250e+01
-1.873025665283203125e+02 1.855912089347839355e+00 5.420647048950195312e+01
-1.874466400146484375e+02 1.867287039756774902e+00 5.372337341308593750e+01
-1.875641632080078125e+02 1.877382278442382812e+00 5.323888778686523438e+01
-1.876555328369140625e+02 1.886157512664794922e+00 5.275412368774414062e+01
-1.877212219238281250e+02 1.893607139587402344e+00 5.227024078369140625e+01
-1.877617340087890625e+02 1.899756312370300293e+00 5.178840255737304688e+01
-1.877776184082031250e+02 1.904656529426574707e+00 5.130973434448242188e+01
-1.877694091796875000e+02 1.908380508422851562e+00 5.083528518676757812e+01
-1.877376708984375000e+02 1.911017179489135742e+00 5.036599349975585938e+01
-1.876829376220703125e+02 1.912667155265808105e+00 4.990265655517578125e+01
-1.876058044433593750e+02 1.913439273834228516e+00 4.944591522216796875e+01
-1.875068511962890625e+02 1.913448929786682129e+00 4.899622726440429688e+01
-1.873867340087890625e+02 1.912816524505615234e+00 4.855386352539062500e+01
-1.872461700439453125e+02 1.911667823791503906e+00 4.811890411376953125e+01
-1.870859069824218750e+02 1.910134196281433105e+00 4.769124221801757812e+01
-1.869068145751953125e+02 1.908352613449096680e+00 4.727058410644531250e+01
-1.867098083496093750e+02 1.906465291976928711e+00 4.685647583007812500e+01
-1.864958801269531250e+02 1.904618024826049805e+00 4.644830703735351562e+01
-1.862660675048828125e+02 1.902957081794738770e+00 4.604533386230468750e+01
-1.860214691162109375e+02 1.901624202728271484e+00 4.564669799804687500e+01
-1.857631683349609375e+02 1.900750398635864258e+00 4.525143814086914062e+01
-1.854922485351562500e+02 1.900448799133300781e+00 4.485852050781250000e+01
-1.852097320556640625e+02 1.900806903839111328e+00 4.446685028076171875e+01
-1.849165649414062500e+02 1.901879191398620605e+00 4.407529067993164062e+01
-1.846135864257812500e+02 1.903681278228759766e+00 4.368268203735351562e+01
-1.843015289306640625e+02 1.906185626983642578e+00 4.328784942626953125e+01
-1.839809722900390625e+02 1.909320712089538574e+00 4.288962554931640625e+01
-1.836523590087890625e+02 1.912972807884216309e+00 4.248686218261718750e+01
-1.833159790039062500e+02 1.916991472244262695e+00 4.207844543457031250e+01
-1.829719696044921875e+02 1.921198129653930664e+00 4.166331100463867188e+01
-1.826203308105468750e+02 1.925397634506225586e+00 4.124045562744140625e+01
-1.822609558105468750e+02 1.929391264915466309e+00 4.080894470214843750e+01
-1.818936157226562500e+02 1.932990908622741699e+00 4.036793136596679688e+01
-1.815180053710937500e+02 1.936033010482788086e+00 3.991666030883789062e+01
-1.811337585449218750e+02 1.938390374183654785e+00 3.945447921752929688e+01
-1.807404479980468750e+02 1.939981818199157715e+00 3.898084259033203125e+01
-1.803376464843750000e+02 1.940777897834777832e+00 3.849530792236328125e+01
-1.799249267578125000e+02 1.940802335739135742e+00 3.799754333496093750e+01
-1.795018615722656250e+02 1.940129637718200684e+00 3.748731613159179688e+01
-1.790680847167968750e+02 1.938878059387207031e+00 3.696448516845703125e+01
-1.786232604980468750e+02 1.937198877334594727e+00 3.642899322509765625e+01
-1.781671295166015625e+02 1.935263872146606445e+00 3.588085937500000000e+01
-1.776995239257812500e+02 1.933250546455383301e+00 3.532015228271484375e+01
-1.772203521728515625e+02 1.931327939033508301e+00 3.474699783325195312e+01
-1.767296600341796875e+02 1.929643273353576660e+00 3.416154861450195312e+01
-1.762276153564453125e+02 1.928311228752136230e+00 3.356399154663085938e+01
-1.757144927978515625e+02 1.927406907081604004e+00 3.295453643798828125e+01
-1.751907196044921875e+02 1.926961660385131836e+00 3.233340835571289062e+01
-1.746568298339843750e+02 1.926963925361633301e+00 3.170086479187011719e+01
-1.741135101318359375e+02 1.927363514900207520e+00 3.105719184875488281e+01
-1.735615692138671875e+02 1.928078293800354004e+00 3.040272521972656250e+01
-1.730018920898437500e+02 1.929004311561584473e+00 2.973785400390625000e+01
-1.724354400634765625e+02 1.930025696754455566e+00 2.906304359436035156e+01
-1.718632354736328125e+02 1.931025624275207520e+00 2.837884521484375000e+01
-1.712863006591796875e+02 1.931895494461059570e+00 2.768590736389160156e+01
-1.707056579589843750e+02 1.932542800903320312e+00 2.698498725891113281e+01
-1.701222534179687500e+02 1.932896733283996582e+00 2.627694702148437500e+01
-1.695369415283203125e+02 1.932910799980163574e+00 2.556275177001953125e+01
-1.689504852294921875e+02 1.932564020156860352e+00 2.484344863891601562e+01
-1.683634948730468750e+02 1.931859374046325684e+00 2.412015533447265625e+01
-1.677764587402343750e+02 1.930821776390075684e+00 2.339401626586914062e+01
-1.671896972656250000e+02 1.929495215415954590e+00 2.266617584228515625e+01
-1.666034088134765625e+02 1.927939891815185547e+00 2.193773269653320312e+01
-1.660177307128906250e+02 1.926230311393737793e+00 2.120969772338867188e+01
-1.654327087402343750e+02 1.924453735351562500e+00 2.048294830322265625e+01
-1.648483886718750000e+02 1.922710061073303223e+00 1.975819015502929688e+01
-1.642648620605468750e+02 1.921111226081848145e+00 1.903592491149902344e+01
-1.636823272705078125e+02 1.919781684875488281e+00 1.831641960144042969e+01
-1.631011352539062500e+02 1.918856978416442871e+00 1.759970092773437500e+01
-1.625218353271484375e+02 1.918482065200805664e+00 1.688554382324218750e+01
-1.619452209472656250e+02 1.918806910514831543e+00 1.617348861694335938e+01
-1.613723602294921875e+02 1.919980168342590332e+00 1.546285533905029297e+01
-1.608045806884765625e+02 1.922141075134277344e+00 1.475278091430664062e+01
-1.602434844970703125e+02 1.925409197807312012e+00 1.404225826263427734e+01
-1.596909179687500000e+02 1.929873704910278320e+00 1.333018207550048828e+01
-1.591488952636718750e+02 1.935582637786865234e+00 1.261539745330810547e+01
-1.586195983886718750e+02 1.942534089088439941e+00 1.189675140380859375e+01
-1.581052551269531250e+02 1.950669765472412109e+00 1.117313766479492188e+01
-1.576080780029296875e+02 1.959872961044311523e+00 1.044353675842285156e+01
-1.571302185058593750e+02 1.969971060752868652e+00 9.707048416137695312e+00
-1.566736450195312500e+02 1.980743885040283203e+00 8.962914466857910156e+00
-1.562400665283203125e+02 1.991936445236206055e+00 8.210528373718261719e+00
-1.558309173583984375e+02 2.003277063369750977e+00 7.449441432952880859e+00
-1.554472503662109375e+02 2.014497756958007812e+00 6.679349899291992188e+00
-1.550897369384765625e+02 2.025356769561767578e+00 5.900080204010009766e+00
-1.547586212158203125e+02 2.035660982131958008e+00 5.111566066741943359e+00
-1.544537506103515625e+02 2.045284986495971680e+00 4.313819408416748047e+00
-1.541745300292968750e+02 2.054185628890991211e+00 3.506901741027832031e+00
-1.539200134277343750e+02 2.062411546707153320e+00 2.690893650054931641e+00
-1.536888885498046875e+02 2.070104122161865234e+00 1.865867495536804199e+00
-1.534795379638671875e+02 2.077491760253906250e+00 1.031865119934082031e+00
-1.532901306152343750e+02 2.084876060485839844e+00 1.888796687126159668e-01
-1.531186065673828125e+02 2.092610836029052734e+00 -6.631551980972290039e-01
-1.529628295898437500e+02 2.101078033447265625e+00 -1.524369716644287109e+00
-1.528205566406250000e+02 2.110658168792724609e+00 -2.394955158233642578e+00
-1.526895751953125000e+02 2.121702432632446289e+00 -3.275155067443847656e+00
-1.525677185058593750e+02 2.134505033493041992e+00 -4.165250778198242188e+00
-1.524529266357421875e+02 2.149280786514282227e+00 -5.065542221069335938e+00
-1.523432922363281250e+02 2.166147708892822266e+00 -5.976325988769531250e+00
-1.522370910644531250e+02 2.185118436813354492e+00 -6.897871494293212891e+00
-1.521327972412109375e+02 2.206098079681396484e+00 -7.830396175384521484e+00
-1.520291442871093750e+02 2.228891849517822266e+00 -8.774042129516601562e+00
-1.519251098632812500e+02 2.253219842910766602e+00 -9.728855133056640625e+00
-1.518199005126953125e+02 2.278736829757690430e+00 -1.069476795196533203e+01
-1.517129669189453125e+02 2.305058717727661133e+00 -1.167158508300781250e+01
-1.516040039062500000e+02 2.331788539886474609e+00 -1.265897655487060547e+01
-1.514928894042968750e+02 2.358544588088989258e+00 -1.365647411346435547e+01
-1.513796997070312500e+02 2.384985446929931641e+00 -1.466347503662109375e+01
-1.512646636962890625e+02 2.410830259323120117e+00 -1.567925262451171875e+01
-1.511481323242187500e+02 2.435874223709106445e+00 -1.670296859741210938e+01
-1.510305175781250000e+02 2.459996938705444336e+00 -1.773369598388671875e+01
-1.509123077392578125e+02 2.483164072036743164e+00 -1.877044105529785156e+01
-1.507939910888671875e+02 2.505422115325927734e+00 -1.981217002868652344e+01
-1.506760864257812500e+02 2.526887416839599609e+00 -2.085783576965332031e+01
-1.505590515136718750e+02 2.547730684280395508e+00 -2.190640830993652344e+01
-1.504433135986328125e+02 2.568158626556396484e+00 -2.295689964294433594e+01
-1.503292388916015625e+02 2.588393926620483398e+00 -2.400838851928710938e+01
-1.502171325683593750e+02 2.608656644821166992e+00 -2.506003952026367188e+01
-1.501072235107421875e+02 2.629147052764892578e+00 -2.611111831665039062e+01
-1.499996795654296875e+02 2.650031566619873047e+00 -2.716099548339843750e+01
-1.498946075439453125e+02 2.671433687210083008e+00 -2.820915603637695312e+01
-1.497920532226562500e+02 2.693428754806518555e+00 -2.925519371032714844e+01
-1.496920166015625000e+02 2.716042995452880859e+00 -3.029879760742187500e+01
-1.495944671630859375e+02 2.739257335662841797e+00 -3.133974647521972656e+01
-1.494993591308593750e+02 2.763013362884521484e+00 -3.237789154052734375e+01
-1.494066314697265625e+02 2.787222146987915039e+00 -3.341313171386718750e+01
-1.493161926269531250e+02 2.811773538589477539e+00 -3.444540405273437500e+01
-1.492279663085937500e+02 2.836546182632446289e+00 -3.547466659545898438e+01
-1.491418762207031250e+02 2.861415386199951172e+00 -3.650087738037109375e+01
-1.490578308105468750e+02 2.886260509490966797e+00 -3.752399826049804688e+01
-1.489757537841796875e+02 2.910969495773315430e+00 -3.854397583007812500e+01
-1.488955841064453125e+02 2.935441255569458008e+00 -3.956074523925781250e+01
-1.488172149658203125e+02 2.959586381912231445e+00 -4.057423782348632812e+01
-1.487405548095703125e+02 2.983326673507690430e+00 -4.158438110351562500e+01
-1.486654968261718750e+02 3.006591796875000000e+00 -4.259111404418945312e+01
-1.485918884277343750e+02 3.029317378997802734e+00 -4.359439086914062500e+01
-1.485195770263671875e+02 3.051442384719848633e+00 -4.459419250488281250e+01
-1.484483795166015625e+02 3.072906732559204102e+00 -4.559053802490234375e+01
-1.483780670166015625e+02 3.093651056289672852e+00 -4.658348083496093750e+01
-1.483083801269531250e+02 3.113617181777954102e+00 -4.757310867309570312e+01
-1.482390289306640625e+02 3.132749080657958984e+00 -4.855954742431640625e+01
-1.481697235107421875e+02 3.150996923446655273e+00 -4.954293823242187500e+01
-1.481001586914062500e+02 3.168319940567016602e+00 -5.052341842651367188e+01
-1.480300140380859375e+02 3.184690713882446289e+00 -5.150111007690429688e+01
-1.479589996337890625e+02 3.200098991394042969e+00 -5.247608184814453125e+01
-1.478868560791015625e+02 3.214555025100708008e+00 -5.344833755493164062e+01
-1.478133850097656250e+02 3.228091001510620117e+00 -5.441777801513671875e+01
-1.477384643554687500e+02 3.240761995315551758e+00 -5.538418197631835938e+01
-1.476620483398437500e+02 3.252644777297973633e+00 -5.634718704223632812e+01
-1.475841979980468750e+02 3.263834714889526367e+00 -5.730628204345703125e+01
-1.475051116943359375e+02 3.274441242218017578e+00 -5.826079559326171875e+01
-1.474250946044921875e+02 3.284581899642944336e+00 -5.920989990234375000e+01
-1.473445587158203125e+02 3.294376134872436523e+00 -6.015262222290039062e+01
-1.472640380859375000e+02 3.303937673568725586e+00 -6.108786010742187500e+01
-1.471841735839843750e+02 3.313367843627929688e+00 -6.201441192626953125e+01
-1.471056823730468750e+02 3.322749376296997070e+00 -6.293098831176757812e+01
-1.470293426513671875e+02 3.332141399383544922e+00 -6.383625411987304688e+01
-1.469559326171875000e+02 3.341576337814331055e+00 -6.472884368896484375e+01
-1.468862609863281250e+02 3.351058483123779297e+00 -6.560738372802734375e+01
-1.468210754394531250e+02 3.360564470291137695e+00 -6.647052764892578125e+01
-1.467610626220703125e+02 3.370045900344848633e+00 -6.731694030761718750e+01
-1.467068023681640625e+02 3.379433631896972656e+00 -6.814532470703125000e+01
-1.466587677001953125e+02 3.388643503189086914e+00 -6.895440673828125000e+01
-1.466172790527343750e+02 3.397582769393920898e+00 -6.974294281005859375e+01
-1.465825195312500000e+02 3.406157732009887695e+00 -7.050970458984375000e+01
-1.465545043945312500e+02 3.414280414581298828e+00 -7.125347137451171875e+01
-1.465331115722656250e+02 3.421875715255737305e+00 -7.197302246093750000e+01
-1.465180664062500000e+02 3.428886651992797852e+00 -7.266714477539062500e+01
-1.465089569091796875e+02 3.435279607772827148e+00 -7.333464050292968750e+01
-1.465052642822265625e+02 3.441046476364135742e+00 -7.397434234619140625e+01
-1.465064086914062500e+02 3.446207046508789062e+00 -7.458514404296875000e+01
-1.465117034912109375e+02 3.450808286666870117e+00 -7.516604614257812500e+01
-1.465204620361328125e+02 3.454922676086425781e+00 -7.571618652343750000e+01
-1.465319671630859375e+02 3.458644866943359375e+00 -7.623490905761718750e+01
-1.465455017089843750e+02 3.462087631225585938e+00 -7.672180175781250000e+01
-1.465603790283203125e+02 3.465376138687133789e+00 -7.717677307128906250e+01
-1.465759429931640625e+02 3.468641281127929688e+00 -7.760005950927734375e+01
-1.465916137695312500e+02 3.472014427185058594e+00 -7.799227142333984375e+01
-1.466068725585937500e+02 3.475619554519653320e+00 -7.835440063476562500e+01
-1.466212463378906250e+02 3.479567527770996094e+00 -7.868779754638671875e+01
-1.466343383789062500e+02 3.483950853347778320e+00 -7.899416351318359375e+01
-1.466458282470703125e+02 3.488837957382202148e+00 -7.927547454833984375e+01
-1.466554565429687500e+02 3.494270086288452148e+00 -7.953392028808593750e+01
-1.466630249023437500e+02 3.500258922576904297e+00 -7.977180480957031250e+01
-1.466683959960937500e+02 3.506785392761230469e+00 -7.999146270751953125e+01
-1.466714935302734375e+02 3.513800382614135742e+00 -8.019515991210937500e+01
-1.466722717285156250e+02 3.521227598190307617e+00 -8.038497924804687500e+01
-1.466707611083984375e+02 3.528965950012207031e+00 -8.056276702880859375e+01
-1.466670074462890625e+02 3.536895513534545898e+00 -8.073002624511718750e+01
-1.466611328125000000e+02 3.544883012771606445e+00 -8.088790893554687500e+01
-1.466532897949218750e+02 3.552788257598876953e+00 -8.103717803955078125e+01
-1.466436614990234375e+02 3.560471296310424805e+00 -8.117820739746093750e+01
-1.466324768066406250e+02 3.567799568176269531e+00 -8.131104278564453125e+01
-1.466200103759765625e+02 3.574653625488281250e+00 -8.143543243408203125e+01
-1.466065521240234375e+02 3.580933570861816406e+00 -8.155091094970703125e+01
-1.465924224853515625e+02 3.586563587188720703e+00 -8.165689849853515625e+01
-1.465779571533203125e+02 3.591495513916015625e+00 -8.175277709960937500e+01
-1.465635070800781250e+02 3.595711231231689453e+00 -8.183800506591796875e+01
-1.465494232177734375e+02 3.599222660064697266e+00 -8.191217041015625000e+01
-1.465360107421875000e+02 3.602071285247802734e+00 -8.197508239746093750e+01
-1.465235900878906250e+02 3.604325771331787109e+00 -8.202681732177734375e+01
-1.465124053955078125e+02 3.606078624725341797e+00 -8.206774139404296875e+01
-1.465026855468750000e+02 3.607441186904907227e+00 -8.209850311279296875e+01
-1.464945678710937500e+02 3.608538389205932617e+00 -8.212002563476562500e+01
-1.464881591796875000e+02 3.609502792358398438e+00 -8.213345336914062500e+01
-1.464834747314453125e+02 3.610467910766601562e+00 -8.214010620117187500e+01
-1.464804840087890625e+02 3.611562013626098633e+00 -8.214139556884765625e+01
-1.464790802001953125e+02 3.612902641296386719e+00 -8.213876342773437500e+01
-1.464791107177734375e+02 3.614590883255004883e+00 -8.213358306884765625e+01
-1.464803619384765625e+02 3.616707086563110352e+00 -8.212712860107421875e+01
-1.464826049804687500e+02 3.619307518005371094e+00 -8.212047576904296875e+01
-1.464855804443359375e+02 3.622422456741333008e+00 -8.211450195312500000e+01
-1.464890136718750000e+02 3.626056194305419922e+00 -8.210982513427734375e+01
-1.464926452636718750e+02 3.630187511444091797e+00 -8.210682678222656250e+01
-1.464962310791015625e+02 3.634772300720214844e+00 -8.210564422607421875e+01
-1.464995422363281250e+02 3.639747142791748047e+00 -8.210620117187500000e+01
-1.465024108886718750e+02 3.645034313201904297e+00 -8.210825347900390625e+01
-1.465046844482421875e+02 3.650547027587890625e+00 -8.211143493652343750e+01
-1.465062866210937500e+02 3.656195640563964844e+00 -8.211528778076171875e+01
-1.465071716308593750e+02 3.661893606185913086e+00 -8.211934661865234375e+01
-1.465073699951171875e+02 3.667562961578369141e+00 -8.212316131591796875e+01
-1.465069274902343750e+02 3.673138856887817383e+00 -8.212635040283203125e+01
-1.465059356689453125e+02 3.678573608398437500e+00 -8.212861633300781250e+01
-1.465045166015625000e+02 3.683837890625000000e+00 -8.212976837158203125e+01
-1.465028228759765625e+02 3.688921689987182617e+00 -8.212974548339843750e+01
-1.465010223388671875e+02 3.693832159042358398e+00 -8.212858581542968750e+01
-1.464992675781250000e+02 3.698590755462646484e+00 -8.212643432617187500e+01
-1.464976959228515625e+02 3.703228235244750977e+00 -8.212350463867187500e+01
-1.464964294433593750e+02 3.707778692245483398e+00 -8.212007141113281250e+01
-1.464955749511718750e+02 3.712272882461547852e+00 -8.211641693115234375e+01
-1.464951782226562500e+02 3.716732501983642578e+00 -8.211282348632812500e+01
-1.464952545166015625e+02 3.721163749694824219e+00 -8.210954284667968750e+01
-1.464957733154296875e+02 3.725552797317504883e+00 -8.210676574707031250e+01
-1.464966583251953125e+02 3.729864358901977539e+00 -8.210462188720703125e+01
-1.464978027343750000e+02 3.734040975570678711e+00 -8.210315704345703125e+01
-1.464990692138671875e+02 3.738006591796875000e+00 -8.210235595703125000e+01
-1.465003051757812500e+02 3.741672039031982422e+00 -8.210214233398437500e+01
-1.465013427734375000e+02 3.744944095611572266e+00 -8.210237121582031250e+01
-1.465020141601562500e+02 3.747735023498535156e+00 -8.210288238525390625e+01
-1.465021820068359375e+02 3.749975204467773438e+00 -8.210349273681640625e+01
-1.465017547607421875e+02 3.751624822616577148e+00 -8.210403442382812500e+01
-1.465006561279296875e+02 3.752685070037841797e+00 -8.210436248779296875e+01
-1.464989013671875000e+02 3.753206968307495117e+00 -8.210437011718750000e+01
-1.464965667724609375e+02 3.753297805786132812e+00 -8.210401916503906250e+01
-1.464937896728515625e+02 3.753121852874755859e+00 -8.210332489013671875e+01
-1.464907531738281250e+02 3.752898454666137695e+00 -8.210236358642578125e+01
-1.464877319335937500e+02 3.752892732620239258e+00 -8.210127258300781250e+01
-1.464850311279296875e+02 3.753403425216674805e+00 -8.210022735595703125e+01
-1.464829711914062500e+02 3.754745960235595703e+00 -8.209944152832031250e+01
-1.464819030761718750e+02 3.757231235504150391e+00 -8.209915924072265625e+01
-1.464821319580078125e+02 3.761145353317260742e+00 -8.209961700439453125e+01
-1.464839324951171875e+02 3.766726732254028320e+00 -8.210105133056640625e+01
-1.464875030517578125e+02 3.774147272109985352e+00 -8.210368347167968750e+01
-1.464929656982421875e+02 3.783496141433715820e+00 -8.210771179199218750e+01
-1.465003356933593750e+02 3.794768333435058594e+00 -8.211330413818359375e+01
-1.465095062255859375e+02 3.807861089706420898e+00 -8.212062072753906250e+01
-1.465202331542968750e+02 3.822575330734252930e+00 -8.212981414794921875e+01
-1.465321807861328125e+02 3.838624954223632812e+00 -8.214102935791015625e+01
-1.465448913574218750e+02 3.855652332305908203e+00 -8.215444183349609375e+01
-1.465578155517578125e+02 3.873249530792236328e+00 -8.217025756835937500e+01
-1.465703430175781250e+02 3.890982389450073242e+00 -8.218873596191406250e+01
-1.465818023681640625e+02 3.908417224884033203e+00 -8.221018218994140625e+01
-1.465915069580078125e+02 3.925146341323852539e+00 -8.223498535156250000e+01
-1.465988159179687500e+02 3.940813064575195312e+00 -8.226360321044921875e+01
-1.466031188964843750e+02 3.955131053924560547e+00 -8.229653930664062500e+01
-1.466038665771484375e+02 3.967900037765502930e+00 -8.233436584472656250e+01
-1.466006164550781250e+02 3.979013204574584961e+00 -8.237768554687500000e+01
-1.465929870605468750e+02 3.988460302352905273e+00 -8.242712402343750000e+01
-1.465807189941406250e+02 3.996321678161621094e+00 -8.248330688476562500e+01
-1.465636444091796875e+02 4.002758026123046875e+00 -8.254682159423828125e+01
-1.465416412353515625e+02 4.007994651794433594e+00 -8.261824035644531250e+01
-1.465146331787109375e+02 4.012301921844482422e+00 -8.269806671142578125e+01
-1.464825439453125000e+02 4.015974521636962891e+00 -8.278675079345703125e+01
-1.464452667236328125e+02 4.019309520721435547e+00 -8.288468933105468750e+01
-1.464026031494140625e+02 4.022586822509765625e+00 -8.299221038818359375e+01
-1.463542022705078125e+02 4.026051044464111328e+00 -8.310959625244140625e+01
-1.462995758056640625e+02 4.029898643493652344e+00 -8.323709106445312500e+01
-1.462379913330078125e+02 4.034268379211425781e+00 -8.337490844726562500e+01
-1.461684875488281250e+02 4.039237499237060547e+00 -8.352322387695312500e+01
-1.460898437500000000e+02 4.044822216033935547e+00 -8.368218994140625000e+01
-1.460005950927734375e+02 4.050983428955078125e+00 -8.385191345214843750e+01
-1.458990325927734375e+02 4.057634830474853516e+00 -8.403244018554687500e+01
-1.457832031250000000e+02 4.064656734466552734e+00 -8.422371673583984375e+01
-1.456509857177734375e+02 4.071908473968505859e+00 -8.442555999755859375e+01
-1.455001373291015625e+02 4.079241752624511719e+00 -8.463761901855468750e+01
-1.453283386230468750e+02 4.086514949798583984e+00 -8.485930633544921875e+01
-1.451333007812500000e+02 4.093605041503906250e+00 -8.508979034423828125e+01
-1.449127807617187500e+02 4.100415706634521484e+00 -8.532793426513671875e+01
-1.446647033691406250e+02 4.106883049011230469e+00 -8.557228851318359375e+01
-1.443872070312500000e+02 4.112977027893066406e+00 -8.582108306884765625e+01
-1.440787200927734375e+02 4.118700981140136719e+00 -8.607224273681640625e+01
-1.437379455566406250e+02 4.124083995819091797e+00 -8.632344055175781250e+01
-1.433639831542968750e+02 4.129174709320068359e+00 -8.657212829589843750e+01
-1.429562835693359375e+02 4.134028911590576172e+00 -8.681565093994140625e+01
-1.425146331787109375e+02 4.138698577880859375e+00 -8.705131530761718750e+01
-1.420392150878906250e+02 4.143220901489257812e+00 -8.727650451660156250e+01
-1.415304718017578125e+02 4.147606372833251953e+00 -8.748878479003906250e+01
-1.409891662597656250e+02 4.151830673217773438e+00 -8.768599700927734375e+01
-1.404162445068359375e+02 4.155828952789306641e+00 -8.786634826660156250e+01
-1.398128051757812500e+02 4.159494400024414062e+00 -8.802848052978515625e+01
-1.391800537109375000e+02 4.162678718566894531e+00 -8.817152404785156250e+01
-1.385192108154296875e+02 4.165199279785156250e+00 -8.829509735107421875e+01
-1.378314666748046875e+02 4.166848182678222656e+00 -8.839932250976562500e+01
-1.371179351806640625e+02 4.167405128479003906e+00 -8.848476409912109375e+01
-1.363796081542968750e+02 4.166651248931884766e+00 -8.855237579345703125e+01
-1.356172943115234375e+02 4.164384365081787109e+00 -8.860342407226562500e+01
-1.348316650390625000e+02 4.160434722900390625e+00 -8.863939666748046875e+01
-1.340231781005859375e+02 4.154676437377929688e+00 -8.866189575195312500e+01
-1.331921234130859375e+02 4.147039890289306641e+00 -8.867254638671875000e+01
-1.323386535644531250e+02 4.137516498565673828e+00 -8.867289733886718750e+01
-1.314627838134765625e+02 4.126163005828857422e+00 -8.866434478759765625e+01
-1.305644531250000000e+02 4.113096714019775391e+00 -8.864809417724609375e+01
-1.296435546875000000e+02 4.098490715026855469e+00 -8.862509918212890625e+01
-1.286999816894531250e+02 4.082561016082763672e+00 -8.859606170654296875e+01
-1.277336959838867188e+02 4.065553665161132812e+00 -8.856144714355468750e+01
-1.267447586059570312e+02 4.047728061676025391e+00 -8.852149200439453125e+01
-1.257333679199218750e+02 4.029339313507080078e+00 -8.847627258300781250e+01
-1.246999206542968750e+02 4.010622501373291016e+00 -8.842573547363281250e+01
-1.236450195312500000e+02 3.991777181625366211e+00 -8.836976623535156250e+01
-1.225694885253906250e+02 3.972955942153930664e+00 -8.830825042724609375e+01
-1.214743881225585938e+02 3.954257249832153320e+00 -8.824111938476562500e+01
-1.203610076904296875e+02 3.935721635818481445e+00 -8.816840362548828125e+01
-1.192308425903320312e+02 3.917333841323852539e+00 -8.809024047851562500e+01
-1.180855712890625000e+02 3.899029254913330078e+00 -8.800691223144531250e+01
-1.169270172119140625e+02 3.880703687667846680e+00 -8.791883087158203125e+01
-1.157570877075195312e+02 3.862227201461791992e+00 -8.782653808593750000e+01
-1.145777511596679688e+02 3.843459606170654297e+00 -8.773066711425781250e+01
-1.133909530639648438e+02 3.824266195297241211e+00 -8.763192749023437500e+01
-1.121985855102539062e+02 3.804533720016479492e+00 -8.753105926513671875e+01
-1.110024337768554688e+02 3.784183263778686523e+00 -8.742879486083984375e+01
-1.098041305541992188e+02 3.763181447982788086e+00 -8.732582855224609375e+01
-1.086051101684570312e+02 3.741545915603637695e+00 -8.722277832031250000e+01
-1.074066085815429688e+02 3.719347476959228516e+00 -8.712019348144531250e+01
-1.062096328735351562e+02 3.696707010269165039e+00 -8.701850128173828125e+01
-1.050149612426757812e+02 3.673787593841552734e+00 -8.691802978515625000e+01
-1.038231582641601562e+02 3.650783777236938477e+00 -8.681901550292968750e+01
-1.026345825195312500e+02 3.627905845642089844e+00 -8.672158813476562500e+01
-1.014494247436523438e+02 3.605364322662353516e+00 -8.662580871582031250e+01
-1.002677307128906250e+02 3.583352565765380859e+00 -8.653167724609375000e+01
-9.908944702148437500e+01 3.562030553817749023e+00 -8.643914031982421875e+01
-9.791445159912109375e+01 3.541510820388793945e+00 -8.634811401367187500e+01
-9.674259948730468750e+01 3.521847724914550781e+00 -8.625849151611328125e+01
-9.557373046875000000e+01 3.503031015396118164e+00 -8.617014312744140625e+01
-9.440772247314453125e+01 3.484984159469604492e+00 -8.608293151855468750e+01
-9.324449920654296875e+01 3.467567920684814453e+00 -8.599669647216796875e+01
-9.208404541015625000e+01 3.450589418411254883e+00 -8.591126251220703125e+01
-9.092639160156250000e+01 3.433814287185668945e+00 -8.582643127441406250e+01
-8.977164459228515625e+01 3.416983366012573242e+00 -8.574195861816406250e+01
-8.861994171142578125e+01 3.399831771850585938e+00 -8.565758514404296875e+01
-8.747146606445312500e+01 3.382107973098754883e+00 -8.557302093505859375e+01
-8.632640075683593750e+01 3.363593101501464844e+00 -8.548794555664062500e+01
-8.518492889404296875e+01 3.344118118286132812e+00 -8.540203094482421875e+01
-8.404720306396484375e+01 3.323576927185058594e+00 -8.531494903564453125e+01
-8.291333007812500000e+01 3.301934719085693359e+00 -8.522638702392578125e+01
-8.178335571289062500e+01 3.279232025146484375e+00 -8.513607788085937500e+01
-8.065725708007812500e+01 3.255582094192504883e+00 -8.504380798339843750e+01
-7.953493499755859375e+01 3.231163024902343750e+00 -8.494944763183593750e+01
-7.841622161865234375e+01 3.206203937530517578e+00 -8.485294342041015625e+01
-7.730088043212890625e+01 3.180968046188354492e+00 -8.475434875488281250e+01
-7.618863677978515625e+01 3.155732393264770508e+00 -8.465381622314453125e+01
-7.507917022705078125e+01 3.130766391754150391e+00 -8.455158996582031250e+01
-7.397216033935546875e+01 3.106311321258544922e+00 -8.444801330566406250e+01
-7.286729431152343750e+01 3.082561254501342773e+00 -8.434349060058593750e+01
-7.176428985595703125e+01 3.059649229049682617e+00 -8.423847961425781250e+01
-7.066292572021484375e+01 3.037636756896972656e+00 -8.413346099853515625e+01
-6.956304931640625000e+01 3.016511201858520508e+00 -8.402890777587890625e+01
-6.846457672119140625e+01 2.996187925338745117e+00 -8.392526245117187500e+01
-6.736752319335937500e+01 2.976519823074340820e+00 -8.382292938232421875e+01
-6.627196502685546875e+01 2.957311153411865234e+00 -8.372222900390625000e+01
-6.517806243896484375e+01 2.938336133956909180e+00 -8.362339782714843750e+01
-6.408602905273437500e+01 2.919359922409057617e+00 -8.352657318115234375e+01
-6.299611282348632812e+01 2.900160551071166992e+00 -8.343180847167968750e+01
-6.190857315063476562e+01 2.880549192428588867e+00 -8.333905792236328125e+01
-6.082365036010742188e+01 2.860387802124023438e+00 -8.324819183349609375e+01
-5.974155044555664062e+01 2.839601993560791016e+00 -8.315902709960937500e+01
-5.866242218017578125e+01 2.818188905715942383e+00 -8.307133483886718750e+01
-5.758633041381835938e+01 2.796217918395996094e+00 -8.298484802246093750e+01
-5.651325988769531250e+01 2.773825645446777344e+00 -8.289929962158203125e+01
-5.544309997558593750e+01 2.751204729080200195e+00 -8.281443786621093750e+01
-5.437565231323242188e+01 2.728587865829467773e+00 -8.273002624511718750e+01
-5.331064987182617188e+01 2.706228733062744141e+00 -8.264586639404296875e+01
-5.224776840209960938e+01 2.684380054473876953e+00 -8.256181335449218750e+01
-5.118665313720703125e+01 2.663273096084594727e+00 -8.247776031494140625e+01
-5.012694931030273438e+01 2.643098115921020508e+00 -8.239365386962890625e+01
-4.906832122802734375e+01 2.623988151550292969e+00 -8.230947113037109375e+01
-4.801049041748046875e+01 2.606008529663085938e+00 -8.222522735595703125e+01
-4.695324325561523438e+01 2.589150428771972656e+00 -8.214096832275390625e+01
-4.589645767211914062e+01 2.573331832885742188e+00 -8.205674743652343750e+01
-4.484011459350585938e+01 2.558403491973876953e+00 -8.197263336181640625e+01
-4.378428268432617188e+01 2.544159889221191406e+00 -8.188869476318359375e+01
-4.272912597656250000e+01 2.530354738235473633e+00 -8.180499267578125000e+01
-4.167487716674804688e+01 2.516718864440917969e+00 -8.172158813476562500e+01
-4.062182617187500000e+01 2.502979755401611328e+00 -8.163854217529296875e+01
-3.957028198242187500e+01 2.488880872726440430e+00 -8.155589294433593750e+01
-3.852056121826171875e+01 2.474198102951049805e+00 -8.147369384765625000e+01
-3.747295761108398438e+01 2.458755016326904297e+00 -8.139199066162109375e+01
-3.642771911621093750e+01 2.442432403564453125e+00 -8.131084442138671875e+01
-3.538504409790039062e+01 2.425174951553344727e+00 -8.123030853271484375e+01
-3.434507751464843750e+01 2.406991243362426758e+00 -8.115046691894531250e+01
-3.330791091918945312e+01 2.387951135635375977e+00 -8.107141113281250000e+01
-3.227360916137695312e+01 2.368177413940429688e+00 -8.099324035644531250e+01
-3.124221992492675781e+01 2.347834587097167969e+00 -8.091606140136718750e+01
-3.021381759643554688e+01 2.327115774154663086e+00 -8.083999633789062500e+01
-2.918853378295898438e+01 2.306226968765258789e+00 -8.076515197753906250e+01
-2.816659545898437500e+01 2.285372018814086914e+00 -8.069163513183593750e+01
-2.714835357666015625e+01 2.264737129211425781e+00 -8.061952209472656250e+01
-2.613432121276855469e+01 2.244477272033691406e+00 -8.054887390136718750e+01
-2.512518882751464844e+01 2.224705219268798828e+00 -8.047970581054687500e+01
-2.412183761596679688e+01 2.205482721328735352e+00 -8.041199493408203125e+01
-2.312533950805664062e+01 2.186815261840820312e+00 -8.034565734863281250e+01
-2.213695335388183594e+01 2.168650388717651367e+00 -8.028057098388671875e+01
-2.115809249877929688e+01 2.150880336761474609e+00 -8.021654510498046875e+01
-2.019030189514160156e+01 2.133346796035766602e+00 -8.015332794189453125e+01
-1.923521614074707031e+01 2.115850448608398438e+00 -8.009062194824218750e+01
-1.829450798034667969e+01 2.098162412643432617e+00 -8.002807617187500000e+01
-1.736984634399414062e+01 2.080039262771606445e+00 -7.996528625488281250e+01
-1.646284103393554688e+01 2.061238527297973633e+00 -7.990182495117187500e+01
-1.557499599456787109e+01 2.041534900665283203e+00 -7.983721923828125000e+01
-1.470766353607177734e+01 2.020737409591674805e+00 -7.977098083496093750e+01
-1.386200523376464844e+01 1.998703241348266602e+00 -7.970261383056640625e+01
-1.303896236419677734e+01 1.975350379943847656e+00 -7.963161468505859375e+01
-1.223923301696777344e+01 1.950666427612304688e+00 -7.955747985839843750e+01
-1.146325683593750000e+01 1.924712538719177246e+00 -7.947970581054687500e+01
-1.071121501922607422e+01 1.897623062133789062e+00 -7.939778137207031250e+01
-9.983035087585449219e+00 1.869599461555480957e+00 -7.931120300292968750e+01
-9.278408050537109375e+00 1.840899467468261719e+00 -7.921945953369140625e+01
-8.596814155578613281e+00 1.811821937561035156e+00 -7.912202453613281250e+01
-7.937556743621826172e+00 1.782687783241271973e+00 -7.901833343505859375e+01
-7.299801349639892578e+00 1.753818988800048828e+00 -7.890779876708984375e+01
-6.682622432708740234e+00 1.725517153739929199e+00 -7.878977203369140625e+01
-6.085052013397216797e+00 1.698042988777160645e+00 -7.866355133056640625e+01
-5.506131172180175781e+00 1.671599268913269043e+00 -7.852838134765625000e+01
-4.944960594177246094e+00 1.646317601203918457e+00 -7.838343811035156250e+01
-4.400746822357177734e+00 1.622251391410827637e+00 -7.822783660888671875e+01
-3.872844457626342773e+00 1.599375128746032715e+00 -7.806064605712890625e+01
-3.360790014266967773e+00 1.577590465545654297e+00 -7.788091278076171875e+01
-2.864326000213623047e+00 1.556739211082458496e+00 -7.768766784667968750e+01
-2.383413791656494141e+00 1.536620736122131348e+00 -7.747995758056640625e+01
-1.918233633041381836e+00 1.517014622688293457e+00 -7.725689697265625000e+01
-1.469172477722167969e+00 1.497704386711120605e+00 -7.701767730712890625e+01
-1.036798834800720215e+00 1.478501677513122559e+00 -7.676162719726562500e+01
-6.218265295028686523e-01 1.459268212318420410e+00 -7.648822021484375000e+01
-2.250689566135406494e-01 1.439932942390441895e+00 -7.619712829589843750e+01
1.526133120059967041e-01 1.420503854751586914e+00 -7.588823699951171875e+01
5.103690624237060547e-01 1.401072144508361816e+00 -7.556165313720703125e+01
8.474133014678955078e-01 1.381808638572692871e+00 -7.521771240234375000e+01
1.163081407546997070e+00 1.362952828407287598e+00 -7.485698699951171875e+01
1.456877112388610840e+00 1.344794750213623047e+00 -7.448024749755859375e+01
1.728511571884155273e+00 1.327651858329772949e+00 -7.408845520019531250e+01
1.977931261062622070e+00 1.311842441558837891e+00 -7.368269348144531250e+01
2.205332756042480469e+00 1.297658085823059082e+00 -7.326414489746093750e+01
2.411164522171020508e+00 1.285337209701538086e+00 -7.283401489257812500e+01
2.596115112304687500e+00 1.275042176246643066e+00 -7.239350128173828125e+01
2.761089563369750977e+00 1.266842603683471680e+00 -7.194369506835937500e+01
2.907175540924072266e+00 1.260704874992370605e+00 -7.148554229736328125e+01
3.035600662231445312e+00 1.256489872932434082e+00 -7.101980590820312500e+01
3.147686481475830078e+00 1.253958821296691895e+00 -7.054698181152343750e+01
3.244800090789794922e+00 1.252786517143249512e+00 -7.006730651855468750e+01
3.328306674957275391e+00 1.252581119537353516e+00 -6.958072662353515625e+01
3.399526834487915039e+00 1.252908349037170410e+00 -6.908688354492187500e+01
3.459700345993041992e+00 1.253318548202514648e+00 -6.858514404296875000e+01
3.509958505630493164e+00 1.253374338150024414e+00 -6.807463073730468750e+01
3.551305055618286133e+00 1.252676963806152344e+00 -6.755426788330078125e+01
3.584607362747192383e+00 1.250888705253601074e+00 -6.702283477783203125e+01
3.610596418380737305e+00 1.247750878334045410e+00 -6.647904205322265625e+01
3.629874229431152344e+00 1.243095397949218750e+00 -6.592160797119140625e+01
3.642928123474121094e+00 1.236849665641784668e+00 -6.534933471679687500e+01
3.650148391723632812e+00 1.229035377502441406e+00 -6.476116943359375000e+01
3.651849031448364258e+00 1.219760656356811523e+00 -6.415630340576171875e+01
3.648288249969482422e+00 1.209206938743591309e+00 -6.353419494628906250e+01
3.639687299728393555e+00 1.197612404823303223e+00 -6.289463424682617188e+01
3.626247406005859375e+00 1.185252189636230469e+00 -6.223775482177734375e+01
3.608162164688110352e+00 1.172418117523193359e+00 -6.156404113769531250e+01
3.585627079010009766e+00 1.159398555755615234e+00 -6.087431335449218750e+01
3.558844804763793945e+00 1.146460175514221191e+00 -6.016970062255859375e+01
3.528027772903442383e+00 1.133832335472106934e+00 -5.945158004760742188e+01
3.493397474288940430e+00 1.121695756912231445e+00 -5.872151947021484375e+01
3.455183982849121094e+00 1.110174536705017090e+00 -5.798121643066406250e+01
3.413623094558715820e+00 1.099333167076110840e+00 -5.723240661621093750e+01
3.368954658508300781e+00 1.089177250862121582e+00 -5.647680282592773438e+01
3.321421146392822266e+00 1.079658389091491699e+00 -5.571602249145507812e+01
3.271268129348754883e+00 1.070681452751159668e+00 -5.495153808593750000e+01
3.218743562698364258e+00 1.062114953994750977e+00 -5.418461990356445312e+01
3.164100170135498047e+00 1.053802132606506348e+00 -5.341632461547851562e+01
3.107596158981323242e+00 1.045573115348815918e+00 -5.264748764038085938e+01
3.049497127532958984e+00 1.037256121635437012e+00 -5.187871932983398438e+01
2.990076303482055664e+00 1.028688549995422363e+00 -5.111043930053710938e+01
2.929614543914794922e+00 1.019725441932678223e+00 -5.034291839599609375e+01
2.868397712707519531e+00 1.010246634483337402e+00 -4.957631683349609375e+01
2.806714057922363281e+00 1.000161170959472656e+00 -4.881074905395507812e+01
2.744849681854248047e+00 9.894096851348876953e-01 -4.804632186889648438e+01
2.683082342147827148e+00 9.779642820358276367e-01 -4.728319549560546875e+01
2.621676206588745117e+00 9.658265709877014160e-01 -4.652161788940429688e+01
2.560874462127685547e+00 9.530241489410400391e-01 -4.576195907592773438e+01
2.500894784927368164e+00 9.396057128906250000e-01 -4.500471878051757812e+01
2.441923618316650391e+00 9.256353974342346191e-01 -4.425053405761718750e+01
2.384113550186157227e+00 9.111869335174560547e-01 -4.350015640258789062e+01
2.327581167221069336e+00 8.963375091552734375e-01 -4.275443649291992188e+01
2.272407531738281250e+00 8.811623454093933105e-01 -4.201427078247070312e+01
2.218639850616455078e+00 8.657298088073730469e-01 -4.128056335449218750e+01
2.166295289993286133e+00 8.500971794128417969e-01 -4.055418014526367188e+01
2.115364789962768555e+00 8.343078494071960449e-01 -3.983588790893554688e+01
2.065819025039672852e+00 8.183891773223876953e-01 -3.912631607055664062e+01
2.017613410949707031e+00 8.023518323898315430e-01 -3.842592239379882812e+01
1.970692753791809082e+00 7.861900329589843750e-01 -3.773496627807617188e+01
1.924995779991149902e+00 7.698831558227539062e-01 -3.705348968505859375e+01
1.880458116531372070e+00 7.533981800079345703e-01 -3.638132095336914062e+01
1.837013483047485352e+00 7.366932630538940430e-01 -3.571809005737304688e+01
1.794594287872314453e+00 7.197221517562866211e-01 -3.506325531005859375e+01
1.753130197525024414e+00 7.024391293525695801e-01 -3.441613006591796875e+01
1.712546348571777344e+00 6.848044991493225098e-01 -3.377593231201171875e+01
1.672760486602783203e+00 6.667900085449218750e-01 -3.314183425903320312e+01
1.633680462837219238e+00 6.483843326568603516e-01 -3.251299667358398438e+01
1.595202207565307617e+00 6.295974850654602051e-01 -3.188862991333007812e+01
1.557208776473999023e+00 6.104647517204284668e-01 -3.126801872253417969e+01
1.519570469856262207e+00 5.910487174987792969e-01 -3.065056037902832031e+01
1.482147216796875000e+00 5.714401602745056152e-01 -3.003578948974609375e+01
1.444792389869689941e+00 5.517565608024597168e-01 -2.942338562011718750e+01
1.407358407974243164e+00 5.321390032768249512e-01 -2.881317901611328125e+01
1.369703888893127441e+00 5.127469301223754883e-01 -2.820514488220214844e+01
1.331700921058654785e+00 4.937512576580047607e-01 -2.759939193725585938e+01
1.293243169784545898e+00 4.753262102603912354e-01 -2.699614334106445312e+01
1.254253149032592773e+00 4.576402008533477783e-01 -2.639571571350097656e+01
1.214688181877136230e+00 4.408463835716247559e-01 -2.579849815368652344e+01
1.174544692039489746e+00 4.250737428665161133e-01 -2.520493125915527344e+01
1.133859395980834961e+00 4.104190468788146973e-01 -2.461549377441406250e+01
1.092709183692932129e+00 3.969405591487884521e-01 -2.403069114685058594e+01
1.051206946372985840e+00 3.846536278724670410e-01 -2.345104980468750000e+01
1.009496092796325684e+00 3.735289573669433594e-01 -2.287711715698242188e+01
9.677428603172302246e-01 3.634935021400451660e-01 -2.230947303771972656e+01
9.261271953582763672e-01 3.544337749481201172e-01 -2.174873161315917969e+01
8.848335742950439453e-01 3.462019562721252441e-01 -2.119555854797363281e+01
8.440420627593994141e-01 3.386237919330596924e-01 -2.065068054199218750e+01
8.039205074310302734e-01 3.315081596374511719e-01 -2.011489486694335938e+01
7.646188139915466309e-01 3.246576488018035889e-01 -1.958907127380371094e+01
7.262650132179260254e-01 3.178793191909790039e-01 -1.907414627075195312e+01
6.889640688896179199e-01 3.109949827194213867e-01 -1.857111167907714844e+01
6.527989506721496582e-01 3.038504719734191895e-01 -1.808098983764648438e+01
6.178336143493652344e-01 2.963231205940246582e-01 -1.760479927062988281e+01
5.841175913810729980e-01 2.883273065090179443e-01 -1.714351844787597656e+01
5.516911745071411133e-01 2.798173129558563232e-01 -1.669803810119628906e+01
5.205907225608825684e-01 2.707879543304443359e-01 -1.626910972595214844e+01
4.908532500267028809e-01 2.612725198268890381e-01 -1.585729980468750000e+01
4.625194668769836426e-01 2.513386011123657227e-01 -1.546294403076171875e+01
4.356351196765899658e-01 2.410821020603179932e-01 -1.508611106872558594e+01
4.102499485015869141e-01 2.306198030710220337e-01 -1.472658157348632812e+01
3.864144682884216309e-01 2.200811803340911865e-01 -1.438383674621582031e+01
3.641746640205383301e-01 2.095999866724014282e-01 -1.405706214904785156e+01
3.435648381710052490e-01 1.993061751127243042e-01 -1.374517440795898438e+01
3.245994150638580322e-01 1.893186718225479126e-01 -1.344685554504394531e+01
3.072642385959625244e-01 1.797393411397933960e-01 -1.316060352325439453e+01
2.915083169937133789e-01 1.706485450267791748e-01 -1.288479423522949219e+01
2.772365510463714600e-01 1.621022224426269531e-01 -1.261774635314941406e+01
2.643044590950012207e-01 1.541308015584945679e-01 -1.235779190063476562e+01
2.525153756141662598e-01 1.467395871877670288e-01 -1.210333824157714844e+01
2.416207790374755859e-01 1.399105042219161987e-01 -1.185293006896972656e+01
2.313239276409149170e-01 1.336050331592559814e-01 -1.160529422760009766e+01
2.212870866060256958e-01 1.277677714824676514e-01 -1.135937404632568359e+01
2.111421376466751099e-01 1.223305687308311462e-01 -1.111435222625732422e+01
2.005042731761932373e-01 1.172167435288429260e-01 -1.086965274810791016e+01
1.889882683753967285e-01 1.123452037572860718e-01 -1.062493324279785156e+01
1.762265264987945557e-01 1.076342388987541199e-01 -1.038006210327148438e+01
1.618880331516265869e-01 1.030048504471778870e-01 -1.013508987426757812e+01
1.456970423460006714e-01 9.838356077671051025e-02 -9.890206336975097656e+00
1.274503469467163086e-01 9.370463341474533081e-02 -9.645702362060546875e+00
1.070319786667823792e-01 8.891175687313079834e-02 -9.401927947998046875e+00
8.442406356334686279e-02 8.395918458700180054e-02 -9.159250259399414062e+00
5.971281975507736206e-02 7.881240546703338623e-02 -8.918021202087402344e+00
3.308887034654617310e-02 7.344833761453628540e-02 -8.678547859191894531e+00
4.841288551688194275e-03 6.785511225461959839e-02 -8.441071510314941406e+00
-2.465475909411907196e-02 6.203141808509826660e-02 -8.205753326416015625e+00
-5.495649576187133789e-02 5.598542094230651855e-02 -7.972668647766113281e+00
-8.557738363742828369e-02 4.973330348730087280e-02 -7.741801738739013672e+00
-1.160150989890098572e-01 4.329742118716239929e-02 -7.513049602508544922e+00
-1.457819193601608276e-01 3.670418635010719299e-02 -7.286223411560058594e+00
-1.744354665279388428e-01 2.998175472021102905e-02 -7.061055183410644531e+00
-2.016075104475021362e-01 2.315773069858551025e-02 -6.837199211120605469e+00
-2.270284295082092285e-01 1.625706441700458527e-02 -6.614235401153564453e+00
-2.505450844764709473e-01 9.300384670495986938e-03 -6.391668319702148438e+00
-2.721301913261413574e-01 2.303009387105703354e-03 -6.168926715850830078e+00
-2.918816804885864258e-01 -4.725181497633457184e-03 -5.945359230041503906e+00
-3.100113868713378906e-01 -1.177886594086885452e-02 -5.720232486724853516e+00
-3.268234133720397949e-01 -1.885536685585975647e-02 -5.492729187011718750e+00
-3.426828384399414062e-01 -2.595180086791515350e-02 -5.261950016021728516e+00
-3.579772114753723145e-01 -3.306150808930397034e-02 -5.026921749114990234e+00
-3.730734884738922119e-01 -4.017014056444168091e-02 -4.786608219146728516e+00
-3.882740437984466553e-01 -4.725185781717300415e-02 -4.539932250976562500e+00
-4.037757515907287598e-01 -5.426617711782455444e-02 -4.285803794860839844e+00
-4.196363091468811035e-01 -6.115601956844329834e-02 -4.023154735565185547e+00
-4.357514083385467529e-01 -6.784740835428237915e-02 -3.750983238220214844e+00
-4.518462717533111572e-01 -7.425122708082199097e-02 -3.468400001525878906e+00
-4.674836695194244385e-01 -8.026714622974395752e-02 -3.174677848815917969e+00
-4.820891022682189941e-01 -8.578970283269882202e-02 -2.869300603866577148e+00
-4.949929714202880859e-01 -9.071619808673858643e-02 -2.552005767822265625e+00
-5.054872632026672363e-01 -9.495586156845092773e-02 -2.222819805145263672e+00
-5.128930807113647461e-01 -9.843946248292922974e-02 -1.882079839706420898e+00
-5.166343450546264648e-01 -1.011285111308097839e-01 -1.530439138412475586e+00
-5.163114070892333984e-01 -1.030230075120925903e-01 -1.168855428695678711e+00
-5.117682218551635742e-01 -1.041668653488159180e-01 -7.985588312149047852e-01
-5.031465888023376465e-01 -1.046501323580741882e-01 -4.210009574890136719e-01
-4.909220933914184570e-01 -1.046075746417045593e-01 -3.778731822967529297e-02
-4.759166538715362549e-01 -1.042133271694183350e-01 3.494036197662353516e-01
-4.592851698398590088e-01 -1.036718189716339111e-01 7.389091253280639648e-01
-4.424753189086914062e-01 -1.032054945826530457e-01 1.129171967506408691e+00
-4.271617829799652100e-01 -1.030402034521102905e-01 1.518823981285095215e+00
-4.151585698127746582e-01 -1.033894568681716919e-01 1.906755566596984863e+00
-4.083149135112762451e-01 -1.044388264417648315e-01 2.292164325714111328e+00
-4.084019064903259277e-01 -1.063319146633148193e-01 2.674576282501220703e+00
-4.169979989528656006e-01 -1.091591194272041321e-01 3.053837060928344727e+00
-4.353819191455841064e-01 -1.129502579569816589e-01 3.430069684982299805e+00
-4.644410908222198486e-01 -1.176718100905418396e-01 3.803600788116455078e+00
-5.046026706695556641e-01 -1.232290416955947876e-01 4.174860954284667969e+00
-5.557926297187805176e-01 -1.294729262590408325e-01 4.544263362884521484e+00
-6.174260973930358887e-01 -1.362112611532211304e-01 4.912072658538818359e+00
-6.884300708770751953e-01 -1.432230323553085327e-01 5.278275012969970703e+00
-7.672966718673706055e-01 -1.502748727798461914e-01 5.642458438873291016e+00
-8.521631956100463867e-01 -1.571381092071533203e-01 6.003720760345458984e+00
-9.409130811691284180e-01 -1.636049747467041016e-01 6.360609531402587891e+00
-1.031290292739868164e+00 -1.695026308298110962e-01 6.711109161376953125e+00
-1.121019124984741211e+00 -1.747039407491683960e-01 7.052673816680908203e+00
-1.207921266555786133e+00 -1.791340410709381104e-01 7.382311344146728516e+00
-1.290021896362304688e+00 -1.827723681926727295e-01 7.696715831756591797e+00
-1.365638494491577148e+00 -1.856500804424285889e-01 7.992438316345214844e+00
-1.433447599411010742e+00 -1.878433078527450562e-01 8.266087532043457031e+00
-1.492526412010192871e+00 -1.894629597663879395e-01 8.514547348022460938e+00
-1.542367458343505859e+00 -1.906420141458511353e-01 8.735190391540527344e+00
-1.582869410514831543e+00 -1.915216892957687378e-01 8.926075935363769531e+00
-1.614304304122924805e+00 -1.922375559806823730e-01 9.086113929748535156e+00
-1.637268304824829102e+00 -1.929070055484771729e-01 9.215181350708007812e+00
-1.652618527412414551e+00 -1.936189532279968262e-01 9.314177513122558594e+00
-1.661403536796569824e+00 -1.944267451763153076e-01 9.385012626647949219e+00
-1.664791703224182129e+00 -1.953447014093399048e-01 9.430532455444335938e+00
-1.664002656936645508e+00 -1.963485628366470337e-01 9.454373359680175781e+00
-1.660244941711425781e+00 -1.973794698715209961e-01 9.460762023925781250e+00
-1.654663681983947754e+00 -1.983512789011001587e-01 9.454267501831054688e+00
-1.648297786712646484e+00 -1.991601139307022095e-01 9.439529418945312500e+00
-1.642048001289367676e+00 -1.996955126523971558e-01 9.420972824096679688e+00
-1.636654496192932129e+00 -1.998518258333206177e-01 9.402529716491699219e+00
-1.632681846618652344e+00 -1.995390206575393677e-01 9.387393951416015625e+00
-1.630510687828063965e+00 -1.986917108297348022e-01 9.377815246582031250e+00
-1.630332708358764648e+00 -1.972756683826446533e-01 9.374958038330078125e+00
