5.553249269723892212e-03 -1.880493015050888062e-02 8.231676220893859863e-01
9.652934968471527100e-03 -1.412461791187524796e-02 8.837149739265441895e-01
2.771854400634765625e-03 -1.541036460548639297e-02 9.415776133537292480e-01
6.893318146467208862e-03 -1.622027158737182617e-02 8.917815089225769043e-01
7.871415466070175171e-03 -1.488751452416181564e-02 8.111604452133178711e-01
-5.508098751306533813e-03 -2.242265641689300537e-02 8.995141983032226562e-01
-6.253536790609359741e-03 -2.598293125629425049e-02 1.006990551948547363e+00
-1.101745292544364929e-02 -3.034460172057151794e-02 1.062444210052490234e+00
-1.718476042151451111e-02 -3.581036627292633057e-02 1.103237390518188477e+00
-2.182790264487266541e-02 -3.887061774730682373e-02 1.024913430213928223e+00
-2.197394892573356628e-02 -3.906457871198654175e-02 9.371792674064636230e-01
-2.122294530272483826e-02 -3.948992863297462463e-02 9.699715971946716309e-01
-1.854648813605308533e-02 -3.798322007060050964e-02 9.564470648765563965e-01
-1.559657976031303406e-02 -3.661243990063667297e-02 9.297049641609191895e-01
-1.483258232474327087e-02 -3.722439333796501160e-02 9.364194273948669434e-01
-1.367377862334251404e-02 -3.735436871647834778e-02 8.855619430541992188e-01
3.436010330915451050e-03 -1.930792257189750671e-02 8.170328140258789062e-01
6.817854940891265869e-03 -1.206123922020196915e-02 8.379401564598083496e-01
2.764470875263214111e-03 -1.729156449437141418e-02 8.116185665130615234e-01
7.431469857692718506e-03 -1.628817990422248840e-02 7.970353960990905762e-01
-1.522431150078773499e-03 -1.405614707618951797e-02 7.124819159507751465e-01
-5.140278488397598267e-03 -1.988226175308227539e-02 7.126176953315734863e-01
-2.619016915559768677e-03 -2.075728401541709900e-02 7.073703408241271973e-01
-4.530053585767745972e-03 -2.367560565471649170e-02 7.581210732460021973e-01
-8.869510143995285034e-03 -2.711233496665954590e-02 8.471451401710510254e-01
-1.151547953486442566e-02 -2.868125960230827332e-02 8.403896689414978027e-01
-1.345151290297508240e-02 -3.014007210731506348e-02 8.250792026519775391e-01
-1.606306061148643494e-02 -3.197494894266128540e-02 8.337812423706054688e-01
-1.766027137637138367e-02 -3.405232354998588562e-02 8.525043129920959473e-01
-1.811119541525840759e-02 -3.505468368530273438e-02 8.464323878288269043e-01
-1.811584457755088806e-02 -3.628548234701156616e-02 8.361493945121765137e-01
-1.796473190188407898e-02 -3.773099929094314575e-02 8.193185925483703613e-01
2.168204635381698608e-03 -1.907549053430557251e-02 7.531551122665405273e-01
1.565162092447280884e-03 -1.356946025043725967e-02 7.641272544860839844e-01
2.345893532037734985e-03 -1.048459950834512711e-02 8.092723488807678223e-01
-2.083137631416320801e-03 -1.107264775782823563e-02 8.597034215927124023e-01
-5.287554115056991577e-03 -1.686856895685195923e-02 8.091128468513488770e-01
-5.389805883169174194e-03 -2.349879965186119080e-02 8.465867638587951660e-01
-6.089065223932266235e-03 -2.864115312695503235e-02 8.977765440940856934e-01
-1.081829890608787537e-02 -3.146232664585113525e-02 9.322839379310607910e-01
-1.555533334612846375e-02 -3.271192312240600586e-02 9.337667822837829590e-01
-1.689713820815086365e-02 -3.142660111188888550e-02 8.134999275207519531e-01
-1.791667565703392029e-02 -3.136213123798370361e-02 7.859300971031188965e-01
-1.562922820448875427e-02 -3.245441615581512451e-02 8.102520108222961426e-01
-1.236804947257041931e-02 -3.225706517696380615e-02 8.193851113319396973e-01
-1.072212681174278259e-02 -3.224102780222892761e-02 8.228991031646728516e-01
-1.016875728964805603e-02 -3.201024234294891357e-02 8.239496350288391113e-01
-1.115636155009269714e-02 -3.272909671068191528e-02 8.293350338935852051e-01
1.043044030666351318e-04 -1.763791218400001526e-02 6.851301789283752441e-01
-2.044104039669036865e-04 -1.279465202242136002e-02 7.554711699485778809e-01
-1.904722303152084351e-03 -1.288595888763666153e-02 8.093435168266296387e-01
2.644211053848266602e-03 -7.902913726866245270e-03 7.687496542930603027e-01
3.982469439506530762e-03 -1.617659628391265869e-02 8.257385492324829102e-01
-5.751956254243850708e-03 -2.246724814176559448e-02 8.662021756172180176e-01
-3.691490739583969116e-03 -2.467601373791694641e-02 8.113380074501037598e-01
-5.746405571699142456e-03 -2.657620236277580261e-02 7.913165688514709473e-01
-7.316153496503829956e-03 -2.825433760881423950e-02 7.990445494651794434e-01
-9.074401110410690308e-03 -2.935108914971351624e-02 7.856206297874450684e-01
-1.179207488894462585e-02 -3.151694312691688538e-02 8.714262843132019043e-01
-1.408703252673149109e-02 -3.339071571826934814e-02 9.176101088523864746e-01
-1.593249663710594177e-02 -3.474745154380798340e-02 9.105061888694763184e-01
-1.750860735774040222e-02 -3.650438040494918823e-02 9.273682236671447754e-01
-1.817962154746055603e-02 -3.730586916208267212e-02 9.156543016433715820e-01
-1.665262505412101746e-02 -3.543974459171295166e-02 8.272433876991271973e-01
1.757536083459854126e-03 -2.018414437770843506e-02 8.117711544036865234e-01
3.513328731060028076e-03 -1.344841811805963516e-02 8.691244125366210938e-01
3.929303959012031555e-03 -1.277653221040964127e-02 8.993958234786987305e-01
2.204805612564086914e-03 -1.648069173097610474e-02 8.822355270385742188e-01
-1.160671934485435486e-03 -1.347322855144739151e-02 8.321554064750671387e-01
-8.425924926996231079e-03 -2.303015440702438354e-02 9.302628636360168457e-01
-8.792068809270858765e-03 -2.649691700935363770e-02 9.428761601448059082e-01
-1.317792758345603943e-02 -3.086121007800102234e-02 9.682168364524841309e-01
-1.803290471434593201e-02 -3.425810486078262329e-02 1.000242590904235840e+00
-2.075403556227684021e-02 -3.674758225679397583e-02 1.007381081581115723e+00
-2.225461229681968689e-02 -3.716672956943511963e-02 9.520618319511413574e-01
-2.252731844782829285e-02 -3.691404685378074646e-02 9.138187766075134277e-01
-2.075108513236045837e-02 -3.573062643408775330e-02 8.744907975196838379e-01
-2.024376019835472107e-02 -3.585335239768028259e-02 9.060984253883361816e-01
-1.865097507834434509e-02 -3.582154214382171631e-02 8.716844320297241211e-01
-1.828293129801750183e-02 -3.567612543702125549e-02 8.449547886848449707e-01
5.024615675210952759e-03 -1.900699734687805176e-02 7.900460362434387207e-01
6.324991583824157715e-03 -1.378841046243906021e-02 8.169478178024291992e-01
5.065843462944030762e-03 -1.612694561481475830e-02 9.051720499992370605e-01
2.087365835905075073e-03 -1.679316163063049316e-02 9.699252247810363770e-01
-4.892064258456230164e-03 -1.159462053328752518e-02 9.120593667030334473e-01
-7.343348115682601929e-03 -2.183456718921661377e-02 9.532561898231506348e-01
-1.216241344809532166e-02 -2.677595242857933044e-02 9.975607991218566895e-01
-1.787149533629417419e-02 -3.156285732984542847e-02 1.029711723327636719e+00
-2.291461452841758728e-02 -3.561365604400634766e-02 1.060381770133972168e+00
-2.717209979891777039e-02 -3.874003142118453979e-02 1.089784502983093262e+00
-3.012297675013542175e-02 -4.069183394312858582e-02 1.092808365821838379e+00
-3.119231387972831726e-02 -4.195672273635864258e-02 1.070564627647399902e+00
-3.240409120917320251e-02 -4.321517422795295715e-02 1.070632934570312500e+00
-3.258029744029045105e-02 -4.366778954863548279e-02 1.039667725563049316e+00
-3.324891254305839539e-02 -4.409530386328697205e-02 1.037291526794433594e+00
-3.470138832926750183e-02 -4.463332891464233398e-02 1.058712601661682129e+00
-4.046671092510223389e-04 -2.270741015672683716e-02 9.718495011329650879e-01
-2.642448991537094116e-03 -1.397809479385614395e-02 9.446027874946594238e-01
-9.835593402385711670e-03 -2.259770035743713379e-02 8.656098246574401855e-01
-4.301328212022781372e-03 -2.040611580014228821e-02 7.928408980369567871e-01
-1.050743833184242249e-02 -1.964574679732322693e-02 7.926939129829406738e-01
-1.142447814345359802e-02 -2.274377271533012390e-02 8.246907591819763184e-01
-1.583001390099525452e-02 -2.656032145023345947e-02 8.250398039817810059e-01
-1.787519827485084534e-02 -2.860193327069282532e-02 7.727398276329040527e-01
-1.828304305672645569e-02 -2.918105199933052063e-02 7.148382663726806641e-01
-1.833077892661094666e-02 -3.056053817272186279e-02 7.512382268905639648e-01
-1.672730967402458191e-02 -3.168221190571784973e-02 7.878784537315368652e-01
-1.620861515402793884e-02 -3.283542394638061523e-02 8.250886797904968262e-01
-1.646549627184867859e-02 -3.346893191337585449e-02 8.210349082946777344e-01
-1.424324139952659607e-02 -3.370919451117515564e-02 8.157679438591003418e-01
-1.385220512747764587e-02 -3.373459726572036743e-02 8.044061064720153809e-01
-1.411850377917289734e-02 -3.441136330366134644e-02 8.467050790786743164e-01
4.013482481241226196e-03 -1.898269727826118469e-02 8.152486681938171387e-01
3.420110791921615601e-03 -1.144050899893045425e-02 8.089196085929870605e-01
3.679633140563964844e-03 -7.527493871748447418e-03 8.740975260734558105e-01
-7.368400692939758301e-04 -4.683480598032474518e-03 9.277992844581604004e-01
-8.105706423521041870e-03 -1.441907603293657303e-02 8.611491918563842773e-01
-9.144920855760574341e-03 -2.072397619485855103e-02 8.047805428504943848e-01
-1.155928149819374084e-02 -2.266662567853927612e-02 7.498415112495422363e-01
-1.415539905428886414e-02 -2.491068840026855469e-02 6.945841908454895020e-01
-1.526003703474998474e-02 -2.538712695240974426e-02 6.424969434738159180e-01
-1.527811214327812195e-02 -2.709190547466278076e-02 6.790534853935241699e-01
-1.515780016779899597e-02 -2.801979333162307739e-02 6.904182434082031250e-01
-1.420498266816139221e-02 -2.863316237926483154e-02 7.147088050842285156e-01
-1.312787458300590515e-02 -2.938882261514663696e-02 7.593079805374145508e-01
-1.372862979769706726e-02 -3.049512952566146851e-02 8.187374472618103027e-01
-1.578428968787193298e-02 -3.172691911458969116e-02 8.769327998161315918e-01
-1.711248978972434998e-02 -3.273509442806243896e-02 9.035065174102783203e-01
1.801662147045135498e-04 -2.010888606309890747e-02 8.357304334640502930e-01
-1.799251884222030640e-03 -1.203429792076349258e-02 8.059974312782287598e-01
1.010030508041381836e-03 -8.721173740923404694e-03 7.684479355812072754e-01
5.072060972452163696e-03 -6.516053341329097748e-03 7.174437642097473145e-01
6.321057677268981934e-03 -1.447027456015348434e-02 6.492967009544372559e-01
-9.411722421646118164e-04 -1.123258937150239944e-02 6.702212095260620117e-01
-3.426026552915573120e-03 -2.168088778853416443e-02 7.330955862998962402e-01
-5.328509956598281860e-03 -2.519736811518669128e-02 7.946849465370178223e-01
-7.686939090490341187e-03 -2.801566943526268005e-02 8.223817348480224609e-01
-1.063626632094383240e-02 -3.031414002180099487e-02 8.589563369750976562e-01
-1.376758143305778503e-02 -3.227321803569793701e-02 9.135035276412963867e-01
-1.661111041903495789e-02 -3.364254906773567200e-02 9.626302123069763184e-01
-1.834590360522270203e-02 -3.313816338777542114e-02 9.033281207084655762e-01
-1.800788566470146179e-02 -3.259051591157913208e-02 8.120573163032531738e-01
-1.770558580756187439e-02 -3.301948308944702148e-02 7.804856896400451660e-01
-1.556819304823875427e-02 -3.305438160896301270e-02 7.746229171752929688e-01
3.468770533800125122e-03 -1.911918073892593384e-02 7.686734795570373535e-01
5.579944700002670288e-03 -1.258379314094781876e-02 7.643299698829650879e-01
7.716525346040725708e-03 -1.022116933017969131e-02 7.998979687690734863e-01
7.720254361629486084e-03 -8.200173266232013702e-03 8.791500926017761230e-01
5.220392718911170959e-03 -1.834473386406898499e-02 8.602714538574218750e-01
5.431734025478363037e-03 -1.816585287451744080e-02 8.630087971687316895e-01
7.565133273601531982e-04 -2.449448406696319580e-02 8.716331124305725098e-01
-6.677325814962387085e-03 -2.721497043967247009e-02 8.747355937957763672e-01
-1.171996816992759705e-02 -3.026437386870384216e-02 9.262832999229431152e-01
-1.375881955027580261e-02 -3.193280473351478577e-02 9.207372069358825684e-01
-1.349472627043724060e-02 -3.210650011897087097e-02 8.261438012123107910e-01
-1.099735125899314880e-02 -3.219623863697052002e-02 7.628063559532165527e-01
-1.104808971285820007e-02 -3.278033807873725891e-02 8.162410259246826172e-01
-1.141437515616416931e-02 -3.336236253380775452e-02 8.412006497383117676e-01
-1.274530217051506042e-02 -3.407119587063789368e-02 8.561980128288269043e-01
-1.203053817152976990e-02 -3.345875442028045654e-02 8.478119969367980957e-01
1.901615411043167114e-03 -1.989258825778961182e-02 8.593153953552246094e-01
-1.395385712385177612e-03 -1.196925435215234756e-02 9.039411544799804688e-01
-1.057259738445281982e-03 -8.356832899153232574e-03 9.078084826469421387e-01
-6.805844604969024658e-04 -1.783148385584354401e-03 8.842899203300476074e-01
-4.721539095044136047e-03 -1.404404733330011368e-02 7.944087982177734375e-01
-7.840324193239212036e-03 -2.129847928881645203e-02 7.465459108352661133e-01
-4.504222422838211060e-03 -2.260959893465042114e-02 7.181726098060607910e-01
-3.838021308183670044e-03 -2.540095895528793335e-02 7.179685235023498535e-01
-3.927689045667648315e-03 -2.679920196533203125e-02 7.303299307823181152e-01
-3.790821880102157593e-03 -2.739058062434196472e-02 7.256470322608947754e-01
-4.210975021123886108e-03 -2.814731746912002563e-02 7.552915811538696289e-01
-5.288612097501754761e-03 -2.843177691102027893e-02 7.644155621528625488e-01
-5.550261586904525757e-03 -2.901410683989524841e-02 7.774170041084289551e-01
-6.547059863805770874e-03 -2.909565716981887817e-02 7.794926762580871582e-01
-8.279945701360702515e-03 -2.921630069613456726e-02 7.792380452156066895e-01
-1.109756156802177429e-02 -3.016583994030952454e-02 7.990881204605102539e-01
-7.042475044727325439e-04 -1.862640678882598877e-02 8.060735464096069336e-01
-1.806993037462234497e-03 -1.101099792867898941e-02 8.106998801231384277e-01
-9.981393814086914062e-04 -8.257859386503696442e-03 8.203367590904235840e-01
2.470504492521286011e-03 -7.621400989592075348e-03 8.335456252098083496e-01
5.995502695441246033e-03 -1.752764731645584106e-02 7.990598082542419434e-01
1.266863197088241577e-03 -1.840301230549812317e-02 7.208083868026733398e-01
1.462958753108978271e-04 -2.336677536368370056e-02 6.838768720626831055e-01
-1.167897135019302368e-03 -2.378571033477783203e-02 6.678345799446105957e-01
-3.364574164152145386e-03 -2.523646503686904907e-02 6.957159638404846191e-01
-5.146320909261703491e-03 -2.734102308750152588e-02 7.559756636619567871e-01
-5.741324275732040405e-03 -2.841207385063171387e-02 7.373785972595214844e-01
-4.531484097242355347e-03 -2.777417004108428955e-02 6.895094513893127441e-01
-3.784935921430587769e-03 -2.662094309926033020e-02 6.639405488967895508e-01
-1.859363168478012085e-03 -2.580443024635314941e-02 6.508950591087341309e-01
-2.083119004964828491e-03 -2.549418434500694275e-02 6.765517592430114746e-01
-2.952810376882553101e-03 -2.577003464102745056e-02 6.709247231483459473e-01
1.454498618841171265e-03 -1.805706694722175598e-02 7.705112099647521973e-01
4.118390381336212158e-03 -1.059644017368555069e-02 8.345814943313598633e-01
4.549548029899597168e-04 -1.305862981826066971e-02 8.266609907150268555e-01
7.195379585027694702e-03 -1.518192980438470840e-02 7.900118827819824219e-01
1.150585711002349854e-03 -1.769022271037101746e-02 7.826340794563293457e-01
-3.487382084131240845e-03 -2.004319429397583008e-02 7.739981412887573242e-01
-4.207242280244827271e-03 -2.260764688253402710e-02 7.701588869094848633e-01
-6.374355405569076538e-03 -2.578661218285560608e-02 7.439291477203369141e-01
-8.463066071271896362e-03 -2.932136133313179016e-02 7.597588896751403809e-01
-1.022824272513389587e-02 -3.205826878547668457e-02 7.588866949081420898e-01
-1.183703169226646423e-02 -3.335972875356674194e-02 7.560754418373107910e-01
-1.130933687090873718e-02 -3.349132090806961060e-02 7.574730515480041504e-01
-1.019204780459403992e-02 -3.308678045868873596e-02 7.579792737960815430e-01
-1.057229563593864441e-02 -3.370589390397071838e-02 7.956981062889099121e-01
-1.090404018759727478e-02 -3.531719744205474854e-02 8.722851872444152832e-01
-1.166116818785667419e-02 -3.712217509746551514e-02 9.194789528846740723e-01
3.596667200326919556e-03 -2.076270431280136108e-02 8.899161219596862793e-01
7.355418056249618530e-03 -1.334131602197885513e-02 9.450563788414001465e-01
4.801899194717407227e-04 -2.268446236848831177e-02 9.496397376060485840e-01
3.502704203128814697e-04 -2.255270630121231079e-02 9.110931754112243652e-01
-5.345951765775680542e-03 -2.705899998545646667e-02 8.812901377677917480e-01
-2.417344599962234497e-03 -2.758298441767692566e-02 8.382964730262756348e-01
-8.808534592390060425e-03 -3.067819774150848389e-02 8.296825885772705078e-01
-1.372155174612998962e-02 -3.339340537786483765e-02 8.551942110061645508e-01
-1.621932908892631531e-02 -3.533021733164787292e-02 8.418222665786743164e-01
-1.759281381964683533e-02 -3.424614667892456055e-02 7.804527878761291504e-01
-1.832946762442588806e-02 -3.112750500440597534e-02 6.862678527832031250e-01
-1.646747812628746033e-02 -3.091860562562942505e-02 7.251055240631103516e-01
-1.463886722922325134e-02 -3.190337121486663818e-02 8.048588633537292480e-01
-1.581626757979393005e-02 -3.102173656225204468e-02 7.246319651603698730e-01
-1.574813947081565857e-02 -2.598369494080543518e-02 5.443009138107299805e-01
-1.023545488715171814e-02 -2.104830369353294373e-02 5.661675930023193359e-01
-2.220619469881057739e-03 -1.591765880584716797e-02 6.660409569740295410e-01
-1.115787774324417114e-03 -9.627216495573520660e-03 7.295368909835815430e-01
-1.986913383007049561e-03 -7.995662279427051544e-03 7.419285774230957031e-01
6.706301122903823853e-03 -2.317839302122592926e-03 7.444298267364501953e-01
9.772960096597671509e-03 -1.038004644215106964e-03 6.842128634452819824e-01
1.398951560258865356e-02 -6.235046312212944031e-04 6.060230135917663574e-01
6.319915875792503357e-03 -3.498562611639499664e-03 5.898650288581848145e-01
1.376323401927947998e-03 -2.785288728773593903e-03 6.150275468826293945e-01
1.821760088205337524e-03 -9.109207428991794586e-03 6.666231155395507812e-01
2.073261886835098267e-03 -1.129721198230981827e-02 6.785961985588073730e-01
-8.490420877933502197e-04 -1.254140678793191910e-02 6.568032503128051758e-01
-4.124354571104049683e-03 -1.259312126785516739e-02 6.293096542358398438e-01
-5.145099014043807983e-03 -1.268524024635553360e-02 6.355075240135192871e-01
-5.011100322008132935e-03 -1.320872921496629715e-02 6.566044688224792480e-01
-4.220332950353622437e-03 -1.429588813334703445e-02 6.663364768028259277e-01
-4.750523716211318970e-03 -1.498595345765352249e-02 6.491069793701171875e-01
-2.012636512517929077e-03 -1.499455515295267105e-02 6.206771731376647949e-01
-2.946477383375167847e-03 -7.858664728701114655e-03 5.767088532447814941e-01
-5.272734910249710083e-03 -7.635728456079959869e-03 6.209822297096252441e-01
-2.343218773603439331e-03 -5.740487016737461090e-03 6.493853330612182617e-01
6.448298692703247070e-03 -3.378157503902912140e-03 6.394930481910705566e-01
7.618080824613571167e-03 -6.614924408495426178e-03 6.129860281944274902e-01
1.371815428137779236e-02 -5.630754865705966949e-03 5.685774087905883789e-01
1.902885735034942627e-03 -4.337555728852748871e-03 5.791876912117004395e-01
-1.796688884496688843e-03 -1.178265549242496490e-03 6.107497811317443848e-01
-1.502964645624160767e-03 -4.797362722456455231e-03 6.420753598213195801e-01
-4.234764724969863892e-03 -1.187245640903711319e-02 6.955482959747314453e-01
-8.244257420301437378e-03 -1.524021197110414505e-02 7.346746325492858887e-01
-1.120525225996971130e-02 -1.703516393899917603e-02 7.639214992523193359e-01
-1.180363819003105164e-02 -1.841002702713012695e-02 7.944573760032653809e-01
-1.114177331328392029e-02 -1.982416585087776184e-02 8.274863958358764648e-01
-1.082054898142814636e-02 -2.204560115933418274e-02 8.744814991950988770e-01
2.448860555887222290e-03 -1.651157438755035400e-02 8.548655509948730469e-01
4.170250147581100464e-03 -9.395063854753971100e-03 8.930760025978088379e-01
4.332657903432846069e-03 -9.975493885576725006e-03 9.182738661766052246e-01
6.089523434638977051e-03 -1.384844351559877396e-02 8.801792263984680176e-01
9.823871776461601257e-03 -2.020891383290290833e-02 8.146973252296447754e-01
-4.722770303487777710e-03 -1.832432299852371216e-02 8.198320865631103516e-01
-6.087142974138259888e-03 -2.574441954493522644e-02 8.964851498603820801e-01
-9.393241256475448608e-03 -2.849566936492919922e-02 9.057471752166748047e-01
-1.118558272719383240e-02 -3.027318790555000305e-02 9.755472540855407715e-01
-1.403545960783958435e-02 -3.210110217332839966e-02 9.899949431419372559e-01
-1.815060898661613464e-02 -3.413783013820648193e-02 9.869106411933898926e-01
-2.360257133841514587e-02 -3.708082437515258789e-02 9.968355298042297363e-01
-2.785557135939598083e-02 -3.924413770437240601e-02 9.754318594932556152e-01
-2.969501540064811707e-02 -3.980718553066253662e-02 9.612098336219787598e-01
-3.066809102892875671e-02 -4.002804309129714966e-02 9.362463355064392090e-01
-3.205525502562522888e-02 -4.027300328016281128e-02 9.056920409202575684e-01
-7.390785962343215942e-03 -1.970170810818672180e-02 8.021547198295593262e-01
-9.797874838113784790e-03 -1.475285459309816360e-02 8.036344647407531738e-01
-7.535744458436965942e-03 -9.429664351046085358e-03 7.549355626106262207e-01
-1.339526101946830750e-02 -1.616254076361656189e-02 7.220889329910278320e-01
-9.250529110431671143e-04 -9.768621064722537994e-03 6.807751059532165527e-01
1.034364104270935059e-03 -1.009414065629243851e-02 6.599997878074645996e-01
-6.773706525564193726e-03 -1.006553787738084793e-02 6.945846080780029297e-01
-1.230869442224502563e-03 -8.796234615147113800e-03 6.769236922264099121e-01
4.233803600072860718e-03 -7.303413935005664825e-03 6.175983548164367676e-01
2.403389662504196167e-03 -1.472599897533655167e-02 5.549332499504089355e-01
3.004614263772964478e-03 -1.885924860835075378e-02 5.316277742385864258e-01
4.581864923238754272e-03 -1.841720938682556152e-02 5.787923932075500488e-01
2.130057662725448608e-03 -1.915730535984039307e-02 6.113201975822448730e-01
-8.614145219326019287e-03 -2.428472414612770081e-02 5.432974696159362793e-01
-1.262405514717102051e-02 -2.565179765224456787e-02 5.250468254089355469e-01
-1.142872497439384460e-02 -2.362930774688720703e-02 5.623770952224731445e-01
-3.257865831255912781e-02 -1.648700237274169922e-02 5.300828814506530762e-01
-4.272909834980964661e-02 -1.666404306888580322e-02 5.809447169303894043e-01
-2.905936166644096375e-02 -1.670183986425399780e-02 6.475386023521423340e-01
-1.163229718804359436e-02 -1.137591246515512466e-02 6.408557891845703125e-01
-2.931933850049972534e-03 -5.973477847874164581e-03 6.399229168891906738e-01
3.552082926034927368e-03 -4.951404407620429993e-04 6.150358319282531738e-01
5.069818347692489624e-03 2.161298878490924835e-03 5.686688423156738281e-01
1.742806285619735718e-03 6.668326444923877716e-03 5.469870567321777344e-01
2.843275666236877441e-03 1.503544580191373825e-02 5.427516102790832520e-01
1.036860421299934387e-02 1.761698350310325623e-02 5.340965390205383301e-01
1.340222731232643127e-02 2.141840755939483643e-02 4.983084201812744141e-01
1.512015238404273987e-02 1.793045550584793091e-02 4.676516652107238770e-01
2.158998511731624603e-02 1.502082403749227524e-02 4.389171004295349121e-01
2.658033184707164764e-02 1.792855188250541687e-02 3.939836025238037109e-01
2.643293142318725586e-02 1.912873238325119019e-02 3.849629759788513184e-01
2.398613654077053070e-02 1.748047769069671631e-02 3.956094384193420410e-01
-4.157615825533866882e-02 -1.253673154860734940e-02 4.217220544815063477e-01
-4.211810603737831116e-02 -1.439742278307676315e-02 5.493050217628479004e-01
-2.436883375048637390e-02 -8.942634798586368561e-03 6.356236338615417480e-01
-1.482175663113594055e-02 -1.374724600464105606e-02 6.540467143058776855e-01
-2.422425895929336548e-03 -1.822811365127563477e-02 6.442764997482299805e-01
6.007779389619827271e-03 -1.801257207989692688e-02 6.268206834793090820e-01
7.769085466861724854e-03 -1.492814999073743820e-02 6.094279885292053223e-01
8.140750229358673096e-03 -1.175526063889265060e-02 5.793376564979553223e-01
1.104338094592094421e-02 -8.795178495347499847e-03 5.532024502754211426e-01
1.702869683504104614e-02 -5.671489052474498749e-03 5.225381255149841309e-01
2.279606834053993225e-02 -4.885661415755748749e-03 4.939064383506774902e-01
2.365105226635932922e-02 -6.428289227187633514e-03 4.650206565856933594e-01
2.409733086824417114e-02 -9.729276411235332489e-03 3.968124985694885254e-01
2.732462063431739807e-02 -5.501798354089260101e-03 3.414752483367919922e-01
2.750352025032043457e-02 3.433750011026859283e-03 2.911637425422668457e-01
2.422577515244483948e-02 9.418516419827938080e-03 2.881799936294555664e-01
-3.460737690329551697e-02 -1.423209998756647110e-02 4.216280579566955566e-01
-3.695349022746086121e-02 -1.672784611582756042e-02 5.035035014152526855e-01
-1.761704310774803162e-02 -1.450446341186761856e-02 5.813465714454650879e-01
-7.992565631866455078e-03 -1.016248855739831924e-02 6.247537136077880859e-01
-3.486756235361099243e-03 -8.371745236217975616e-03 6.895546317100524902e-01
8.629687130451202393e-03 -3.717141225934028625e-04 7.441799044609069824e-01
-3.117866814136505127e-03 -3.813684917986392975e-03 7.505782246589660645e-01
-1.239657029509544373e-02 -2.013034373521804810e-02 6.909489035606384277e-01
3.254884853959083557e-03 -4.965250380337238312e-03 6.840049028396606445e-01
-7.055956870317459106e-03 -8.971457369625568390e-03 6.934012174606323242e-01
-8.465249091386795044e-03 -6.603960879147052765e-03 7.248851060867309570e-01
-1.697687432169914246e-02 -1.194129977375268936e-02 7.376194596290588379e-01
-2.998347207903862000e-02 -2.162395045161247253e-02 7.771429419517517090e-01
-4.028588160872459412e-02 -2.850334346294403076e-02 8.579563498497009277e-01
-4.179432615637779236e-02 -3.299810737371444702e-02 9.354563355445861816e-01
-4.149146005511283875e-02 -3.532921522855758667e-02 9.587128758430480957e-01
-7.885280996561050415e-03 -2.133406698703765869e-02 8.652182221412658691e-01
-6.543461233377456665e-03 -1.170773152261972427e-02 9.497564435005187988e-01
-6.238274276256561279e-03 -1.330910716205835342e-02 9.674087166786193848e-01
-8.861117064952850342e-03 -1.499160472303628922e-02 9.077766537666320801e-01
-1.651960983872413635e-02 -2.234222739934921265e-02 8.748700022697448730e-01
-1.581392809748649597e-02 -2.209550142288208008e-02 9.309988617897033691e-01
-1.685832068324089050e-02 -2.713607996702194214e-02 9.601389765739440918e-01
-1.963835582137107849e-02 -3.127456456422805786e-02 9.632583260536193848e-01
-2.271963283419609070e-02 -3.601372241973876953e-02 1.006683826446533203e+00
-2.458244189620018005e-02 -4.045096784830093384e-02 1.065870046615600586e+00
-2.654258534312248230e-02 -4.376403987407684326e-02 1.099618077278137207e+00
-2.768304571509361267e-02 -4.641968011856079102e-02 1.142811298370361328e+00
-3.053596243262290955e-02 -4.870847612619400024e-02 1.213745951652526855e+00
-3.170874342322349548e-02 -5.014538019895553589e-02 1.207726359367370605e+00
-3.319941088557243347e-02 -5.107249319553375244e-02 1.210173845291137695e+00
-3.560785576701164246e-02 -5.231101065874099731e-02 1.212150931358337402e+00
-9.631179273128509521e-04 -2.110718190670013428e-02 1.100488185882568359e+00
7.049277424812316895e-03 -1.069551799446344376e-02 1.168177247047424316e+00
2.395432814955711365e-02 1.434316020458936691e-02 1.043227791786193848e+00
-1.218787580728530884e-02 -2.725783735513687134e-02 1.024517536163330078e+00
-4.823174327611923218e-03 -2.625592425465583801e-02 1.103637218475341797e+00
-1.420446857810020447e-02 -3.516053408384323120e-02 1.134539365768432617e+00
-2.351355180144309998e-02 -4.221997410058975220e-02 1.144838571548461914e+00
-3.057202324271202087e-02 -4.750321060419082642e-02 1.214358091354370117e+00
-3.561843559145927429e-02 -5.088673532009124756e-02 1.260317683219909668e+00
-3.790120407938957214e-02 -5.304931104183197021e-02 1.274221897125244141e+00
-3.765765950083732605e-02 -5.384237319231033325e-02 1.237426280975341797e+00
-3.630235418677330017e-02 -5.411127209663391113e-02 1.201131939888000488e+00
-3.731603547930717468e-02 -5.467879772186279297e-02 1.223834156990051270e+00
-3.741961345076560974e-02 -5.490574240684509277e-02 1.235098242759704590e+00
-3.719432279467582703e-02 -5.473356693983078003e-02 1.216273188591003418e+00
-3.650557622313499451e-02 -5.423164367675781250e-02 1.184080243110656738e+00
4.996318370103836060e-03 -2.133697271347045898e-02 1.115616798400878906e+00
1.272578909993171692e-02 -1.234553847461938858e-02 1.174316644668579102e+00
2.346349135041236877e-02 5.674193613231182098e-03 1.099919915199279785e+00
-6.087008863687515259e-03 -2.117535844445228577e-02 1.016055226325988770e+00
-6.311159580945968628e-03 -2.938620001077651978e-02 1.096723437309265137e+00
-1.188280805945396423e-02 -3.515895828604698181e-02 1.182339668273925781e+00
-2.321363613009452820e-02 -4.362039268016815186e-02 1.212277531623840332e+00
-2.977129444479942322e-02 -4.779452085494995117e-02 1.186434626579284668e+00
-3.303426131606101990e-02 -5.016513913869857788e-02 1.151252031326293945e+00
-3.417121991515159607e-02 -5.166223645210266113e-02 1.146029829978942871e+00
-3.695259615778923035e-02 -5.397289991378784180e-02 1.237842440605163574e+00
-3.837871178984642029e-02 -5.567169934511184692e-02 1.281635880470275879e+00
-4.036256298422813416e-02 -5.664675682783126831e-02 1.303945064544677734e+00
-4.106038436293601990e-02 -5.683366209268569946e-02 1.305087447166442871e+00
-4.272997006773948669e-02 -5.695798993110656738e-02 1.314697742462158203e+00
-4.324832186102867126e-02 -5.691039562225341797e-02 1.327567100524902344e+00
2.000942826271057129e-03 -2.113048732280731201e-02 1.208150506019592285e+00
9.887307882308959961e-03 -1.074811909347772598e-02 1.190776348114013672e+00
2.469348534941673279e-02 1.044088136404752731e-02 1.020082712173461914e+00
-1.378313824534416199e-02 -2.531449869275093079e-02 9.341648221015930176e-01
-8.561577647924423218e-03 -2.517918869853019714e-02 1.045510053634643555e+00
-1.787769421935081482e-02 -3.497909754514694214e-02 1.128531932830810547e+00
-2.807610854506492615e-02 -4.348541051149368286e-02 1.194993615150451660e+00
-3.433026000857353210e-02 -4.854886233806610107e-02 1.248927593231201172e+00
-3.780321404337882996e-02 -5.105996131896972656e-02 1.250643014907836914e+00
-3.852538391947746277e-02 -5.194532126188278198e-02 1.239696979522705078e+00
-3.949185833334922791e-02 -5.245710909366607666e-02 1.239913821220397949e+00
-3.860917314887046814e-02 -5.183733999729156494e-02 1.199038863182067871e+00
-3.851689025759696960e-02 -5.088292062282562256e-02 1.137852191925048828e+00
-3.809980675578117371e-02 -5.049706250429153442e-02 1.048491477966308594e+00
-3.686856850981712341e-02 -4.957021772861480713e-02 9.995993971824645996e-01
-3.455447778105735779e-02 -4.787244647741317749e-02 9.341525435447692871e-01
4.507686942815780640e-03 -1.946255937218666077e-02 8.176206350326538086e-01
6.624765694141387939e-03 -1.441014651209115982e-02 8.879919648170471191e-01
3.446191549301147461e-03 -1.835159212350845337e-02 9.864289164543151855e-01
-4.047702997922897339e-03 -1.462382171303033829e-02 1.046383142471313477e+00
-1.006823405623435974e-02 -2.212623879313468933e-02 9.855166077613830566e-01
-9.345259517431259155e-03 -2.508803829550743103e-02 1.039752840995788574e+00
-1.836101338267326355e-02 -3.164906427264213562e-02 1.039072036743164062e+00
-2.402743324637413025e-02 -3.509739041328430176e-02 9.737434983253479004e-01
-2.882243320345878601e-02 -3.716848790645599365e-02 9.435412287712097168e-01
-3.152086958289146423e-02 -3.935805708169937134e-02 9.533312916755676270e-01
-3.326551243662834167e-02 -4.127702862024307251e-02 1.000624537467956543e+00
-3.430716320872306824e-02 -4.276166111230850220e-02 1.031435370445251465e+00
-3.536998853087425232e-02 -4.398234188556671143e-02 1.055667519569396973e+00
-3.622912988066673279e-02 -4.480326920747756958e-02 1.063099622726440430e+00
-3.680799528956413269e-02 -4.548254609107971191e-02 1.078975915908813477e+00
-3.644221648573875427e-02 -4.557594656944274902e-02 1.036197185516357422e+00
2.774607390165328979e-03 -2.079265564680099487e-02 9.336220622062683105e-01
5.070466548204421997e-03 -1.201009843498468399e-02 9.942604899406433105e-01
-4.259746521711349487e-03 -2.423778921365737915e-02 9.778526425361633301e-01
-7.886871695518493652e-03 -1.490705925971269608e-02 8.930968642234802246e-01
-1.382919400930404663e-02 -1.855230703949928284e-02 8.552258610725402832e-01
-1.351111754775047302e-02 -2.331488952040672302e-02 9.398291707038879395e-01
-2.065561339259147644e-02 -3.042373433709144592e-02 9.922017455101013184e-01
-2.553364261984825134e-02 -3.559882193803787231e-02 1.031323075294494629e+00
-3.030487522482872009e-02 -3.971689939498901367e-02 1.068787813186645508e+00
-3.362252935767173767e-02 -4.258039221167564392e-02 1.098683118820190430e+00
-3.511537238955497742e-02 -4.473165050148963928e-02 1.121351838111877441e+00
-3.676029667258262634e-02 -4.622630774974822998e-02 1.133833289146423340e+00
-3.762045130133628845e-02 -4.702843725681304932e-02 1.117366790771484375e+00
-3.713978454470634460e-02 -4.729563370347023010e-02 1.105661392211914062e+00
-3.767649456858634949e-02 -4.777497798204421997e-02 1.150006771087646484e+00
-3.940322622656822205e-02 -4.891611635684967041e-02 1.193457961082458496e+00
-5.287341773509979248e-04 -2.088686823844909668e-02 1.110405564308166504e+00
3.351245075464248657e-03 -1.070856396108865738e-02 1.099607944488525391e+00
3.871720284223556519e-03 -7.053949870169162750e-03 1.025157809257507324e+00
-1.839831843972206116e-02 -2.173798903822898865e-02 9.086051583290100098e-01
-1.432717964053153992e-02 -2.216647565364837646e-02 9.467952847480773926e-01
-1.967052742838859558e-02 -2.946411445736885071e-02 9.930753111839294434e-01
-2.600891515612602234e-02 -3.602138906717300415e-02 1.016217231750488281e+00
-3.041113540530204773e-02 -4.036574065685272217e-02 1.010977268218994141e+00
-3.326135501265525818e-02 -4.346528649330139160e-02 1.015307307243347168e+00
-3.458045050501823425e-02 -4.549530148506164551e-02 9.989884495735168457e-01
-3.453439101576805115e-02 -4.686056077480316162e-02 9.968531727790832520e-01
-3.603860363364219666e-02 -4.868251085281372070e-02 1.050649404525756836e+00
-3.754607960581779480e-02 -5.062610656023025513e-02 1.079405903816223145e+00
-3.875463828444480896e-02 -5.170784145593643188e-02 1.074935317039489746e+00
-3.924882039427757263e-02 -5.226437747478485107e-02 1.070032596588134766e+00
-3.879819437861442566e-02 -5.276449769735336304e-02 1.072744965553283691e+00
3.487024456262588501e-03 -2.200441062450408936e-02 9.708552956581115723e-01
6.779033690690994263e-03 -1.378426793962717056e-02 1.020976901054382324e+00
1.442048698663711548e-03 -2.405912801623344421e-02 1.015024304389953613e+00
-1.064439117908477783e-02 -2.640200406312942505e-02 1.003981947898864746e+00
-1.271108165383338928e-02 -2.813397347927093506e-02 1.033485770225524902e+00
-1.499656960368156433e-02 -3.182342275977134705e-02 1.087249279022216797e+00
-2.308927103877067566e-02 -3.925979137420654297e-02 1.123614907264709473e+00
-2.856124565005302429e-02 -4.456399381160736084e-02 1.136297345161437988e+00
-3.442678973078727722e-02 -4.793246835470199585e-02 1.138032436370849609e+00
-3.768466040492057800e-02 -4.982291907072067261e-02 1.127998709678649902e+00
-3.912286087870597839e-02 -5.096428096294403076e-02 1.132803320884704590e+00
-3.767177090048789978e-02 -5.083294957876205444e-02 1.096602797508239746e+00
-3.937245532870292664e-02 -5.101574957370758057e-02 1.115837335586547852e+00
-4.044508561491966248e-02 -5.146989971399307251e-02 1.147349715232849121e+00
-4.056463763117790222e-02 -5.223656445741653442e-02 1.190954327583312988e+00
-4.063467308878898621e-02 -5.258516967296600342e-02 1.200369477272033691e+00
1.222688704729080200e-03 -2.252123504877090454e-02 1.077966094017028809e+00
6.215307861566543579e-03 -1.154811773449182510e-02 1.127795815467834473e+00
9.598884731531143188e-03 -4.770831204950809479e-03 1.056048393249511719e+00
-1.106136292219161987e-02 -1.535256300121545792e-02 1.002117037773132324e+00
-1.272880658507347107e-02 -2.474284917116165161e-02 1.072046875953674316e+00
-1.787708327174186707e-02 -3.112310543656349182e-02 1.108521342277526855e+00
-2.739905938506126404e-02 -3.764912113547325134e-02 1.103906989097595215e+00
-3.281482681632041931e-02 -4.086219519376754761e-02 1.069103121757507324e+00
-3.564457222819328308e-02 -4.262957721948623657e-02 1.058169364929199219e+00
-3.694828972220420837e-02 -4.380156099796295166e-02 1.038492083549499512e+00
-3.715960308909416199e-02 -4.463376849889755249e-02 1.027532100677490234e+00
-3.749717399477958679e-02 -4.490746557712554932e-02 1.019151329994201660e+00
-3.667926415801048279e-02 -4.495967179536819458e-02 1.001673340797424316e+00
-3.701683506369590759e-02 -4.544177278876304626e-02 9.817312359809875488e-01
-3.731968626379966736e-02 -4.593097046017646790e-02 9.650456309318542480e-01
-3.821013495326042175e-02 -4.594778642058372498e-02 9.721048474311828613e-01
-3.107227385044097900e-04 -2.076675742864608765e-02 8.398336768150329590e-01
-9.908415377140045166e-04 -1.348744425922632217e-02 8.798191547393798828e-01
-5.599297583103179932e-04 -1.330539677292108536e-02 8.892681002616882324e-01
1.420713961124420166e-03 -1.432291883975267410e-02 8.821704983711242676e-01
-1.157538220286369324e-02 -1.822447031736373901e-02 8.679866194725036621e-01
-1.272771134972572327e-02 -2.265429496765136719e-02 8.785740733146667480e-01
-1.369609311223030090e-02 -2.598226442933082581e-02 8.624292016029357910e-01
-1.618344709277153015e-02 -2.920352295041084290e-02 8.694024682044982910e-01
-1.904742047190666199e-02 -3.201922401785850525e-02 8.807864785194396973e-01
-2.132750675082206726e-02 -3.412661328911781311e-02 8.688653111457824707e-01
-2.419717237353324890e-02 -3.627336770296096802e-02 8.892382979393005371e-01
-2.635547146201133728e-02 -3.799854218959808350e-02 8.881954550743103027e-01
-2.720853313803672791e-02 -3.833264857530593872e-02 8.575960397720336914e-01
-2.747399732470512390e-02 -3.853698819875717163e-02 8.550153970718383789e-01
-2.784555777907371521e-02 -3.892648220062255859e-02 8.802393078804016113e-01
-2.790276333689689636e-02 -3.916741535067558289e-02 9.061654210090637207e-01
5.770362913608551025e-04 -2.078588306903839111e-02 8.332676291465759277e-01
-1.386564224958419800e-03 -1.306346897035837173e-02 8.300096988677978516e-01
-2.211503684520721436e-03 -1.230963412672281265e-02 8.383987545967102051e-01
-6.742741912603378296e-03 -1.238783914595842361e-02 8.233113288879394531e-01
-4.605673253536224365e-03 -1.851651072502136230e-02 6.506308913230895996e-01
-9.195242077112197876e-03 -1.109942141920328140e-02 6.378497481346130371e-01
-1.074760779738426208e-02 -1.895502954721450806e-02 7.235831618309020996e-01
-1.415834203362464905e-02 -2.366483211517333984e-02 7.978698015213012695e-01
-1.813224330544471741e-02 -2.653443813323974609e-02 8.200034499168395996e-01
-2.041690424084663391e-02 -2.888211980462074280e-02 8.364209532737731934e-01
-2.125429734587669373e-02 -3.073173016309738159e-02 8.539397120475769043e-01
-2.188081666827201843e-02 -3.249032795429229736e-02 8.769615292549133301e-01
-2.182158455252647400e-02 -3.359271213412284851e-02 8.716529011726379395e-01
-2.405184134840965271e-02 -3.565870597958564758e-02 9.327645897865295410e-01
-2.703259512782096863e-02 -3.882485255599021912e-02 9.797527194023132324e-01
-2.898963913321495056e-02 -4.132428392767906189e-02 9.818198084831237793e-01
1.997251063585281372e-03 -2.189957350492477417e-02 8.719921708106994629e-01
1.412507146596908569e-03 -1.544594112783670425e-02 9.257252812385559082e-01
-6.699975579977035522e-03 -2.557776123285293579e-02 9.475007653236389160e-01
-1.283505931496620178e-02 -2.350592985749244690e-02 9.118105769157409668e-01
-1.595661789178848267e-02 -2.563012391328811646e-02 9.152178168296813965e-01
-1.540732011198997498e-02 -2.820105105638504028e-02 9.536162018775939941e-01
-2.295742556452751160e-02 -3.369532898068428040e-02 9.664624333381652832e-01
-2.672977373003959656e-02 -3.717739880084991455e-02 9.885330796241760254e-01
-2.861299738287925720e-02 -3.985184803605079651e-02 1.002093434333801270e+00
-3.007052466273307800e-02 -4.056321084499359131e-02 9.716603159904479980e-01
-3.085836395621299744e-02 -4.077853262424468994e-02 9.478712677955627441e-01
-3.178749606013298035e-02 -4.089483246207237244e-02 9.335307478904724121e-01
-3.377574309706687927e-02 -4.161627218127250671e-02 9.602466225624084473e-01
-3.560632094740867615e-02 -4.331370815634727478e-02 1.007287740707397461e+00
-3.339011594653129578e-02 -4.411987960338592529e-02 9.979292750358581543e-01
-3.049291297793388367e-02 -4.390114918351173401e-02 9.509794116020202637e-01
3.514755517244338989e-03 -2.046628296375274658e-02 8.468855023384094238e-01
2.896662801504135132e-03 -1.207851711660623550e-02 8.900036215782165527e-01
1.706711947917938232e-03 -1.453127060085535049e-02 9.699133038520812988e-01
-6.103314459323883057e-03 -1.490321103483438492e-02 9.582633376121520996e-01
-1.366883516311645508e-02 -2.139016985893249512e-02 9.089006185531616211e-01
-1.260232552886009216e-02 -2.565732970833778381e-02 9.415939450263977051e-01
-1.970475539565086365e-02 -3.165933117270469666e-02 9.595419764518737793e-01
-2.460479363799095154e-02 -3.517516329884529114e-02 9.505391716957092285e-01
-2.796960994601249695e-02 -3.799785673618316650e-02 9.554312825202941895e-01
-3.001416847109794617e-02 -4.059814289212226868e-02 1.000970721244812012e+00
-3.071075305342674255e-02 -4.185333102941513062e-02 1.013553142547607422e+00
-3.117307648062705994e-02 -4.204462468624114990e-02 1.002931475639343262e+00
-3.114987537264823914e-02 -4.293329268693923950e-02 9.924890398979187012e-01
-2.987180277705192566e-02 -4.301523417234420776e-02 9.321296811103820801e-01
-3.160647675395011902e-02 -4.341069236397743225e-02 9.430708289146423340e-01
-3.225378319621086121e-02 -4.431944712996482849e-02 9.439001679420471191e-01
3.438852727413177490e-04 -2.198562771081924438e-02 8.919825553894042969e-01
2.036392688751220703e-04 -1.409161929041147232e-02 8.977858424186706543e-01
-2.749152481555938721e-04 -1.560817006975412369e-02 9.010800719261169434e-01
-4.947036504745483398e-04 -2.215273305773735046e-02 8.995981812477111816e-01
-1.081744953989982605e-02 -2.592233940958976746e-02 9.542192816734313965e-01
-6.255399435758590698e-03 -2.533921971917152405e-02 9.670938849449157715e-01
-1.355760917067527771e-02 -3.004691004753112793e-02 9.116719365119934082e-01
-1.533369347453117371e-02 -3.249383345246315002e-02 8.697512149810791016e-01
-1.785291358828544617e-02 -3.544012457132339478e-02 9.158026576042175293e-01
-2.128226682543754578e-02 -3.908878937363624573e-02 9.826462864875793457e-01
-2.352989837527275085e-02 -4.136317968368530273e-02 1.004691123962402344e+00
-2.457767352461814880e-02 -4.152182489633560181e-02 9.780569672584533691e-01
-2.511147782206535339e-02 -4.244587570428848267e-02 1.008432507514953613e+00
-2.417339012026786804e-02 -4.275850206613540649e-02 9.948163628578186035e-01
-2.519562467932701111e-02 -4.243589192628860474e-02 9.744037985801696777e-01
-2.623259648680686951e-02 -4.267688840627670288e-02 9.541710019111633301e-01
2.374537289142608643e-04 -2.196197956800460815e-02 8.773875832557678223e-01
2.736266702413558960e-03 -1.455743703991174698e-02 9.481405615806579590e-01
-1.828610897064208984e-03 -2.130215615034103394e-02 9.625999331474304199e-01
-2.107974141836166382e-03 -2.016305923461914062e-02 9.138225913047790527e-01
-7.126312702894210815e-03 -2.218942344188690186e-02 8.491394519805908203e-01
-8.441779762506484985e-03 -2.598872408270835876e-02 8.912133574485778809e-01
-1.385564729571342468e-02 -3.040492162108421326e-02 9.327474236488342285e-01
-1.800027117133140564e-02 -3.343863785266876221e-02 9.732221961021423340e-01
-2.214836701750755310e-02 -3.646732866764068604e-02 1.048273563385009766e+00
-2.595039829611778259e-02 -3.843869641423225403e-02 1.055974602699279785e+00
-2.729233726859092712e-02 -4.002825915813446045e-02 1.042030811309814453e+00
-2.771943435072898865e-02 -4.040727019309997559e-02 9.790994524955749512e-01
-3.077073022723197937e-02 -4.143397882580757141e-02 9.947219491004943848e-01
-3.346354886889457703e-02 -4.187422618269920349e-02 9.843460917472839355e-01
-3.430580720305442810e-02 -4.252484440803527832e-02 9.912429451942443848e-01
-3.493146225810050964e-02 -4.348515346646308899e-02 9.895640015602111816e-01
6.788186728954315186e-04 -2.178379893302917480e-02 8.939997553825378418e-01
1.589234918355941772e-03 -1.431088242679834366e-02 9.309104084968566895e-01
-2.324922010302543640e-03 -2.135770022869110107e-02 9.369302392005920410e-01
-8.777715265750885010e-04 -2.095745876431465149e-02 8.088497519493103027e-01
-5.292054265737533569e-03 -1.995950192213058472e-02 8.030719161033630371e-01
-6.541948765516281128e-03 -2.436340227723121643e-02 8.619460463523864746e-01
-1.197373494505882263e-02 -2.944020554423332214e-02 9.132430553436279297e-01
-1.593303307890892029e-02 -3.298218548297882080e-02 9.494597315788269043e-01
-1.971375569701194763e-02 -3.657010942697525024e-02 1.006001472473144531e+00
-2.464842423796653748e-02 -4.040448367595672607e-02 1.045228719711303711e+00
-2.958300337195396423e-02 -4.343007877469062805e-02 1.081476807594299316e+00
-3.295994922518730164e-02 -4.630516096949577332e-02 1.147218108177185059e+00
-3.561766073107719421e-02 -4.803077131509780884e-02 1.162221074104309082e+00
-3.588930889964103699e-02 -4.773525148630142212e-02 1.100334644317626953e+00
-3.501560911536216736e-02 -4.758568853139877319e-02 1.055268406867980957e+00
-3.414342924952507019e-02 -4.710058867931365967e-02 1.005712151527404785e+00
1.964535564184188843e-03 -2.216345816850662231e-02 9.246076941490173340e-01
9.777322411537170410e-04 -1.409097854048013687e-02 9.622915387153625488e-01
-5.124468356370925903e-03 -2.124457061290740967e-02 9.692681431770324707e-01
-8.491549640893936157e-03 -2.051677554845809937e-02 9.371756911277770996e-01
-1.497971639037132263e-02 -2.555717900395393372e-02 9.496453404426574707e-01
-1.063669845461845398e-02 -2.722303569316864014e-02 9.983033537864685059e-01
-1.914816722273826599e-02 -3.333644568920135498e-02 1.029658555984497070e+00
-2.324369177222251892e-02 -3.655741363763809204e-02 9.986509680747985840e-01
-2.624269947409629822e-02 -3.917285799980163574e-02 9.864690899848937988e-01
-2.733057364821434021e-02 -4.006151109933853149e-02 9.450164437294006348e-01
-3.025512024760246277e-02 -4.246546700596809387e-02 1.009719133377075195e+00
-3.169846162199974060e-02 -4.386313259601593018e-02 1.047836065292358398e+00
-3.313979133963584900e-02 -4.465369880199432373e-02 1.033585309982299805e+00
-3.429984673857688904e-02 -4.547087848186492920e-02 1.020520925521850586e+00
-3.516383096575737000e-02 -4.662654548883438110e-02 1.041290163993835449e+00
-3.516667708754539490e-02 -4.772526398301124573e-02 1.078109622001647949e+00
1.522492617368698120e-03 -2.227434515953063965e-02 9.603331685066223145e-01
2.500891685485839844e-03 -1.402498874813318253e-02 9.989050030708312988e-01
-4.041824489831924438e-03 -2.241797000169754028e-02 9.617686867713928223e-01
-6.765604019165039062e-03 -1.954084634780883789e-02 9.044717550277709961e-01
-1.286887377500534058e-02 -2.198813855648040771e-02 8.845320343971252441e-01
-1.188602671027183533e-02 -2.621066942811012268e-02 9.626417756080627441e-01
-1.902541145682334900e-02 -3.292998671531677246e-02 1.006024956703186035e+00
-2.271960303187370300e-02 -3.621559217572212219e-02 9.814146161079406738e-01
-2.609707042574882507e-02 -3.858146071434020996e-02 9.731835722923278809e-01
-2.846213802695274353e-02 -4.057072103023529053e-02 9.770566821098327637e-01
-3.039396926760673523e-02 -4.186550900340080261e-02 9.871339201927185059e-01
-2.997035905718803406e-02 -4.196332395076751709e-02 9.497228264808654785e-01
-2.992434427142143250e-02 -4.259957373142242432e-02 9.117959737777709961e-01
-2.779709920287132263e-02 -4.330535233020782471e-02 8.755043148994445801e-01
-2.408109232783317566e-02 -4.256435483694076538e-02 8.462183475494384766e-01
-2.294431254267692566e-02 -4.221969097852706909e-02 8.708525300025939941e-01
2.086263149976730347e-03 -2.168209850788116455e-02 8.919245004653930664e-01
4.772048443555831909e-03 -1.538130734115839005e-02 1.006449580192565918e+00
-1.787308603525161743e-03 -2.119334042072296143e-02 9.983351826667785645e-01
-4.188422113656997681e-03 -1.948565989732742310e-02 9.951954483985900879e-01
-1.210899278521537781e-02 -2.464179322123527527e-02 9.965297579765319824e-01
-7.390644401311874390e-03 -2.615672722458839417e-02 1.041325926780700684e+00
-1.659464463591575623e-02 -3.177466988563537598e-02 1.009202837944030762e+00
-2.141818031668663025e-02 -3.486906737089157104e-02 9.446161389350891113e-01
-2.480375394225120544e-02 -3.752481564879417419e-02 9.342836737632751465e-01
-2.746614441275596619e-02 -3.988450020551681519e-02 9.409478306770324707e-01
-2.842796966433525085e-02 -4.060942307114601135e-02 9.138855338096618652e-01
-2.753507718443870544e-02 -4.061803966760635376e-02 8.884661197662353516e-01
-2.757806703448295593e-02 -4.103388264775276184e-02 9.134362339973449707e-01
-2.777629718184471130e-02 -4.191098362207412720e-02 9.501910805702209473e-01
-2.714441344141960144e-02 -4.193912073969841003e-02 9.425242543220520020e-01
-2.649239823222160339e-02 -4.026988521218299866e-02 8.889641165733337402e-01
1.192640513181686401e-03 -1.981664821505546570e-02 8.003255724906921387e-01
3.679711371660232544e-03 -1.344986353069543839e-02 8.731526732444763184e-01
2.114662900567054749e-03 -1.237214449793100357e-02 9.302806258201599121e-01
-5.647636950016021729e-03 -1.227663550525903702e-02 9.762417674064636230e-01
-6.200548261404037476e-03 -1.641881093382835388e-02 8.990224003791809082e-01
-1.196359470486640930e-02 -2.357814088463783264e-02 8.994939327239990234e-01
-1.359375938773155212e-02 -2.813998982310295105e-02 9.620035290718078613e-01
-1.962864026427268982e-02 -3.309752419590950012e-02 1.037541270256042480e+00
-2.380634471774101257e-02 -3.612202778458595276e-02 1.031169772148132324e+00
-2.838039025664329529e-02 -4.014316573739051819e-02 1.061397910118103027e+00
-3.142539784312248230e-02 -4.285360127687454224e-02 1.072294116020202637e+00
-3.380703553557395935e-02 -4.394738376140594482e-02 1.067481279373168945e+00
-3.565266355872154236e-02 -4.490209370851516724e-02 1.050624966621398926e+00
-3.612428531050682068e-02 -4.557790607213973999e-02 1.025233626365661621e+00
-3.638755902647972107e-02 -4.608043283224105835e-02 1.026258349418640137e+00
-3.733566030859947205e-02 -4.675055295228958130e-02 1.057319283485412598e+00
6.018020212650299072e-04 -2.232145518064498901e-02 9.266013503074645996e-01
-1.362413167953491211e-04 -1.145653519779443741e-02 9.091865420341491699e-01
-4.213642328977584839e-03 -1.561255846172571182e-02 8.438637852668762207e-01
-5.760900676250457764e-03 -1.807178556919097900e-02 7.913514971733093262e-01
-1.185213401913642883e-02 -2.041455730795860291e-02 8.406811356544494629e-01
-1.159246638417243958e-02 -2.341895550489425659e-02 8.915762305259704590e-01
-1.751845702528953552e-02 -2.906524017453193665e-02 9.072174429893493652e-01
-2.200334891676902771e-02 -3.248098865151405334e-02 8.788542747497558594e-01
-2.584929391741752625e-02 -3.560487553477287292e-02 8.885844349861145020e-01
-2.676719054579734802e-02 -3.748896345496177673e-02 8.812244534492492676e-01
-2.806867286562919617e-02 -3.873317688703536987e-02 8.960751891136169434e-01
-2.941222116351127625e-02 -4.006573557853698730e-02 9.109973907470703125e-01
-3.032765910029411316e-02 -4.131490737199783325e-02 9.425395131111145020e-01
-3.156503662467002869e-02 -4.229974746704101562e-02 9.594433903694152832e-01
-3.206514939665794373e-02 -4.251732304692268372e-02 9.252251386642456055e-01
-3.225421532988548279e-02 -4.215453937649726868e-02 8.892351984977722168e-01
-1.944486051797866821e-03 -2.164572477340698242e-02 8.064454197883605957e-01
-5.797002464532852173e-03 -1.511067245155572891e-02 8.357106447219848633e-01
-4.419375211000442505e-03 -1.327344123274087906e-02 8.355360627174377441e-01
-9.392302483320236206e-03 -8.340333588421344757e-03 8.318420648574829102e-01
-2.067000046372413635e-02 -1.896005123853683472e-02 7.581536769866943359e-01
-2.671642974019050598e-02 -1.995520666241645813e-02 8.134502768516540527e-01
-2.777981385588645935e-02 -2.174186334013938904e-02 8.290441632270812988e-01
-3.287333622574806213e-02 -2.512595802545547485e-02 8.606398701667785645e-01
-4.331222549080848694e-02 -2.713809907436370850e-02 8.056825995445251465e-01
-5.388703569769859314e-02 -2.978475391864776611e-02 6.945515275001525879e-01
-5.682201310992240906e-02 -2.971293032169342041e-02 6.425766348838806152e-01
-5.101419612765312195e-02 -2.606225758790969849e-02 6.403008103370666504e-01
-4.732291772961616516e-02 -2.568369358777999878e-02 6.140788197517395020e-01
-4.123385623097419739e-02 -2.696187794208526611e-02 5.560690164566040039e-01
-3.069038316607475281e-02 -2.225363254547119141e-02 5.379554629325866699e-01
-2.480141073465347290e-02 -1.877155900001525879e-02 5.383832454681396484e-01
-4.210277274250984192e-02 -1.455912087112665176e-02 4.579476714134216309e-01
-4.501317068934440613e-02 -1.633507013320922852e-02 4.806431531906127930e-01
-4.090357199311256409e-02 -2.078392356634140015e-02 6.010115742683410645e-01
-2.697231248021125793e-02 -1.682594791054725647e-02 6.044958233833312988e-01
-1.939494535326957703e-02 -1.586784422397613525e-02 5.868263840675354004e-01
-1.483275368809700012e-02 -2.077445387840270996e-02 5.884432196617126465e-01
-1.019423082470893860e-02 -1.863795146346092224e-02 5.862682461738586426e-01
-5.085479468107223511e-03 -1.598503440618515015e-02 5.557977557182312012e-01
5.409017205238342285e-03 -1.410476490855216980e-02 4.951390624046325684e-01
1.025731861591339111e-02 -1.286163367331027985e-02 4.341710209846496582e-01
1.229012012481689453e-02 -1.073988247662782669e-02 4.076541066169738770e-01
1.254493743181228638e-02 -9.221297688782215118e-03 4.004845619201660156e-01
1.112085953354835510e-02 -1.005353499203920364e-02 3.799570798873901367e-01
9.198490530252456665e-03 -1.110529061406850815e-02 4.176822900772094727e-01
8.716687560081481934e-03 -5.150252021849155426e-03 4.443967938423156738e-01
1.100123301148414612e-02 1.022736448794603348e-02 3.744003176689147949e-01
-4.888562485575675964e-02 -1.520599517971277237e-02 3.804212212562561035e-01
-4.964369162917137146e-02 -1.812402158975601196e-02 4.796351790428161621e-01
-3.526369109749794006e-02 -1.400041300803422928e-02 6.042635440826416016e-01
-1.825168356299400330e-02 -1.306852791458368301e-02 6.302121281623840332e-01
-7.049586623907089233e-03 -1.582172513008117676e-02 6.365179419517517090e-01
-3.005396574735641479e-03 -1.508604828268289566e-02 6.308475732803344727e-01
1.215942203998565674e-03 -1.081684697419404984e-02 6.048280596733093262e-01
1.404355466365814209e-02 -9.131870232522487640e-03 5.327599048614501953e-01
1.487597823143005371e-02 -1.302008051425218582e-02 4.851102828979492188e-01
1.141612604260444641e-02 -1.424803864210844040e-02 4.841470122337341309e-01
9.633887559175491333e-03 -1.397276204079389572e-02 4.674829244613647461e-01
1.306616142392158508e-02 -1.134757045656442642e-02 4.368401169776916504e-01
1.756425574421882629e-02 -8.274846710264682770e-03 4.585730433464050293e-01
2.043204009532928467e-02 8.241282775998115540e-04 4.328036904335021973e-01
2.290705218911170959e-02 1.314687449485063553e-02 3.941365480422973633e-01
2.348554506897926331e-02 2.451932430267333984e-02 3.826032280921936035e-01
-3.915376588702201843e-02 -1.552880648523569107e-02 4.752208590507507324e-01
-4.461963102221488953e-02 -1.867418363690376282e-02 5.234349370002746582e-01
-1.928060874342918396e-02 -1.467324886471033096e-02 5.969421863555908203e-01
-7.458936423063278198e-03 -1.135204453021287918e-02 6.083578467369079590e-01
1.998018473386764526e-03 -1.134416181594133377e-02 6.431175470352172852e-01
1.667900010943412781e-02 -4.263848997652530670e-03 7.058607935905456543e-01
2.340174838900566101e-02 3.980248235166072845e-03 7.301467061042785645e-01
1.715303212404251099e-02 3.190721385180950165e-03 6.416009068489074707e-01
2.367730438709259033e-02 -1.518047880381345749e-02 5.509577989578247070e-01
2.357560768723487854e-02 -1.913562044501304626e-02 5.702840685844421387e-01
2.255559340119361877e-02 -1.275241840630769730e-02 6.497951745986938477e-01
2.339459583163261414e-02 -2.163305878639221191e-02 7.803657054901123047e-01
8.729044348001480103e-03 -2.826170623302459717e-02 8.650501370429992676e-01
-1.233633607625961304e-03 -3.091012313961982727e-02 8.556860685348510742e-01
-5.739804357290267944e-03 -3.326475992798805237e-02 7.970438003540039062e-01
-8.188273757696151733e-03 -3.314782679080963135e-02 8.069236874580383301e-01
3.384631127119064331e-03 -1.811683923006057739e-02 7.809952497482299805e-01
5.808982998132705688e-03 -1.250022742897272110e-02 8.048217892646789551e-01
3.057163208723068237e-03 -1.174070779234170914e-02 8.209868073463439941e-01
7.223743945360183716e-03 -8.363966830074787140e-03 8.786754012107849121e-01
-5.054272711277008057e-03 -2.246637269854545593e-02 8.075123429298400879e-01
-9.941074997186660767e-03 -2.421364933252334595e-02 7.902523279190063477e-01
-1.225984469056129456e-02 -2.599842473864555359e-02 7.719650268554687500e-01
-1.564510539174079895e-02 -2.858166024088859558e-02 7.590249180793762207e-01
-1.562831923365592957e-02 -3.050245344638824463e-02 7.775353789329528809e-01
-1.502629742026329041e-02 -3.156983107328414917e-02 7.743609547615051270e-01
-1.650100573897361755e-02 -3.367756679654121399e-02 8.322077989578247070e-01
-1.538806781172752380e-02 -3.413440659642219543e-02 8.352363705635070801e-01
-1.428106054663658142e-02 -3.364061564207077026e-02 8.319682478904724121e-01
-1.305509731173515320e-02 -3.300414979457855225e-02 8.404931426048278809e-01
-1.159898564219474792e-02 -3.264065086841583252e-02 8.998821973800659180e-01
-1.118935272097587585e-02 -3.219951689243316650e-02 9.114249348640441895e-01
4.417758435010910034e-03 -1.848035678267478943e-02 8.195527791976928711e-01
8.472211658954620361e-03 -1.447226200252771378e-02 8.245182037353515625e-01
4.281966015696525574e-03 -1.368243712931871414e-02 7.840933203697204590e-01
9.255636483430862427e-03 -1.019441243261098862e-02 7.563816905021667480e-01
1.404580473899841309e-02 -1.898596063256263733e-02 6.337329149246215820e-01
2.175081521272659302e-03 -1.883671432733535767e-02 7.881273627281188965e-01
-4.878092557191848755e-03 -2.757176384329795837e-02 9.374058842658996582e-01
-4.486609250307083130e-03 -2.704153954982757568e-02 8.836824893951416016e-01
-4.589226096868515015e-03 -2.693422138690948486e-02 8.632553219795227051e-01
-4.958417266607284546e-03 -2.685699611902236938e-02 8.860962986946105957e-01
-7.380630820989608765e-03 -2.849997207522392273e-02 9.066199064254760742e-01
-7.699977606534957886e-03 -3.094446659088134766e-02 9.194210171699523926e-01
-9.120430797338485718e-03 -3.286333754658699036e-02 8.650697469711303711e-01
-9.885367006063461304e-03 -3.387064114212989807e-02 8.866060972213745117e-01
-1.017230376601219177e-02 -3.371060267090797424e-02 8.814349770545959473e-01
-9.609576314687728882e-03 -3.301931545138359070e-02 8.749156594276428223e-01
6.582800298929214478e-03 -2.025292068719863892e-02 8.627974987030029297e-01
1.234201714396476746e-02 -1.445675734430551529e-02 8.953482508659362793e-01
1.093372888863086700e-02 -1.428905967622995377e-02 8.967508673667907715e-01
1.402190327644348145e-02 -1.149620208889245987e-02 9.039316773414611816e-01
1.149635575711727142e-02 -1.706678420305252075e-02 7.851619124412536621e-01
7.927529513835906982e-04 -1.677069440484046936e-02 7.221655249595642090e-01
-9.169764816761016846e-04 -2.382817491888999939e-02 8.436046242713928223e-01
-3.086071461439132690e-03 -2.762521058320999146e-02 8.518703579902648926e-01
-5.239214748144149780e-03 -2.991588786244392395e-02 8.474341630935668945e-01
-7.903482764959335327e-03 -3.165441378951072693e-02 8.321658968925476074e-01
-1.026776060461997986e-02 -3.327342867851257324e-02 8.304079174995422363e-01
-1.210090145468711853e-02 -3.381709009408950806e-02 8.122154474258422852e-01
-1.409214362502098083e-02 -3.366712853312492371e-02 7.948413491249084473e-01
-1.685484871268272400e-02 -3.361286967992782593e-02 8.079701066017150879e-01
-1.821650192141532898e-02 -3.375740349292755127e-02 8.078843951225280762e-01
-1.670893654227256775e-02 -3.251779824495315552e-02 7.033259272575378418e-01
8.824281394481658936e-04 -1.803499087691307068e-02 7.538026571273803711e-01
4.415467381477355957e-03 -1.194097194820642471e-02 8.331837654113769531e-01
2.375157549977302551e-03 -1.249741110950708389e-02 8.251785039901733398e-01
6.593469530344009399e-03 -7.617690600454807281e-03 7.877904176712036133e-01
1.146355457603931427e-02 -1.419410016387701035e-02 7.761059403419494629e-01
-5.257911980152130127e-04 -1.771132647991180420e-02 8.376411199569702148e-01
-1.705687493085861206e-03 -2.283732220530509949e-02 8.529812693595886230e-01
-4.902798682451248169e-03 -2.570144459605216980e-02 8.500371575355529785e-01
-5.889561027288436890e-03 -2.909790724515914917e-02 7.933296561241149902e-01
-5.363237112760543823e-03 -2.890930697321891785e-02 6.906222701072692871e-01
-5.543719977140426636e-03 -2.733420208096504211e-02 6.680239439010620117e-01
-4.215057939291000366e-03 -2.835279703140258789e-02 7.465659976005554199e-01
-3.472264856100082397e-03 -2.830721437931060791e-02 8.353348970413208008e-01
-4.594009369611740112e-03 -2.906263992190361023e-02 9.184421300888061523e-01
-6.373491138219833374e-03 -3.010556474328041077e-02 9.101026654243469238e-01
-9.335573762655258179e-03 -3.202322870492935181e-02 9.571962952613830566e-01
5.346525460481643677e-03 -2.166853845119476318e-02 9.361378550529479980e-01
9.132947772741317749e-03 -1.317952666431665421e-02 9.349629282951354980e-01
5.232313647866249084e-03 -1.653512567281723022e-02 9.017129540443420410e-01
1.252994686365127563e-02 -2.002557739615440369e-02 8.081266880035400391e-01
4.577066749334335327e-03 -1.976762339472770691e-02 7.707740068435668945e-01
8.641593158245086670e-04 -2.490334585309028625e-02 8.448809981346130371e-01
-1.910362392663955688e-03 -2.622506394982337952e-02 8.594613671302795410e-01
-6.931688636541366577e-03 -2.864872291684150696e-02 9.180364012718200684e-01
-1.173561438918113708e-02 -3.287490457296371460e-02 1.025270342826843262e+00
-1.523534581065177917e-02 -3.598987683653831482e-02 1.046847343444824219e+00
-1.863711699843406677e-02 -3.914663195610046387e-02 1.049632430076599121e+00
-2.065190300345420837e-02 -4.128541052341461182e-02 1.002080202102661133e+00
-1.797274872660636902e-02 -4.015665501356124878e-02 8.709650039672851562e-01
-1.692141219973564148e-02 -4.022721946239471436e-02 8.876900672912597656e-01
-1.796145364642143250e-02 -4.082860052585601807e-02 9.029414057731628418e-01
-1.782211288809776306e-02 -3.995917737483978271e-02 8.611135482788085938e-01
1.343663781881332397e-03 -1.922646164894104004e-02 8.417305350303649902e-01
1.412209123373031616e-03 -1.154438499361276627e-02 9.150105118751525879e-01
-3.877099603414535522e-03 -1.544783357530832291e-02 8.938798308372497559e-01
-8.004277944564819336e-03 -2.167843654751777649e-02 8.687989115715026855e-01
-8.080970495939254761e-03 -2.501967921853065491e-02 8.538149595260620117e-01
-3.555376082658767700e-03 -2.751709520816802979e-02 8.192802071571350098e-01
-6.733801215887069702e-03 -3.024383634328842163e-02 7.759410738945007324e-01
-9.155567735433578491e-03 -3.212891146540641785e-02 7.487894892692565918e-01
-9.536664932966232300e-03 -3.384109586477279663e-02 7.718257904052734375e-01
-1.042630895972251892e-02 -3.533997386693954468e-02 8.391518592834472656e-01
-1.148734614253044128e-02 -3.618989884853363037e-02 8.572359681129455566e-01
-1.306737586855888367e-02 -3.627616912126541138e-02 8.340433835983276367e-01
-1.366163417696952820e-02 -3.659223765134811401e-02 8.359547257423400879e-01
-1.672194525599479675e-02 -3.779084980487823486e-02 9.117987751960754395e-01
-1.725495979189872742e-02 -3.870593011379241943e-02 9.216710925102233887e-01
-1.636404916644096375e-02 -3.891057521104812622e-02 8.712829947471618652e-01
4.597265273332595825e-03 -1.773254573345184326e-02 8.100827336311340332e-01
7.457576692104339600e-03 -1.094000879675149918e-02 8.556897640228271484e-01
4.056822508573532104e-03 -1.446808967739343643e-02 8.698826432228088379e-01
1.015982031822204590e-02 -1.374509651213884354e-02 9.001182913780212402e-01
8.482852950692176819e-03 -1.311796996742486954e-02 8.643415570259094238e-01
-3.012679517269134521e-04 -2.057001739740371704e-02 8.084164261817932129e-01
-4.067938774824142456e-03 -2.483709901571273804e-02 8.924639821052551270e-01
-8.810993283987045288e-03 -2.910900861024856567e-02 1.025736927986145020e+00
-1.194704696536064148e-02 -3.280341252684593201e-02 1.080482006072998047e+00
-1.743051037192344666e-02 -3.741793707013130188e-02 1.107886433601379395e+00
-2.126147970557212830e-02 -3.906297683715820312e-02 1.001071333885192871e+00
-2.077659592032432556e-02 -3.879319876432418823e-02 9.387115836143493652e-01
-1.862918958067893982e-02 -3.835703060030937195e-02 9.647281765937805176e-01
-1.539963111281394958e-02 -3.639018163084983826e-02 9.320088028907775879e-01
-1.297303661704063416e-02 -3.585905581712722778e-02 9.161501526832580566e-01
-1.288117095828056335e-02 -3.663383424282073975e-02 9.023673534393310547e-01
4.013430327177047729e-03 -1.941620931029319763e-02 8.271355032920837402e-01
7.446903735399246216e-03 -1.201652828603982925e-02 8.216164708137512207e-01
2.964437007904052734e-03 -1.754565909504890442e-02 7.805524468421936035e-01
7.364492863416671753e-03 -1.686942577362060547e-02 7.778685688972473145e-01
-1.039892435073852539e-03 -1.547662634402513504e-02 6.967920660972595215e-01
-2.776641398668289185e-03 -1.634665578603744507e-02 6.606283783912658691e-01
-1.047033816576004028e-03 -2.030605077743530273e-02 7.081503868103027344e-01
-4.801262170076370239e-03 -2.470010146498680115e-02 8.197508454322814941e-01
-8.376430720090866089e-03 -2.724677696824073792e-02 8.455501198768615723e-01
-1.141129061579704285e-02 -2.910331264138221741e-02 8.340287208557128906e-01
-1.429682597517967224e-02 -3.144080191850662231e-02 8.523859977722167969e-01
-1.621968671679496765e-02 -3.347652778029441833e-02 8.641990423202514648e-01
-1.686307415366172791e-02 -3.405730426311492920e-02 8.354437351226806641e-01
-1.591495797038078308e-02 -3.475631400942802429e-02 7.958808541297912598e-01
-1.612820848822593689e-02 -3.618173673748970032e-02 8.005154132843017578e-01
-1.675369963049888611e-02 -3.677615150809288025e-02 7.850624918937683105e-01
2.499718219041824341e-03 -1.895433664321899414e-02 7.885519266128540039e-01
7.435865700244903564e-04 -1.297700498253107071e-02 8.341614603996276855e-01
1.075875014066696167e-03 -1.023181620985269547e-02 8.972148299217224121e-01
1.628845930099487305e-04 -4.925449378788471222e-03 8.965598940849304199e-01
-3.352718427777290344e-03 -1.692239940166473389e-02 8.383401036262512207e-01
-9.874355047941207886e-03 -2.656752988696098328e-02 9.118530154228210449e-01
-1.176121458411216736e-02 -2.762657403945922852e-02 9.467528462409973145e-01
-1.507477089762687683e-02 -2.780706062912940979e-02 8.034542202949523926e-01
-1.658936962485313416e-02 -2.987078949809074402e-02 8.047860264778137207e-01
-1.430677995085716248e-02 -3.075306862592697144e-02 7.618090510368347168e-01
-1.356230303645133972e-02 -3.199336677789688110e-02 8.333604931831359863e-01
-1.192469522356987000e-02 -3.204616159200668335e-02 8.402259945869445801e-01
-1.183625683188438416e-02 -3.348448872566223145e-02 8.820365071296691895e-01
-1.173494383692741394e-02 -3.206031769514083862e-02 7.604877352714538574e-01
-1.307379826903343201e-02 -3.230983763933181763e-02 7.646790146827697754e-01
-1.573769375681877136e-02 -3.484953939914703369e-02 8.181408047676086426e-01
2.518516033887863159e-03 -1.910349354147911072e-02 7.573433518409729004e-01
4.948038607835769653e-03 -1.329600159078836441e-02 8.453047871589660645e-01
1.541536301374435425e-03 -1.581591367721557617e-02 8.544254899024963379e-01
8.200813084840774536e-03 -1.705376803874969482e-02 7.847079634666442871e-01
3.338530659675598145e-03 -1.762136444449424744e-02 7.157458662986755371e-01
-3.736834973096847534e-03 -2.229993417859077454e-02 7.649273872375488281e-01
-2.282042056322097778e-03 -2.376112341880798340e-02 7.636912465095520020e-01
-7.266070693731307983e-03 -2.807140722870826721e-02 8.678494095802307129e-01
-1.094467565417289734e-02 -3.048213571310043335e-02 9.123390913009643555e-01
-1.289286836981773376e-02 -3.303444012999534607e-02 9.160196185111999512e-01
-1.580214127898216248e-02 -3.576832264661788940e-02 9.368746876716613770e-01
-1.651894673705101013e-02 -3.638151288032531738e-02 8.944711089134216309e-01
-1.522753760218620300e-02 -3.426007926464080811e-02 8.150584697723388672e-01
-1.882178708910942078e-02 -3.504095971584320068e-02 9.283968806266784668e-01
-1.782443746924400330e-02 -3.481306880712509155e-02 8.952134251594543457e-01
-1.994107291102409363e-02 -3.686793148517608643e-02 9.532539248466491699e-01
3.369633108377456665e-03 -1.986761018633842468e-02 8.060060143470764160e-01
3.006342798471450806e-03 -1.375667098909616470e-02 8.684051632881164551e-01
2.775346860289573669e-03 -1.419419888406991959e-02 9.268516898155212402e-01
5.511581897735595703e-03 -1.701335981488227844e-02 9.077064394950866699e-01
-4.891935735940933228e-03 -1.565380021929740906e-02 8.948609828948974609e-01
-8.933555334806442261e-03 -2.463335543870925903e-02 9.540496468544006348e-01
-1.444440707564353943e-02 -2.925115078687667847e-02 9.799507260322570801e-01
-1.999951526522636414e-02 -3.261568397283554077e-02 9.680323004722595215e-01
-2.191190049052238464e-02 -3.367442265152931213e-02 9.047238826751708984e-01
-2.049179002642631531e-02 -3.315259516239166260e-02 8.631370663642883301e-01
-2.092434093356132507e-02 -3.429124131798744202e-02 9.135118722915649414e-01
-2.323250100016593933e-02 -3.636560589075088501e-02 9.588834643363952637e-01
-2.479283139109611511e-02 -3.771350160241127014e-02 9.467701315879821777e-01
-2.569822594523429871e-02 -3.799459710717201233e-02 9.158496260643005371e-01
-2.744622156023979187e-02 -3.738014027476310730e-02 8.899925351142883301e-01
-2.850943431258201599e-02 -3.632705658674240112e-02 8.271668553352355957e-01
-4.827603697776794434e-05 -1.858637854456901550e-02 7.371205687522888184e-01
-7.101036608219146729e-04 -1.242246571928262711e-02 7.896044850349426270e-01
1.566112041473388672e-05 -1.098916772753000259e-02 7.982127070426940918e-01
5.734387785196304321e-03 -6.879889406263828278e-03 8.077996373176574707e-01
-2.908859401941299438e-03 -8.735668845474720001e-03 7.592681050300598145e-01
-9.811609983444213867e-03 -1.325662154704332352e-02 7.219815850257873535e-01
-1.321845874190330505e-02 -1.926212012767791748e-02 7.520319223403930664e-01
-1.612754538655281067e-02 -2.327185124158859253e-02 7.843435406684875488e-01
-1.801152899861335754e-02 -2.576734125614166260e-02 7.829123139381408691e-01
-1.812313124537467957e-02 -2.754971012473106384e-02 7.887601256370544434e-01
-1.743639633059501648e-02 -2.866516262292861938e-02 8.044779300689697266e-01
-1.660610362887382507e-02 -2.935188636183738708e-02 8.281777501106262207e-01
-1.549338921904563904e-02 -2.977221086621284485e-02 8.325601220130920410e-01
-1.401330158114433289e-02 -2.970848977565765381e-02 8.051871657371520996e-01
-1.314213499426841736e-02 -2.999601140618324280e-02 8.031522631645202637e-01
-1.178708299994468689e-02 -3.064746782183647156e-02 8.198130726814270020e-01
5.663085728883743286e-03 -1.747167855501174927e-02 7.761129736900329590e-01
5.126986652612686157e-03 -1.246955338865518570e-02 8.259657621383666992e-01
4.230547696352005005e-03 -1.363169495016336441e-02 8.704814910888671875e-01
4.063598811626434326e-03 -1.511368621140718460e-02 9.122766256332397461e-01
-1.608582213521003723e-03 -1.552003528922796249e-02 8.623886704444885254e-01
-3.938276320695877075e-03 -2.262065187096595764e-02 8.582854270935058594e-01
-8.038248866796493530e-03 -2.656317874789237976e-02 8.779339790344238281e-01
-1.319555565714836121e-02 -3.000679239630699158e-02 8.690814375877380371e-01
-1.639619097113609314e-02 -3.299778327345848083e-02 9.077444672584533691e-01
-1.805962249636650085e-02 -3.607597202062606812e-02 9.761107563972473145e-01
-2.057800814509391785e-02 -3.833018988370895386e-02 9.786015152931213379e-01
-2.315137907862663269e-02 -4.068332910537719727e-02 1.018001317977905273e+00
-2.249316498637199402e-02 -4.130940139293670654e-02 9.895121455192565918e-01
-2.395940944552421570e-02 -4.281320795416831970e-02 1.013161301612854004e+00
-2.650856599211692810e-02 -4.414233565330505371e-02 1.048302412033081055e+00
-2.849043533205986023e-02 -4.503083229064941406e-02 1.040292143821716309e+00
3.045354038476943970e-03 -2.082587033510208130e-02 8.909093141555786133e-01
1.987330615520477295e-04 -1.242575142532587051e-02 9.082263708114624023e-01
-1.319944858551025391e-04 -1.100385282188653946e-02 9.062131047248840332e-01
-4.924505949020385742e-03 -1.394941750913858414e-02 9.184133410453796387e-01
-8.228540420532226562e-03 -1.788491010665893555e-02 8.124792575836181641e-01
-1.113092526793479919e-02 -1.931999623775482178e-02 7.620981335639953613e-01
-1.465142890810966492e-02 -2.186227589845657349e-02 6.894171833992004395e-01
-1.735128834843635559e-02 -2.294538542628288269e-02 6.272881627082824707e-01
-1.770987734198570251e-02 -2.506452053785324097e-02 6.591915488243103027e-01
-1.706762984395027161e-02 -2.631612867116928101e-02 6.703835725784301758e-01
-1.562186703085899353e-02 -2.757881209254264832e-02 7.191455960273742676e-01
-1.414306089282035828e-02 -2.885536476969718933e-02 7.773961424827575684e-01
-1.501424238085746765e-02 -3.062118217349052429e-02 8.551105856895446777e-01
-1.679968461394309998e-02 -3.231298550963401794e-02 9.083281755447387695e-01
-1.795714721083641052e-02 -3.297684341669082642e-02 9.055020809173583984e-01
-1.772738620638847351e-02 -3.284292668104171753e-02 8.426418900489807129e-01
1.764748245477676392e-03 -1.810575276613235474e-02 7.407377362251281738e-01
3.363143652677536011e-03 -1.209763530641794205e-02 6.974737048149108887e-01
4.235174506902694702e-03 -8.896642364561557770e-03 7.103341817855834961e-01
2.631060779094696045e-04 -1.316136959940195084e-02 7.167803645133972168e-01
-1.591820269823074341e-03 -1.170047465711832047e-02 7.126946449279785156e-01
3.710210323333740234e-03 -1.267239544540643692e-02 7.320145368576049805e-01
-3.557097166776657104e-03 -2.334057912230491638e-02 8.356882929801940918e-01
-5.502138286828994751e-03 -2.828331291675567627e-02 9.115793704986572266e-01
-1.115330681204795837e-02 -3.087539598345756531e-02 9.524930119514465332e-01
-1.583835110068321228e-02 -3.207263350486755371e-02 9.464154839515686035e-01
-1.728650555014610291e-02 -3.227389976382255554e-02 8.787214159965515137e-01
-1.691645011305809021e-02 -3.340805321931838989e-02 8.292326331138610840e-01
-1.446625217795372009e-02 -3.338085860013961792e-02 7.975609898567199707e-01
-1.250227913260459900e-02 -3.317861631512641907e-02 7.858258485794067383e-01
-1.068004593253135681e-02 -3.313368931412696838e-02 8.093896508216857910e-01
-9.149115532636642456e-03 -3.392795100808143616e-02 8.942660093307495117e-01
6.595801562070846558e-03 -1.905939728021621704e-02 8.474721312522888184e-01
6.099406629800796509e-03 -1.235815975815057755e-02 8.761327862739562988e-01
4.414446651935577393e-03 -9.322159923613071442e-03 8.817623257637023926e-01
1.530095934867858887e-03 -4.671194590628147125e-03 9.000028967857360840e-01
-4.112362861633300781e-03 -1.097346935421228409e-02 8.593757748603820801e-01
-4.586797207593917847e-03 -2.148091420531272888e-02 8.238307237625122070e-01
-3.631766885519027710e-03 -2.376832440495491028e-02 7.692144513130187988e-01
-5.899321287870407104e-03 -2.725083380937576294e-02 8.002935647964477539e-01
-8.263971656560897827e-03 -3.004540875554084778e-02 8.418174386024475098e-01
-1.116874441504478455e-02 -3.156900778412818909e-02 8.478205204010009766e-01
-1.193865761160850525e-02 -3.151727467775344849e-02 8.221626281738281250e-01
-1.487205550074577332e-02 -3.290261700749397278e-02 8.751404881477355957e-01
-1.691865548491477966e-02 -3.375981375575065613e-02 8.831698298454284668e-01
-1.888243481516838074e-02 -3.519788384437561035e-02 9.091598391532897949e-01
-1.959161087870597839e-02 -3.520494326949119568e-02 8.860896229743957520e-01
-1.821346208453178406e-02 -3.360816836357116699e-02 7.942772507667541504e-01
6.816796958446502686e-04 -1.821193471550941467e-02 7.152206897735595703e-01
5.083408206701278687e-03 -1.294685993343591690e-02 7.262310385704040527e-01
5.731701850891113281e-03 -1.093364227563142776e-02 7.534946799278259277e-01
7.810667157173156738e-03 -1.008104626089334488e-02 7.359812855720520020e-01
8.538346737623214722e-03 -1.651665940880775452e-02 6.937959194183349609e-01
1.072945445775985718e-02 -1.235548313707113266e-02 6.950390934944152832e-01
4.529733210802078247e-03 -1.922991126775741577e-02 7.425073385238647461e-01
1.494582742452621460e-03 -2.237639948725700378e-02 7.682381272315979004e-01
-4.557434469461441040e-03 -2.561439946293830872e-02 7.954300045967102051e-01
-7.312487810850143433e-03 -2.826293185353279114e-02 8.132649064064025879e-01
-9.763475507497787476e-03 -2.982220798730850220e-02 8.214595913887023926e-01
-9.515296667814254761e-03 -3.086576238274574280e-02 8.412871360778808594e-01
-9.812962263822555542e-03 -3.268759325146675110e-02 8.555272817611694336e-01
-9.107168763875961304e-03 -3.203352540731430054e-02 7.656781077384948730e-01
-8.211668580770492554e-03 -3.034725412726402283e-02 6.952355504035949707e-01
-8.542623370885848999e-03 -2.904591336846351624e-02 6.789891719818115234e-01
1.302734017372131348e-05 -1.751108840107917786e-02 7.001516222953796387e-01
2.313304692506790161e-03 -1.216049212962388992e-02 6.969335675239562988e-01
1.023970544338226318e-04 -1.181243080645799637e-02 6.854080557823181152e-01
7.971487939357757568e-03 -6.100953556597232819e-03 7.101330757141113281e-01
1.264677569270133972e-02 -8.006059564650058746e-03 6.829486489295959473e-01
1.217180117964744568e-02 -1.219478528946638107e-02 6.398671269416809082e-01
-6.679929792881011963e-04 -1.787833124399185181e-02 7.910469174385070801e-01
-3.604788333177566528e-03 -2.571221441030502319e-02 8.951664566993713379e-01
-6.739940494298934937e-03 -2.732319012284278870e-02 8.975317478179931641e-01
-8.675646036863327026e-03 -2.872842177748680115e-02 9.178683757781982422e-01
-1.096701249480247498e-02 -2.910750731825828552e-02 8.627795577049255371e-01
-1.204093918204307556e-02 -2.966371923685073853e-02 7.859985232353210449e-01
-1.118059083819389343e-02 -3.021115064620971680e-02 7.412878870964050293e-01
-1.061829552054405212e-02 -3.079190477728843689e-02 7.147380709648132324e-01
-9.063970297574996948e-03 -3.134189918637275696e-02 6.989094018936157227e-01
-7.973235100507736206e-03 -3.121854737401008606e-02 6.936057209968566895e-01
4.204388707876205444e-03 -1.645658910274505615e-02 7.026544213294982910e-01
7.524166256189346313e-03 -1.201573852449655533e-02 7.521227002143859863e-01
2.057528123259544373e-03 -1.093357894569635391e-02 8.332021832466125488e-01
7.838375866413116455e-03 -1.398793701082468033e-02 8.978297114372253418e-01
3.578286617994308472e-03 -1.933087036013603210e-02 8.677863478660583496e-01
-1.383338123559951782e-03 -2.922265976667404175e-02 8.665809035301208496e-01
-3.163319081068038940e-03 -3.087820112705230713e-02 8.922025561332702637e-01
-8.805748075246810913e-03 -3.422275930643081665e-02 9.489704966545104980e-01
-1.235293969511985779e-02 -3.646446764469146729e-02 9.763669371604919434e-01
-1.533756777644157410e-02 -3.774961829185485840e-02 9.346435666084289551e-01
-1.705394312739372253e-02 -3.852594643831253052e-02 8.965378403663635254e-01
-1.853201910853385925e-02 -3.913698345422744751e-02 8.794634938240051270e-01
-1.867816969752311707e-02 -3.814229369163513184e-02 8.375712037086486816e-01
-1.885568723082542419e-02 -3.609239310026168823e-02 7.784580588340759277e-01
-1.854437217116355896e-02 -3.302554041147232056e-02 6.652864217758178711e-01
-1.525213941931724548e-02 -3.244382888078689575e-02 8.012266755104064941e-01
-1.132886856794357300e-03 -1.873052865266799927e-02 7.763190269470214844e-01
-3.435146063566207886e-03 -1.004251185804605484e-02 6.178655624389648438e-01
-1.705836504697799683e-03 -8.038614876568317413e-03 5.977295041084289551e-01
2.554435282945632935e-03 -6.130107678472995758e-03 6.262779831886291504e-01
6.786964833736419678e-03 -3.000737167894840240e-03 7.132783532142639160e-01
1.538832113146781921e-02 -8.185987360775470734e-03 7.076951861381530762e-01
6.810899823904037476e-03 -8.465916849672794342e-03 6.881207227706909180e-01
1.115273684263229370e-03 -1.032240036875009537e-02 6.847051978111267090e-01
-7.026307284832000732e-04 -1.062050927430391312e-02 6.510944962501525879e-01
-2.732034772634506226e-03 -1.117204967886209488e-02 6.127625703811645508e-01
-2.185802906751632690e-03 -1.208484265953302383e-02 6.243770122528076172e-01
-9.637661278247833252e-04 -1.395478937774896622e-02 6.813606023788452148e-01
-1.412507146596908569e-03 -1.481814030557870865e-02 6.831284165382385254e-01
-4.927400499582290649e-03 -1.505687180906534195e-02 6.683661341667175293e-01
-8.094985038042068481e-03 -1.451122481375932693e-02 6.406510472297668457e-01
-9.969200938940048218e-03 -1.430844608694314957e-02 6.577025651931762695e-01
-2.555813640356063843e-03 -1.616813242435455322e-02 6.746639013290405273e-01
-1.038264483213424683e-03 -8.265570737421512604e-03 6.789816617965698242e-01
-5.363583564758300781e-03 -7.523425854742527008e-03 6.946203708648681641e-01
-1.304935663938522339e-03 -4.575067199766635895e-03 6.776570677757263184e-01
3.949593752622604370e-03 -1.164440996944904327e-03 6.507660746574401855e-01
1.609718799591064453e-02 -1.552983187139034271e-03 6.265008449554443359e-01
9.191453456878662109e-03 -7.633621804416179657e-03 6.312707066535949707e-01
5.461014807224273682e-04 -2.716840244829654694e-03 6.390720009803771973e-01
-1.659397035837173462e-03 -4.405849613249301910e-03 6.258590817451477051e-01
-3.826383501291275024e-03 -7.219635881483554840e-03 6.460716724395751953e-01
-7.058102637529373169e-03 -1.184554118663072586e-02 6.816239953041076660e-01
-8.241217583417892456e-03 -1.432307530194520950e-02 7.206793427467346191e-01
-1.012259349226951599e-02 -1.806106418371200562e-02 7.989348173141479492e-01
-1.288873329758644104e-02 -1.914872229099273682e-02 7.985710501670837402e-01
-1.497150585055351257e-02 -2.030899375677108765e-02 8.413367867469787598e-01
-1.560294255614280701e-02 -2.216292545199394226e-02 9.067399501800537109e-01
1.151237636804580688e-03 -1.735951751470565796e-02 9.161200523376464844e-01
3.327332437038421631e-03 -8.917742408812046051e-03 9.326420426368713379e-01
5.764085799455642700e-03 -9.622120298445224762e-03 9.463871121406555176e-01
6.155483424663543701e-03 -4.968754015862941742e-03 9.547911286354064941e-01
6.076727062463760376e-03 -1.914803683757781982e-02 8.715019822120666504e-01
-3.450494259595870972e-03 -2.175506949424743652e-02 8.346883654594421387e-01
-3.638137131929397583e-03 -2.547056600451469421e-02 8.318526148796081543e-01
-6.476517766714096069e-03 -2.790036424994468689e-02 8.237813711166381836e-01
-8.912872523069381714e-03 -3.077844530344009399e-02 9.433847069740295410e-01
-1.188100501894950867e-02 -3.271035850048065186e-02 1.016207337379455566e+00
-1.595149561762809753e-02 -3.470295295119285583e-02 1.048382401466369629e+00
-2.148028835654258728e-02 -3.712192922830581665e-02 1.080280303955078125e+00
-2.424682304263114929e-02 -3.841303288936614990e-02 1.050529360771179199e+00
-2.473133429884910583e-02 -3.834255039691925049e-02 1.013363718986511230e+00
-2.357333526015281677e-02 -3.783416002988815308e-02 9.956182837486267090e-01
-2.240065857768058777e-02 -3.682446479797363281e-02 9.564790129661560059e-01
1.545030623674392700e-03 -1.892884075641632080e-02 8.261871933937072754e-01
3.296155482530593872e-03 -1.279934588819742203e-02 8.799329400062561035e-01
-1.644976437091827393e-04 -1.497796270996332169e-02 9.129911065101623535e-01
-3.063414245843887329e-03 -1.196583826094865799e-02 9.253973364830017090e-01
-7.009830325841903687e-03 -1.771800592541694641e-02 8.555939793586730957e-01
-9.048867970705032349e-03 -1.921787485480308533e-02 8.273470997810363770e-01
-1.103974506258964539e-02 -2.090378105640411377e-02 8.038293123245239258e-01
-1.330944523215293884e-02 -2.249200642108917236e-02 8.021510243415832520e-01
-1.420965418219566345e-02 -2.318681403994560242e-02 7.804108262062072754e-01
-1.458854600787162781e-02 -2.320037037134170532e-02 7.615633606910705566e-01
-1.466323062777519226e-02 -2.370410040020942688e-02 7.793755531311035156e-01
-1.495733484625816345e-02 -2.429919689893722534e-02 7.876458168029785156e-01
