7.345307618379592896e-03 -2.058302611112594604e-02 8.953831791877746582e-01
1.046545803546905518e-02 -1.437123958021402359e-02 8.935996890068054199e-01
1.429903134703636169e-02 -1.141880545765161514e-02 8.143240809440612793e-01
2.698099240660667419e-02 -2.054189331829547882e-03 7.638082504272460938e-01
2.240634709596633911e-02 -6.202538497745990753e-03 6.404702663421630859e-01
2.150754258036613464e-02 -1.415765564888715744e-02 5.722699165344238281e-01
2.365808561444282532e-02 -1.306385640054941177e-02 5.215021967887878418e-01
3.009243309497833252e-02 -9.786048904061317444e-04 4.627631306648254395e-01
2.690104022622108459e-02 4.624127410352230072e-03 4.278294444084167480e-01
2.559050917625427246e-02 1.598227769136428833e-02 4.001495838165283203e-01
2.383297309279441833e-02 2.692382037639617920e-02 3.779461979866027832e-01
2.598799020051956177e-02 3.233821690082550049e-02 3.800199627876281738e-01
2.826154232025146484e-02 3.140708804130554199e-02 3.669041991233825684e-01
3.001607954502105713e-02 2.408770471811294556e-02 3.215649127960205078e-01
2.477885410189628601e-02 1.955818757414817810e-02 2.908927798271179199e-01
2.097172290086746216e-02 2.028895169496536255e-02 2.752044200897216797e-01
3.887246921658515930e-02 -1.314305700361728668e-03 2.960165739059448242e-01
4.995539411902427673e-02 -1.795378327369689941e-02 3.840495347976684570e-01
4.781828448176383972e-02 2.226985059678554535e-03 5.814708471298217773e-01
4.625710844993591309e-02 1.205598469823598862e-02 6.586492657661437988e-01
3.914896771311759949e-02 1.958180218935012817e-02 7.466279864311218262e-01
3.251171484589576721e-02 1.870087534189224243e-02 7.890914082527160645e-01
2.895912900567054749e-02 8.142716251313686371e-03 7.533217668533325195e-01
1.656299829483032227e-02 -3.582478500902652740e-03 7.258027791976928711e-01
5.868386477231979370e-03 -1.332750264555215836e-02 7.372572422027587891e-01
1.870704814791679382e-02 -2.541077509522438049e-02 7.786430716514587402e-01
3.165305033326148987e-02 -9.121532551944255829e-03 7.688972353935241699e-01
2.192423865199089050e-02 -1.711057871580123901e-02 7.776009440422058105e-01
1.308587566018104553e-02 -2.121015265583992004e-02 7.561965584754943848e-01
6.569538265466690063e-03 -2.358484268188476562e-02 7.601469159126281738e-01
1.080077141523361206e-03 -2.621395140886306763e-02 8.142428994178771973e-01
-3.933679312467575073e-03 -2.802509069442749023e-02 8.387152552604675293e-01
2.499632537364959717e-04 -1.853346079587936401e-02 8.038668036460876465e-01
-1.953531056642532349e-03 -1.215003523975610733e-02 8.258411288261413574e-01
-1.364726573228836060e-03 -8.418784476816654205e-03 8.309355378150939941e-01
8.266307413578033447e-04 -2.359041012823581696e-03 8.512191176414489746e-01
-2.806439995765686035e-03 -1.490169297903776169e-02 8.233559727668762207e-01
-2.945173531770706177e-03 -1.966638118028640747e-02 8.360105752944946289e-01
-2.365011721849441528e-03 -2.481232583522796631e-02 8.839895129203796387e-01
-3.366801887750625610e-03 -2.527591586112976074e-02 8.682464957237243652e-01
-5.327474325895309448e-03 -2.642346918582916260e-02 8.323775529861450195e-01
-7.232826203107833862e-03 -2.726718038320541382e-02 8.079527616500854492e-01
-6.942551583051681519e-03 -2.790835499763488770e-02 8.038670420646667480e-01
-6.104420870542526245e-03 -2.953986078500747681e-02 8.631008863449096680e-01
-3.434639424085617065e-03 -3.012900799512863159e-02 8.761566877365112305e-01
1.346889883279800415e-03 -2.882680296897888184e-02 8.117797374725341797e-01
5.801830440759658813e-03 -2.673750743269920349e-02 7.206529974937438965e-01
8.469272404909133911e-03 -2.440068125724792480e-02 6.623312830924987793e-01
1.366126909852027893e-02 -1.196072343736886978e-02 7.076044082641601562e-01
1.442726328969001770e-02 -8.308270014822483063e-03 7.254528403282165527e-01
1.005491614341735840e-02 -6.375917233526706696e-03 7.856146097183227539e-01
1.954965852200984955e-02 5.967821925878524780e-05 8.001791834831237793e-01
1.414734497666358948e-02 -8.863006718456745148e-03 7.659869790077209473e-01
1.427285000681877136e-02 -1.136126834899187088e-02 7.235803008079528809e-01
2.088311314582824707e-02 -7.829130627214908600e-03 7.264851927757263184e-01
2.164528146386146545e-02 -1.937822252511978149e-02 7.711463570594787598e-01
1.733231917023658752e-02 -2.289410680532455444e-02 7.819529175758361816e-01
1.023484393954277039e-02 -2.542090788483619690e-02 8.480294942855834961e-01
3.956738859415054321e-03 -2.696497738361358643e-02 8.886417746543884277e-01
-7.231496274471282959e-04 -2.847556397318840027e-02 9.276400208473205566e-01
-2.101626247167587280e-03 -3.039699792861938477e-02 9.915596842765808105e-01
-4.513185471296310425e-03 -3.229877352714538574e-02 1.032467722892761230e+00
-6.168361753225326538e-03 -3.436295688152313232e-02 1.057472467422485352e+00
-8.909117430448532104e-03 -3.740165755152702332e-02 1.091737031936645508e+00
1.252498850226402283e-02 -1.851166784763336182e-02 9.904559254646301270e-01
1.507907360792160034e-02 -1.107154134660959244e-02 1.021045207977294922e+00
1.341975480318069458e-02 -1.274744514375925064e-02 9.993906617164611816e-01
-2.270385622978210449e-03 -1.829556748270988464e-02 9.548370242118835449e-01
-6.953682750463485718e-03 -2.157669886946678162e-02 9.532124400138854980e-01
-8.481737226247787476e-03 -2.550437301397323608e-02 9.718685746192932129e-01
-1.492340490221977234e-02 -3.131731599569320679e-02 9.748261570930480957e-01
-1.924398168921470642e-02 -3.466792777180671692e-02 9.654354453086853027e-01
-2.617732807993888855e-02 -3.772898390889167786e-02 9.786199927330017090e-01
-3.195313736796379089e-02 -4.032224044203758240e-02 1.006183624267578125e+00
-3.491270169615745544e-02 -4.219669476151466370e-02 1.018581628799438477e+00
-3.833391889929771423e-02 -4.328452795743942261e-02 1.008095741271972656e+00
-3.992905840277671814e-02 -4.364562407135963440e-02 9.813634753227233887e-01
-4.094433411955833435e-02 -4.418218508362770081e-02 1.003885865211486816e+00
-4.190094396471977234e-02 -4.471655189990997314e-02 1.021063566207885742e+00
-4.180760309100151062e-02 -4.462894797325134277e-02 1.013945579528808594e+00
-6.758831441402435303e-04 -2.248334139585494995e-02 9.571445584297180176e-01
-5.920864641666412354e-04 -1.115107629448175430e-02 9.899237751960754395e-01
-8.512862026691436768e-03 -2.214648574590682983e-02 9.855064749717712402e-01
-1.795861497521400452e-02 -1.409287657588720322e-02 9.403565526008605957e-01
-1.731034740805625916e-02 -2.040585130453109741e-02 9.542940258979797363e-01
-1.683453842997550964e-02 -2.476033940911293030e-02 1.022429227828979492e+00
-2.487799152731895447e-02 -3.275164961814880371e-02 1.081988215446472168e+00
-3.151745721697807312e-02 -3.857476264238357544e-02 1.102535486221313477e+00
-3.522093221545219421e-02 -4.196766391396522522e-02 1.126104235649108887e+00
-3.805440291762351990e-02 -4.413309693336486816e-02 1.146971344947814941e+00
-3.965508565306663513e-02 -4.570818319916725159e-02 1.163612842559814453e+00
-4.068407043814659119e-02 -4.663155972957611084e-02 1.158635020256042480e+00
-4.123603925108909607e-02 -4.691348224878311157e-02 1.147018671035766602e+00
-4.030842706561088562e-02 -4.656910896301269531e-02 1.100761532783508301e+00
-3.876611217856407166e-02 -4.597886651754379272e-02 1.048375844955444336e+00
-3.711032494902610779e-02 -4.495929926633834839e-02 1.010700702667236328e+00
2.047959715127944946e-03 -2.053358405828475952e-02 9.003272056579589844e-01
1.581806689500808716e-03 -1.155933085829019547e-02 8.973700404167175293e-01
2.955976873636245728e-03 -1.150181237608194351e-02 8.840888738632202148e-01
3.559578210115432739e-03 -1.148073468357324600e-02 9.149844646453857422e-01
-4.044953733682632446e-03 -1.113313157111406326e-02 8.804677724838256836e-01
-1.054963842034339905e-02 -1.999996975064277649e-02 9.378295540809631348e-01
-1.058718189597129822e-02 -2.243653684854507446e-02 9.177823066711425781e-01
-1.367531344294548035e-02 -2.453038841485977173e-02 8.633747696876525879e-01
-1.527463272213935852e-02 -2.473099157214164734e-02 7.908843159675598145e-01
-1.613935455679893494e-02 -2.509199082851409912e-02 7.280104756355285645e-01
-1.513541862368583679e-02 -2.673464268445968628e-02 7.643687129020690918e-01
-1.498785242438316345e-02 -2.908774092793464661e-02 8.551891446113586426e-01
-1.575981453061103821e-02 -2.857984974980354309e-02 7.411291599273681641e-01
-1.552758738398551941e-02 -2.735126763582229614e-02 6.839866042137145996e-01
-1.517469063401222229e-02 -2.629747986793518066e-02 6.556631922721862793e-01
-1.202153041958808899e-02 -2.616119384765625000e-02 7.050086855888366699e-01
4.888225346803665161e-03 -1.682200282812118530e-02 7.008847594261169434e-01
4.010450094938278198e-03 -1.268860790878534317e-02 7.752336859703063965e-01
-7.525272667407989502e-04 -1.079990807920694351e-02 8.218870759010314941e-01
6.206374615430831909e-03 -6.323517300188541412e-03 8.114342093467712402e-01
2.830363810062408447e-03 -1.741439849138259888e-02 8.126196861267089844e-01
2.690656110644340515e-03 -2.325342595577239990e-02 7.786045670509338379e-01
-6.804451346397399902e-03 -1.699833571910858154e-02 7.681855559349060059e-01
-8.565593510866165161e-03 -2.540565654635429382e-02 8.588297963142395020e-01
-1.062134280800819397e-02 -2.745369449257850647e-02 8.766302466392517090e-01
-1.374243572354316711e-02 -2.675804495811462402e-02 8.155136704444885254e-01
-1.394034549593925476e-02 -2.592872455716133118e-02 7.814821600914001465e-01
-1.412397250533103943e-02 -2.656973525881767273e-02 8.079407811164855957e-01
-1.895267888903617859e-02 -2.547764778137207031e-02 7.438272237777709961e-01
-1.963764801621437073e-02 -2.548512071371078491e-02 7.648246288299560547e-01
-2.051199600100517273e-02 -2.624310553073883057e-02 8.269882798194885254e-01
-2.161845192313194275e-02 -2.729739248752593994e-02 8.777168393135070801e-01
-4.317052662372589111e-04 -2.084892988204956055e-02 8.377019762992858887e-01
8.660219609737396240e-04 -1.288751605898141861e-02 8.885530829429626465e-01
1.463763415813446045e-03 -1.255166623741388321e-02 9.193416237831115723e-01
4.441075026988983154e-03 -5.132217891514301300e-03 9.488112330436706543e-01
-1.213110610842704773e-02 -1.948105171322822571e-02 8.495755791664123535e-01
-1.666087284684181213e-02 -1.915363222360610962e-02 9.624646306037902832e-01
-1.940869912505149841e-02 -2.504474297165870667e-02 1.038991808891296387e+00
-2.598838135600090027e-02 -3.116382285952568054e-02 1.085708022117614746e+00
-3.068212792277336121e-02 -3.480933979153633118e-02 1.073967337608337402e+00
-3.392099961638450623e-02 -3.736124932765960693e-02 1.085632801055908203e+00
-3.407489880919456482e-02 -3.968851268291473389e-02 1.086605668067932129e+00
-3.544321283698081970e-02 -4.134784638881683350e-02 1.112066626548767090e+00
-3.549635037779808044e-02 -4.195224493741989136e-02 1.085535049438476562e+00
-3.657409176230430603e-02 -4.339630156755447388e-02 1.083914756774902344e+00
-3.650630638003349304e-02 -4.461737722158432007e-02 1.085992336273193359e+00
-3.730843588709831238e-02 -4.498576372861862183e-02 1.071981191635131836e+00
2.575851976871490479e-04 -2.186635136604309082e-02 1.002962350845336914e+00
-1.386813819408416748e-04 -9.588868357241153717e-03 1.038507103919982910e+00
-8.295372128486633301e-03 -2.188555896282196045e-02 1.093656063079833984e+00
-1.407634094357490540e-02 -1.792572438716888428e-02 1.095558762550354004e+00
-1.793358102440834045e-02 -2.380142360925674438e-02 1.101734757423400879e+00
-1.902338489890098572e-02 -2.934253960847854614e-02 1.140071272850036621e+00
-2.755273506045341492e-02 -3.577217087149620056e-02 1.123712778091430664e+00
-3.159656748175621033e-02 -3.846292197704315186e-02 1.064559817314147949e+00
-3.191470727324485779e-02 -3.922273963689804077e-02 1.030751585960388184e+00
-3.078317269682884216e-02 -3.822302818298339844e-02 9.640057682991027832e-01
-2.963670715689659119e-02 -3.813686221837997437e-02 9.699180722236633301e-01
-2.888321503996849060e-02 -3.801021724939346313e-02 9.747646450996398926e-01
-2.882088348269462585e-02 -3.827112168073654175e-02 9.939621090888977051e-01
-2.910787984728813171e-02 -3.955697268247604370e-02 9.956840872764587402e-01
-3.272817656397819519e-02 -4.201024025678634644e-02 1.054435849189758301e+00
-3.432257100939750671e-02 -4.490719735622406006e-02 1.141643524169921875e+00
-8.729435503482818604e-04 -2.206321805715560913e-02 1.015185594558715820e+00
1.425623893737792969e-03 -1.341728214174509048e-02 1.024569511413574219e+00
-1.414474099874496460e-03 -1.646358147263526917e-02 9.352255463600158691e-01
-1.356172189116477966e-02 -1.871215924620628357e-02 8.778070807456970215e-01
-1.085994020104408264e-02 -2.183205634355545044e-02 8.787961006164550781e-01
-9.515997022390365601e-03 -2.631632611155509949e-02 9.703714251518249512e-01
-1.403313502669334412e-02 -3.027518093585968018e-02 9.955578446388244629e-01
-1.753444597125053406e-02 -3.452176600694656372e-02 1.055916428565979004e+00
-2.003508433699607849e-02 -3.815374895930290222e-02 1.106572151184082031e+00
-2.137100324034690857e-02 -3.992285579442977905e-02 1.092041611671447754e+00
-2.261221036314964294e-02 -4.166311770677566528e-02 1.100074410438537598e+00
-2.423777803778648376e-02 -4.249914735555648804e-02 1.095751047134399414e+00
-2.336299046874046326e-02 -4.125802218914031982e-02 1.068156123161315918e+00
-2.175271138548851013e-02 -3.891548514366149902e-02 1.021445035934448242e+00
-1.984820887446403503e-02 -3.701175004243850708e-02 9.735890030860900879e-01
-1.930699869990348816e-02 -3.708738088607788086e-02 9.851089119911193848e-01
6.212208420038223267e-03 -2.155938744544982910e-02 9.779499173164367676e-01
9.803399443626403809e-03 -1.232054177671670914e-02 1.070739865303039551e+00
-1.703210175037384033e-03 -2.363680303096771240e-02 1.096213817596435547e+00
-1.474318653345108032e-02 -2.019213512539863586e-02 9.939257502555847168e-01
-1.056490465998649597e-02 -2.454058080911636353e-02 9.420806765556335449e-01
-7.666345685720443726e-03 -2.220089361071586609e-02 9.875476956367492676e-01
-1.415878161787986755e-02 -2.695811539888381958e-02 9.981748461723327637e-01
-1.862677559256553650e-02 -2.932726219296455383e-02 9.526682496070861816e-01
-1.700371131300926208e-02 -2.962628006935119629e-02 9.051149487495422363e-01
-1.831298694014549255e-02 -2.895496785640716553e-02 8.472633361816406250e-01
-1.770296320319175720e-02 -2.944878488779067993e-02 8.383395075798034668e-01
-2.004865929484367371e-02 -3.122783452272415161e-02 8.894290924072265625e-01
-2.157793566584587097e-02 -3.075219318270683289e-02 8.192062973976135254e-01
-2.240742370486259460e-02 -2.995048835873603821e-02 7.369323968887329102e-01
-2.348627522587776184e-02 -2.965394407510757446e-02 7.043479681015014648e-01
-2.282499894499778748e-02 -3.076910227537155151e-02 7.809830307960510254e-01
2.887658774852752686e-04 -1.964686065912246704e-02 8.264426589012145996e-01
-1.082401722669601440e-03 -1.297130528837442398e-02 8.710939288139343262e-01
-3.654740750789642334e-03 -1.469796244055032730e-02 8.896567225456237793e-01
-5.345381796360015869e-04 -1.105720642954111099e-02 9.643924832344055176e-01
-1.553208753466606140e-02 -2.060808986425399780e-02 9.290305972099304199e-01
-2.041542157530784607e-02 -2.085428684949874878e-02 9.468675255775451660e-01
-2.753311023116111755e-02 -2.468055486679077148e-02 9.018104672431945801e-01
-3.117638453841209412e-02 -2.811212837696075439e-02 9.053556323051452637e-01
-3.098465129733085632e-02 -2.983035892248153687e-02 8.762388825416564941e-01
-3.154769167304039001e-02 -3.227508068084716797e-02 9.151956439018249512e-01
-3.173978254199028015e-02 -3.398892283439636230e-02 9.341790080070495605e-01
-3.119209036231040955e-02 -3.407736122608184814e-02 9.099251627922058105e-01
-3.022983297705650330e-02 -3.296982496976852417e-02 8.446196913719177246e-01
-2.840277180075645447e-02 -3.272876888513565063e-02 8.036921620368957520e-01
-2.567401155829429626e-02 -3.366062790155410767e-02 8.520156145095825195e-01
-2.608458325266838074e-02 -3.554376959800720215e-02 9.000585675239562988e-01
2.897668629884719849e-03 -1.864116638898849487e-02 8.221485018730163574e-01
3.851365298032760620e-03 -1.193647179752588272e-02 8.479500412940979004e-01
2.783000469207763672e-03 -1.244104001671075821e-02 7.980778813362121582e-01
4.935439676046371460e-03 -9.048738516867160797e-03 7.802029252052307129e-01
-2.510089427232742310e-03 -1.556069869548082352e-02 7.116115093231201172e-01
-7.758412510156631470e-03 -9.120230562984943390e-03 6.986069083213806152e-01
-8.628662675619125366e-03 -1.336391363292932510e-02 6.527941823005676270e-01
-1.279715076088905334e-02 -1.550280023366212845e-02 6.784896254539489746e-01
-1.489381119608879089e-02 -1.815008372068405151e-02 7.508885264396667480e-01
-1.740886643528938293e-02 -2.039598673582077026e-02 7.789812088012695312e-01
-1.940160617232322693e-02 -2.188431099057197571e-02 7.784425616264343262e-01
-1.982597634196281433e-02 -2.207427471876144409e-02 7.520070672035217285e-01
-2.074950560927391052e-02 -2.202836051583290100e-02 7.211073040962219238e-01
-2.272531017661094666e-02 -2.256290614604949951e-02 7.171648740768432617e-01
-2.528228238224983215e-02 -2.211252599954605103e-02 6.594765186309814453e-01
-2.767004445195198059e-02 -2.221931517124176025e-02 5.824166536331176758e-01
-4.096906632184982300e-03 -1.365691144019365311e-02 5.317220687866210938e-01
-3.948990255594253540e-03 -1.167994830757379532e-02 5.811583399772644043e-01
-7.267452776432037354e-03 -7.909377105534076691e-03 7.446153759956359863e-01
1.634418964385986328e-03 8.541485294699668884e-04 8.510586619377136230e-01
-1.339443027973175049e-03 -1.305425632745027542e-02 8.848355412483215332e-01
-3.083562478423118591e-03 -1.291201729327440262e-02 8.990781307220458984e-01
-1.805265620350837708e-02 -1.384093705564737320e-02 9.158959984779357910e-01
-2.244921401143074036e-02 -1.933750510215759277e-02 9.146835207939147949e-01
-2.704617008566856384e-02 -2.284448221325874329e-02 8.941459059715270996e-01
-3.131597861647605896e-02 -2.494093030691146851e-02 8.380231857299804688e-01
-3.337838873267173767e-02 -2.712388336658477783e-02 8.277208209037780762e-01
-3.319251164793968201e-02 -2.948281168937683105e-02 8.580598235130310059e-01
-3.214065358042716980e-02 -3.025214374065399170e-02 8.318973183631896973e-01
-3.165681287646293640e-02 -3.049391508102416992e-02 8.422821760177612305e-01
-3.391261026263237000e-02 -3.123410791158676147e-02 8.359770774841308594e-01
-3.361430391669273376e-02 -3.196367621421813965e-02 8.610990047454833984e-01
-3.593128174543380737e-03 -1.919960230588912964e-02 7.734207510948181152e-01
-4.306994378566741943e-04 -1.283151004463434219e-02 8.021279573440551758e-01
5.052126944065093994e-04 -1.095437351614236832e-02 8.505141139030456543e-01
2.639956772327423096e-03 -5.567447282373905182e-03 9.155234694480895996e-01
1.707289367914199829e-03 -1.066366303712129593e-02 9.169595837593078613e-01
-1.189652457833290100e-02 -2.050167694687843323e-02 1.020630121231079102e+00
-1.185509189963340759e-02 -2.480851858854293823e-02 1.039681434631347656e+00
-1.826992258429527283e-02 -2.944283559918403625e-02 1.039648413658142090e+00
-2.312232181429862976e-02 -3.342109918594360352e-02 1.033193111419677734e+00
-2.909855172038078308e-02 -3.765163570642471313e-02 1.065906763076782227e+00
-3.224745020270347595e-02 -4.095990210771560669e-02 1.094424724578857422e+00
-3.497944399714469910e-02 -4.348485916852951050e-02 1.130844593048095703e+00
-3.691574558615684509e-02 -4.516004770994186401e-02 1.151367783546447754e+00
-3.833070024847984314e-02 -4.592178016901016235e-02 1.141782999038696289e+00
-3.898495063185691833e-02 -4.636493325233459473e-02 1.120930075645446777e+00
-4.052385315299034119e-02 -4.736033082008361816e-02 1.141775846481323242e+00
-4.403181374073028564e-04 -2.382831275463104248e-02 1.027079820632934570e+00
3.718703985214233398e-03 -1.362200919538736343e-02 1.084577918052673340e+00
-1.353353261947631836e-03 -1.678811013698577881e-02 1.043984532356262207e+00
-9.985782206058502197e-03 -1.604644581675529480e-02 1.004680752754211426e+00
-1.505340263247489929e-02 -2.359882369637489319e-02 1.078170776367187500e+00
-1.878407225012779236e-02 -2.886297553777694702e-02 1.131307125091552734e+00
-2.937595173716545105e-02 -3.759008273482322693e-02 1.182114124298095703e+00
-3.636401519179344177e-02 -4.305341094732284546e-02 1.185820102691650391e+00
-3.905920311808586121e-02 -4.590769112110137939e-02 1.153533577919006348e+00
-3.892293199896812439e-02 -4.776106029748916626e-02 1.158553838729858398e+00
-3.769735619425773621e-02 -4.846017062664031982e-02 1.150932073593139648e+00
-3.651658818125724792e-02 -4.828057438135147095e-02 1.149347782135009766e+00
-3.638961538672447205e-02 -4.830470681190490723e-02 1.182359933853149414e+00
-3.526086732745170593e-02 -4.741866886615753174e-02 1.150232911109924316e+00
-3.345168754458427429e-02 -4.633943736553192139e-02 1.096505403518676758e+00
-3.156174346804618835e-02 -4.535678774118423462e-02 1.070469021797180176e+00
3.176730126142501831e-03 -1.967945694923400879e-02 9.635633826255798340e-01
5.910616368055343628e-03 -9.561643935739994049e-03 9.884697794914245605e-01
-1.577664166688919067e-03 -1.761143654584884644e-02 1.003551006317138672e+00
-1.011064648628234863e-02 -1.395260263234376907e-02 1.028384923934936523e+00
-1.027667149901390076e-02 -2.115052193403244019e-02 1.019618988037109375e+00
-9.315948933362960815e-03 -2.368544414639472961e-02 1.084637522697448730e+00
-1.767718419432640076e-02 -3.001946210861206055e-02 1.101602911949157715e+00
-2.455140277743339539e-02 -3.493338823318481445e-02 1.104917168617248535e+00
-2.731893584132194519e-02 -3.778516128659248352e-02 1.106704473495483398e+00
-2.914616093039512634e-02 -3.963082656264305115e-02 1.091548800468444824e+00
-2.972641214728355408e-02 -4.062356799840927124e-02 1.065175414085388184e+00
-2.746885642409324646e-02 -4.041200131177902222e-02 1.014427304267883301e+00
-2.345427498221397400e-02 -3.975844383239746094e-02 9.510166049003601074e-01
-2.220047637820243835e-02 -3.927250951528549194e-02 9.647527337074279785e-01
-2.054567262530326843e-02 -3.929344937205314636e-02 9.792705178260803223e-01
-2.075637504458427429e-02 -3.958104550838470459e-02 9.675512909889221191e-01
5.817461758852005005e-03 -2.019876986742019653e-02 9.112082123756408691e-01
1.160604879260063171e-02 -1.309651229530572891e-02 9.726199507713317871e-01
9.056229144334793091e-03 -1.613898575305938721e-02 1.008675694465637207e+00
2.535793930292129517e-03 -7.973724044859409332e-03 1.041141152381896973e+00
-5.267500877380371094e-03 -1.767308264970779419e-02 1.019833445549011230e+00
-2.953927963972091675e-03 -2.179067581892013550e-02 1.069615721702575684e+00
-1.156352087855339050e-02 -2.932310849428176880e-02 1.127189874649047852e+00
-2.052145823836326599e-02 -3.597929328680038452e-02 1.164326667785644531e+00
-2.745376154780387878e-02 -4.045059531927108765e-02 1.194670319557189941e+00
-3.083379194140434265e-02 -4.346729069948196411e-02 1.211441993713378906e+00
-3.325414285063743591e-02 -4.535531997680664062e-02 1.215917229652404785e+00
-3.397634252905845642e-02 -4.609568417072296143e-02 1.196575164794921875e+00
-3.404676541686058044e-02 -4.606361314654350281e-02 1.165323853492736816e+00
-3.529999777674674988e-02 -4.617499932646751404e-02 1.156563997268676758e+00
-3.573777899146080017e-02 -4.602518677711486816e-02 1.134966969490051270e+00
-3.520135208964347839e-02 -4.591800272464752197e-02 1.130216002464294434e+00
2.763513475656509399e-03 -2.201317250728607178e-02 1.033528804779052734e+00
6.509028375148773193e-03 -1.190883014351129532e-02 1.098041176795959473e+00
-6.132427603006362915e-03 -2.597003430128097534e-02 1.056127071380615234e+00
-1.191167160868644714e-02 -1.720287650823593140e-02 9.876573681831359863e-01
-1.315436139702796936e-02 -2.359974756836891174e-02 9.995468258857727051e-01
-1.051628217101097107e-02 -2.214286848902702332e-02 1.056295633316040039e+00
-1.886106655001640320e-02 -2.870981767773628235e-02 1.070214271545410156e+00
-2.457570657134056091e-02 -3.313168138265609741e-02 1.072237133979797363e+00
-2.686817571520805359e-02 -3.541546314954757690e-02 1.054054141044616699e+00
-2.742136642336845398e-02 -3.691419214010238647e-02 1.030331850051879883e+00
-2.688158676028251648e-02 -3.757921606302261353e-02 1.003132939338684082e+00
-2.750563248991966248e-02 -3.814100846648216248e-02 9.989858269691467285e-01
-2.965259179472923279e-02 -3.886378556489944458e-02 9.983670115470886230e-01
-3.144506737589836121e-02 -3.999489545822143555e-02 1.032333731651306152e+00
-3.260881826281547546e-02 -4.102250188589096069e-02 1.037999987602233887e+00
-3.363974019885063171e-02 -4.237475991249084473e-02 1.086889505386352539e+00
-1.166660338640213013e-03 -2.204252779483795166e-02 1.040870189666748047e+00
1.123066991567611694e-03 -1.164443138986825943e-02 1.067297220230102539e+00
-5.767505615949630737e-03 -2.006592229008674622e-02 1.003019452095031738e+00
-8.599799126386642456e-03 -1.664614304900169373e-02 9.512005448341369629e-01
-8.462313562631607056e-03 -2.010462433099746704e-02 9.653545022010803223e-01
-8.956324309110641479e-03 -2.301086485385894775e-02 1.035338521003723145e+00
-1.686833426356315613e-02 -2.963460981845855713e-02 1.094255208969116211e+00
-2.337286993861198425e-02 -3.454832732677459717e-02 1.095827937126159668e+00
-2.777577564120292664e-02 -3.715097159147262573e-02 1.082365870475769043e+00
-3.034597262740135193e-02 -3.856629133224487305e-02 1.067582964897155762e+00
-3.134692832827568054e-02 -3.894880414009094238e-02 1.009940385818481445e+00
-3.251906856894493103e-02 -3.965841233730316162e-02 9.802325367927551270e-01
-3.291979059576988220e-02 -4.097989946603775024e-02 1.032644391059875488e+00
-3.320133313536643982e-02 -4.219335317611694336e-02 1.078837513923645020e+00
-3.396333381533622742e-02 -4.342114925384521484e-02 1.124225020408630371e+00
-3.483545407652854919e-02 -4.471625387668609619e-02 1.162769675254821777e+00
3.320891410112380981e-03 -2.213577926158905029e-02 1.082818865776062012e+00
8.407425135374069214e-03 -1.178815308958292007e-02 1.153744578361511230e+00
4.421189427375793457e-03 -1.425065193325281143e-02 1.097298264503479004e+00
-1.419153437018394470e-02 -2.278479933738708496e-02 1.004069209098815918e+00
-1.080033555626869202e-02 -2.125911414623260498e-02 1.031146645545959473e+00
-1.332687959074974060e-02 -2.717133611440658569e-02 1.097223162651062012e+00
-2.102508768439292908e-02 -3.541794791817665100e-02 1.138369321823120117e+00
-2.738047763705253601e-02 -4.126609489321708679e-02 1.169444680213928223e+00
-3.090771660208702087e-02 -4.350645467638969421e-02 1.153047323226928711e+00
-3.172178193926811218e-02 -4.405435919761657715e-02 1.120037317276000977e+00
-3.077882155776023865e-02 -4.385001957416534424e-02 1.067616820335388184e+00
-3.220271691679954529e-02 -4.519297182559967041e-02 1.114945054054260254e+00
-3.366946801543235779e-02 -4.624278098344802856e-02 1.136646628379821777e+00
-3.513460978865623474e-02 -4.722370952367782593e-02 1.151701927185058594e+00
-3.639524802565574646e-02 -4.858265072107315063e-02 1.173784613609313965e+00
-3.729255124926567078e-02 -4.896416515111923218e-02 1.146748661994934082e+00
2.671126276254653931e-03 -2.253869175910949707e-02 1.049614429473876953e+00
5.481254309415817261e-03 -1.247080508619546890e-02 1.068740963935852051e+00
-1.780696213245391846e-03 -2.216921746730804443e-02 9.968767762184143066e-01
-6.579026579856872559e-03 -2.217803522944450378e-02 9.250608086585998535e-01
-8.800406008958816528e-03 -2.316908165812492371e-02 9.292178750038146973e-01
-1.259389147162437439e-02 -2.913739904761314392e-02 1.011527419090270996e+00
-2.065190300345420837e-02 -3.685033693909645081e-02 1.083538889884948730e+00
-2.646778151392936707e-02 -4.278745129704475403e-02 1.124312162399291992e+00
-3.197943791747093201e-02 -4.725620895624160767e-02 1.180495500564575195e+00
-3.611737117171287537e-02 -4.949476569890975952e-02 1.208059430122375488e+00
-3.926550969481468201e-02 -4.889677464962005615e-02 1.117720723152160645e+00
-3.979625925421714783e-02 -4.811914265155792236e-02 1.045549511909484863e+00
-4.009866341948509216e-02 -4.797521233558654785e-02 1.033516287803649902e+00
-4.068196937441825867e-02 -4.754351824522018433e-02 1.014850139617919922e+00
-3.998709842562675476e-02 -4.656621068716049194e-02 9.551970362663269043e-01
-3.868211433291435242e-02 -4.615698009729385376e-02 9.634175896644592285e-01
-5.930159240961074829e-03 -2.371884882450103760e-02 9.351990818977355957e-01
-2.216722816228866577e-03 -1.245074812322854996e-02 9.837567210197448730e-01
-1.711081713438034058e-03 -1.186142209917306900e-02 9.414055943489074707e-01
-1.075845211744308472e-03 -1.553827244788408279e-02 8.262067437171936035e-01
-7.130410522222518921e-03 -2.253740280866622925e-02 8.294258713722229004e-01
-1.242022961378097534e-03 -2.354911714792251587e-02 8.365329504013061523e-01
-2.733182162046432495e-03 -2.641103416681289673e-02 8.551190495491027832e-01
-6.973203271627426147e-03 -3.032769635319709778e-02 9.208397269248962402e-01
-8.445527404546737671e-03 -3.379403427243232727e-02 1.006275534629821777e+00
-1.138069853186607361e-02 -3.629035130143165588e-02 1.069090843200683594e+00
-1.377734169363975525e-02 -3.915783017873764038e-02 1.129783391952514648e+00
-1.786303147673606873e-02 -4.114857688546180725e-02 1.159128427505493164e+00
-2.014615759253501892e-02 -4.287543520331382751e-02 1.174101352691650391e+00
-2.369889244437217712e-02 -4.534017294645309448e-02 1.229716420173645020e+00
-2.514065429568290710e-02 -4.600451886653900146e-02 1.172010779380798340e+00
-2.546293660998344421e-02 -4.581160098314285278e-02 1.111739277839660645e+00
1.466777175664901733e-03 -2.162847667932510376e-02 1.018421649932861328e+00
5.233999341726303101e-03 -1.109834853559732437e-02 1.088741898536682129e+00
3.154613077640533447e-04 -1.534446422010660172e-02 1.087702035903930664e+00
-8.917957544326782227e-03 -2.072785049676895142e-02 1.036734461784362793e+00
-1.020144298672676086e-02 -2.374897897243499756e-02 1.055948376655578613e+00
-1.398394629359245300e-02 -2.998870983719825745e-02 1.136345624923706055e+00
-2.419733628630638123e-02 -3.735713288187980652e-02 1.141670465469360352e+00
-3.025684878230094910e-02 -4.068626090884208679e-02 1.103813886642456055e+00
-3.481548652052879333e-02 -4.283643886446952820e-02 1.122665524482727051e+00
-3.744187578558921814e-02 -4.447402060031890869e-02 1.133130669593811035e+00
-3.922931477427482605e-02 -4.559877514839172363e-02 1.128748297691345215e+00
-3.987007960677146912e-02 -4.602144658565521240e-02 1.126937031745910645e+00
-4.082804545760154724e-02 -4.592642933130264282e-02 1.116533875465393066e+00
-3.950208052992820740e-02 -4.517222940921783447e-02 1.073991417884826660e+00
-3.704607114195823669e-02 -4.405902326107025146e-02 1.041518688201904297e+00
-3.745427355170249939e-02 -4.310714453458786011e-02 1.019204139709472656e+00
-4.062678664922714233e-03 -2.089254558086395264e-02 8.561894297599792480e-01
-6.288450211286544800e-03 -1.120865438133478165e-02 8.843204379081726074e-01
-5.872890353202819824e-03 -8.512766100466251373e-03 9.039619565010070801e-01
-1.024880632758140564e-02 -1.486319769173860550e-02 8.907404541969299316e-01
-8.376892656087875366e-03 -1.646445691585540771e-02 8.729797601699829102e-01
-1.465368643403053284e-02 -2.122319862246513367e-02 9.211996197700500488e-01
-1.515357568860054016e-02 -2.317805215716362000e-02 8.991805315017700195e-01
-1.835293695330619812e-02 -2.527858316898345947e-02 8.883736729621887207e-01
-2.112891897559165955e-02 -2.696080878376960754e-02 8.857328295707702637e-01
-2.060709521174430847e-02 -2.771472930908203125e-02 8.553370833396911621e-01
-2.052892372012138367e-02 -2.885551005601882935e-02 8.749553561210632324e-01
-1.928206905722618103e-02 -3.050892055034637451e-02 9.076508879661560059e-01
-2.124689146876335144e-02 -3.207889199256896973e-02 9.274563193321228027e-01
-2.192839607596397400e-02 -3.345862776041030884e-02 9.751561284065246582e-01
-2.256163582205772400e-02 -3.475064039230346680e-02 9.859762787818908691e-01
-2.407170459628105164e-02 -3.629066795110702515e-02 9.985840916633605957e-01
6.331317126750946045e-04 -2.157463878393173218e-02 9.034724235534667969e-01
3.385655581951141357e-04 -1.202678028494119644e-02 9.579206109046936035e-01
3.737285733222961426e-04 -1.462321821600198746e-02 9.456028342247009277e-01
-2.106066793203353882e-03 -1.305433455854654312e-02 9.395579695701599121e-01
-1.209164783358573914e-02 -2.093454822897911072e-02 9.270837903022766113e-01
-1.444245502352714539e-02 -2.132650092244148254e-02 9.758697152137756348e-01
-1.795407757163047791e-02 -2.573764696717262268e-02 9.871612191200256348e-01
-2.215514704585075378e-02 -2.945451810956001282e-02 1.003672480583190918e+00
-2.454858645796775818e-02 -3.247936442494392395e-02 1.021699905395507812e+00
-2.816971763968467712e-02 -3.512291610240936279e-02 1.035945892333984375e+00
-3.150704130530357361e-02 -3.839524835348129272e-02 1.068432807922363281e+00
-3.142356500029563904e-02 -4.005249589681625366e-02 1.048210978507995605e+00
-2.959838137030601501e-02 -3.947558254003524780e-02 9.862884879112243652e-01
-2.953645214438438416e-02 -3.926264494657516479e-02 9.927209019660949707e-01
-2.835642918944358826e-02 -3.891655057668685913e-02 9.745660424232482910e-01
-2.910165116190910339e-02 -3.896523267030715942e-02 9.958513379096984863e-01
3.013189882040023804e-03 -2.225448191165924072e-02 9.261462092399597168e-01
1.523520797491073608e-03 -1.306688878685235977e-02 1.025480389595031738e+00
-6.411321461200714111e-03 -2.476001530885696411e-02 1.044924139976501465e+00
-1.524068042635917664e-02 -1.613740250468254089e-02 1.011828899383544922e+00
-1.618391647934913635e-02 -2.157106250524520874e-02 1.024437308311462402e+00
-1.366121694445610046e-02 -2.456549182534217834e-02 1.108794808387756348e+00
-2.523700520396232605e-02 -3.280974924564361572e-02 1.143261313438415527e+00
-3.115379437804222107e-02 -3.905315697193145752e-02 1.155098319053649902e+00
-3.299615904688835144e-02 -4.199419170618057251e-02 1.150750398635864258e+00
-3.594849631190299988e-02 -4.317567497491836548e-02 1.151847243309020996e+00
-3.697073087096214294e-02 -4.324521124362945557e-02 1.091702461242675781e+00
-3.533736988902091980e-02 -4.395955055952072144e-02 1.049824595451354980e+00
-3.265452012419700623e-02 -4.458200931549072266e-02 1.026224732398986816e+00
-3.439496085047721863e-02 -4.460164159536361694e-02 1.061620593070983887e+00
-3.426687046885490417e-02 -4.400615394115447998e-02 1.048663496971130371e+00
-3.338248655200004578e-02 -4.395683854818344116e-02 1.050075411796569824e+00
1.321248710155487061e-04 -2.206750959157943726e-02 1.024367451667785645e+00
5.025468766689300537e-03 -1.136016938835382462e-02 1.080291032791137695e+00
-2.572920173406600952e-03 -2.027943730354309082e-02 1.022665500640869141e+00
-1.217860728502273560e-02 -2.120409160852432251e-02 9.550336003303527832e-01
-1.125137135386466980e-02 -2.325110882520675659e-02 9.276297688484191895e-01
-1.425835117697715759e-02 -2.737018465995788574e-02 9.587207436561584473e-01
-2.023060247302055359e-02 -3.286714851856231689e-02 9.686997532844543457e-01
-2.153901383280754089e-02 -3.546571731567382812e-02 9.415999054908752441e-01
-2.307904884219169617e-02 -3.724826872348785400e-02 9.442397952079772949e-01
-2.115818485617637634e-02 -3.698020428419113159e-02 9.104326963424682617e-01
-2.345120534300804138e-02 -3.856017068028450012e-02 9.657688736915588379e-01
-2.203511819243431091e-02 -3.843318298459053040e-02 9.556542038917541504e-01
-2.402351424098014832e-02 -3.874269872903823853e-02 9.557211995124816895e-01
-2.563444897532463074e-02 -3.889650478959083557e-02 9.019045829772949219e-01
-2.585877105593681335e-02 -3.807221353054046631e-02 8.565263748168945312e-01
-2.418008074164390564e-02 -3.739107400178909302e-02 8.502940535545349121e-01
3.274288028478622437e-03 -2.063919603824615479e-02 8.522823452949523926e-01
3.658641129732131958e-03 -1.487027946859598160e-02 9.827161431312561035e-01
1.514974981546401978e-03 -1.521771494299173355e-02 1.004745483398437500e+00
-9.862445294857025146e-04 -1.931891217827796936e-02 9.080983996391296387e-01
-1.167629286646842957e-02 -2.034984156489372253e-02 9.179198145866394043e-01
-1.218869909644126892e-02 -2.729782834649085999e-02 9.964839816093444824e-01
-1.467206701636314392e-02 -3.160567209124565125e-02 1.031777262687683105e+00
-1.913909241557121277e-02 -3.639903664588928223e-02 1.085554957389831543e+00
-2.305225655436515808e-02 -3.981753438711166382e-02 1.108936667442321777e+00
-2.504869922995567322e-02 -4.118614643812179565e-02 1.092883229255676270e+00
-2.447141334414482117e-02 -4.116945713758468628e-02 1.025344848632812500e+00
-2.468965575098991394e-02 -4.084919020533561707e-02 9.619664549827575684e-01
-2.491278573870658875e-02 -4.111105948686599731e-02 9.599677920341491699e-01
-2.512363716959953308e-02 -4.087322205305099487e-02 9.203490614891052246e-01
-2.281230315566062927e-02 -3.905781358480453491e-02 8.402245044708251953e-01
-2.302959188818931580e-02 -3.940423205494880676e-02 8.875421285629272461e-01
4.428263753652572632e-03 -2.107280492782592773e-02 8.841486573219299316e-01
6.483931094408035278e-03 -1.350815687328577042e-02 9.482721686363220215e-01
8.404074236750602722e-03 -1.071003917604684830e-02 9.927056431770324707e-01
4.805441945791244507e-03 -2.618939615786075592e-03 9.508547186851501465e-01
-5.887299776077270508e-03 -1.575819402933120728e-02 9.329820275306701660e-01
-9.364064782857894897e-03 -2.457068115472793579e-02 1.000590205192565918e+00
-1.239983364939689636e-02 -2.782366052269935608e-02 1.045870900154113770e+00
-1.815156266093254089e-02 -3.128276765346527100e-02 1.008724331855773926e+00
-1.773742958903312683e-02 -3.197918832302093506e-02 9.291408658027648926e-01
-1.680275425314903259e-02 -3.141549602150917053e-02 8.399819731712341309e-01
-1.587240025401115417e-02 -3.185328468680381775e-02 8.254795670509338379e-01
-1.663139089941978455e-02 -3.347335010766983032e-02 9.078900814056396484e-01
-1.798989996314048767e-02 -3.522023558616638184e-02 9.766605496406555176e-01
-2.021528407931327820e-02 -3.691345453262329102e-02 1.009644150733947754e+00
-2.169964835047721863e-02 -3.803183138370513916e-02 1.027832269668579102e+00
-2.170724794268608093e-02 -3.844290226697921753e-02 1.024045348167419434e+00
2.300851047039031982e-04 -2.079307287931442261e-02 9.047037363052368164e-01
3.241542726755142212e-03 -1.143367681652307510e-02 9.684804081916809082e-01
1.627951860427856445e-03 -1.097107026726007462e-02 1.009456872940063477e+00
-3.836337476968765259e-03 -6.139525212347507477e-03 9.740840792655944824e-01
-6.987001746892929077e-03 -1.660668849945068359e-02 9.200269579887390137e-01
-7.310803979635238647e-03 -2.214339748024940491e-02 9.769375920295715332e-01
-1.079789921641349792e-02 -2.678450569510459900e-02 1.013676404953002930e+00
-1.489621028304100037e-02 -2.926738187670707703e-02 9.261982440948486328e-01
-1.735803112387657166e-02 -3.097386658191680908e-02 9.440096020698547363e-01
-1.868006214499473572e-02 -3.189349547028541565e-02 9.484584927558898926e-01
-1.866818591952323914e-02 -3.165340423583984375e-02 9.052274227142333984e-01
-1.704415306448936462e-02 -2.963898330926895142e-02 7.979180812835693359e-01
-1.874944195151329041e-02 -3.140248358249664307e-02 9.111601114273071289e-01
-2.131512388586997986e-02 -3.312158212065696716e-02 9.576883912086486816e-01
-2.255317196249961853e-02 -3.370909392833709717e-02 9.287045598030090332e-01
-2.304799482226371765e-02 -3.394833952188491821e-02 9.272086024284362793e-01
1.060966402292251587e-03 -1.962873339653015137e-02 8.335092067718505859e-01
5.609020590782165527e-04 -1.174494717270135880e-02 9.337332844734191895e-01
2.370070666074752808e-03 -1.062048319727182388e-02 9.661927819252014160e-01
4.052706062793731689e-04 -1.617993041872978210e-02 9.571886658668518066e-01
-9.556148201227188110e-03 -1.500899437814950943e-02 9.083377122879028320e-01
-1.157103106379508972e-02 -2.296512946486473083e-02 9.709292054176330566e-01
-1.789477095007896423e-02 -2.758000791072845459e-02 9.423924088478088379e-01
-2.233320102095603943e-02 -3.132886439561843872e-02 9.213297963142395020e-01
-2.503460273146629333e-02 -3.481808304786682129e-02 9.747982621192932129e-01
-2.623150870203971863e-02 -3.730230033397674561e-02 9.961315989494323730e-01
-2.608692273497581482e-02 -3.909128159284591675e-02 1.007240653038024902e+00
-2.595360204577445984e-02 -4.048559814691543579e-02 1.013037323951721191e+00
-2.529114112257957458e-02 -3.976323455572128296e-02 9.357755780220031738e-01
-2.651692554354667664e-02 -3.986740112304687500e-02 9.272348284721374512e-01
-2.741388604044914246e-02 -4.103250056505203247e-02 9.440166354179382324e-01
-2.634258195757865906e-02 -4.139662533998489380e-02 9.415057301521301270e-01
-6.727389991283416748e-04 -2.075192332267761230e-02 8.591663837432861328e-01
-2.306248992681503296e-03 -1.253019366413354874e-02 8.461443781852722168e-01
-1.793622970581054688e-03 -8.977138437330722809e-03 8.182339072227478027e-01
-2.135571092367172241e-03 -6.426167674362659454e-03 8.139075636863708496e-01
-3.346156328916549683e-03 -1.448556687682867050e-02 7.918854951858520508e-01
1.661848276853561401e-03 -1.371713448315858841e-02 7.759024500846862793e-01
-1.152653247117996216e-03 -2.379792556166648865e-02 8.698070645332336426e-01
1.703221350908279419e-03 -2.462425082921981812e-02 8.424499630928039551e-01
1.803863793611526489e-03 -2.534309029579162598e-02 7.967895865440368652e-01
-2.820305526256561279e-04 -2.742517739534378052e-02 8.472724556922912598e-01
-6.843321025371551514e-04 -2.803651988506317139e-02 8.503925204277038574e-01
-8.774362504482269287e-04 -2.781087160110473633e-02 8.223063349723815918e-01
-9.839646518230438232e-04 -2.803585678339004517e-02 8.211537003517150879e-01
-1.352217048406600952e-03 -2.845576778054237366e-02 8.403660655021667480e-01
-1.946803182363510132e-03 -2.925746887922286987e-02 8.761658072471618652e-01
-2.836909145116806030e-03 -3.060839697718620300e-02 9.249567389488220215e-01
8.086685091257095337e-03 -1.890064775943756104e-02 9.756026864051818848e-01
8.551947772502899170e-03 -1.070112828165292740e-02 1.045455932617187500e+00
2.687681466341018677e-03 -1.255957875400781631e-02 9.754351973533630371e-01
1.230549067258834839e-03 -1.414960343390703201e-02 8.773728609085083008e-01
-5.213361233472824097e-03 -1.898351311683654785e-02 8.661103248596191406e-01
-3.922741860151290894e-03 -2.432888373732566833e-02 8.795939683914184570e-01
-4.505272954702377319e-03 -2.753540873527526855e-02 9.118106365203857422e-01
-9.069766849279403687e-03 -3.054074943065643311e-02 9.265956282615661621e-01
-1.192988082766532898e-02 -3.191454336047172546e-02 9.015222191810607910e-01
-1.486114785075187683e-02 -3.313412144780158997e-02 9.018344283103942871e-01
-1.596930250525474548e-02 -3.472119942307472229e-02 9.287849068641662598e-01
-1.730949804186820984e-02 -3.659474849700927734e-02 9.687456488609313965e-01
-1.874763891100883484e-02 -3.809119760990142822e-02 9.955342411994934082e-01
-1.763720437884330750e-02 -3.840368241071701050e-02 9.694146513938903809e-01
-1.353315636515617371e-02 -3.756202757358551025e-02 9.107880592346191406e-01
-1.024335250258445740e-02 -3.698403388261795044e-02 8.730928897857666016e-01
7.149640470743179321e-03 -1.782079041004180908e-02 8.287901282310485840e-01
5.224421620368957520e-03 -1.126355770975351334e-02 8.924708962440490723e-01
4.892200231552124023e-03 -7.550762034952640533e-03 8.968847393989562988e-01
4.306454211473464966e-03 -8.314424194395542145e-03 8.595692515373229980e-01
-4.593359306454658508e-03 -1.734483242034912109e-02 8.404664397239685059e-01
-7.255714386701583862e-03 -2.873072028160095215e-02 8.916031718254089355e-01
-5.642201751470565796e-03 -2.996952459216117859e-02 8.993537425994873047e-01
-6.729032844305038452e-03 -3.222771733999252319e-02 8.894644975662231445e-01
-5.061697214841842651e-03 -3.285136073827743530e-02 8.612918853759765625e-01
-9.000860154628753662e-04 -3.196999803185462952e-02 7.969128489494323730e-01
-1.843236386775970459e-04 -3.208009153604507446e-02 8.534511923789978027e-01
2.013418823480606079e-03 -3.136057779192924500e-02 8.441373705863952637e-01
1.022640615701675415e-03 -3.205780684947967529e-02 9.087604880332946777e-01
-2.465482801198959351e-03 -3.553466871380805969e-02 1.046954154968261719e+00
-6.617840379476547241e-03 -3.898404911160469055e-02 1.099905252456665039e+00
-7.415901869535446167e-03 -3.965221717953681946e-02 1.047462821006774902e+00
6.927330046892166138e-03 -1.989615708589553833e-02 9.631047844886779785e-01
7.857475429773330688e-03 -1.123661641031503677e-02 1.012156248092651367e+00
-6.996728479862213135e-04 -2.109112590551376343e-02 1.044786095619201660e+00
-3.323931246995925903e-03 -1.843014732003211975e-02 1.031205534934997559e+00
-7.143598049879074097e-03 -2.660810202360153198e-02 1.002794027328491211e+00
-1.045165583491325378e-02 -2.614912390708923340e-02 1.028820514678955078e+00
-1.861743256449699402e-02 -3.333796188235282898e-02 1.048237681388854980e+00
-2.297822758555412292e-02 -3.904341533780097961e-02 1.106102705001831055e+00
-2.993607148528099060e-02 -4.364254325628280640e-02 1.192725658416748047e+00
-3.377878293395042419e-02 -4.574770107865333557e-02 1.164245724678039551e+00
-3.472479805350303650e-02 -4.656656831502914429e-02 1.104117035865783691e+00
-3.857059404253959656e-02 -4.547049105167388916e-02 1.019564747810363770e+00
-3.912999853491783142e-02 -4.473263770341873169e-02 9.653282761573791504e-01
-3.991934284567832947e-02 -4.375852644443511963e-02 9.128510355949401855e-01
-3.687181696295738220e-02 -4.396557807922363281e-02 9.872782826423645020e-01
-3.480049595236778259e-02 -4.471196606755256653e-02 1.022211432456970215e+00
2.100292593240737915e-03 -2.214543521404266357e-02 9.664207100868225098e-01
3.229785710573196411e-03 -1.160200033336877823e-02 9.399906992912292480e-01
-6.404511630535125732e-03 -2.094847708940505981e-02 9.100434780120849609e-01
-1.579437032341957092e-02 -1.846571266651153564e-02 8.389723896980285645e-01
-1.636482402682304382e-02 -2.246242016553878784e-02 8.015059232711791992e-01
-1.388819143176078796e-02 -2.558986470103263855e-02 7.828118801116943359e-01
-1.803338900208473206e-02 -3.017570078372955322e-02 8.584964275360107422e-01
-2.225634083151817322e-02 -3.366279974579811096e-02 9.451385140419006348e-01
-2.575651928782463074e-02 -3.556637093424797058e-02 9.529164433479309082e-01
-2.450793609023094177e-02 -3.688516840338706970e-02 9.454298615455627441e-01
-2.175956591963768005e-02 -3.717056661844253540e-02 9.437275528907775879e-01
-1.774780079722404480e-02 -3.645643219351768494e-02 8.949711918830871582e-01
-1.337985321879386902e-02 -3.459044918417930603e-02 8.443934321403503418e-01
-1.001536473631858826e-02 -3.296719491481781006e-02 8.102408051490783691e-01
-9.186301380395889282e-03 -3.222107514739036560e-02 7.937129139900207520e-01
-8.576389402151107788e-03 -3.221774101257324219e-02 8.050820231437683105e-01
6.382737308740615845e-03 -1.848307251930236816e-02 8.319038748741149902e-01
5.472987890243530273e-03 -1.253552082926034927e-02 8.663090467453002930e-01
5.584176629781723022e-03 -1.471778843551874161e-02 8.554786443710327148e-01
1.739329472184181213e-02 -1.306017581373453140e-02 8.402753472328186035e-01
4.475187510251998901e-03 -1.863684505224227905e-02 7.304883599281311035e-01
7.814899086952209473e-03 -1.551791001111268997e-02 6.498285531997680664e-01
4.728991538286209106e-03 -1.991072669625282288e-02 6.634650826454162598e-01
1.030188053846359253e-03 -2.374772727489471436e-02 7.284253835678100586e-01
-2.127934247255325317e-03 -2.642580866813659668e-02 7.599969506263732910e-01
-4.198588430881500244e-04 -2.584020048379898071e-02 7.039704918861389160e-01
1.517053693532943726e-03 -2.465784549713134766e-02 6.787360310554504395e-01
3.285478800535202026e-03 -2.340240776538848877e-02 6.658492684364318848e-01
3.982286900281906128e-03 -2.245301753282546997e-02 6.638368368148803711e-01
-1.571174710988998413e-03 -2.337988466024398804e-02 6.994320750236511230e-01
-5.618896335363388062e-03 -2.425095438957214355e-02 7.030195593833923340e-01
-8.170228451490402222e-03 -2.509254217147827148e-02 7.093461155891418457e-01
5.303729325532913208e-03 -1.655494794249534607e-02 7.200345396995544434e-01
4.030112177133560181e-03 -9.145014919340610504e-03 7.242405414581298828e-01
6.863031536340713501e-03 -4.067541100084781647e-03 7.109769582748413086e-01
1.207824796438217163e-03 -1.217031944543123245e-02 7.139684557914733887e-01
1.078857481479644775e-02 -1.185418758541345596e-02 6.641108393669128418e-01
1.112251356244087219e-02 -2.380647696554660797e-03 5.951534509658813477e-01
5.870368331670761108e-03 -1.084239128977060318e-02 6.222927570343017578e-01
5.543109029531478882e-03 -1.364776585251092911e-02 6.205683350563049316e-01
9.348727762699127197e-04 -1.655976846814155579e-02 6.377984881401062012e-01
-2.569917589426040649e-03 -1.885387301445007324e-02 6.440712213516235352e-01
-6.188448518514633179e-03 -2.075428515672683716e-02 6.614947915077209473e-01
-9.310480207204818726e-03 -2.250691503286361694e-02 6.990705132484436035e-01
-1.080008223652839661e-02 -2.386668324470520020e-02 7.305135726928710938e-01
-1.073766872286796570e-02 -2.497199550271034241e-02 7.584626078605651855e-01
-1.148851588368415833e-02 -2.591174468398094177e-02 7.704927325248718262e-01
-1.461639627814292908e-02 -2.706226706504821777e-02 7.733890414237976074e-01
-4.051011055707931519e-03 -2.074389159679412842e-02 7.500612139701843262e-01
-8.917737752199172974e-03 -1.193611044436693192e-02 7.460818290710449219e-01
6.915330886840820312e-04 -6.903239525854587555e-03 7.384867072105407715e-01
4.218973219394683838e-03 -1.144112739711999893e-02 7.626652121543884277e-01
4.902210086584091187e-03 -1.180140767246484756e-02 7.175362706184387207e-01
-7.636185735464096069e-03 -1.607804000377655029e-02 7.748814225196838379e-01
-9.385403245687484741e-03 -1.890361309051513672e-02 7.988075017929077148e-01
-1.631662622094154358e-02 -2.278117835521697998e-02 8.040689229965209961e-01
-2.159262821078300476e-02 -2.571766078472137451e-02 8.179248571395874023e-01
-2.515054866671562195e-02 -2.689916267991065979e-02 7.970759272575378418e-01
-2.934340760111808777e-02 -2.852967008948326111e-02 7.750090956687927246e-01
-3.729894384741783142e-02 -3.181659430265426636e-02 7.589372992515563965e-01
-3.824512287974357605e-02 -3.411976248025894165e-02 8.281067013740539551e-01
-3.906187042593955994e-02 -3.560365736484527588e-02 9.133078455924987793e-01
-3.813489899039268494e-02 -3.715152293443679810e-02 9.667077660560607910e-01
-3.964268788695335388e-02 -3.888383507728576660e-02 9.272394776344299316e-01
-9.871166199445724487e-03 -2.199062705039978027e-02 8.148244619369506836e-01
-9.760674089193344116e-03 -1.455839816480875015e-02 8.500791788101196289e-01
-9.479913860559463501e-03 -1.758528873324394226e-02 8.608666658401489258e-01
-5.010176450014114380e-03 -7.100724615156650543e-03 8.514693379402160645e-01
-1.526547968387603760e-02 -2.240946888923645020e-02 7.522476911544799805e-01
-2.136046066880226135e-02 -1.691478118300437927e-02 8.185632824897766113e-01
-2.115243300795555115e-02 -1.914272457361221313e-02 8.309769034385681152e-01
-2.488649263978004456e-02 -2.378922700881958008e-02 8.628159165382385254e-01
-2.739530429244041443e-02 -2.659887075424194336e-02 8.675908446311950684e-01
-2.827043458819389343e-02 -2.844361215829849243e-02 8.549308776855468750e-01
-2.909656986594200134e-02 -3.102698922157287598e-02 9.040428996086120605e-01
-3.130168840289115906e-02 -3.354750201106071472e-02 9.493238329887390137e-01
-3.308660909533500671e-02 -3.534449636936187744e-02 9.662306904792785645e-01
-3.511836752295494080e-02 -3.695672005414962769e-02 9.950180649757385254e-01
-3.670191392302513123e-02 -3.816009312868118286e-02 1.012253046035766602e+00
-3.767846152186393738e-02 -3.951171040534973145e-02 1.037203073501586914e+00
-8.763708174228668213e-04 -2.433852106332778931e-02 1.019712805747985840e+00
-6.383694708347320557e-04 -1.383430603891611099e-02 1.079334259033203125e+00
-1.052870228886604309e-02 -2.929300814867019653e-02 1.079208254814147949e+00
-1.322272792458534241e-02 -2.001409232616424561e-02 9.863699078559875488e-01
-1.149857416749000549e-02 -2.531802281737327576e-02 1.004159569740295410e+00
-1.216576620936393738e-02 -2.882406488060951233e-02 1.077745079994201660e+00
-2.160212025046348572e-02 -3.713289275765419006e-02 1.116750597953796387e+00
-2.813477441668510437e-02 -4.229223728179931641e-02 1.110358476638793945e+00
-3.075483068823814392e-02 -4.454398527741432190e-02 1.092259764671325684e+00
-3.254551813006401062e-02 -4.532906040549278259e-02 1.060469150543212891e+00
-3.200557455420494080e-02 -4.542301222681999207e-02 1.004132151603698730e+00
-3.152103349566459656e-02 -4.575346037745475769e-02 1.014129042625427246e+00
-3.049915656447410583e-02 -4.560017958283424377e-02 1.019442081451416016e+00
-2.942649647593498230e-02 -4.538135603070259094e-02 1.024440169334411621e+00
-3.077292069792747498e-02 -4.579353705048561096e-02 1.075400233268737793e+00
-3.249710425734519958e-02 -4.632424190640449524e-02 1.083642959594726562e+00
2.770759165287017822e-04 -2.327602356672286987e-02 9.773207306861877441e-01
9.835250675678253174e-04 -1.370515022426843643e-02 1.012382864952087402e+00
-3.029048442840576172e-03 -1.959315687417984009e-02 9.963418841361999512e-01
-1.348341628909111023e-02 -2.171738445758819580e-02 9.447324872016906738e-01
-1.242227479815483093e-02 -2.677364274859428406e-02 9.484539628028869629e-01
-8.626621216535568237e-03 -2.780674770474433899e-02 9.697211384773254395e-01
-1.432089135050773621e-02 -3.228929266333580017e-02 9.486263394355773926e-01
-1.751631125807762146e-02 -3.445249423384666443e-02 9.368036389350891113e-01
-1.898489519953727722e-02 -3.629082441329956055e-02 9.691625237464904785e-01
-2.076032385230064392e-02 -3.799919784069061279e-02 9.892253279685974121e-01
-2.150928601622581482e-02 -3.872180730104446411e-02 9.886446595191955566e-01
-2.137225493788719177e-02 -3.797806054353713989e-02 9.197458624839782715e-01
-2.105444297194480896e-02 -3.707274794578552246e-02 8.962206244468688965e-01
-1.988899335265159607e-02 -3.532458096742630005e-02 8.493536114692687988e-01
-1.932386681437492371e-02 -3.422673791646957397e-02 8.038575053215026855e-01
-1.860463246703147888e-02 -3.306868672370910645e-02 7.497507929801940918e-01
-4.365798085927963257e-03 -1.764351874589920044e-02 7.217366695404052734e-01
-3.738265484571456909e-03 -1.112634781748056412e-02 7.324562072753906250e-01
-2.591270953416824341e-03 -9.172414429485797882e-03 7.365717291831970215e-01
6.110150367021560669e-03 -1.386777497828006744e-03 7.641215324401855469e-01
9.867604821920394897e-03 -9.158891625702381134e-03 7.169261574745178223e-01
5.774043500423431396e-03 -1.657073199748992920e-02 7.187826037406921387e-01
1.717049628496170044e-03 -2.183412760496139526e-02 7.619314789772033691e-01
4.740547388792037964e-03 -2.189272269606590271e-02 7.638008594512939453e-01
4.038620740175247192e-03 -2.314848825335502625e-02 7.618136405944824219e-01
2.867806702852249146e-03 -2.419786900281906128e-02 7.617204785346984863e-01
2.169478684663772583e-03 -2.422491088509559631e-02 7.242388725280761719e-01
5.595274269580841064e-04 -2.526203170418739319e-02 7.534059286117553711e-01
1.705486327409744263e-03 -2.580513432621955872e-02 7.692505717277526855e-01
1.891274005174636841e-03 -2.672710269689559937e-02 8.035172820091247559e-01
2.873737365007400513e-03 -2.721862122416496277e-02 8.151902556419372559e-01
1.638267189264297485e-03 -2.781465649604797363e-02 8.138708472251892090e-01
4.947301000356674194e-03 -1.587069779634475708e-02 7.682427167892456055e-01
6.177868694067001343e-03 -1.100367400795221329e-02 7.932661175727844238e-01
2.788607031106948853e-03 -1.000503543764352798e-02 8.193930983543395996e-01
1.028384640812873840e-02 -4.554753191769123077e-03 7.811903953552246094e-01
7.768917828798294067e-03 -1.688134297728538513e-02 7.981573939323425293e-01
9.824719280004501343e-03 -1.779443025588989258e-02 7.448526620864868164e-01
7.191482931375503540e-03 -2.434802800416946411e-02 7.472823262214660645e-01
7.265005260705947876e-03 -2.441248297691345215e-02 7.312472462654113770e-01
4.080761224031448364e-03 -2.640850096940994263e-02 7.559811472892761230e-01
1.388002187013626099e-03 -2.861055731773376465e-02 7.917580008506774902e-01
-1.794215291738510132e-03 -3.094217181205749512e-02 8.436335325241088867e-01
-2.984028309583663940e-03 -3.278345987200737000e-02 8.798702955245971680e-01
-4.572879523038864136e-03 -3.498936817049980164e-02 9.232067465782165527e-01
-5.861084908246994019e-03 -3.727164119482040405e-02 9.627593159675598145e-01
-8.352335542440414429e-03 -3.864616155624389648e-02 9.610139727592468262e-01
-1.031203195452690125e-02 -3.941449895501136780e-02 9.549339413642883301e-01
2.952683717012405396e-03 -1.965375989675521851e-02 9.592259526252746582e-01
4.695631563663482666e-03 -1.017664466053247452e-02 1.022071242332458496e+00
-7.767565548419952393e-04 -1.623920351266860962e-02 1.001765251159667969e+00
-9.503651410341262817e-03 -2.289066463708877563e-02 9.670973420143127441e-01
-7.793236523866653442e-03 -2.647260576486587524e-02 9.768038392066955566e-01
-8.273597806692123413e-03 -2.907987311482429504e-02 1.054897665977478027e+00
-1.658659800887107849e-02 -3.604035452008247375e-02 1.106054663658142090e+00
-2.330118045210838318e-02 -4.136588051915168762e-02 1.140305757522583008e+00
-2.712653204798698425e-02 -4.359451681375503540e-02 1.097439765930175781e+00
-3.075861558318138123e-02 -4.491317272186279297e-02 1.065669655799865723e+00
-3.235430642962455750e-02 -4.633500427007675171e-02 1.066928148269653320e+00
-3.250708803534507751e-02 -4.786097258329391479e-02 1.070569992065429688e+00
-3.194030746817588806e-02 -4.860097169876098633e-02 1.068554162979125977e+00
-3.308203443884849548e-02 -4.961396753787994385e-02 1.100214004516601562e+00
-3.420173749327659607e-02 -5.073423683643341064e-02 1.110849261283874512e+00
-3.569113835692405701e-02 -5.185806006193161011e-02 1.124119400978088379e+00
7.325597107410430908e-04 -2.129781246185302734e-02 1.020632266998291016e+00
5.353216081857681274e-03 -1.200109068304300308e-02 1.036713480949401855e+00
-4.201758652925491333e-03 -2.119128778576850891e-02 9.473360180854797363e-01
-6.071496754884719849e-03 -2.294197306036949158e-02 8.943123221397399902e-01
-6.512690335512161255e-03 -2.700829133391380310e-02 9.373933672904968262e-01
-6.367053836584091187e-03 -2.879950031638145447e-02 9.976044297218322754e-01
-1.421123370528221130e-02 -3.395770862698554993e-02 1.058614373207092285e+00
-1.885215565562248230e-02 -3.646121919155120850e-02 1.059432148933410645e+00
-2.211472019553184509e-02 -3.775468468666076660e-02 1.012681722640991211e+00
-2.346367761492729187e-02 -3.928070515394210815e-02 1.008902072906494141e+00
-2.457123622298240662e-02 -4.119320958852767944e-02 1.041369318962097168e+00
-2.328100427985191345e-02 -4.188912361860275269e-02 9.976311326026916504e-01
-2.481972798705101013e-02 -4.326356202363967896e-02 1.014950037002563477e+00
-2.671376988291740417e-02 -4.401179403066635132e-02 1.043802380561828613e+00
-2.648582682013511658e-02 -4.299715906381607056e-02 9.852357506752014160e-01
-2.300947532057762146e-02 -4.090491682291030884e-02 9.660261273384094238e-01
4.677806049585342407e-03 -1.980316638946533203e-02 9.110452532768249512e-01
9.734921157360076904e-03 -1.360188517719507217e-02 9.483900666236877441e-01
3.511071205139160156e-03 -1.528781000524759293e-02 1.029545307159423828e+00
-7.784884423017501831e-03 -1.636580377817153931e-02 1.086652040481567383e+00
-8.572559803724288940e-03 -2.448147907853126526e-02 9.989488720893859863e-01
-4.265878349542617798e-03 -2.501583471894264221e-02 9.632793068885803223e-01
-1.037487015128135681e-02 -2.967907488346099854e-02 9.929249882698059082e-01
-1.448563858866691589e-02 -3.455248847603797913e-02 1.081790924072265625e+00
-1.995376870036125183e-02 -3.940340131521224976e-02 1.141623735427856445e+00
-2.274074777960777283e-02 -4.208774119615554810e-02 1.113644003868103027e+00
-2.472863718867301941e-02 -4.429885745048522949e-02 1.140964865684509277e+00
-2.588086947798728943e-02 -4.481142014265060425e-02 1.101295232772827148e+00
-2.602481469511985779e-02 -4.522905498743057251e-02 1.069586634635925293e+00
-2.826800569891929626e-02 -4.692214727401733398e-02 1.124831557273864746e+00
-2.874651178717613220e-02 -4.879618436098098755e-02 1.133615732192993164e+00
-2.899084612727165222e-02 -5.037950724363327026e-02 1.083232998847961426e+00
3.847036510705947876e-03 -2.086675167083740234e-02 9.741907715797424316e-01
9.375203400850296021e-03 -1.204710546880960464e-02 1.018224358558654785e+00
1.956209540367126465e-03 -1.840909197926521301e-02 1.018095016479492188e+00
-4.468854516744613647e-03 -2.041894197463989258e-02 9.833365082740783691e-01
-7.773321121931076050e-03 -2.571590617299079895e-02 9.835074543952941895e-01
-7.566150277853012085e-03 -2.717128768563270569e-02 1.052778840065002441e+00
-1.351676508784294128e-02 -3.339684754610061646e-02 1.072776198387145996e+00
-1.904317364096641541e-02 -3.776825591921806335e-02 1.088632822036743164e+00
-2.149463817477226257e-02 -3.999309986829757690e-02 1.035451054573059082e+00
-2.411397919058799744e-02 -4.115243256092071533e-02 9.980755448341369629e-01
-2.641281113028526306e-02 -4.272390156984329224e-02 1.017998576164245605e+00
-2.682564780116081238e-02 -4.337945580482482910e-02 1.029523253440856934e+00
-2.823356911540031433e-02 -4.346818476915359497e-02 1.035993456840515137e+00
-2.865279838442802429e-02 -4.403109848499298096e-02 1.074165940284729004e+00
-2.954630181193351746e-02 -4.448995739221572876e-02 1.081068277359008789e+00
-3.070166334509849548e-02 -4.537224769592285156e-02 1.107164740562438965e+00
1.417804509401321411e-03 -2.146954089403152466e-02 1.038296580314636230e+00
7.066741585731506348e-03 -9.853222407400608063e-03 1.041305899620056152e+00
6.454620510339736938e-03 -9.500936605036258698e-03 1.018880367279052734e+00
-7.699072360992431641e-03 -2.519052848219871521e-02 8.890142440795898438e-01
-7.049981504678726196e-03 -2.227147296071052551e-02 8.637413978576660156e-01
-1.070122048258781433e-02 -2.820103988051414490e-02 1.023941040039062500e+00
-1.905488595366477966e-02 -3.619540110230445862e-02 1.098793387413024902e+00
-2.702185139060020447e-02 -4.297389462590217590e-02 1.152534127235412598e+00
-3.319333121180534363e-02 -4.863477498292922974e-02 1.249116539955139160e+00
-3.632944449782371521e-02 -5.103170126676559448e-02 1.250901818275451660e+00
-3.802989050745964050e-02 -5.235572159290313721e-02 1.234951972961425781e+00
-3.826370462775230408e-02 -5.319268256425857544e-02 1.215135335922241211e+00
-3.757726773619651794e-02 -5.271667242050170898e-02 1.165945291519165039e+00
-3.541463240981101990e-02 -5.133987963199615479e-02 1.121172666549682617e+00
-3.538895770907402039e-02 -5.089484900236129761e-02 1.126631617546081543e+00
-3.417393192648887634e-02 -5.042105913162231445e-02 1.131748557090759277e+00
5.903456360101699829e-03 -2.181159704923629761e-02 1.045232295989990234e+00
1.084139198064804077e-02 -1.219548378139734268e-02 1.128687143325805664e+00
9.262911975383758545e-03 -1.577412709593772888e-02 1.033775806427001953e+00
-2.754274755716323853e-03 -2.194137871265411377e-02 9.607557654380798340e-01
-5.418729037046432495e-03 -2.110863104462623596e-02 9.923024773597717285e-01
-9.706865996122360229e-03 -2.730193361639976501e-02 1.056513190269470215e+00
-1.797557994723320007e-02 -3.396261483430862427e-02 1.059029102325439453e+00
-2.322199568152427673e-02 -3.818638250231742859e-02 1.013448119163513184e+00
-2.698242291808128357e-02 -4.161133989691734314e-02 1.055999398231506348e+00
-2.865783497691154480e-02 -4.312899708747863770e-02 1.068277597427368164e+00
-3.113613650202751160e-02 -4.490818828344345093e-02 1.141207814216613770e+00
-3.320946916937828064e-02 -4.670243337750434875e-02 1.179413080215454102e+00
-3.463001176714897156e-02 -4.830326884984970093e-02 1.200904726982116699e+00
-3.518983349204063416e-02 -4.985867440700531006e-02 1.196529984474182129e+00
-3.605885431170463562e-02 -5.082634836435317993e-02 1.184683203697204590e+00
-3.640721365809440613e-02 -5.077966302633285522e-02 1.148028612136840820e+00
2.445172518491744995e-03 -2.108206599950790405e-02 9.966381192207336426e-01
6.933294236660003662e-03 -9.987668134272098541e-03 1.032921791076660156e+00
-8.691325783729553223e-04 -1.868727803230285645e-02 9.972158074378967285e-01
-1.384792849421501160e-02 -2.518026530742645264e-02 8.928974270820617676e-01
-1.167425140738487244e-02 -2.215607836842536926e-02 8.823003768920898438e-01
-1.518647000193595886e-02 -2.730873227119445801e-02 8.893865346908569336e-01
-2.064668759703636169e-02 -3.178071975708007812e-02 8.747723102569580078e-01
-2.393361553549766541e-02 -3.608827292919158936e-02 9.265332818031311035e-01
-2.830919250845909119e-02 -4.120863974094390869e-02 1.044126033782958984e+00
-3.118431195616722107e-02 -4.412247240543365479e-02 1.067720890045166016e+00
-3.245228156447410583e-02 -4.592144489288330078e-02 1.038303732872009277e+00
-3.321905061602592468e-02 -4.703932255506515503e-02 9.816165566444396973e-01
-3.307634219527244568e-02 -4.711689800024032593e-02 9.392010569572448730e-01
-3.241236135363578796e-02 -4.695245623588562012e-02 9.557552933692932129e-01
-3.190408274531364441e-02 -4.694512486457824707e-02 9.953518509864807129e-01
-2.975907549262046814e-02 -4.688884317874908447e-02 1.020704150199890137e+00
2.588983625173568726e-03 -2.031744271516799927e-02 9.116633534431457520e-01
8.375648409128189087e-03 -1.245495770126581192e-02 8.832231163978576660e-01
5.433436483144760132e-03 -1.771522685885429382e-02 7.803105711936950684e-01
2.077933028340339661e-02 -5.586070008575916290e-03 6.912629008293151855e-01
2.577375993132591248e-02 1.301938947290182114e-02 5.454072952270507812e-01
2.094636857509613037e-02 1.195353548973798752e-02 4.823335409164428711e-01
2.412435784935951233e-02 1.669622585177421570e-02 4.722546935081481934e-01
3.539608418941497803e-02 4.990237765014171600e-03 5.047758221626281738e-01
3.732881695032119751e-02 -1.465831883251667023e-03 5.198665261268615723e-01
4.251473769545555115e-02 5.331004969775676727e-03 4.677145481109619141e-01
4.577480629086494446e-02 7.455768994987010956e-03 4.500387310981750488e-01
3.882712498307228088e-02 2.427773922681808472e-02 3.828904032707214355e-01
3.266293182969093323e-02 2.245826274156570435e-02 2.943491339683532715e-01
3.360879421234130859e-02 2.579448372125625610e-02 3.158625960350036621e-01
3.650509566068649292e-02 2.661707252264022827e-02 3.829453587532043457e-01
3.413566574454307556e-02 2.466268464922904968e-02 4.237303733825683594e-01
4.157095029950141907e-02 -3.382639028131961823e-03 3.440745472908020020e-01
5.286882817745208740e-02 -1.378253195434808731e-02 4.197483658790588379e-01
6.632450222969055176e-02 9.380056522786617279e-03 5.516790747642517090e-01
7.457420974969863892e-02 2.188666909933090210e-02 5.869110822677612305e-01
6.424214690923690796e-02 1.780842989683151245e-02 6.403242945671081543e-01
5.620291084051132202e-02 1.339564379304647446e-02 6.551701426506042480e-01
5.197150632739067078e-02 1.258160825818777084e-02 6.315785646438598633e-01
4.577172547578811646e-02 9.579188190400600433e-03 5.897526144981384277e-01
4.197271168231964111e-02 1.260884013026952744e-02 6.036624312400817871e-01
3.617827966809272766e-02 1.338802184909582138e-02 6.022221446037292480e-01
3.965640813112258911e-02 1.547304447740316391e-02 5.988113284111022949e-01
3.848928213119506836e-02 1.308873575180768967e-02 5.575010776519775391e-01
3.710287064313888550e-02 1.187077444046735764e-02 5.294649004936218262e-01
3.777857869863510132e-02 9.702219627797603607e-03 5.567921400070190430e-01
3.747274354100227356e-02 7.722719572484493256e-03 5.362046360969543457e-01
3.836918994784355164e-02 8.323973976075649261e-03 5.221410989761352539e-01
3.458785638213157654e-02 -4.965913482010364532e-03 4.039983153343200684e-01
4.661125317215919495e-02 -1.803051680326461792e-02 4.711150527000427246e-01
3.030476346611976624e-02 -6.263346411287784576e-03 5.908525586128234863e-01
3.197077289223670959e-02 8.052363060414791107e-03 6.680976748466491699e-01
2.964012697339057922e-02 1.664506644010543823e-02 6.987081766128540039e-01
2.327449247241020203e-02 1.288339402526617050e-02 7.072431445121765137e-01
2.004645019769668579e-02 4.704928956925868988e-03 7.284772992134094238e-01
-4.302300512790679932e-04 -1.553539279848337173e-02 7.689037919044494629e-01
-5.520816892385482788e-03 -2.517296001315116882e-02 7.326887249946594238e-01
1.655100658535957336e-02 -2.807231247425079346e-02 6.704636812210083008e-01
2.820624783635139465e-02 -1.181403640657663345e-02 6.457013487815856934e-01
2.446812763810157776e-02 -1.071938034147024155e-02 6.250641942024230957e-01
2.333195134997367859e-02 -1.393148768693208694e-02 6.473615765571594238e-01
1.516397669911384583e-02 -2.078354731202125549e-02 8.119631409645080566e-01
8.131954818964004517e-03 -2.721863985061645508e-02 9.721953272819519043e-01
5.861554294824600220e-03 -2.939113974571228027e-02 1.006744265556335449e+00
1.444548740983009338e-02 -1.601354777812957764e-02 8.951757550239562988e-01
1.713132113218307495e-02 -1.009125355631113052e-02 9.844869971275329590e-01
1.323346421122550964e-02 -9.301015175879001617e-03 1.014535427093505859e+00
8.139051496982574463e-03 -1.160878781229257584e-02 9.811461567878723145e-01
1.920092850923538208e-03 -1.441841293126344681e-02 9.530285000801086426e-01
5.224432796239852905e-03 -2.566022798418998718e-02 1.000161886215209961e+00
-2.478878945112228394e-03 -2.976947277784347534e-02 1.104761481285095215e+00
-1.060750707983970642e-02 -3.535474836826324463e-02 1.127880096435546875e+00
-1.916452869772911072e-02 -3.960271552205085754e-02 1.172006845474243164e+00
-2.555980905890464783e-02 -4.256511479616165161e-02 1.191174030303955078e+00
-2.815666422247886658e-02 -4.336450621485710144e-02 1.143905520439147949e+00
-2.915279194712638855e-02 -4.313293099403381348e-02 1.105745673179626465e+00
-2.931990846991539001e-02 -4.335283488035202026e-02 1.105998396873474121e+00
-3.023957833647727966e-02 -4.331982880830764771e-02 1.098647356033325195e+00
-2.837966009974479675e-02 -4.309724643826484680e-02 1.077111482620239258e+00
-2.931822463870048523e-02 -4.307431355118751526e-02 1.097632527351379395e+00
1.749657094478607178e-04 -2.139250934123992920e-02 1.028048753738403320e+00
1.808643341064453125e-03 -1.217130664736032486e-02 1.068537831306457520e+00
-6.674718111753463745e-03 -2.118345350027084351e-02 1.051862120628356934e+00
-1.266535744071006775e-02 -1.291482243686914444e-02 9.827602505683898926e-01
-1.462182030081748962e-02 -2.400804311037063599e-02 9.799495339393615723e-01
-1.017358526587486267e-02 -2.394457906484603882e-02 9.889164566993713379e-01
-1.633610948920249939e-02 -2.995020151138305664e-02 9.659677147865295410e-01
-2.366006001830101013e-02 -3.492030873894691467e-02 9.813075661659240723e-01
-2.762327715754508972e-02 -3.877304494380950928e-02 9.810085892677307129e-01
-3.045294806361198425e-02 -4.181888699531555176e-02 9.865533709526062012e-01
-2.973553165793418884e-02 -4.259720072150230408e-02 9.120231866836547852e-01
-2.711771056056022644e-02 -4.121508449316024780e-02 8.326613306999206543e-01
-2.771286293864250183e-02 -3.910787403583526611e-02 7.689175009727478027e-01
-2.815595641732215881e-02 -3.627016022801399231e-02 7.207285761833190918e-01
-2.549136802554130554e-02 -3.524597734212875366e-02 8.039517998695373535e-01
-2.550389990210533142e-02 -3.617918118834495544e-02 9.194535613059997559e-01
1.057494431734085083e-03 -1.970183104276657104e-02 8.671587705612182617e-01
-2.143349498510360718e-03 -1.126255188137292862e-02 8.929236531257629395e-01
-3.435719758272171021e-03 -7.406444288790225983e-03 8.143442273139953613e-01
7.215533405542373657e-03 -2.177295275032520294e-03 7.819506525993347168e-01
7.592784240841865540e-03 -1.180762704461812973e-02 7.604988217353820801e-01
-2.558723092079162598e-03 -1.493085268884897232e-02 7.115340232849121094e-01
-1.012885197997093201e-02 -1.906611397862434387e-02 6.852319836616516113e-01
-7.316183298826217651e-03 -1.929507777094841003e-02 6.351572871208190918e-01
-4.085529595613479614e-03 -1.974175125360488892e-02 6.208140850067138672e-01
4.127286374568939209e-04 -2.271902933716773987e-02 7.146294116973876953e-01
4.899363964796066284e-03 -2.378255873918533325e-02 6.955646872520446777e-01
6.507333368062973022e-03 -2.542645856738090515e-02 6.950730085372924805e-01
7.577817887067794800e-03 -2.631688863039016724e-02 7.015987634658813477e-01
6.801884621381759644e-03 -2.649252116680145264e-02 7.063254714012145996e-01
7.629532366991043091e-03 -2.674826234579086304e-02 7.226372361183166504e-01
8.928257972002029419e-03 -2.566693723201751709e-02 6.835882067680358887e-01
1.281689852476119995e-03 -1.639967784285545349e-02 6.488136649131774902e-01
6.744451820850372314e-04 -1.212666649371385574e-02 6.670616269111633301e-01
-1.754816621541976929e-03 -1.079467404633760452e-02 6.497452259063720703e-01
4.905346781015396118e-03 -2.024305053055286407e-03 6.172142624855041504e-01
1.209660992026329041e-02 -3.507041372358798981e-03 5.676919817924499512e-01
7.166106253862380981e-03 -9.420461021363735199e-03 5.336717963218688965e-01
-3.786470741033554077e-03 -1.163538265973329544e-02 5.793808698654174805e-01
1.078395918011665344e-02 -2.025406435132026672e-02 5.802188515663146973e-01
1.154062151908874512e-02 -7.312015630304813385e-03 5.909438729286193848e-01
8.227128535509109497e-03 -1.121574360877275467e-02 6.890956759452819824e-01
2.586271613836288452e-03 -2.020443603396415710e-02 7.606772780418395996e-01
-1.776162534952163696e-03 -2.225026115775108337e-02 7.781217694282531738e-01
-7.673662155866622925e-03 -2.316065877676010132e-02 7.918907999992370605e-01
-1.265474781394004822e-02 -2.361706644296646118e-02 7.759577631950378418e-01
-1.607438549399375916e-02 -2.364535629749298096e-02 7.458785176277160645e-01
-1.664083823561668396e-02 -2.298964560031890869e-02 7.003679275512695312e-01
-7.706023752689361572e-04 -1.486815232783555984e-02 6.089750528335571289e-01
4.430543631315231323e-03 -7.766467519104480743e-03 5.471572875976562500e-01
7.528103888034820557e-04 -7.340055890381336212e-03 5.862336754798889160e-01
1.568667590618133545e-03 -2.663885243237018585e-03 6.617659330368041992e-01
1.121312007308006287e-02 -6.137735210359096527e-03 6.756675839424133301e-01
1.878486201167106628e-02 -1.331071276217699051e-02 6.751900911331176758e-01
2.020567283034324646e-02 -1.818766817450523376e-02 6.632114052772521973e-01
3.657832741737365723e-03 -8.837656117975711823e-03 6.868464350700378418e-01
3.304462879896163940e-03 -1.586958393454551697e-02 7.284933924674987793e-01
3.288876265287399292e-03 -1.878155767917633057e-02 7.549819350242614746e-01
1.693479716777801514e-04 -2.092936635017395020e-02 7.833612561225891113e-01
-3.126557916402816772e-03 -2.223631367087364197e-02 7.990266680717468262e-01
-5.509745329618453979e-03 -2.304176613688468933e-02 7.980490326881408691e-01
-7.160615175962448120e-03 -2.382810041308403015e-02 7.971745133399963379e-01
-9.104441851377487183e-03 -2.426912263035774231e-02 7.936119437217712402e-01
-1.059230789542198181e-02 -2.542989328503608704e-02 8.056833148002624512e-01
2.238210290670394897e-03 -1.802849024534225464e-02 7.560870647430419922e-01
6.518464535474777222e-03 -9.724066592752933502e-03 7.663460373878479004e-01
9.838864207267761230e-05 -1.410248596221208572e-02 7.868350148200988770e-01
1.137832179665565491e-02 -8.270860649645328522e-03 8.068459033966064453e-01
1.275610737502574921e-02 -1.337480265647172928e-02 7.845019102096557617e-01
4.151850938796997070e-03 -1.652276515960693359e-02 8.035147190093994141e-01
-4.543401300907135010e-04 -1.809408143162727356e-02 8.157858848571777344e-01
-4.440285265445709229e-04 -1.899600401520729065e-02 8.231589198112487793e-01
-3.187578171491622925e-03 -2.048263326287269592e-02 8.364723324775695801e-01
-5.865227431058883667e-03 -2.123352140188217163e-02 8.359288573265075684e-01
-7.446076720952987671e-03 -2.122338116168975830e-02 8.265312314033508301e-01
-7.786821573972702026e-03 -2.123370394110679626e-02 8.212921023368835449e-01
-7.353555411100387573e-03 -2.182915434241294861e-02 8.394376039505004883e-01
-6.844606250524520874e-03 -2.230053395032882690e-02 8.521513342857360840e-01
-7.793124765157699585e-03 -2.302168309688568115e-02 8.629693984985351562e-01
-9.422775357961654663e-03 -2.422896400094032288e-02 8.799691796302795410e-01
1.033890992403030396e-03 -1.921957731246948242e-02 8.523151278495788574e-01
4.706058651208877563e-03 -1.222457084804773331e-02 8.726478219032287598e-01
2.535225823521614075e-03 -1.150754187256097794e-02 8.575072884559631348e-01
5.286466330289840698e-03 -1.413703802973031998e-02 8.661699295043945312e-01
7.674105465412139893e-03 -1.372286397963762283e-02 8.623113632202148438e-01
-5.623657256364822388e-03 -2.037187665700912476e-02 8.759421706199645996e-01
-5.788978189229965210e-03 -2.421850338578224182e-02 8.959437608718872070e-01
-1.035546883940696716e-02 -2.762809768319129944e-02 9.022986292839050293e-01
-1.443959400057792664e-02 -2.963714674115180969e-02 8.779501318931579590e-01
-1.700959727168083191e-02 -3.021230548620223999e-02 8.451611995697021484e-01
-1.864762231707572937e-02 -3.059389814734458923e-02 8.535565137863159180e-01
-2.049450203776359558e-02 -3.139261528849601746e-02 8.938704133033752441e-01
-2.181255444884300232e-02 -3.226267918944358826e-02 9.222622513771057129e-01
-2.117347344756126404e-02 -3.256431221961975098e-02 9.326029419898986816e-01
-1.958480104804039001e-02 -3.280062973499298096e-02 9.941883683204650879e-01
-1.961041614413261414e-02 -3.280821070075035095e-02 1.067849516868591309e+00
3.961939364671707153e-03 -1.943258196115493774e-02 1.014549255371093750e+00
8.657418191432952881e-03 -1.362722460180521011e-02 1.035652637481689453e+00
1.911327242851257324e-03 -1.839565485715866089e-02 9.847336411476135254e-01
4.108324646949768066e-04 -1.277240831404924393e-02 9.428874850273132324e-01
4.695933312177658081e-04 -1.640807464718818665e-02 8.507046103477478027e-01
-7.686998695135116577e-03 -1.849009096622467041e-02 7.766765952110290527e-01
-8.172784000635147095e-03 -1.968102529644966125e-02 7.346295714378356934e-01
-8.521448820829391479e-03 -2.300240471959114075e-02 8.046417832374572754e-01
-9.819585829973220825e-03 -2.456705272197723389e-02 8.158171772956848145e-01
-1.132514700293540955e-02 -2.533907815814018250e-02 8.202331662178039551e-01
-1.242446526885032654e-02 -2.590956166386604309e-02 8.216837644577026367e-01
-1.223153993487358093e-02 -2.536567300558090210e-02 7.735466361045837402e-01
-1.529831811785697937e-02 -2.659411728382110596e-02 8.053606748580932617e-01
-1.493674144148826599e-02 -2.793452516198158264e-02 8.735567331314086914e-01
-1.635665819048881531e-02 -2.934122830629348755e-02 9.248557090759277344e-01
-1.626775786280632019e-02 -3.029624372720718384e-02 9.452119469642639160e-01
3.578428179025650024e-03 -1.956230401992797852e-02 9.544287323951721191e-01
3.936052322387695312e-03 -1.049265358597040176e-02 1.005326867103576660e+00
-6.938502192497253418e-04 -8.515120483934879303e-03 1.038003921508789062e+00
-7.401991635560989380e-03 -9.207365103065967560e-03 1.043477296829223633e+00
-1.313897594809532166e-02 -2.481877803802490234e-02 1.051432609558105469e+00
-5.742814391851425171e-03 -2.764124423265457153e-02 1.076448798179626465e+00
-1.473068818449974060e-02 -3.349412605166435242e-02 1.066902518272399902e+00
-2.020334824919700623e-02 -3.735678642988204956e-02 1.052747845649719238e+00
-2.203490957617759705e-02 -3.816641867160797119e-02 9.645774960517883301e-01
-2.414409443736076355e-02 -3.833194822072982788e-02 9.501065611839294434e-01
-2.406166121363639832e-02 -3.889884799718856812e-02 9.749684929847717285e-01
-2.462109550833702087e-02 -3.906877338886260986e-02 9.616696238517761230e-01
-2.431051060557365417e-02 -3.770481795072555542e-02 9.090329408645629883e-01
-2.115483209490776062e-02 -3.460926562547683716e-02 8.511059284210205078e-01
-1.810325309634208679e-02 -3.163751959800720215e-02 8.156054615974426270e-01
-1.613242551684379578e-02 -3.031808882951736450e-02 8.065919280052185059e-01
1.932706683874130249e-03 -1.859704032540321350e-02 8.130646944046020508e-01
2.745669335126876831e-03 -1.025776658207178116e-02 8.150731921195983887e-01
-2.156112343072891235e-03 -1.172240171581506729e-02 7.891198396682739258e-01
7.720809429883956909e-03 -1.187747623771429062e-02 7.992269992828369141e-01
2.646589651703834534e-03 -1.580689847469329834e-02 7.523514628410339355e-01
-3.056202083826065063e-03 -1.582459732890129089e-02 7.860749363899230957e-01
1.259531825780868530e-03 -1.855689287185668945e-02 7.651370167732238770e-01
3.185007721185684204e-03 -1.935476064682006836e-02 7.316318154335021973e-01
8.312053978443145752e-04 -2.170353382825851440e-02 7.546878457069396973e-01
-2.138298004865646362e-03 -2.427917718887329102e-02 7.821300625801086426e-01
-2.511050552129745483e-03 -2.640048786997795105e-02 8.201423287391662598e-01
-2.033557742834091187e-03 -2.706396579742431641e-02 8.403583765029907227e-01
-3.971662372350692749e-03 -2.832073718309402466e-02 8.933820724487304688e-01
-7.106121629476547241e-03 -2.951829507946968079e-02 9.355266690254211426e-01
-7.545586675405502319e-03 -2.964977920055389404e-02 9.133599996566772461e-01
-9.003590792417526245e-03 -2.995152771472930908e-02 9.201315045356750488e-01
6.600357592105865479e-04 -1.963254064321517944e-02 8.619327545166015625e-01
1.979779452085494995e-03 -1.144382450729608536e-02 8.531396985054016113e-01
3.013968467712402344e-03 -7.827819325029850006e-03 8.221787810325622559e-01
8.936811238527297974e-03 -1.290894392877817154e-02 8.849236965179443359e-01
1.500338315963745117e-03 -1.546715665608644485e-02 8.769129514694213867e-01
-6.543759256601333618e-03 -2.342568710446357727e-02 9.169902205467224121e-01
-1.137965545058250427e-02 -2.660690248012542725e-02 9.316357970237731934e-01
-1.631599292159080505e-02 -3.105150908231735229e-02 9.573526978492736816e-01
-2.044061943888664246e-02 -3.450133651494979858e-02 9.525324702262878418e-01
-2.503795549273490906e-02 -3.674454241991043091e-02 9.236225485801696777e-01
-2.748784050345420837e-02 -3.779013454914093018e-02 9.003868699073791504e-01
-2.982675656676292419e-02 -3.943117707967758179e-02 9.371188282966613770e-01
-3.181251510977745056e-02 -4.175022989511489868e-02 1.003297567367553711e+00
-3.047363087534904480e-02 -4.216104000806808472e-02 9.653487801551818848e-01
-2.954342588782310486e-02 -4.161031544208526611e-02 9.335368275642395020e-01
-2.792156860232353210e-02 -4.013162106275558472e-02 9.160708785057067871e-01
-1.025278121232986450e-03 -1.834730058908462524e-02 8.693311810493469238e-01
-5.320236086845397949e-04 -1.118425372987985611e-02 9.175407886505126953e-01
-5.181211978197097778e-03 -1.083050016313791275e-02 8.988463878631591797e-01
6.749469786882400513e-03 -3.992420621216297150e-03 8.566508293151855469e-01
2.969279885292053223e-04 -1.423409115523099899e-02 8.225191831588745117e-01
-9.197507053613662720e-03 -1.425972674041986465e-02 8.876258730888366699e-01
-8.299943059682846069e-03 -2.136816456913948059e-02 9.797218441963195801e-01
-7.261719554662704468e-03 -2.307992056012153625e-02 9.784776568412780762e-01
-1.014683768153190613e-02 -2.458317950367927551e-02 9.292944073677062988e-01
-1.220054551959037781e-02 -2.666195854544639587e-02 9.558188319206237793e-01
-1.272669062018394470e-02 -2.845513448119163513e-02 9.653607010841369629e-01
-1.117777451872825623e-02 -2.876439690589904785e-02 9.108752608299255371e-01
-9.466227144002914429e-03 -2.909746766090393066e-02 9.147121906280517578e-01
-1.003546640276908875e-02 -2.962439879775047302e-02 9.337162375450134277e-01
-1.041765138506889343e-02 -3.105534985661506653e-02 9.706607460975646973e-01
-1.043423637747764587e-02 -3.271829336881637573e-02 1.027269244194030762e+00
3.912303596735000610e-03 -1.809252053499221802e-02 9.802810549736022949e-01
9.570214897394180298e-03 -1.168368104845285416e-02 1.018770456314086914e+00
1.069408655166625977e-02 -9.828277863562107086e-03 9.915612339973449707e-01
-1.475047320127487183e-03 -2.527704834938049316e-02 9.604719281196594238e-01
-4.963602870702743530e-03 -2.649797499179840088e-02 9.866648316383361816e-01
-3.598447889089584351e-03 -2.669041231274604797e-02 9.946042895317077637e-01
-1.080622896552085876e-02 -3.081849589943885803e-02 1.003000259399414062e+00
-1.739441975951194763e-02 -3.535618260502815247e-02 1.065599083900451660e+00
-2.416589483618736267e-02 -4.015756770968437195e-02 1.152132868766784668e+00
-2.584860846400260925e-02 -4.167664051055908203e-02 1.124461054801940918e+00
-3.159731253981590271e-02 -4.384048283100128174e-02 1.170613288879394531e+00
-3.315281495451927185e-02 -4.533770680427551270e-02 1.146977305412292480e+00
-3.472984954714775085e-02 -4.659109562635421753e-02 1.128933548927307129e+00
-3.395805880427360535e-02 -4.692091047763824463e-02 1.112259507179260254e+00
-3.464728221297264099e-02 -4.696996510028839111e-02 1.102688193321228027e+00
-3.406193479895591736e-02 -4.635480046272277832e-02 1.067991971969604492e+00
3.150764852762222290e-03 -2.000853419303894043e-02 9.588041901588439941e-01
6.771799176931381226e-03 -1.113186124712228775e-02 9.456648230552673340e-01
7.102023810148239136e-04 -1.774960756301879883e-02 8.965335488319396973e-01
-1.030020415782928467e-03 -8.507390506565570831e-03 9.216157197952270508e-01
-4.000287503004074097e-03 -1.789362356066703796e-02 8.779838085174560547e-01
-4.896175116300582886e-03 -2.229118347167968750e-02 9.293846487998962402e-01
-8.509155362844467163e-03 -2.711647003889083862e-02 9.862300753593444824e-01
-1.105106994509696960e-02 -3.072170913219451904e-02 1.001038670539855957e+00
-1.489387080073356628e-02 -3.452917933464050293e-02 1.048837304115295410e+00
-1.787212118506431580e-02 -3.745437413454055786e-02 1.072674632072448730e+00
-1.998513564467430115e-02 -3.848074376583099365e-02 1.042281627655029297e+00
-2.000404521822929382e-02 -3.761762753129005432e-02 9.742019772529602051e-01
-2.063069865107536316e-02 -3.722269088029861450e-02 9.662542939186096191e-01
-2.019422873854637146e-02 -3.694066032767295837e-02 9.648979306221008301e-01
-2.115574106574058533e-02 -3.679214045405387878e-02 9.701219201087951660e-01
-2.058443054556846619e-02 -3.566764667630195618e-02 9.427996277809143066e-01
2.927269786596298218e-03 -1.912489533424377441e-02 8.469564914703369141e-01
4.125900566577911377e-03 -1.098292414098978043e-02 8.639176487922668457e-01
6.092142313718795776e-03 -7.965669967234134674e-03 8.824707865715026855e-01
4.137177020311355591e-03 -6.775376386940479279e-03 9.132248163223266602e-01
2.157602459192276001e-03 -8.860510773956775665e-03 8.444336056709289551e-01
-7.470700889825820923e-03 -1.883589476346969604e-02 8.737023472785949707e-01
-7.979381829500198364e-03 -2.182415500283241272e-02 9.301888346672058105e-01
-1.186984404921531677e-02 -2.620012313127517700e-02 9.681565165519714355e-01
-1.457953080534934998e-02 -2.908817678689956665e-02 9.634223580360412598e-01
-1.654825732111930847e-02 -3.110832720994949341e-02 9.741243720054626465e-01
-1.832288131117820740e-02 -3.274567797780036926e-02 9.845330119132995605e-01
-2.017128095030784607e-02 -3.411792963743209839e-02 9.938746094703674316e-01
-2.204489335417747498e-02 -3.521437570452690125e-02 9.885433316230773926e-01
-2.221017703413963318e-02 -3.591072559356689453e-02 9.764545559883117676e-01
-2.245016023516654968e-02 -3.632817044854164124e-02 9.688850045204162598e-01
-2.279591187834739685e-02 -3.641179576516151428e-02 9.500424265861511230e-01
1.621562987565994263e-03 -1.913851499557495117e-02 8.638176321983337402e-01
5.231164395809173584e-04 -9.572059847414493561e-03 8.851529955863952637e-01
2.961520105600357056e-03 -6.061674095690250397e-03 8.799743652343750000e-01
5.244713276624679565e-03 -4.560117609798908234e-03 8.884339332580566406e-01
1.314992085099220276e-03 -1.014735270291566849e-02 8.255906701087951660e-01
-8.012827485799789429e-03 -1.820851489901542664e-02 8.583684563636779785e-01
-7.967960089445114136e-03 -2.084864675998687744e-02 9.010294675827026367e-01
-1.194904372096061707e-02 -2.444678544998168945e-02 9.237437844276428223e-01
-1.528586074709892273e-02 -2.710994333028793335e-02 9.398077130317687988e-01
-1.781764253973960876e-02 -2.900066971778869629e-02 9.455301165580749512e-01
-1.922641322016716003e-02 -3.033594042062759399e-02 9.324843287467956543e-01
-1.986549422144889832e-02 -3.118862211704254150e-02 9.112157225608825684e-01
-1.977105066180229187e-02 -3.167485445737838745e-02 8.908002972602844238e-01
-1.965392753481864929e-02 -3.191006183624267578e-02 8.748717904090881348e-01
-1.942389830946922302e-02 -3.195144236087799072e-02 8.570063114166259766e-01
-1.917798444628715515e-02 -3.203723207116127014e-02 8.439207673072814941e-01
8.629299700260162354e-04 -1.753954589366912842e-02 7.825005650520324707e-01
1.089684665203094482e-04 -9.080850519239902496e-03 8.026368618011474609e-01
1.949436962604522705e-03 -5.440958775579929352e-03 8.244757652282714844e-01
8.186485618352890015e-03 2.220226451754570007e-04 8.402574062347412109e-01
3.880938515067100525e-03 -9.656940586864948273e-03 7.800611853599548340e-01
-5.720343440771102905e-03 -1.651469245553016663e-02 7.956700325012207031e-01
-5.107995122671127319e-03 -1.966284215450286865e-02 8.141857981681823730e-01
-8.969288319349288940e-03 -2.313108742237091064e-02 8.246908187866210938e-01
-1.144517585635185242e-02 -2.560589462518692017e-02 8.288998007774353027e-01
-1.304968819022178650e-02 -2.711406722664833069e-02 8.292241692543029785e-01
-1.414042338728904724e-02 -2.819051966071128845e-02 8.280258774757385254e-01
-1.481774076819419861e-02 -2.905128523707389832e-02 8.279021382331848145e-01
-1.526011154055595398e-02 -2.973441034555435181e-02 8.282635807991027832e-01
-1.552925631403923035e-02 -3.017880022525787354e-02 8.229526877403259277e-01
-1.587421819567680359e-02 -3.050995990633964539e-02 8.176606893539428711e-01
-1.623992249369621277e-02 -3.079010173678398132e-02 8.138745427131652832e-01
4.012919962406158447e-04 -1.716117560863494873e-02 7.674792408943176270e-01
-5.766786634922027588e-04 -9.320826269686222076e-03 7.956189513206481934e-01
4.611350595951080322e-04 -5.126082338392734528e-03 8.070245981216430664e-01
5.327429622411727905e-03 -6.288858130574226379e-04 8.252200484275817871e-01
3.976417705416679382e-03 -1.085862983018159866e-02 7.600968480110168457e-01
-4.933740943670272827e-03 -1.597970724105834961e-02 7.711496353149414062e-01
-4.327509552240371704e-03 -2.004245668649673462e-02 7.929660081863403320e-01
-7.438611239194869995e-03 -2.300219610333442688e-02 7.973441481590270996e-01
-1.014190539717674255e-02 -2.503232285380363464e-02 7.847908139228820801e-01
-1.162464544177055359e-02 -2.613161131739616394e-02 7.654775977134704590e-01
-1.240777596831321716e-02 -2.696129679679870605e-02 7.594133615493774414e-01
-1.297431811690330505e-02 -2.739635482430458069e-02 7.505242824554443359e-01
-1.347750052809715271e-02 -2.755911648273468018e-02 7.376045584678649902e-01
-1.403388008475303650e-02 -2.787438407540321350e-02 7.348272204399108887e-01
-1.428174600005149841e-02 -2.814185246825218201e-02 7.364291548728942871e-01
-1.470924541354179382e-02 -2.835525944828987122e-02 7.372894287109375000e-01
-3.427453339099884033e-04 -1.570592075586318970e-02 7.000615596771240234e-01
9.864941239356994629e-05 -9.011124260723590851e-03 7.010715603828430176e-01
1.652911305427551270e-05 -5.985335446894168854e-03 7.238460183143615723e-01
1.053888723254203796e-02 1.001453958451747894e-03 7.405116558074951172e-01
1.305111497640609741e-02 -8.764971978962421417e-03 6.670088768005371094e-01
7.030233740806579590e-03 -9.491826407611370087e-03 6.542118787765502930e-01
6.733760237693786621e-04 -1.517083961516618729e-02 6.706671118736267090e-01
5.668736994266510010e-04 -1.909977942705154419e-02 6.829861998558044434e-01
-3.133144229650497437e-03 -2.146103978157043457e-02 7.007668018341064453e-01
-6.157588213682174683e-03 -2.281205728650093079e-02 7.029079794883728027e-01
-7.659945636987686157e-03 -2.308107912540435791e-02 6.873726248741149902e-01
-8.558284491300582886e-03 -2.315847575664520264e-02 6.854748725891113281e-01
-9.248521178960800171e-03 -2.328218519687652588e-02 6.915999054908752441e-01
-9.026583284139633179e-03 -2.327920123934745789e-02 6.939341425895690918e-01
-8.962791413068771362e-03 -2.311183512210845947e-02 6.921927332878112793e-01
-8.686941117048263550e-03 -2.284234389662742615e-02 6.844348311424255371e-01
