-3.171632997691631317e-03 -2.081075310707092285e-02 8.292892575263977051e-01
-1.077708788216114044e-03 -1.835043355822563171e-02 9.018835425376892090e-01
1.116233877837657928e-03 -1.689008623361587524e-02 9.682101607322692871e-01
6.967122666537761688e-03 -8.553765714168548584e-03 1.039526700973510742e+00
2.296793274581432343e-03 -1.499680429697036743e-02 1.053846955299377441e+00
3.167110495269298553e-03 -2.321350574493408203e-02 9.694415330886840820e-01
1.297752372920513153e-03 -2.887858077883720398e-02 9.092535376548767090e-01
-3.308613784611225128e-03 -2.250873669981956482e-02 8.385681509971618652e-01
-4.509833641350269318e-03 -1.648379117250442505e-02 7.855558991432189941e-01
-4.914020188152790070e-03 -1.536853611469268799e-02 7.970178723335266113e-01
1.812401227653026581e-03 -7.091969251632690430e-03 8.956707119941711426e-01
1.705865375697612762e-03 -7.031822577118873596e-03 9.987506866455078125e-01
5.938438698649406433e-04 -1.152382045984268188e-02 9.866595864295959473e-01
2.389571629464626312e-03 -1.078562438488006592e-02 9.719622731208801270e-01
-7.796520367264747620e-04 -1.114314422011375427e-02 1.010803103446960449e+00
-7.056475616991519928e-03 -1.101836562156677246e-02 9.775357246398925781e-01
-9.393137879669666290e-03 -9.577091783285140991e-03 8.192829489707946777e-01
-1.317207608371973038e-02 -1.948742941021919250e-02 7.259603142738342285e-01
-5.856378935277462006e-03 -1.481879875063896179e-02 7.377144694328308105e-01
-4.271491430699825287e-03 -1.328125223517417908e-02 9.153478741645812988e-01
-2.734848298132419586e-03 -5.868155509233474731e-03 9.174242615699768066e-01
-5.944547243416309357e-03 -7.337108254432678223e-04 8.390908241271972656e-01
-8.605117909610271454e-03 -2.873308956623077393e-03 8.531696796417236328e-01
-7.097464986145496368e-03 -8.260920643806457520e-03 9.365573525428771973e-01
-7.670995779335498810e-03 -7.640536874532699585e-03 8.611262440681457520e-01
-2.538922242820262909e-03 -3.044139593839645386e-03 7.757936716079711914e-01
3.468113951385021210e-03 1.039258763194084167e-02 7.901980280876159668e-01
4.196056164801120758e-03 -9.019449353218078613e-04 8.409258723258972168e-01
5.128561519086360931e-03 -2.453345805406570435e-03 8.566048741340637207e-01
1.003011595457792282e-02 6.686251610517501831e-03 9.284840226173400879e-01
1.418427843600511551e-02 9.690960869193077087e-03 9.673510193824768066e-01
1.840170100331306458e-02 7.227171212434768677e-03 9.342780709266662598e-01
2.055343240499496460e-02 4.204386845231056213e-03 9.115625023841857910e-01
2.250892296433448792e-02 1.425202935934066772e-03 9.365072846412658691e-01
2.273362502455711365e-02 2.254474908113479614e-03 9.889147877693176270e-01
1.665458455681800842e-02 -3.960188478231430054e-03 1.090866088867187500e+00
1.151369791477918625e-02 -5.894441157579421997e-03 1.135019421577453613e+00
7.278765551745891571e-03 -7.408350706100463867e-03 1.091535925865173340e+00
3.535981290042400360e-03 -9.624835103750228882e-03 1.062308549880981445e+00
-2.071233466267585754e-04 -1.363089308142662048e-02 1.049043655395507812e+00
1.216608099639415741e-03 -1.091972738504409790e-02 1.043908238410949707e+00
2.981635741889476776e-03 -1.098705828189849854e-02 1.053727865219116211e+00
8.532134816050529480e-04 -1.357482373714447021e-02 1.067710041999816895e+00
-3.112685866653919220e-03 -1.717449352145195007e-02 1.098085999488830566e+00
-1.723733730614185333e-03 -1.438169181346893311e-02 1.132600188255310059e+00
8.479040116071701050e-05 -1.058961078524589539e-02 1.134411096572875977e+00
-4.174979403614997864e-04 -9.168464690446853638e-03 1.113269925117492676e+00
-2.894786186516284943e-03 -1.273740455508232117e-02 1.117692947387695312e+00
-5.001676268875598907e-03 -1.547452062368392944e-02 1.122960209846496582e+00
-3.758576698601245880e-03 -1.436511427164077759e-02 1.110220074653625488e+00
-3.030550666153430939e-03 -1.416957005858421326e-02 1.113494277000427246e+00
-5.494800396263599396e-03 -1.564990356564521790e-02 1.131099343299865723e+00
-6.611180491745471954e-03 -1.718657463788986206e-02 1.154924869537353516e+00
-5.846214480698108673e-03 -1.919003948569297791e-02 1.163044571876525879e+00
-4.442763514816761017e-03 -1.727582141757011414e-02 1.164597749710083008e+00
-5.471435375511646271e-03 -1.837922260165214539e-02 1.177995681762695312e+00
-7.001695223152637482e-03 -2.105114236474037170e-02 1.177156925201416016e+00
-1.018692273646593094e-02 -2.454873546957969666e-02 1.178541064262390137e+00
-1.065723318606615067e-02 -2.318590506911277771e-02 1.162927150726318359e+00
-1.118515152484178543e-02 -2.241761982440948486e-02 1.139896392822265625e+00
-1.216417271643877029e-02 -2.359258756041526794e-02 1.125697731971740723e+00
-1.315980870276689529e-02 -2.290704846382141113e-02 1.112888574600219727e+00
-1.266607362776994705e-02 -2.288138493895530701e-02 1.082759022712707520e+00
-1.166145224124193192e-02 -2.253080531954765320e-02 1.050911426544189453e+00
-1.142191607505083084e-02 -2.298814430832862854e-02 1.033223509788513184e+00
-1.168225426226854324e-02 -2.187309786677360535e-02 9.988861680030822754e-01
-8.863297291100025177e-03 -1.730700954794883728e-02 9.818959236145019531e-01
-5.105582065880298615e-03 -1.818767562508583069e-02 9.962937235832214355e-01
-4.533943720161914825e-03 -1.761863008141517639e-02 9.840123057365417480e-01
-4.732456989586353302e-03 -1.667774096131324768e-02 9.503939747810363770e-01
-1.488697715103626251e-03 -1.131569221615791321e-02 9.375333189964294434e-01
-1.021471805870532990e-03 -1.256528869271278381e-02 9.449478983879089355e-01
-2.206114120781421661e-03 -1.594832167029380798e-02 9.635183215141296387e-01
-2.908331342041492462e-03 -1.916168630123138428e-02 9.775756597518920898e-01
-1.219836063683032990e-03 -1.949170231819152832e-02 9.878540635108947754e-01
-2.645951695740222931e-03 -1.807422190904617310e-02 9.903194904327392578e-01
-2.930906601250171661e-03 -1.861325651407241821e-02 9.638904929161071777e-01
-4.586157388985157013e-03 -1.995743811130523682e-02 9.154980778694152832e-01
-4.537229426205158234e-03 -2.234702929854393005e-02 9.315454363822937012e-01
-2.537575550377368927e-03 -2.481632679700851440e-02 9.358528852462768555e-01
2.350760623812675476e-04 -1.940796524286270142e-02 9.333861470222473145e-01
1.813731156289577484e-03 -1.824473217129707336e-02 8.912878632545471191e-01
4.434288479387760162e-03 -1.281045004725456238e-02 8.640049099922180176e-01
9.651935659348964691e-03 -8.622970432043075562e-03 8.418775200843811035e-01
6.247577257454395294e-03 -1.499364152550697327e-02 7.529037594795227051e-01
-6.753408350050449371e-03 -2.756713703274726868e-02 6.641441583633422852e-01
-7.763589732348918915e-03 -3.097261488437652588e-02 6.869515180587768555e-01
-4.769853316247463226e-03 -2.145897969603538513e-02 6.728302836418151855e-01
-8.734595030546188354e-05 -8.379608392715454102e-03 6.164923310279846191e-01
-5.228594876825809479e-03 -1.349500939249992371e-02 5.984809398651123047e-01
-3.147457726299762726e-03 -1.235147938132286072e-02 6.373590230941772461e-01
-3.097214736044406891e-03 -1.201454922556877136e-02 7.091363072395324707e-01
-1.036743167787790298e-02 -1.788941770792007446e-02 7.181111574172973633e-01
-1.032826770097017288e-02 -1.888962835073471069e-02 7.386507987976074219e-01
-7.180535234510898590e-03 -1.747896149754524231e-02 7.712082862854003906e-01
-3.458556719124317169e-03 -1.839022710919380188e-02 7.655407786369323730e-01
-4.209999926388263702e-03 -1.762830838561058044e-02 7.087014913558959961e-01
-5.427521653473377228e-03 -1.889848336577415466e-02 6.662370562553405762e-01
-9.275348857045173645e-04 -1.155504211783409119e-02 6.563237309455871582e-01
2.991490997374057770e-03 -1.195184141397476196e-02 6.971445083618164062e-01
-3.483416512608528137e-04 -2.772606164216995239e-02 8.163886666297912598e-01
1.636850647628307343e-03 -2.322185039520263672e-02 7.832950949668884277e-01
1.027117948979139328e-02 -8.240710943937301636e-03 7.779592871665954590e-01
1.035654451698064804e-02 1.092810183763504028e-03 7.318448424339294434e-01
1.065295469015836716e-02 -5.181718617677688599e-03 8.232356309890747070e-01
1.078246813267469406e-02 -1.371094956994056702e-02 8.956274986267089844e-01
7.131668739020824432e-03 -1.141582801938056946e-02 8.100688457489013672e-01
6.405021063983440399e-03 -1.192309334874153137e-02 8.435279726982116699e-01
1.742306165397167206e-03 -1.519231125712394714e-02 8.904941678047180176e-01
4.840682260692119598e-03 -2.080040425062179565e-02 9.570513367652893066e-01
5.064900033175945282e-03 -2.257321774959564209e-02 9.449702501296997070e-01
5.214366130530834198e-03 -1.734777539968490601e-02 9.125315546989440918e-01
1.070867758244276047e-02 -1.339469477534294128e-02 8.908770680427551270e-01
1.235589664429426193e-02 -9.361565113067626953e-03 8.725182414054870605e-01
1.211937051266431808e-02 -8.460301905870437622e-03 8.589665293693542480e-01
1.238905172795057297e-02 -7.632423192262649536e-03 8.423760533332824707e-01
1.301294844597578049e-02 -5.629383027553558350e-03 8.247342705726623535e-01
1.339599769562482834e-02 -4.180070012807846069e-03 8.223066926002502441e-01
1.483670156449079514e-02 -2.965725958347320557e-03 8.314788937568664551e-01
1.469759922474622726e-02 -4.631519317626953125e-03 8.361819386482238770e-01
1.200370769947767258e-02 -8.708208799362182617e-03 8.371392488479614258e-01
7.513525895774364471e-03 -1.568248867988586426e-02 8.369525671005249023e-01
2.687337808310985565e-03 -2.341537550091743469e-02 8.477325439453125000e-01
-9.127678349614143372e-04 -2.599864825606346130e-02 8.575446009635925293e-01
-2.650888636708259583e-04 -1.941138133406639099e-02 8.783333897590637207e-01
6.245104596018791199e-04 -1.947661861777305603e-02 8.481407761573791504e-01
8.919565007090568542e-04 -2.382906153798103333e-02 8.397524952888488770e-01
2.895216457545757294e-03 -2.398524805903434753e-02 8.353901505470275879e-01
3.218564204871654510e-03 -2.333353459835052490e-02 8.372133970260620117e-01
3.308872692286968231e-03 -2.188973128795623779e-02 8.355526924133300781e-01
3.375883214175701141e-03 -2.391671761870384216e-02 8.407233953475952148e-01
2.334768883883953094e-03 -2.300149574875831604e-02 7.972053885459899902e-01
1.213866285979747772e-03 -2.378696203231811523e-02 7.653488516807556152e-01
-9.357528761029243469e-04 -2.271236851811408997e-02 7.642735838890075684e-01
2.631287090480327606e-03 -1.757264137268066406e-02 7.588694691658020020e-01
5.946400575339794159e-03 -1.352634280920028687e-02 7.541057467460632324e-01
2.820867113769054413e-03 -1.493732631206512451e-02 7.701561450958251953e-01
3.397646360099315643e-03 -1.908314973115921021e-02 7.999366521835327148e-01
1.849344931542873383e-03 -2.210868522524833679e-02 7.583577632904052734e-01
7.378039881587028503e-04 -2.112200856208801270e-02 7.444252371788024902e-01
-1.361516304314136505e-03 -2.182938531041145325e-02 7.569545507431030273e-01
-2.080534584820270538e-03 -2.216700091958045959e-02 7.542605996131896973e-01
-4.631471820175647736e-03 -2.467215806245803833e-02 7.670442461967468262e-01
-3.479187376797199249e-03 -2.391073852777481079e-02 7.642533183097839355e-01
-6.732244975864887238e-03 -2.186949551105499268e-02 7.158614397048950195e-01
-5.679671652615070343e-03 -1.647786423563957214e-02 7.031411528587341309e-01
-3.619042225182056427e-03 -1.484242454171180725e-02 7.342741489410400391e-01
-3.043022938072681427e-03 -1.444930955767631531e-02 7.568795084953308105e-01
-2.818231470882892609e-03 -1.947673782706260681e-02 7.548496127128601074e-01
-5.012390203773975372e-03 -2.567163482308387756e-02 7.680874466896057129e-01
-2.689634449779987335e-03 -2.528550103306770325e-02 8.013865351676940918e-01
-2.616857178509235382e-03 -2.583772316575050354e-02 8.061503767967224121e-01
-4.748289473354816437e-03 -2.868272736668586731e-02 8.074210286140441895e-01
-2.672721631824970245e-03 -2.590582147240638733e-02 8.008291125297546387e-01
-3.058244474232196808e-03 -2.482205256819725037e-02 8.033906817436218262e-01
-5.743605084717273712e-03 -2.822577580809593201e-02 8.339508175849914551e-01
-7.724617607891559601e-03 -2.979928255081176758e-02 8.680481314659118652e-01
-8.103971369564533234e-03 -2.818207815289497375e-02 8.794538974761962891e-01
-7.480998523533344269e-03 -2.724971249699592590e-02 8.835851550102233887e-01
-6.324556656181812286e-03 -2.553412690758705139e-02 8.902849555015563965e-01
-7.129703648388385773e-03 -2.575878798961639404e-02 9.084078073501586914e-01
-9.738680906593799591e-03 -2.642846480011940002e-02 9.549423456192016602e-01
-1.106635946780443192e-02 -2.657107636332511902e-02 9.804342389106750488e-01
-1.208344567567110062e-02 -2.483965829014778137e-02 9.871408343315124512e-01
-1.178693491965532303e-02 -2.223688736557960510e-02 9.886421561241149902e-01
-8.186456747353076935e-03 -1.894399523735046387e-02 9.694679975509643555e-01
-7.318136282265186310e-03 -1.814776286482810974e-02 9.678165912628173828e-01
-6.606449373066425323e-03 -1.591532304883003235e-02 9.548262357711791992e-01
-6.784644909203052521e-03 -1.665095612406730652e-02 9.739354252815246582e-01
-7.629436440765857697e-03 -1.703858748078346252e-02 1.003151059150695801e+00
-8.626212365925312042e-03 -2.017325907945632935e-02 1.023251175880432129e+00
-9.203498251736164093e-03 -2.356769144535064697e-02 1.033058643341064453e+00
-9.234775789082050323e-03 -2.576880902051925659e-02 1.022370696067810059e+00
-9.694566018879413605e-03 -2.634596452116966248e-02 1.028116941452026367e+00
-6.554153747856616974e-03 -2.354038134217262268e-02 1.003130793571472168e+00
-4.775506444275379181e-03 -2.123029902577400208e-02 9.992707371711730957e-01
-5.647939629852771759e-03 -2.277779951691627502e-02 1.033404827117919922e+00
-6.452915258705615997e-03 -2.677880227565765381e-02 1.056225776672363281e+00
-6.283340044319629669e-03 -2.823857590556144714e-02 1.063089966773986816e+00
-5.683881230652332306e-03 -2.766684815287590027e-02 1.071550011634826660e+00
-6.674100644886493683e-03 -2.722560986876487732e-02 1.080078244209289551e+00
-5.024519748985767365e-03 -2.650892734527587891e-02 1.119720697402954102e+00
-3.717509098351001740e-03 -2.345534786581993103e-02 1.131387948989868164e+00
-3.216800279915332794e-03 -2.346052229404449463e-02 1.094781637191772461e+00
-1.205326989293098450e-04 -2.302737161517143250e-02 1.083636283874511719e+00
1.620727591216564178e-03 -2.105724439024925232e-02 1.053019642829895020e+00
2.454909496009349823e-03 -1.779524981975555420e-02 1.024324059486389160e+00
2.509298734366893768e-03 -1.310726255178451538e-02 9.906548261642456055e-01
3.788205794990062714e-03 -9.233303368091583252e-03 9.744756817817687988e-01
5.716892890632152557e-03 -1.031572744250297546e-02 9.607452154159545898e-01
4.647764377295970917e-03 -1.551023498177528381e-02 9.602060914039611816e-01
2.457308582961559296e-03 -2.046301588416099548e-02 9.831276535987854004e-01
3.726336173713207245e-03 -1.975846290588378906e-02 9.995412826538085938e-01
5.951362662017345428e-03 -1.882369443774223328e-02 1.020972967147827148e+00
5.523326806724071503e-03 -2.324808388948440552e-02 1.021410822868347168e+00
1.019931118935346603e-02 -1.516098156571388245e-02 9.927338957786560059e-01
1.063248794525861740e-02 -1.267472282052040100e-02 9.398021101951599121e-01
7.291334681212902069e-03 -1.471539959311485291e-02 9.318779706954956055e-01
7.582637481391429901e-03 -1.460898667573928833e-02 9.322803616523742676e-01
6.259682588279247284e-03 -1.610961928963661194e-02 9.453041553497314453e-01
5.694302730262279510e-03 -1.852065697312355042e-02 9.620375633239746094e-01
5.556943826377391815e-03 -1.849490031599998474e-02 9.888948798179626465e-01
6.950709037482738495e-03 -2.139528095722198486e-02 9.978041052818298340e-01
6.528276018798351288e-03 -2.723943069577217102e-02 9.930309653282165527e-01
9.679037146270275116e-03 -2.701233699917793274e-02 9.700934886932373047e-01
1.393427234143018723e-02 -2.127258107066154480e-02 9.227337241172790527e-01
7.110114209353923798e-03 -1.638130098581314087e-02 9.068108201026916504e-01
5.164432339370250702e-03 -9.736351668834686279e-03 8.630725741386413574e-01
5.244064144790172577e-03 -8.833423256874084473e-03 7.982454299926757812e-01
6.258872337639331818e-03 -8.693210780620574951e-03 7.889754176139831543e-01
8.334259502589702606e-03 -5.827270448207855225e-03 8.212212920188903809e-01
7.649651728570461273e-03 -3.443084657192230225e-03 8.603146672248840332e-01
8.601122535765171051e-03 -2.677518874406814575e-03 8.714619278907775879e-01
9.660120122134685516e-03 -1.941811293363571167e-03 8.801736831665039062e-01
7.331392727792263031e-03 -5.022890865802764893e-03 8.791154026985168457e-01
4.560365341603755951e-03 -8.876811712980270386e-03 7.476399540901184082e-01
8.085379377007484436e-04 -1.021690294146537781e-02 6.649106144905090332e-01
-1.478902064263820648e-03 -1.258184015750885010e-02 6.344084143638610840e-01
-2.587377093732357025e-03 -1.367284730076789856e-02 6.363197565078735352e-01
-5.626020021736621857e-03 -1.328751072287559509e-02 6.043720841407775879e-01
-7.078372873365879059e-03 -1.353263482451438904e-02 5.774575471878051758e-01
-8.694012649357318878e-03 -1.854124292731285095e-02 5.986148118972778320e-01
-1.136549841612577438e-02 -2.015225216746330261e-02 6.414635181427001953e-01
-7.590827532112598419e-03 -1.543022692203521729e-02 6.403027176856994629e-01
-6.527136079967021942e-03 -1.352928206324577332e-02 6.150979995727539062e-01
-6.321319378912448883e-03 -1.405829563736915588e-02 5.861251950263977051e-01
-7.361765019595623016e-03 -1.365922763943672180e-02 5.719173550605773926e-01
-7.164123468101024628e-03 -1.265751570463180542e-02 5.869447588920593262e-01
-8.882152847945690155e-03 -1.493762806057929993e-02 5.909636616706848145e-01
-1.054649893194437027e-02 -1.787628605961799622e-02 5.655607581138610840e-01
-1.095934119075536728e-02 -1.698346808552742004e-02 5.481624603271484375e-01
-1.058383379131555557e-02 -1.553689315915107727e-02 5.599851608276367188e-01
-9.612779133021831512e-03 -1.559406146407127380e-02 5.803804993629455566e-01
-1.054805982857942581e-02 -1.696357131004333496e-02 5.653772950172424316e-01
-1.235147472470998764e-02 -1.927699148654937744e-02 5.424972772598266602e-01
-1.418489869683980942e-02 -2.117968723177909851e-02 5.045987367630004883e-01
-1.418865751475095749e-02 -1.977365463972091675e-02 4.862174987792968750e-01
-1.571160182356834412e-02 -1.913306489586830139e-02 4.756807684898376465e-01
-1.621661707758903503e-02 -1.863144710659980774e-02 4.688471555709838867e-01
-1.629802584648132324e-02 -1.735160127282142639e-02 4.536585807800292969e-01
-1.610893011093139648e-02 -1.732861623167991638e-02 4.460484385490417480e-01
-1.632240787148475647e-02 -1.761318370699882507e-02 4.436942338943481445e-01
-1.632498204708099365e-02 -1.895357295870780945e-02 4.585930109024047852e-01
-1.371760945767164230e-02 -1.724113151431083679e-02 5.000766515731811523e-01
-8.106100372970104218e-03 -1.212378963828086853e-02 5.422789454460144043e-01
-7.686126045882701874e-03 -1.073883101344108582e-02 5.724037885665893555e-01
-1.459933724254369736e-02 -1.679842919111251831e-02 5.921297073364257812e-01
-1.335865352302789688e-02 -1.739874854683876038e-02 6.237187981605529785e-01
-1.439423952251672745e-02 -2.143890038132667542e-02 6.265196204185485840e-01
-1.316231582313776016e-02 -2.109527215361595154e-02 6.195787787437438965e-01
-1.130569074302911758e-02 -1.999406144022941589e-02 6.035379767417907715e-01
-1.281570550054311752e-02 -2.077494561672210693e-02 5.810754299163818359e-01
-1.522648427635431290e-02 -2.321458980441093445e-02 5.532203316688537598e-01
-1.467879395931959152e-02 -2.356299757957458496e-02 5.239910483360290527e-01
-9.795879013836383820e-03 -1.581442356109619141e-02 5.315414071083068848e-01
-3.307950682938098907e-03 -5.175679922103881836e-03 5.366668105125427246e-01
-6.954648531973361969e-03 -1.285543292760848999e-02 5.350240468978881836e-01
-1.375443022698163986e-02 -2.299864217638969421e-02 5.484509468078613281e-01
-1.358520891517400742e-02 -2.192940562963485718e-02 5.679522752761840820e-01
-1.449277158826589584e-02 -2.326988056302070618e-02 5.685619115829467773e-01
-1.392888557165861130e-02 -2.355616167187690735e-02 5.590575933456420898e-01
-1.017620321363210678e-02 -1.914878189563751221e-02 5.463761091232299805e-01
-9.114702232182025909e-03 -1.723469421267509460e-02 5.303093194961547852e-01
-1.028086338192224503e-02 -1.935834065079689026e-02 5.084085464477539062e-01
-1.237722951918840408e-02 -2.328393980860710144e-02 5.069844722747802734e-01
-1.404313836246728897e-02 -2.738609537482261658e-02 5.192130208015441895e-01
-1.412341464310884476e-02 -2.606975287199020386e-02 5.399492383003234863e-01
-1.374318543821573257e-02 -2.515479549765586853e-02 5.488386154174804688e-01
-1.331934612244367599e-02 -2.419180795550346375e-02 5.435661673545837402e-01
-1.227572467178106308e-02 -2.362715080380439758e-02 5.257809758186340332e-01
-1.217447314411401749e-02 -2.408905699849128723e-02 5.280230641365051270e-01
-1.184197608381509781e-02 -2.480637654662132263e-02 5.388792157173156738e-01
-1.204084698110818863e-02 -2.506599202752113342e-02 5.381569266319274902e-01
-1.258482877165079117e-02 -2.504508569836616516e-02 5.373904109001159668e-01
-1.289150770753622055e-02 -2.496218308806419373e-02 5.377308726310729980e-01
-1.250879932194948196e-02 -2.455246448516845703e-02 5.321393013000488281e-01
-1.246210839599370956e-02 -2.435696870088577271e-02 5.297046899795532227e-01
-1.234562601894140244e-02 -2.381783351302146912e-02 5.361227393150329590e-01
-1.169979665428400040e-02 -2.315780520439147949e-02 5.352675318717956543e-01
-1.104718353599309921e-02 -2.273093536496162415e-02 5.277166962623596191e-01
-1.026338245719671249e-02 -2.175394445657730103e-02 5.179022550582885742e-01
-9.937155060470104218e-03 -2.125181257724761963e-02 5.226197838783264160e-01
-1.052625197917222977e-02 -2.246034517884254456e-02 5.314337611198425293e-01
-1.017612311989068985e-02 -2.195389568805694580e-02 5.308804512023925781e-01
-1.015239860862493515e-02 -2.253352478146553040e-02 5.364724993705749512e-01
-1.066092681139707565e-02 -2.366310730576515198e-02 5.489093661308288574e-01
-1.016829255968332291e-02 -2.261504903435707092e-02 5.562176704406738281e-01
-8.910137228667736053e-03 -2.087949961423873901e-02 5.698513388633728027e-01
-8.796076290309429169e-03 -2.091701701283454895e-02 5.674206018447875977e-01
-8.989728055894374847e-03 -2.122358605265617371e-02 5.570273995399475098e-01
-1.057926472276449203e-02 -2.272800356149673462e-02 5.534954667091369629e-01
-1.154164317995309830e-02 -2.322049811482429504e-02 5.549541711807250977e-01
-1.179458852857351303e-02 -2.260445803403854370e-02 5.538891553878784180e-01
-1.167521160095930099e-02 -2.227655425667762756e-02 5.522844791412353516e-01
-1.109422277659177780e-02 -2.161202952265739441e-02 5.602198243141174316e-01
-1.055033039301633835e-02 -2.128950878977775574e-02 5.642543435096740723e-01
-1.060736645013093948e-02 -2.188032492995262146e-02 5.551998615264892578e-01
-1.099882554262876511e-02 -2.194771170616149902e-02 5.477976202964782715e-01
-1.213071774691343307e-02 -2.374982833862304688e-02 5.389734506607055664e-01
-1.256704609841108322e-02 -2.426171302795410156e-02 5.316548943519592285e-01
-1.226391922682523727e-02 -2.467982843518257141e-02 5.377985835075378418e-01
-1.171090546995401382e-02 -2.334384620189666748e-02 5.442811250686645508e-01
-1.159053202718496323e-02 -2.275421842932701111e-02 5.471065044403076172e-01
-1.260749902576208115e-02 -2.455642446875572205e-02 5.513330101966857910e-01
-1.336426753550767899e-02 -2.576975896954536438e-02 5.601016283035278320e-01
-1.275761891156435013e-02 -2.539024129509925842e-02 5.696671605110168457e-01
-1.268399786204099655e-02 -2.539607882499694824e-02 5.736230015754699707e-01
-1.367001887410879135e-02 -2.572340145707130432e-02 5.667889118194580078e-01
-1.311103720217943192e-02 -2.449328824877738953e-02 5.616163015365600586e-01
-1.208629552274942398e-02 -2.246337011456489563e-02 5.643170475959777832e-01
-1.278954092413187027e-02 -2.307041361927986145e-02 5.682407617568969727e-01
-1.214296650141477585e-02 -2.254803106188774109e-02 5.709457993507385254e-01
-1.103215012699365616e-02 -2.149762585759162903e-02 5.809434652328491211e-01
-1.158849056810140610e-02 -2.283091470599174500e-02 5.823289752006530762e-01
-1.300702523440122604e-02 -2.529378607869148254e-02 5.771738290786743164e-01
-1.428228896111249924e-02 -2.787121757864952087e-02 5.719403624534606934e-01
-1.451214682310819626e-02 -2.873517200350761414e-02 5.723597407341003418e-01
-1.324729900807142258e-02 -2.649023383855819702e-02 5.825589895248413086e-01
-1.291286665946245193e-02 -2.548101916909217834e-02 5.842820405960083008e-01
-1.310318801552057266e-02 -2.584734186530113220e-02 5.859495401382446289e-01
-1.332483906298875809e-02 -2.624892070889472961e-02 5.873076915740966797e-01
-1.328311581164598465e-02 -2.586183696985244751e-02 5.930545330047607422e-01
-1.348743308335542679e-02 -2.617907524108886719e-02 5.908190011978149414e-01
-1.350225415080785751e-02 -2.568763867020606995e-02 5.821114778518676758e-01
-1.367448177188634872e-02 -2.437735348939895630e-02 5.824928283691406250e-01
-1.384136918932199478e-02 -2.429720759391784668e-02 5.882188081741333008e-01
-1.369300018996000290e-02 -2.499525621533393860e-02 5.853977799415588379e-01
-1.348289381712675095e-02 -2.479273825883865356e-02 5.856556892395019531e-01
-1.355371158570051193e-02 -2.354107424616813660e-02 6.040390133857727051e-01
-1.384727004915475845e-02 -2.333870902657508850e-02 6.025316119194030762e-01
-1.488192658871412277e-02 -2.631558477878570557e-02 5.861329436302185059e-01
-1.484233234077692032e-02 -2.751252427697181702e-02 5.746606588363647461e-01
-1.403548102825880051e-02 -2.763621881604194641e-02 5.659129023551940918e-01
-1.397040765732526779e-02 -2.764368429780006409e-02 5.651286840438842773e-01
-1.489390525966882706e-02 -2.694585546851158142e-02 5.670070052146911621e-01
-1.504291873425245285e-02 -2.616807073354721069e-02 5.715070962905883789e-01
-1.424312312155961990e-02 -2.545242384076118469e-02 5.653422474861145020e-01
-1.405466999858617783e-02 -2.610621973872184753e-02 5.594740509986877441e-01
-1.389659475535154343e-02 -2.650957927107810974e-02 5.527315735816955566e-01
-1.422984618693590164e-02 -2.679343894124031067e-02 5.451861023902893066e-01
-1.459979917854070663e-02 -2.724013850092887878e-02 5.474682450294494629e-01
-1.480428408831357956e-02 -2.736257389187812805e-02 5.501169562339782715e-01
-1.394282747060060501e-02 -2.757509425282478333e-02 5.557896494865417480e-01
-1.436030026525259018e-02 -2.826369926333427429e-02 5.579906105995178223e-01
-1.552850659936666489e-02 -2.837928012013435364e-02 5.584235787391662598e-01
-1.581583544611930847e-02 -2.885238453745841980e-02 5.626553893089294434e-01
-1.573242247104644775e-02 -2.789739146828651428e-02 5.552032589912414551e-01
-1.475272607058286667e-02 -2.615797147154808044e-02 5.375469326972961426e-01
-1.439686585217714310e-02 -2.535818889737129211e-02 5.308884978294372559e-01
-1.527912262827157974e-02 -2.608972042798995972e-02 5.413186550140380859e-01
-1.604050025343894958e-02 -2.616389468312263489e-02 5.570495724678039551e-01
-1.565943285822868347e-02 -2.607761695981025696e-02 5.680204629898071289e-01
-1.570268347859382629e-02 -2.702404186129570007e-02 5.778098106384277344e-01
-1.566427573561668396e-02 -2.668742090463638306e-02 5.811331272125244141e-01
-1.467663329094648361e-02 -2.516581490635871887e-02 5.618278980255126953e-01
-1.420425530523061752e-02 -2.276875078678131104e-02 5.402269363403320312e-01
-1.445986982434988022e-02 -2.082480862736701965e-02 5.335780978202819824e-01
-1.505763921886682510e-02 -2.069120854139328003e-02 5.301303267478942871e-01
-1.503645535558462143e-02 -2.228083834052085876e-02 5.372890830039978027e-01
-1.450766343623399734e-02 -2.366658672690391541e-02 5.452224016189575195e-01
-1.453157979995012283e-02 -2.533045038580894470e-02 5.549950003623962402e-01
-1.490337494760751724e-02 -2.677749469876289368e-02 5.605282187461853027e-01
-1.557971443980932236e-02 -2.833713963627815247e-02 5.726020932197570801e-01
-1.457061711698770523e-02 -2.773081511259078979e-02 5.950724482536315918e-01
-1.340455841273069382e-02 -2.613108977675437927e-02 6.251361370086669922e-01
-1.445975061506032944e-02 -2.472435683012008667e-02 6.354139447212219238e-01
-1.522641349583864212e-02 -2.644296735525131226e-02 6.363962292671203613e-01
-1.543303299695253372e-02 -2.937716245651245117e-02 6.102402210235595703e-01
-1.483842637389898300e-02 -3.030940890312194824e-02 5.688867568969726562e-01
-1.052610855549573898e-02 -2.599200978875160217e-02 5.548673868179321289e-01
-7.804547436535358429e-03 -2.084030583500862122e-02 6.079577207565307617e-01
-1.400587242096662521e-02 -2.345872670412063599e-02 5.813416838645935059e-01
-1.438015792518854141e-02 -2.495306357741355896e-02 5.756497979164123535e-01
-1.408945862203836441e-02 -2.400909364223480225e-02 5.735856890678405762e-01
-1.253638137131929398e-02 -2.271231636404991150e-02 5.674964189529418945e-01
-1.175268832594156265e-02 -2.212220057845115662e-02 5.673240423202514648e-01
-1.146897207945585251e-02 -2.304033562541007996e-02 5.809144973754882812e-01
-1.119235437363386154e-02 -2.260158583521842957e-02 5.851154923439025879e-01
-1.113540586084127426e-02 -2.218360081315040588e-02 5.816857814788818359e-01
-1.149070542305707932e-02 -2.303618565201759338e-02 5.745941996574401855e-01
-1.108744833618402481e-02 -2.223651856184005737e-02 5.673624277114868164e-01
-1.069785002619028091e-02 -2.126206085085868835e-02 5.568331480026245117e-01
-1.070960890501737595e-02 -2.096495404839515686e-02 5.542005896568298340e-01
-1.060812827199697495e-02 -2.003592997789382935e-02 5.547484159469604492e-01
-1.061187218874692917e-02 -1.941924914717674255e-02 5.604164004325866699e-01
-1.120041776448488235e-02 -2.030597999691963196e-02 5.671848058700561523e-01
-1.118184532970190048e-02 -2.020292356610298157e-02 5.665814876556396484e-01
-1.091986615210771561e-02 -1.895729824900627136e-02 5.577573180198669434e-01
-1.177240256220102310e-02 -1.896513625979423523e-02 5.536672472953796387e-01
-1.292339060455560684e-02 -1.929829642176628113e-02 5.523080229759216309e-01
-1.339014712721109390e-02 -1.885065436363220215e-02 5.434668660163879395e-01
-1.379725802689790726e-02 -2.015564963221549988e-02 5.426588058471679688e-01
-1.415674667805433273e-02 -2.130309119820594788e-02 5.443589091300964355e-01
-1.469212677329778671e-02 -2.149370685219764709e-02 5.372195243835449219e-01
-1.486783195286989212e-02 -2.092647925019264221e-02 5.301181077957153320e-01
-1.531580369919538498e-02 -2.148592099547386169e-02 5.283747315406799316e-01
-1.599786058068275452e-02 -2.251186594367027283e-02 5.203330516815185547e-01
-1.678899303078651428e-02 -2.413940802216529846e-02 5.266792774200439453e-01
-1.779310405254364014e-02 -2.555108442902565002e-02 5.319358110427856445e-01
-1.824004203081130981e-02 -2.579377964138984680e-02 5.284731984138488770e-01
-1.754184067249298096e-02 -2.626709267497062683e-02 5.242211222648620605e-01
-1.609791442751884460e-02 -2.551588043570518494e-02 5.168025493621826172e-01
-1.537257898598909378e-02 -2.468090131878852844e-02 5.148253440856933594e-01
-1.536364387720823288e-02 -2.447956427931785583e-02 5.158220529556274414e-01
-1.485441718250513077e-02 -2.462420985102653503e-02 5.245596766471862793e-01
-1.401646528393030167e-02 -2.419055998325347900e-02 5.300897955894470215e-01
-1.299120020121335983e-02 -2.400221303105354309e-02 5.348682999610900879e-01
-1.357008982449769974e-02 -2.353854104876518250e-02 5.377674102783203125e-01
-1.405652519315481186e-02 -2.231095731258392334e-02 5.310034751892089844e-01
-1.307738851755857468e-02 -2.187496051192283630e-02 5.303770303726196289e-01
-1.221277844160795212e-02 -2.208389714360237122e-02 5.332593917846679688e-01
-1.244794856756925583e-02 -2.184809371829032898e-02 5.345590114593505859e-01
-1.259032730013132095e-02 -2.209540829062461853e-02 5.330396890640258789e-01
-1.331790070980787277e-02 -2.168629691004753113e-02 5.223904252052307129e-01
-1.358145568519830704e-02 -2.053978666663169861e-02 5.123025774955749512e-01
-1.386608090251684189e-02 -2.100401744246482849e-02 5.117294788360595703e-01
-1.453041192144155502e-02 -2.123130857944488525e-02 5.176870226860046387e-01
-1.428631413727998734e-02 -2.091414853930473328e-02 5.177490115165710449e-01
-1.297427434474229813e-02 -2.046047523617744446e-02 5.160304903984069824e-01
-1.271826494485139847e-02 -2.067743614315986633e-02 5.205036997795104980e-01
-1.255223248153924942e-02 -2.037005499005317688e-02 5.223076939582824707e-01
-1.062188763171434402e-02 -1.812835037708282471e-02 5.207982659339904785e-01
-9.783114306628704071e-03 -1.918756589293479919e-02 5.120168328285217285e-01
-9.451967664062976837e-03 -2.105187997221946716e-02 5.099880695343017578e-01
-9.784066118299961090e-03 -2.087067067623138428e-02 5.050178766250610352e-01
-1.139546092599630356e-02 -2.099848166108131409e-02 5.123391151428222656e-01
-1.353146787732839584e-02 -2.202343195676803589e-02 5.268516540527343750e-01
-1.500767190009355545e-02 -2.345786988735198975e-02 5.350370407104492188e-01
-1.338622625917196274e-02 -2.159582823514938354e-02 5.253101587295532227e-01
-1.341468561440706253e-02 -2.056575194001197815e-02 5.153589844703674316e-01
-1.344520505517721176e-02 -2.107294276356697083e-02 5.145224928855895996e-01
-1.214573252946138382e-02 -1.982916891574859619e-02 5.310135483741760254e-01
-1.119766104966402054e-02 -1.970964670181274414e-02 5.477723479270935059e-01
-1.262512523680925369e-02 -2.114821597933769226e-02 5.360170602798461914e-01
-1.408649701625108719e-02 -2.112706378102302551e-02 5.314660668373107910e-01
-1.372337806969881058e-02 -1.869763806462287903e-02 5.573400855064392090e-01
-1.332789752632379532e-02 -1.783896982669830322e-02 5.664062500000000000e-01
-1.394378487020730972e-02 -1.958543807268142700e-02 5.521405339241027832e-01
-1.413124520331621170e-02 -1.989511772990226746e-02 5.409872531890869141e-01
-1.345694158226251602e-02 -1.797016337513923645e-02 5.382784605026245117e-01
-1.199065614491701126e-02 -1.705216988921165466e-02 5.426575541496276855e-01
-1.093947235494852066e-02 -1.501363888382911682e-02 5.351505875587463379e-01
-1.246535498648881912e-02 -1.689895614981651306e-02 5.360362529754638672e-01
-9.256218560039997101e-03 -1.227774843573570251e-02 5.304237008094787598e-01
-5.389195866882801056e-03 -9.890101850032806396e-03 5.250844359397888184e-01
-4.879479296505451202e-03 -9.576939046382904053e-03 5.304625630378723145e-01
-5.711653269827365875e-03 -1.065740361809730530e-02 5.274583697319030762e-01
-6.588102318346500397e-03 -1.184925436973571777e-02 5.194557905197143555e-01
-6.645639427006244659e-03 -1.146801933646202087e-02 5.134176611900329590e-01
-5.946421064436435699e-03 -9.007055312395095825e-03 5.149037837982177734e-01
-5.430453456938266754e-03 -5.875062197446823120e-03 5.294647216796875000e-01
-2.477371133863925934e-03 -5.107056349515914917e-03 5.495386123657226562e-01
-9.443322196602821350e-04 -5.568236112594604492e-03 5.562016367912292480e-01
-1.187545247375965118e-03 -6.696093827486038208e-03 5.476984977722167969e-01
-2.003096975386142731e-03 -5.106065422296524048e-03 5.362316370010375977e-01
-2.435442991554737091e-03 -4.994153976440429688e-03 5.310583710670471191e-01
-2.814044244587421417e-03 -5.894538015127182007e-03 5.308716297149658203e-01
-3.432475961744785309e-03 -5.539905279874801636e-03 5.380193591117858887e-01
-4.162729717791080475e-03 -5.606252700090408325e-03 5.551114082336425781e-01
-5.513248033821582794e-03 -6.628993898630142212e-03 5.622009038925170898e-01
-4.890744574368000031e-03 -5.934331566095352173e-03 5.664412379264831543e-01
-5.092524923384189606e-03 -8.077833801507949829e-03 5.657931566238403320e-01
-3.190354444086551666e-03 -8.080348372459411621e-03 5.513473749160766602e-01
-3.831044770777225494e-03 -9.154189378023147583e-03 5.461370348930358887e-01
-5.225528962910175323e-03 -1.027283072471618652e-02 5.567229986190795898e-01
-6.511663086712360382e-03 -9.964127093553543091e-03 5.732420086860656738e-01
-8.399878628551959991e-03 -9.989701211452484131e-03 5.738402009010314941e-01
-9.496838785707950592e-03 -1.054318621754646301e-02 5.635851025581359863e-01
-9.409387595951557159e-03 -1.260195299983024597e-02 5.566583871841430664e-01
-7.995448075234889984e-03 -1.448153331875801086e-02 5.653451085090637207e-01
-7.409545592963695526e-03 -1.481892913579940796e-02 5.773894190788269043e-01
-6.139921955764293671e-03 -1.294455304741859436e-02 5.955004692077636719e-01
-4.979402758181095123e-03 -1.124328374862670898e-02 6.077849864959716797e-01
-6.006174720823764801e-03 -1.126440986990928650e-02 6.056694388389587402e-01
-7.230679504573345184e-03 -1.144140958786010742e-02 6.064895391464233398e-01
-7.820677943527698517e-03 -1.164272055029869080e-02 5.974462628364562988e-01
-4.850053228437900543e-03 -7.708217948675155640e-03 6.069638133049011230e-01
-7.244669832289218903e-03 -9.382672607898712158e-03 6.041498780250549316e-01
-1.399376895278692245e-02 -1.760032027959823608e-02 5.314604640007019043e-01
-1.658436283469200134e-02 -2.303081750869750977e-02 4.747647047042846680e-01
-1.360946241766214371e-02 -1.993424817919731140e-02 4.718572497367858887e-01
-1.069248560816049576e-02 -1.610513031482696533e-02 4.799804687500000000e-01
-1.067370083183050156e-02 -1.769443228840827942e-02 5.112540125846862793e-01
-9.805885143578052521e-03 -1.728529855608940125e-02 5.328210592269897461e-01
-9.875756688416004181e-03 -1.570801809430122375e-02 5.384845733642578125e-01
-9.296630509197711945e-03 -1.457454264163970947e-02 5.469452142715454102e-01
-7.555068470537662506e-03 -1.183180883526802063e-02 5.783741474151611328e-01
-8.633193559944629669e-03 -1.249170675873756409e-02 5.876387953758239746e-01
-1.068311464041471481e-02 -1.404732838273048401e-02 5.886489748954772949e-01
-1.226248126477003098e-02 -1.535483449697494507e-02 5.738015770912170410e-01
-1.315911021083593369e-02 -1.681007817387580872e-02 5.620593428611755371e-01
-1.328381989151239395e-02 -1.816130802035331726e-02 5.534155368804931641e-01
-1.274409983307123184e-02 -1.834648475050926208e-02 5.422640442848205566e-01
-1.167952548712491989e-02 -1.805160194635391235e-02 5.357919335365295410e-01
-9.581930004060268402e-03 -1.596250757575035095e-02 5.366986393928527832e-01
-7.712249644100666046e-03 -1.322397962212562561e-02 5.365366935729980469e-01
-5.885611288249492645e-03 -1.081865280866622925e-02 5.475227832794189453e-01
-4.427419044077396393e-03 -9.778078645467758179e-03 5.676210522651672363e-01
-4.533727653324604034e-03 -1.127405092120170593e-02 5.636775493621826172e-01
-3.684327937662601471e-03 -1.061517372727394104e-02 5.476999282836914062e-01
-3.083785064518451691e-03 -7.243480533361434937e-03 5.661071538925170898e-01
-3.066361881792545319e-03 -5.503822118043899536e-03 5.818474888801574707e-01
-1.179601065814495087e-03 -3.342296928167343140e-03 5.893566012382507324e-01
-7.451800629496574402e-04 -1.983899623155593872e-03 5.944706201553344727e-01
-8.403556421399116516e-04 4.815645515918731689e-04 5.967556238174438477e-01
-6.615454331040382385e-04 -5.686283111572265625e-05 6.085154414176940918e-01
-4.491182044148445129e-04 1.600272953510284424e-04 6.157436966896057129e-01
-2.176677808165550232e-04 5.878545343875885010e-04 6.192622780799865723e-01
-1.586275175213813782e-04 1.062769442796707153e-03 6.121315956115722656e-01
5.328310653567314148e-04 1.000765711069107056e-03 6.236259341239929199e-01
2.261986956000328064e-04 -1.557126641273498535e-03 6.401806473731994629e-01
3.976281732320785522e-05 -3.457229584455490112e-03 6.656530499458312988e-01
5.719615146517753601e-04 -6.073925644159317017e-03 6.776635646820068359e-01
1.093757338821887970e-03 -7.563743740320205688e-03 6.697574257850646973e-01
1.332215033471584320e-03 -7.920902222394943237e-03 6.701262593269348145e-01
6.575649604201316833e-04 -1.049501821398735046e-02 6.700814366340637207e-01
-5.667889490723609924e-04 -1.381739601492881775e-02 6.634501814842224121e-01
-2.372759394347667694e-03 -1.588261127471923828e-02 6.771730780601501465e-01
-2.907902933657169342e-03 -1.757864654064178467e-02 6.765112876892089844e-01
-3.738182596862316132e-03 -1.770250126719474792e-02 6.712037920951843262e-01
-3.287849016487598419e-03 -1.649489253759384155e-02 6.883469820022583008e-01
-2.160777337849140167e-03 -1.423998922109603882e-02 6.973864436149597168e-01
-6.624804809689521790e-04 -1.354936882853507996e-02 6.764901280403137207e-01
3.569199703633785248e-03 -1.142888516187667847e-02 6.859081983566284180e-01
5.065188743174076080e-03 -1.056632772088050842e-02 6.877830028533935547e-01
4.040687344968318939e-03 -7.820218801498413086e-03 6.693919301033020020e-01
2.155692316591739655e-03 -7.611349225044250488e-03 6.423273682594299316e-01
1.277389936149120331e-03 -6.864167749881744385e-03 6.337860226631164551e-01
-2.911975607275962830e-04 -8.338321000337600708e-03 6.349831223487854004e-01
-2.550764940679073334e-03 -1.073997840285301208e-02 6.132868528366088867e-01
-4.471917636692523956e-03 -1.274104043841362000e-02 5.992961525917053223e-01
-5.083347670733928680e-03 -1.293386891484260559e-02 6.104161739349365234e-01
-4.042361862957477570e-03 -1.627429947257041931e-02 6.756538152694702148e-01
-1.307540573179721832e-03 -1.826566085219383240e-02 7.210739254951477051e-01
-2.296217717230319977e-03 -1.935024559497833252e-02 7.230390906333923340e-01
-5.449834279716014862e-03 -2.049985900521278381e-02 7.058240771293640137e-01
-6.842453964054584503e-03 -2.155994996428489685e-02 7.018611431121826172e-01
-6.706033833324909210e-03 -2.275663614273071289e-02 7.288340926170349121e-01
-7.310110144317150116e-03 -2.414739131927490234e-02 7.284569144248962402e-01
-7.440879009664058685e-03 -2.439976111054420471e-02 7.379527091979980469e-01
-7.791054435074329376e-03 -2.512006834149360657e-02 7.446855306625366211e-01
-6.475766189396381378e-03 -2.281837165355682373e-02 7.406997680664062500e-01
-5.096786655485630035e-03 -1.954292133450508118e-02 7.423710227012634277e-01
-6.538915447890758514e-03 -1.977266371250152588e-02 7.497814893722534180e-01
-5.603871308267116547e-03 -1.973566040396690369e-02 7.668764591217041016e-01
-5.631756968796253204e-03 -2.249554917216300964e-02 7.842102050781250000e-01
-6.384355016052722931e-03 -2.449784800410270691e-02 7.853566408157348633e-01
-4.613428376615047455e-03 -2.464419975876808167e-02 7.782958149909973145e-01
-2.489537931978702545e-03 -2.228292450308799744e-02 7.615742683410644531e-01
-1.833480782806873322e-03 -2.019761875271797180e-02 7.617289423942565918e-01
-1.486443914473056793e-03 -1.832111179828643799e-02 7.520429491996765137e-01
4.477705806493759155e-05 -1.598074659705162048e-02 7.331781983375549316e-01
1.350377686321735382e-03 -1.481217518448829651e-02 7.366332411766052246e-01
1.305594108998775482e-03 -1.562285050749778748e-02 7.324811816215515137e-01
-6.035538390278816223e-04 -1.722767204046249390e-02 7.077867984771728516e-01
-2.239820547401905060e-03 -1.782380416989326477e-02 6.951226592063903809e-01
-2.544614486396312714e-03 -1.612401381134986877e-02 6.766721606254577637e-01
-1.564525999128818512e-03 -1.474166288971900940e-02 6.567139029502868652e-01
-1.050411723554134369e-03 -1.179106160998344421e-02 6.579725146293640137e-01
1.371857710182666779e-03 -4.551347345113754272e-03 6.698798537254333496e-01
2.268684096634387970e-03 -3.860894590616226196e-03 6.989430785179138184e-01
2.362330444157123566e-03 -5.016021430492401123e-03 7.187073826789855957e-01
1.479539088904857635e-03 -6.751131266355514526e-03 7.084870934486389160e-01
-6.151208654046058655e-04 -7.962893694639205933e-03 6.961038708686828613e-01
-1.404943875968456268e-03 -8.975993841886520386e-03 6.984820365905761719e-01
-3.859846852719783783e-03 -9.470842778682708740e-03 6.896715760231018066e-01
-8.149200119078159332e-03 -1.296338066458702087e-02 6.681707501411437988e-01
-8.976307697594165802e-03 -1.360860466957092285e-02 6.709695458412170410e-01
-9.678077884018421173e-03 -1.505906507372856140e-02 6.757175326347351074e-01
-7.428352721035480499e-03 -1.417485997080802917e-02 6.857432723045349121e-01
-4.250018857419490814e-03 -8.946593850851058960e-03 7.105731964111328125e-01
-4.645696841180324554e-03 -5.938563495874404907e-03 7.063861489295959473e-01
-5.996795371174812317e-03 -7.548831403255462646e-03 6.945713758468627930e-01
-9.651966392993927002e-03 -8.558534085750579834e-03 6.711564660072326660e-01
-1.076131034642457962e-02 -6.096657365560531616e-03 6.584649682044982910e-01
-1.049784105271100998e-02 -2.151515334844589233e-03 6.474846005439758301e-01
-9.386627934873104095e-03 -2.435222268104553223e-04 6.380782127380371094e-01
-8.083359338343143463e-03 1.164350658655166626e-03 6.452079415321350098e-01
-6.231078878045082092e-03 7.306821644306182861e-04 6.594001054763793945e-01
-4.459188319742679596e-03 3.030795603990554810e-03 6.668251752853393555e-01
-4.502738825976848602e-03 4.457805305719375610e-03 6.766276359558105469e-01
-8.699754253029823303e-04 3.761041909456253052e-03 6.957043409347534180e-01
5.435311235487461090e-03 1.010958105325698853e-03 7.444301247596740723e-01
2.764697186648845673e-03 2.832170575857162476e-03 7.358685135841369629e-01
1.664717681705951691e-03 2.976495772600173950e-03 6.590672135353088379e-01
-9.492756798863410950e-04 -2.143155783414840698e-03 6.275412440299987793e-01
-4.679457284510135651e-03 -9.279776364564895630e-03 6.147973537445068359e-01
-6.195989437401294708e-03 -1.359594985842704773e-02 6.225000023841857910e-01
-8.570219390094280243e-03 -1.841100305318832397e-02 6.321203112602233887e-01
-4.098805598914623260e-03 -1.766112819314002991e-02 6.680017709732055664e-01
-4.567963071167469025e-03 -1.714031398296356201e-02 6.703693866729736328e-01
-6.776739843189716339e-03 -1.923861727118492126e-02 6.666482090950012207e-01
-4.404856823384761810e-03 -1.584083959460258484e-02 7.308594584465026855e-01
-4.863872192800045013e-03 -1.272405311465263367e-02 8.645313382148742676e-01
-6.102846004068851471e-03 -1.319905743002891541e-02 7.946491241455078125e-01
-3.606510348618030548e-03 -1.388619467616081238e-02 7.729075551033020020e-01
-2.839502878487110138e-03 -1.709708198904991150e-02 8.101131319999694824e-01
-5.905861034989356995e-04 -1.515473797917366028e-02 8.238829970359802246e-01
-2.083946950733661652e-03 -1.911167427897453308e-02 7.904873490333557129e-01
-6.339895538985729218e-03 -2.633943036198616028e-02 8.053227663040161133e-01
-1.059819106012582779e-02 -3.222364559769630432e-02 8.086019158363342285e-01
-1.191332936286926270e-02 -3.189044073224067688e-02 8.348523378372192383e-01
-1.160573679953813553e-02 -2.725451812148094177e-02 8.633434772491455078e-01
-9.846867062151432037e-03 -2.146890386939048767e-02 8.714179992675781250e-01
-9.622694924473762512e-04 -1.249480247497558594e-02 8.359723687171936035e-01
3.461879678070545197e-03 -1.784036681056022644e-02 8.140297532081604004e-01
3.359167836606502533e-03 -2.021669968962669373e-02 7.818541526794433594e-01
-1.044841483235359192e-04 -1.723336055874824524e-02 7.717216014862060547e-01
2.630108036100864410e-03 -9.705360978841781616e-03 8.368287682533264160e-01
2.466809935867786407e-03 -7.772970944643020630e-03 8.603878021240234375e-01
-1.433040015399456024e-03 -8.883770555257797241e-03 8.573914170265197754e-01
-2.361376769840717316e-03 -9.004611521959304810e-03 8.935604691505432129e-01
-2.512211911380290985e-03 -1.245270669460296631e-02 8.682617545127868652e-01
-6.385250017046928406e-04 -1.511142030358314514e-02 9.193938374519348145e-01
-4.183361306786537170e-04 -1.523935049772262573e-02 9.655717611312866211e-01
1.023543067276477814e-03 -1.379456743597984314e-02 9.383759498596191406e-01
2.199321053922176361e-03 -1.406688988208770752e-02 8.899508118629455566e-01
5.738427862524986267e-04 -1.759861037135124207e-02 8.231081366539001465e-01
-1.419068314135074615e-03 -2.019122615456581116e-02 8.266977667808532715e-01
-5.322360433638095856e-03 -2.375973388552665710e-02 8.700352311134338379e-01
-2.738107927143573761e-03 -2.043641731142997742e-02 9.125707149505615234e-01
-2.192222513258457184e-03 -1.952161267399787903e-02 8.527591824531555176e-01
-1.067378558218479156e-03 -1.766421273350715637e-02 8.325640559196472168e-01
2.073775976896286011e-05 -1.576614752411842346e-02 7.546060085296630859e-01
-2.140949480235576630e-03 -1.826767250895500183e-02 7.522699236869812012e-01
-2.615933306515216827e-03 -1.910437270998954773e-02 7.887365221977233887e-01
-3.572436980903148651e-03 -1.815752312541007996e-02 7.908528447151184082e-01
-7.493672892451286316e-04 -1.434522494673728943e-02 7.823414206504821777e-01
-1.398523338139057159e-03 -1.419314369559288025e-02 7.722676396369934082e-01
-2.311675809323787689e-03 -1.196766644716262817e-02 7.600719928741455078e-01
-2.968278713524341583e-03 -6.969984620809555054e-03 7.506161332130432129e-01
-4.228381440043449402e-04 -2.294238656759262085e-03 7.728993892669677734e-01
-1.030311919748783112e-03 -5.937073379755020142e-03 7.474314570426940918e-01
-4.044557921588420868e-03 -1.247477158904075623e-02 6.864128708839416504e-01
-3.621677868068218231e-03 -1.403455063700675964e-02 6.885258555412292480e-01
-1.119399350136518478e-02 -1.971535384654998779e-02 6.686831116676330566e-01
-1.402555312961339951e-02 -2.166444435715675354e-02 6.608818173408508301e-01
-1.126440893858671188e-02 -2.004687860608100891e-02 6.718285679817199707e-01
-9.277598001062870026e-03 -1.332014054059982300e-02 7.102637290954589844e-01
-6.967353634536266327e-03 -8.339140564203262329e-03 7.337058186531066895e-01
-8.093765936791896820e-03 -9.628929197788238525e-03 7.045847773551940918e-01
-6.218384020030498505e-03 -1.089011877775192261e-02 6.553105115890502930e-01
-7.726767100393772125e-03 -1.057805493474006653e-02 6.490191817283630371e-01
-8.533998392522335052e-03 -1.201961562037467957e-02 6.461479663848876953e-01
-1.177112292498350143e-02 -1.485989987850189209e-02 6.560551524162292480e-01
-1.361792068928480148e-02 -1.705117523670196533e-02 6.897416710853576660e-01
-1.021703984588384628e-02 -1.308349147439002991e-02 6.591817736625671387e-01
-9.278663434088230133e-03 -9.723324328660964966e-03 6.335452795028686523e-01
-1.018908340483903885e-02 -8.553627878427505493e-03 6.610129475593566895e-01
-1.253317948430776596e-02 -1.222976669669151306e-02 6.555860042572021484e-01
-1.241291780024766922e-02 -1.129812374711036682e-02 6.559250950813293457e-01
-1.089977566152811050e-02 -1.300015300512313843e-02 6.543745398521423340e-01
-9.874043054878711700e-03 -1.354626938700675964e-02 6.474695205688476562e-01
-9.134297259151935577e-03 -1.584390178322792053e-02 6.697250008583068848e-01
-1.021577138453722000e-02 -1.415403559803962708e-02 6.847487688064575195e-01
-8.556705899536609650e-03 -1.511440798640251160e-02 6.772771477699279785e-01
-9.580834768712520599e-03 -1.693168282508850098e-02 6.645036339759826660e-01
-1.142394263297319412e-02 -1.826184242963790894e-02 6.658519506454467773e-01
-1.062022615224123001e-02 -1.620971783995628357e-02 6.620101928710937500e-01
-9.209006093442440033e-03 -1.347890868782997131e-02 6.710258126258850098e-01
-5.369015969336032867e-03 -1.249283552169799805e-02 6.959423422813415527e-01
-5.330497398972511292e-03 -8.898995816707611084e-03 7.043958306312561035e-01
-6.147546693682670593e-03 -8.164949715137481689e-03 7.060351967811584473e-01
-6.684023886919021606e-03 -1.023343577980995178e-02 7.041751146316528320e-01
-5.621416494250297546e-03 -1.214274391531944275e-02 7.197644710540771484e-01
-3.287417814135551453e-03 -1.131338626146316528e-02 7.355076074600219727e-01
-2.858266234397888184e-03 -1.012413203716278076e-02 7.231472134590148926e-01
-5.997668951749801636e-03 -7.120344787836074829e-03 6.929968595504760742e-01
-7.478005252778530121e-03 -3.012750297784805298e-03 6.594417691230773926e-01
-9.995975531637668610e-03 -7.581457495689392090e-03 6.373122930526733398e-01
-2.959645353257656097e-03 -5.348902195692062378e-03 6.989673972129821777e-01
3.122800029814243317e-03 -1.599173992872238159e-02 7.454344630241394043e-01
3.266756422817707062e-03 -1.521544530987739563e-02 7.087593674659729004e-01
-1.323683653026819229e-02 -1.289223507046699524e-02 6.572799086570739746e-01
-1.005825679749250412e-02 -1.173668727278709412e-02 6.596471667289733887e-01
-8.072436787188053131e-03 -1.146873459219932556e-02 6.671523451805114746e-01
-8.016225881874561310e-03 -1.092513278126716614e-02 6.764170527458190918e-01
-7.783341221511363983e-03 -9.833682328462600708e-03 6.658515334129333496e-01
-8.468256331980228424e-03 -9.185474365949630737e-03 6.622478365898132324e-01
-7.132363505661487579e-03 -8.624751120805740356e-03 6.803196668624877930e-01
-6.332588382065296173e-03 -8.587498217821121216e-03 6.798906922340393066e-01
-5.879125557839870453e-03 -9.530652314424514771e-03 6.705895662307739258e-01
-6.900171749293804169e-03 -1.176765933632850647e-02 6.600866317749023438e-01
-8.288924582302570343e-03 -1.303723454475402832e-02 6.624583601951599121e-01
-7.614587433636188507e-03 -1.396110281348228455e-02 6.329326629638671875e-01
-8.224618621170520782e-03 -1.509897410869598389e-02 6.220534443855285645e-01
-8.705825544893741608e-03 -1.685572043061256409e-02 6.160736083984375000e-01
-8.670040406286716461e-03 -1.534480974078178406e-02 6.186056733131408691e-01
-6.776933558285236359e-03 -1.626467704772949219e-02 6.388367414474487305e-01
-7.500891573727130890e-03 -1.927774399518966675e-02 6.603106856346130371e-01
-7.081591524183750153e-03 -1.812833920121192932e-02 6.605831980705261230e-01
-5.864444188773632050e-03 -1.689999923110008240e-02 6.482511162757873535e-01
-5.245530046522617340e-03 -1.760063692927360535e-02 6.442590355873107910e-01
-4.562704823911190033e-03 -1.838954910635948181e-02 6.391609311103820801e-01
-4.243898205459117889e-03 -1.843227073550224304e-02 6.286394000053405762e-01
-6.780189462006092072e-03 -1.902107894420623779e-02 5.944685935974121094e-01
-7.777527906000614166e-03 -1.967438682913780212e-02 5.844346284866333008e-01
-8.090487681329250336e-03 -1.832578703761100769e-02 5.698695182800292969e-01
-8.050230331718921661e-03 -1.758888363838195801e-02 5.625259280204772949e-01
-7.223148830235004425e-03 -1.905728876590728760e-02 5.327337384223937988e-01
-7.278912700712680817e-03 -2.172406390309333801e-02 5.085193514823913574e-01
-5.818094126880168915e-03 -1.981392130255699158e-02 5.343511104583740234e-01
-6.364435888826847076e-03 -1.835645362734794617e-02 5.288867354393005371e-01
-4.793728701770305634e-03 -2.277829870581626892e-02 5.203900337219238281e-01
-6.712147034704685211e-03 -2.854219824075698853e-02 5.249629020690917969e-01
-1.158179715275764465e-02 -1.895071938633918762e-02 5.243505835533142090e-01
-8.728210814297199249e-03 -9.808167815208435059e-03 5.927816629409790039e-01
-4.808249883353710175e-03 -9.402129799127578735e-03 6.043270230293273926e-01
-4.773057065904140472e-03 -1.537905633449554443e-02 5.857778787612915039e-01
-1.092808414250612259e-02 -2.164930477738380432e-02 5.680068731307983398e-01
-1.308213453739881516e-02 -2.600884810090065002e-02 5.806425809860229492e-01
-1.105464156717061996e-02 -2.095504105091094971e-02 5.782052278518676758e-01
-1.384274195879697800e-02 -1.989916339516639709e-02 5.496031045913696289e-01
-1.514133345335721970e-02 -2.200756594538688660e-02 5.636699199676513672e-01
-1.350615080446004868e-02 -2.360532060265541077e-02 5.593670010566711426e-01
-1.416063960641622543e-02 -2.365390211343765259e-02 5.501034855842590332e-01
-1.456088852137327194e-02 -2.578559890389442444e-02 5.782815814018249512e-01
-8.228619582951068878e-03 -1.767723634839057922e-02 5.869473814964294434e-01
-1.086138095706701279e-02 -1.988894864916801453e-02 5.843997001647949219e-01
-1.755171269178390503e-02 -2.611092850565910339e-02 5.925880074501037598e-01
-1.392664294689893723e-02 -2.227113768458366394e-02 5.984213352203369141e-01
-1.252936664968729019e-02 -2.056262642145156860e-02 6.273223161697387695e-01
-1.295140106230974197e-02 -1.917073875665664673e-02 6.216374039649963379e-01
-1.391611341387033463e-02 -1.921781897544860840e-02 6.144502758979797363e-01
-1.388785336166620255e-02 -1.952644437551498413e-02 6.151291131973266602e-01
-1.798361912369728088e-02 -2.262026816606521606e-02 6.052573919296264648e-01
-1.372377108782529831e-02 -1.867800578474998474e-02 6.039682030677795410e-01
-1.568710431456565857e-02 -1.875284686684608459e-02 6.171774864196777344e-01
-1.064262632280588150e-02 -1.354931294918060303e-02 6.361353397369384766e-01
-1.183257345110177994e-02 -1.130608096718788147e-02 6.469655632972717285e-01
-9.649681858718395233e-03 -1.370152458548545837e-02 6.881492733955383301e-01
-4.444842226803302765e-03 -2.057252079248428345e-02 6.896253228187561035e-01
-1.012855209410190582e-03 -1.794052124023437500e-02 6.624208688735961914e-01
-4.017562605440616608e-03 -1.569475606083869934e-02 6.299684047698974609e-01
-6.391516886651515961e-03 -1.192152127623558044e-02 5.903502702713012695e-01
1.819198019802570343e-03 -7.860694080591201782e-03 7.101030945777893066e-01
6.107469089329242706e-03 -1.060140877962112427e-02 7.297211289405822754e-01
4.390451125800609589e-03 -1.585587114095687866e-02 6.214240789413452148e-01
4.848893731832504272e-04 -1.665477827191352844e-02 6.651520133018493652e-01
-2.490790560841560364e-03 -1.220442354679107666e-02 6.387305259704589844e-01
-6.800393573939800262e-03 -1.057806983590126038e-02 6.234885454177856445e-01
-1.068264897912740707e-02 -1.377766951918601990e-02 6.177515387535095215e-01
-6.996811367571353912e-03 -1.656821742653846741e-02 6.495099067687988281e-01
-4.067511297762393951e-03 -1.518706232309341431e-02 6.472191810607910156e-01
-5.200627259910106659e-03 -1.455203443765640259e-02 6.366600394248962402e-01
-6.871330551803112030e-03 -1.632839813828468323e-02 6.262705326080322266e-01
-8.664526976644992828e-03 -1.733464002609252930e-02 6.234712600708007812e-01
-9.857009164988994598e-03 -1.774253323674201965e-02 6.233327388763427734e-01
-9.426451288163661957e-03 -1.751201972365379333e-02 6.219097971916198730e-01
-6.815898232161998749e-03 -1.222871616482734680e-02 6.356973648071289062e-01
-2.947608940303325653e-03 -7.033485919237136841e-03 6.662806868553161621e-01
-4.123224876821041107e-03 -7.453761994838714600e-03 6.744741201400756836e-01
-5.963996984064579010e-03 -5.517482757568359375e-03 6.702298521995544434e-01
-8.414748124778270721e-03 -1.365258544683456421e-02 6.343219280242919922e-01
-7.404060102999210358e-03 -1.556253805756568909e-02 6.434785127639770508e-01
-7.424221374094486237e-03 -1.460373029112815857e-02 6.512950062751770020e-01
-6.340836174786090851e-03 -1.323265209794044495e-02 6.543573141098022461e-01
-5.546345375478267670e-03 -1.256027445197105408e-02 6.583598256111145020e-01
-5.248953588306903839e-03 -1.231785863637924194e-02 6.574440598487854004e-01
-5.839402787387371063e-03 -1.257713884115219116e-02 6.591702699661254883e-01
-6.255210377275943756e-03 -1.269703730940818787e-02 6.550307273864746094e-01
-5.931251682341098785e-03 -1.299436017870903015e-02 6.516373753547668457e-01
-8.157500065863132477e-03 -1.475967839360237122e-02 6.513502597808837891e-01
-7.495199330151081085e-03 -1.378875970840454102e-02 6.646676063537597656e-01
-5.216880701482295990e-03 -1.233006641268730164e-02 6.596528887748718262e-01
-5.058077163994312286e-03 -1.185541227459907532e-02 6.525679826736450195e-01
-5.111432634294033051e-03 -1.160863041877746582e-02 6.525114178657531738e-01
-4.803876392543315887e-03 -1.108075305819511414e-02 6.683818101882934570e-01
-5.378476344048976898e-03 -1.037685200572013855e-02 6.824411153793334961e-01
-5.869654007256031036e-03 -1.064687594771385193e-02 6.761261820793151855e-01
-5.467538721859455109e-03 -1.069058105349540710e-02 6.633505225181579590e-01
-5.823005922138690948e-03 -1.250938698649406433e-02 6.702044606208801270e-01
-5.086706019937992096e-03 -1.247759163379669189e-02 6.723442077636718750e-01
-3.520932979881763458e-03 -1.092620193958282471e-02 6.540011763572692871e-01
-1.311206258833408356e-03 -8.860066533088684082e-03 6.377059817314147949e-01
-1.763934269547462463e-04 -6.012875586748123169e-03 6.343393921852111816e-01
3.568520769476890564e-04 -4.406791180372238159e-03 6.356557011604309082e-01
-1.451683230698108673e-03 -4.643235355615615845e-03 6.467907428741455078e-01
3.056203015148639679e-03 -7.104873657226562500e-05 7.080448269844055176e-01
2.588328905403614044e-03 -1.057838276028633118e-02 8.133062720298767090e-01
5.788399837911128998e-03 -1.150463521480560303e-02 7.863332629203796387e-01
1.189731992781162262e-03 -1.078201457858085632e-02 6.896464824676513672e-01
-4.451516084372997284e-03 -9.251121431589126587e-03 5.935482978820800781e-01
-1.419940032064914703e-03 -7.613819092512130737e-03 5.977151989936828613e-01
1.282586716115474701e-03 -1.215899363160133362e-02 6.176137924194335938e-01
2.955666743218898773e-03 -1.295763626694679260e-02 6.227441430091857910e-01
3.468097187578678131e-03 -1.244768872857093811e-02 6.188215017318725586e-01
3.571632318198680878e-03 -1.256604865193367004e-02 6.215270161628723145e-01
4.636886529624462128e-03 -1.395100727677345276e-02 6.324474811553955078e-01
5.344542674720287323e-03 -1.473446935415267944e-02 6.193028688430786133e-01
4.944908432662487030e-03 -1.624983176589012146e-02 6.386571526527404785e-01
2.610361203551292419e-03 -1.991006731986999512e-02 6.684098243713378906e-01
1.752633601427078247e-03 -2.102730050683021545e-02 6.493242383003234863e-01
7.583303377032279968e-04 -1.837962120771408081e-02 6.371629834175109863e-01
-3.496632911264896393e-03 -1.834804564714431763e-02 6.204459071159362793e-01
-1.730266027152538300e-03 -1.506278291344642639e-02 5.596215128898620605e-01
-9.201494976878166199e-04 -1.516162231564521790e-02 5.450004339218139648e-01
-6.358050741255283356e-03 -1.946506276726722717e-02 5.721662640571594238e-01
-8.519007824361324310e-03 -2.192240208387374878e-02 5.886525511741638184e-01
-9.845261462032794952e-03 -2.246208488941192627e-02 5.997576713562011719e-01
-1.056215632706880569e-02 -2.184701338410377502e-02 6.068176031112670898e-01
-1.021386776119470596e-02 -2.131139114499092102e-02 6.103933453559875488e-01
-1.077272649854421616e-02 -2.276260405778884888e-02 6.125010848045349121e-01
-1.161734666675329208e-02 -2.362520620226860046e-02 5.963270664215087891e-01
-1.150482241064310074e-02 -2.496685460209846497e-02 5.585857033729553223e-01
-1.004147995263338089e-02 -2.352386340498924255e-02 5.483047366142272949e-01
-1.045652758330106735e-02 -2.396751567721366882e-02 5.498384833335876465e-01
-1.039963122457265854e-02 -2.354269102215766907e-02 5.598371624946594238e-01
-1.047442015260457993e-02 -2.273363992571830750e-02 5.706700086593627930e-01
-1.096136402338743210e-02 -2.288904413580894470e-02 6.026354432106018066e-01
-1.131050195544958115e-02 -2.337660267949104309e-02 6.153046488761901855e-01
-1.050343643873929977e-02 -2.202974259853363037e-02 6.158955097198486328e-01
-9.059178642928600311e-03 -2.249745652079582214e-02 6.456344723701477051e-01
-8.355713449418544769e-03 -2.117744460701942444e-02 6.344780325889587402e-01
-1.065557915717363358e-02 -2.193069085478782654e-02 6.139812469482421875e-01
-1.270120870321989059e-02 -2.282917499542236328e-02 6.363340020179748535e-01
-1.360072661191225052e-02 -2.012479677796363831e-02 6.375392079353332520e-01
-1.316611748188734055e-02 -1.631702110171318054e-02 6.269170641899108887e-01
-1.014616619795560837e-02 -1.446400582790374756e-02 6.357780098915100098e-01
-9.116549976170063019e-03 -1.613800600171089172e-02 6.223084926605224609e-01
-9.508472867310047150e-03 -1.526023074984550476e-02 6.050035357475280762e-01
-1.005312148481607437e-02 -1.252240315079689026e-02 6.155496239662170410e-01
-9.344692341983318329e-03 -1.018332317471504211e-02 6.280130743980407715e-01
-7.796109654009342194e-03 -9.816747158765792847e-03 6.292676925659179688e-01
-6.875487975776195526e-03 -7.934521883726119995e-03 6.294261217117309570e-01
-6.052319891750812531e-03 -5.943026393651962280e-03 6.271990537643432617e-01
-4.032519645988941193e-03 -3.351822495460510254e-03 6.215942502021789551e-01
-4.214330576360225677e-03 -2.318553626537322998e-03 6.250129938125610352e-01
-2.908564172685146332e-03 -1.829206943511962891e-03 6.232988834381103516e-01
-1.545128412544727325e-03 -4.130676388740539551e-04 6.127485632896423340e-01
-1.768105663359165192e-03 -9.144656360149383545e-04 6.103928685188293457e-01
-4.876693710684776306e-04 1.585651189088821411e-03 6.228287816047668457e-01
-2.797410823404788971e-03 5.684010684490203857e-04 6.410909891128540039e-01
-3.287916071712970734e-03 -2.220388501882553101e-03 6.535192131996154785e-01
-4.218210466206073761e-03 7.223635911941528320e-04 6.430381536483764648e-01
-3.846340812742710114e-03 1.756187528371810913e-03 6.323329806327819824e-01
-3.860604949295520782e-03 -1.381738111376762390e-03 6.427295207977294922e-01
-9.879479184746742249e-04 -3.319054841995239258e-03 6.760828495025634766e-01
-1.322095282375812531e-03 -4.498716443777084351e-03 6.748938560485839844e-01
3.503005020320415497e-03 -5.226731300354003906e-03 7.033432126045227051e-01
4.826392047107219696e-03 -4.101786762475967407e-03 7.200180292129516602e-01
-6.298585794866085052e-03 -1.740947365760803223e-03 6.511724591255187988e-01
-9.136938489973545074e-03 1.823633909225463867e-03 5.977844595909118652e-01
-1.337021496146917343e-02 2.771785482764244080e-03 5.993527173995971680e-01
-1.636758074164390564e-02 2.524400129914283752e-03 6.332193613052368164e-01
-1.806692034006118774e-02 2.545401453971862793e-03 6.282293200492858887e-01
-1.784660667181015015e-02 -1.444866880774497986e-03 6.191216707229614258e-01
-1.830290630459785461e-02 -6.814904510974884033e-03 6.055948734283447266e-01
-1.800551265478134155e-02 -7.131934165954589844e-03 6.077803969383239746e-01
-1.747235655784606934e-02 -5.403093993663787842e-03 6.206639409065246582e-01
-1.768430322408676147e-02 -4.232108592987060547e-03 6.318433880805969238e-01
-1.754737645387649536e-02 -4.120897501707077026e-04 6.585255265235900879e-01
-1.833257824182510376e-02 1.747254282236099243e-03 6.815944910049438477e-01
-1.910519227385520935e-02 3.822529688477516174e-03 7.030187845230102539e-01
-1.948770508170127869e-02 5.804177373647689819e-03 7.158492207527160645e-01
-1.880653202533721924e-02 6.507338955998420715e-03 7.208587527275085449e-01
-1.635665819048881531e-02 3.920383751392364502e-03 7.420328855514526367e-01
-1.362079847604036331e-02 2.002805471420288086e-03 7.763020396232604980e-01
-1.212098542600870132e-02 3.871036693453788757e-03 7.912539839744567871e-01
-1.284155715256929398e-02 4.739265888929367065e-03 7.696194052696228027e-01
-1.372500602155923843e-02 4.694757983088493347e-03 7.484785914421081543e-01
-1.216583419591188431e-02 5.473241209983825684e-03 7.526642680168151855e-01
-1.401463989168405533e-02 5.363851785659790039e-03 7.457001209259033203e-01
-1.437280606478452682e-02 5.923872813582420349e-03 7.339267134666442871e-01
-1.273439545184373856e-02 4.391843453049659729e-03 7.321562170982360840e-01
-1.168018486350774765e-02 3.686314448714256287e-03 7.434915900230407715e-01
-1.015237253159284592e-02 1.822870224714279175e-03 7.505468726158142090e-01
-9.314027614891529083e-03 -2.843450754880905151e-03 7.697471976280212402e-01
-9.794759564101696014e-03 -4.741277545690536499e-03 7.584151625633239746e-01
-1.114284526556730270e-02 -9.086649864912033081e-03 7.497586607933044434e-01
-1.114017423242330551e-02 -1.463898271322250366e-02 7.670776844024658203e-01
-9.903361089527606964e-03 -1.734387129545211792e-02 7.685170769691467285e-01
-7.612631656229496002e-03 -1.696757227182388306e-02 7.671259045600891113e-01
-4.944310523569583893e-03 -1.614293828606605530e-02 7.503309845924377441e-01
-4.813292063772678375e-03 -1.750815659761428833e-02 7.437384128570556641e-01
-6.750850938260555267e-03 -1.535170525312423706e-02 7.326972484588623047e-01
-7.499000988900661469e-03 -1.183577626943588257e-02 7.240175604820251465e-01
-6.617990322411060333e-03 -8.610598742961883545e-03 7.202338576316833496e-01
-5.052377469837665558e-03 -7.542468607425689697e-03 7.321187853813171387e-01
-4.443400539457798004e-03 -6.669659167528152466e-03 7.376425266265869141e-01
-2.934741787612438202e-03 -3.346443176269531250e-03 7.309201359748840332e-01
-3.306260332465171814e-04 -3.248222172260284424e-03 7.498528361320495605e-01
7.707467302680015564e-04 8.451286703348159790e-04 7.476043105125427246e-01
4.535270854830741882e-04 5.408942699432373047e-03 6.878915429115295410e-01
-4.715407267212867737e-04 3.379542380571365356e-03 6.863983273506164551e-01
1.012402586638927460e-03 1.888085156679153442e-03 7.334770560264587402e-01
1.359461806714534760e-03 3.737721592187881470e-03 7.418350577354431152e-01
4.243089817464351654e-03 3.184977918863296509e-03 7.718806862831115723e-01
8.704583160579204559e-03 3.152873367071151733e-03 7.225572466850280762e-01
3.296735696494579315e-03 -1.012981310486793518e-02 7.823607325553894043e-01
-1.011582929641008377e-02 -1.893441751599311829e-02 8.084595203399658203e-01
-1.554340962320566177e-02 -2.119402959942817688e-02 8.062719702720642090e-01
-1.817391067743301392e-02 -2.323839440941810608e-02 7.175922989845275879e-01
-8.161007426679134369e-03 -2.057692408561706543e-02 6.599577069282531738e-01
-1.729297451674938202e-03 -2.400544658303260803e-02 6.779920458793640137e-01
1.862393692135810852e-04 -2.557073906064033508e-02 7.014465928077697754e-01
1.162857748568058014e-03 -1.999448239803314209e-02 7.338268160820007324e-01
4.532256163656711578e-03 -9.551517665386199951e-03 7.480486035346984863e-01
8.107126690447330475e-03 -3.742042928934097290e-03 7.413369417190551758e-01
8.886310271918773651e-03 3.088925033807754517e-03 7.185320258140563965e-01
9.224190376698970795e-03 3.312412649393081665e-03 7.015078663825988770e-01
5.776409991085529327e-03 -6.498135626316070557e-04 6.584870815277099609e-01
-1.953746192157268524e-03 -7.007442414760589600e-03 6.425389647483825684e-01
-4.558353684842586517e-03 -1.150052249431610107e-02 6.325138211250305176e-01
-2.944928593933582306e-03 -9.182892739772796631e-03 6.197600364685058594e-01
1.902257092297077179e-03 -7.063064724206924438e-03 6.461918950080871582e-01
-6.098502315580844879e-03 -1.990292966365814209e-02 6.954604983329772949e-01
-6.129571236670017242e-03 -2.518427744507789612e-02 7.141273617744445801e-01
-8.956948295235633850e-04 -2.189947292208671570e-02 7.159269452095031738e-01
2.594941295683383942e-03 -1.935664191842079163e-02 7.134860754013061523e-01
5.016275681555271149e-03 -1.723073795437812805e-02 7.021597623825073242e-01
1.465043984353542328e-03 -2.573994174599647522e-02 7.310155034065246582e-01
6.542773917317390442e-04 -2.550384029746055603e-02 7.790548801422119141e-01
-6.712144240736961365e-04 -2.799651771783828735e-02 8.567771315574645996e-01
-2.575111575424671173e-03 -2.954858914017677307e-02 9.439967274665832520e-01
-1.397424377501010895e-03 -2.855134010314941406e-02 9.743397235870361328e-01
4.157925955951213837e-03 -2.090616151690483093e-02 9.885657429695129395e-01
8.339122869074344635e-03 -1.930769160389900208e-02 9.474825263023376465e-01
9.082625620067119598e-03 -1.964814960956573486e-02 9.594385027885437012e-01
1.014072913676500320e-02 -1.788108795881271362e-02 9.984942078590393066e-01
6.716982461512088776e-03 -2.198591828346252441e-02 9.854511618614196777e-01
7.320409640669822693e-04 -2.922682464122772217e-02 9.917948842048645020e-01
-3.039846196770668030e-04 -3.281799331307411194e-02 9.843004345893859863e-01
1.311968080699443817e-03 -3.055778518319129944e-02 9.882304668426513672e-01
1.142296008765697479e-03 -2.650818601250648499e-02 1.048666715621948242e+00
-8.509578183293342590e-04 -2.390770986676216125e-02 1.098955750465393066e+00
-2.890904434025287628e-03 -2.386607602238655090e-02 1.095721960067749023e+00
-1.628954894840717316e-03 -2.417950332164764404e-02 1.071416497230529785e+00
-4.133405163884162903e-04 -2.193870767951011658e-02 1.003590822219848633e+00
-2.439682371914386749e-03 -1.546148210763931274e-02 9.512013792991638184e-01
-4.806299693882465363e-03 -1.989959552884101868e-02 9.554070830345153809e-01
-2.162245102226734161e-03 -2.134861424565315247e-02 9.537468552589416504e-01
1.800569705665111542e-03 -1.518203318119049072e-02 1.039089918136596680e+00
3.428111784160137177e-03 -1.228272542357444763e-02 1.084180951118469238e+00
7.535423152148723602e-03 -8.106864988803863525e-03 1.065971612930297852e+00
1.204221975058317184e-02 -1.064985990524291992e-02 1.090244412422180176e+00
1.247448753565549850e-02 -1.622622087597846985e-02 1.080979824066162109e+00
1.187740545719861984e-02 -1.422671601176261902e-02 1.007123589515686035e+00
8.064365945756435394e-03 -1.442694291472434998e-02 9.415458440780639648e-01
1.112178247421979904e-02 -1.210282370448112488e-02 8.869406580924987793e-01
1.200790237635374069e-02 -1.529184728860855103e-02 8.848529458045959473e-01
8.712409995496273041e-03 -1.681231334805488586e-02 9.404054284095764160e-01
8.448018692433834076e-03 -1.597531884908676147e-02 9.657056927680969238e-01
3.213225863873958588e-03 -2.232699468731880188e-02 9.754953384399414062e-01
4.639263264834880829e-03 -2.093734964728355408e-02 9.786663651466369629e-01
5.950010381639003754e-03 -1.660453900694847107e-02 9.716771245002746582e-01
4.907327704131603241e-03 -9.520657360553741455e-03 9.682030677795410156e-01
2.683001570403575897e-03 -4.294563084840774536e-03 1.002524256706237793e+00
-3.985584713518619537e-03 -2.129651606082916260e-03 9.941199421882629395e-01
-5.488482303917407990e-03 -2.616386860609054565e-03 9.597408771514892578e-01
-1.682949252426624298e-03 7.813572883605957031e-04 8.789233565330505371e-01
-3.310364671051502228e-03 -4.503153264522552490e-03 8.380174636840820312e-01
-2.178642898797988892e-05 -4.357848316431045532e-03 9.099808931350708008e-01
4.301208071410655975e-03 -2.976469695568084717e-03 9.579821228981018066e-01
4.969005472958087921e-03 -3.597345203161239624e-03 9.270554184913635254e-01
3.778642974793910980e-03 -8.720453828573226929e-03 9.172895550727844238e-01
8.410466834902763367e-04 -1.058403402566909790e-02 9.117193818092346191e-01
2.837543375790119171e-03 -3.407388925552368164e-03 9.041786789894104004e-01
1.063405536115169525e-03 -3.813307732343673706e-03 8.869643807411193848e-01
3.562399186193943024e-03 5.731657147407531738e-03 8.110130429267883301e-01
2.405161969363689423e-03 8.361145853996276855e-03 7.665565609931945801e-01
-1.114905811846256256e-03 1.879855990409851074e-04 8.161947131156921387e-01
1.630437560379505157e-03 -5.542691797018051147e-03 9.113608598709106445e-01
5.782364867627620697e-03 -7.909901440143585205e-03 1.006592631340026855e+00
7.848500274121761322e-03 -5.740296095609664917e-03 1.053032159805297852e+00
7.553148083388805389e-03 -4.673056304454803467e-03 1.077478766441345215e+00
3.797682933509349823e-03 -9.264651685953140259e-03 1.065634489059448242e+00
2.338501624763011932e-03 -1.580593734979629517e-02 1.073566555976867676e+00
3.161708824336528778e-03 -2.168824151158332825e-02 1.061469078063964844e+00
5.486543290317058563e-03 -2.461051568388938904e-02 1.051159739494323730e+00
6.864595226943492889e-03 -2.544044330716133118e-02 1.034777283668518066e+00
8.364516310393810272e-03 -2.274233102798461914e-02 1.031585216522216797e+00
8.420388214290142059e-03 -1.932479068636894226e-02 1.045893311500549316e+00
5.478466860949993134e-03 -1.999719440937042236e-02 1.057680010795593262e+00
3.193224780261516571e-03 -2.237278595566749573e-02 1.096365451812744141e+00
3.366115503013134003e-03 -2.283083274960517883e-02 1.129972815513610840e+00
3.416876308619976044e-03 -2.178715541958808899e-02 1.100443601608276367e+00
2.242143265902996063e-03 -2.174809202551841736e-02 1.075160741806030273e+00
2.091581933200359344e-03 -2.193706110119819641e-02 1.068190932273864746e+00
3.581392578780651093e-03 -2.098955586552619934e-02 1.077121138572692871e+00
4.512648098170757294e-03 -1.975456252694129944e-02 1.081275582313537598e+00
7.556225173175334930e-03 -1.839122176170349121e-02 1.078421592712402344e+00
1.065207552164793015e-02 -1.770949736237525940e-02 1.082713007926940918e+00
1.126877497881650925e-02 -1.618790999054908752e-02 1.077145338058471680e+00
1.127079408615827560e-02 -1.398969814181327820e-02 1.058007240295410156e+00
1.024010311812162399e-02 -1.089855283498764038e-02 1.049034714698791504e+00
9.632947854697704315e-03 -9.430613368749618530e-03 1.047669649124145508e+00
1.183163654059171677e-02 -6.445102393627166748e-03 1.031302571296691895e+00
1.288992445915937424e-02 -5.552301183342933655e-03 1.017531633377075195e+00
1.224948000162839890e-02 -6.985846906900405884e-03 1.051306128501892090e+00
9.876395575702190399e-03 -9.385474026203155518e-03 1.025347352027893066e+00
6.850457750260829926e-03 -5.239475518465042114e-03 9.612556099891662598e-01
4.611908458173274994e-03 -1.943198963999748230e-03 9.237376451492309570e-01
3.160866908729076385e-03 -3.365878015756607056e-03 9.161337614059448242e-01
2.397990785539150238e-03 -4.037924110889434814e-03 9.110946059226989746e-01
2.174011431634426117e-03 -5.145519971847534180e-03 8.917693495750427246e-01
1.018899492919445038e-03 -6.132956594228744507e-03 8.774918913841247559e-01
1.105936244130134583e-04 -6.601959466934204102e-03 8.465007543563842773e-01
8.237203583121299744e-04 -5.800530314445495605e-03 8.264872431755065918e-01
1.519049517810344696e-03 -5.909156054258346558e-03 8.193432688713073730e-01
2.045796252787113190e-03 -6.379403173923492432e-03 8.160933852195739746e-01
2.363161183893680573e-03 -7.365353405475616455e-03 8.188673853874206543e-01
1.547870226204395294e-03 -9.260121732950210571e-03 8.157632350921630859e-01
1.187318004667758942e-03 -1.083914935588836670e-02 8.202450871467590332e-01
2.015556208789348602e-03 -1.037271693348884583e-02 8.401382565498352051e-01
1.756749115884304047e-03 -1.114653050899505615e-02 8.509099483489990234e-01
5.398029461503028870e-04 -1.274780556559562683e-02 8.608077168464660645e-01
3.159325569868087769e-05 -1.322677731513977051e-02 8.694863319396972656e-01
4.168879240751266479e-05 -1.257970184087753296e-02 8.750336766242980957e-01
2.127634361386299133e-04 -1.212116703391075134e-02 8.409972190856933594e-01
1.133772544562816620e-03 -1.133606210350990295e-02 8.350223898887634277e-01
2.402300946414470673e-03 -1.070624962449073792e-02 8.410506844520568848e-01
2.757645212113857269e-03 -1.031700149178504944e-02 8.407366871833801270e-01
2.911399118602275848e-03 -9.132690727710723877e-03 8.476518392562866211e-01
3.890979103744029999e-03 -8.481699973344802856e-03 8.330802321434020996e-01
3.595440648496150970e-03 -9.633362293243408203e-03 8.018832206726074219e-01
4.116394557058811188e-03 -1.021474599838256836e-02 7.979043126106262207e-01
5.894984118640422821e-03 -9.310070425271987915e-03 8.284534215927124023e-01
6.155583076179027557e-03 -9.129915386438369751e-03 8.673784136772155762e-01
4.569883458316326141e-03 -1.069664582610130310e-02 8.976110219955444336e-01
3.366992808878421783e-03 -1.135994493961334229e-02 9.111755490303039551e-01
3.577814437448978424e-03 -1.078372448682785034e-02 8.976470828056335449e-01
4.078107886016368866e-03 -1.199191808700561523e-02 9.579353928565979004e-01
4.047938622534275055e-03 -1.145613566040992737e-02 1.018912911415100098e+00
1.753035001456737518e-03 -1.383124664425849915e-02 1.048176169395446777e+00
2.875423990190029144e-03 -1.427717506885528564e-02 1.050477862358093262e+00
4.036172293126583099e-03 -1.366372779011726379e-02 1.071290135383605957e+00
5.464213900268077850e-03 -1.496553793549537659e-02 1.089863657951354980e+00
5.167975090444087982e-03 -1.947269961237907410e-02 1.077185392379760742e+00
3.296139650046825409e-03 -2.216354385018348694e-02 1.045101761817932129e+00
3.008722327649593353e-03 -2.016217634081840515e-02 1.022501587867736816e+00
1.953042112290859222e-03 -2.242295444011688232e-02 1.019966959953308105e+00
1.099376939237117767e-03 -2.262786775827407837e-02 1.005176782608032227e+00
2.121021971106529236e-04 -1.887191459536552429e-02 1.004073977470397949e+00
1.211698167026042938e-03 -1.763036102056503296e-02 1.020653486251831055e+00
1.139464788138866425e-03 -1.909361779689788818e-02 1.003839015960693359e+00
1.249055378139019012e-03 -1.941143721342086792e-02 9.692285060882568359e-01
1.579324714839458466e-03 -1.838424429297447205e-02 1.028993129730224609e+00
2.677931450307369232e-03 -1.775725930929183960e-02 1.054111838340759277e+00
3.140143118798732758e-03 -1.834087073802947998e-02 1.071823477745056152e+00
2.758747898042201996e-03 -1.790104061365127563e-02 1.058298945426940918e+00
1.860725693404674530e-03 -1.892949268221855164e-02 1.051870822906494141e+00
7.644575089216232300e-05 -2.130929008126258850e-02 1.033055186271667480e+00
-1.093183644115924835e-03 -2.321314439177513123e-02 1.019450306892395020e+00
-1.283031888306140900e-03 -2.354822680354118347e-02 9.937080740928649902e-01
6.124554201960563660e-04 -2.242859080433845520e-02 9.783194065093994141e-01
1.762223429977893829e-03 -2.020188793540000916e-02 9.386731982231140137e-01
2.405612729489803314e-03 -1.960230618715286255e-02 9.305044412612915039e-01
1.889958046376705170e-03 -2.125576511025428772e-02 9.258077144622802734e-01
1.355101354420185089e-03 -2.224570140242576599e-02 9.345458149909973145e-01
1.239205710589885712e-03 -2.181957289576530457e-02 9.615475535392761230e-01
2.107967622578144073e-03 -1.940887793898582458e-02 9.909973144531250000e-01
1.984926871955394745e-03 -1.453659683465957642e-02 1.028921723365783691e+00
2.233260311186313629e-03 -1.201179251074790955e-02 1.062765002250671387e+00
2.401488833129405975e-03 -1.271561160683631897e-02 1.076133728027343750e+00
3.830342553555965424e-03 -1.180675998330116272e-02 1.065188050270080566e+00
5.264016799628734589e-03 -1.244292035698890686e-02 1.063731312751770020e+00
3.668530844151973724e-03 -1.354980468750000000e-02 1.066006660461425781e+00
-2.155834808945655823e-04 -1.509748771786689758e-02 1.056352496147155762e+00
-7.706815376877784729e-04 -1.350205019116401672e-02 1.007916331291198730e+00
5.861797370016574860e-03 -1.110723987221717834e-02 9.412556290626525879e-01
9.520563296973705292e-03 -1.208947226405143738e-02 9.490309357643127441e-01
8.806235156953334808e-03 -1.278883591294288635e-02 9.863673448562622070e-01
1.113082282245159149e-03 -2.174584940075874329e-02 1.020312309265136719e+00
9.284829720854759216e-04 -2.714443951845169067e-02 1.056549191474914551e+00
2.226633951067924500e-04 -3.011130914092063904e-02 1.066920995712280273e+00
3.575298003852367401e-03 -2.504880726337432861e-02 1.087010741233825684e+00
-6.063664332032203674e-04 -2.335274592041969299e-02 1.060871005058288574e+00
-3.285870887339115143e-03 -2.584363147616386414e-02 1.020450234413146973e+00
-2.172608859837055206e-03 -2.516951784491539001e-02 1.007460713386535645e+00
5.644885823130607605e-04 -2.434340864419937134e-02 1.063034057617187500e+00
5.891638807952404022e-03 -1.975990831851959229e-02 1.069798707962036133e+00
6.880055181682109833e-03 -1.391724497079849243e-02 1.075931191444396973e+00
1.006624381989240646e-02 -1.059611514210700989e-02 1.083653330802917480e+00
1.089263241738080978e-02 -1.044395938515663147e-02 1.082841992378234863e+00
9.358401410281658173e-03 -9.475123137235641479e-03 1.063974976539611816e+00
9.094248525798320770e-03 -1.015451177954673767e-02 1.061151623725891113e+00
9.272622875869274139e-03 -1.193688064813613892e-02 1.050588726997375488e+00
7.263156585395336151e-03 -9.720105677843093872e-03 1.039468050003051758e+00
5.144479684531688690e-03 -8.541665971279144287e-03 1.052126884460449219e+00
6.341527216136455536e-03 -8.873477578163146973e-03 1.081869244575500488e+00
5.282326601445674896e-03 -9.657721966505050659e-03 1.101412296295166016e+00
6.171884946525096893e-03 -9.285122156143188477e-03 1.107815623283386230e+00
7.071341387927532196e-03 -7.359113544225692749e-03 1.102392435073852539e+00
6.506728939712047577e-03 -8.112303912639617920e-03 1.090438127517700195e+00
4.917479120194911957e-03 -9.319938719272613525e-03 1.079407691955566406e+00
1.330031082034111023e-04 -1.504368335008621216e-02 1.065648555755615234e+00
6.722798570990562439e-04 -1.553421095013618469e-02 1.063681125640869141e+00
3.005283884704113007e-03 -9.463723748922348022e-03 1.056842088699340820e+00
3.527796827256679535e-03 -5.639445036649703979e-03 1.030917048454284668e+00
4.254630766808986664e-03 -2.024594694375991821e-03 1.027665019035339355e+00
4.043689928948879242e-03 -3.986023366451263428e-04 1.031007766723632812e+00
3.958090208470821381e-03 -3.019474446773529053e-03 1.037693023681640625e+00
2.077999524772167206e-03 -7.501844316720962524e-03 1.070316672325134277e+00
1.088588498532772064e-03 -8.112832903861999512e-03 1.073378443717956543e+00
2.027614973485469818e-03 -5.639158189296722412e-03 1.056308746337890625e+00
2.908076159656047821e-03 -2.899698913097381592e-03 1.041679739952087402e+00
5.435726605355739594e-03 1.025564968585968018e-03 1.019965410232543945e+00
7.516200654208660126e-03 4.074309021234512329e-03 1.008352279663085938e+00
4.558938555419445038e-03 -1.721275970339775085e-03 1.016944885253906250e+00
