-4.000616446137428284e-02 -1.168997492641210556e-02 6.706952452659606934e-01
-3.738797456026077271e-02 -1.178585458546876907e-02 6.650313735008239746e-01
-3.780570998787879944e-02 -1.309511251747608185e-02 6.591505408287048340e-01
-3.801382705569267273e-02 -1.829745061695575714e-02 6.684136986732482910e-01
-4.003963619470596313e-02 -2.141133137047290802e-02 6.823501586914062500e-01
-4.012237489223480225e-02 -2.675166167318820953e-02 6.874218583106994629e-01
-3.679736331105232239e-02 -3.024179302155971527e-02 7.088711857795715332e-01
-2.976487949490547180e-02 -2.938679978251457214e-02 6.549763679504394531e-01
-2.349480427801609039e-02 -3.069238737225532532e-02 6.359134912490844727e-01
-2.109128050506114960e-02 -3.913373500108718872e-02 7.611569166183471680e-01
-1.643955335021018982e-02 -4.227785021066665649e-02 8.948368430137634277e-01
-1.078845467418432236e-02 -2.770313993096351624e-02 9.208173751831054688e-01
-1.836330257356166840e-02 -2.553668105974793434e-03 8.212755322456359863e-01
-1.815872453153133392e-02 -4.990435205399990082e-03 8.490532040596008301e-01
-3.878462594002485275e-03 5.491869524121284485e-04 8.545407652854919434e-01
8.656278252601623535e-03 4.755759611725807190e-03 7.688205838203430176e-01
8.300693705677986145e-03 1.412541605532169342e-04 7.165516614913940430e-01
2.346464619040489197e-02 -7.703711744397878647e-03 7.490897774696350098e-01
5.793227814137935638e-03 -3.307161107659339905e-02 7.429839372634887695e-01
-2.708255127072334290e-02 -3.200853988528251648e-02 7.862097024917602539e-01
-3.954306989908218384e-02 -3.380729258060455322e-02 8.332715034484863281e-01
-4.524375498294830322e-02 -1.609224081039428711e-02 7.972503304481506348e-01
-4.225795716047286987e-02 -2.819886244833469391e-02 6.430995464324951172e-01
-3.938685357570648193e-02 -2.734525129199028015e-02 6.063103675842285156e-01
-3.002719394862651825e-02 -1.717718131840229034e-02 6.303519606590270996e-01
-2.121368795633316040e-02 -1.843975856900215149e-02 5.970821976661682129e-01
-3.322432190179824829e-02 -1.211226731538772583e-02 5.179358720779418945e-01
-2.415801584720611572e-02 -1.609597727656364441e-02 3.767761588096618652e-01
-2.530028112232685089e-02 -3.166302666068077087e-02 5.321147441864013672e-01
-1.622686907649040222e-02 -2.696627378463745117e-02 7.506867647171020508e-01
-1.840865425765514374e-02 -2.098419331014156342e-02 6.732062101364135742e-01
-1.125929038971662521e-02 -5.497853830456733704e-02 4.327666461467742920e-01
1.545338891446590424e-02 -4.051041230559349060e-02 6.110554933547973633e-01
-5.368269048631191254e-03 -3.315650671720504761e-02 8.193554878234863281e-01
-1.409323140978813171e-02 -1.916667632758617401e-02 8.890725970268249512e-01
-8.138461038470268250e-03 3.260494209825992584e-03 6.412423849105834961e-01
3.046597354114055634e-03 -2.237455919384956360e-05 7.552647590637207031e-01
2.609772142022848129e-03 -2.064409106969833374e-02 9.496276974678039551e-01
3.527053631842136383e-04 -1.325892284512519836e-02 1.029397010803222656e+00
-3.025142941623926163e-04 1.176265534013509750e-03 9.140983223915100098e-01
2.365762135013937950e-03 1.383087225258350372e-02 7.386797070503234863e-01
-2.719289157539606094e-03 7.707862183451652527e-03 7.441023588180541992e-01
-8.061570115387439728e-04 3.793858923017978668e-03 8.129427433013916016e-01
7.631748449057340622e-03 2.655180171132087708e-03 8.466542363166809082e-01
1.468615978956222534e-02 -2.964156679809093475e-03 8.905893564224243164e-01
4.492660053074359894e-03 -7.421520538628101349e-03 8.954189419746398926e-01
4.363449756056070328e-03 -5.276212468743324280e-03 7.963677048683166504e-01
2.304928749799728394e-02 -5.006837658584117889e-03 7.933434844017028809e-01
2.489022165536880493e-02 -5.045985803008079529e-03 7.191272974014282227e-01
1.425788737833499908e-02 -2.731285057961940765e-03 6.952583789825439453e-01
1.709054037928581238e-02 -3.439912572503089905e-03 7.411908507347106934e-01
1.571856997907161713e-02 -3.665851429104804993e-03 7.409566044807434082e-01
-4.330001771450042725e-03 3.638126654550433159e-03 8.455563187599182129e-01
-5.399080924689769745e-03 -2.170723746530711651e-04 8.132018446922302246e-01
-8.382353931665420532e-03 -5.742863751947879791e-03 7.996993064880371094e-01
-5.307039245963096619e-03 -5.711798556149005890e-03 7.897765040397644043e-01
1.293585542589426041e-02 -1.510612573474645615e-02 7.862170338630676270e-01
1.621806807816028595e-02 -1.914645731449127197e-02 7.791082859039306641e-01
1.821668632328510284e-02 -1.680463552474975586e-02 8.153823614120483398e-01
1.863738335669040680e-02 -1.526983920484781265e-02 7.964373826980590820e-01
1.557925343513488770e-02 -1.342378370463848114e-02 8.140550851821899414e-01
3.283962979912757874e-02 -5.279433913528919220e-03 7.787719368934631348e-01
3.297585248947143555e-02 -4.855463281273841858e-03 7.306131124496459961e-01
2.986872754991054535e-02 -1.278138998895883560e-02 8.060665726661682129e-01
2.363600954413414001e-02 -5.580468103289604187e-03 8.946805596351623535e-01
2.557480148971080780e-02 -7.580048404633998871e-04 9.187172651290893555e-01
1.329224091023206711e-02 4.643580410629510880e-03 9.263142347335815430e-01
1.178813260048627853e-02 1.690913457423448563e-03 9.526223540306091309e-01
6.034146994352340698e-03 -5.944485776126384735e-03 9.944361448287963867e-01
2.909831237047910690e-03 -7.582622114568948746e-03 9.374426007270812988e-01
5.083788651973009109e-03 -7.368880789726972580e-03 8.674451708793640137e-01
2.936335047706961632e-03 -6.906688679009675980e-03 8.571109175682067871e-01
-5.237206351011991501e-03 -1.090020593255758286e-02 8.507298231124877930e-01
-4.905177280306816101e-03 -1.609691791236400604e-02 8.292305469512939453e-01
-1.396835315972566605e-03 -1.769880391657352448e-02 8.644913434982299805e-01
-1.263551786541938782e-02 -2.468850836157798767e-02 9.057946801185607910e-01
-1.728402450680732727e-02 -2.292829565703868866e-02 9.359347820281982422e-01
-3.161567030474543571e-03 -1.438174396753311157e-02 9.154695272445678711e-01
1.041235215961933136e-02 -1.463168673217296600e-02 9.136074185371398926e-01
2.140375226736068726e-02 -4.197631031274795532e-03 9.395530819892883301e-01
2.004216797649860382e-02 -2.778535941615700722e-03 9.426770210266113281e-01
5.706661846488714218e-03 -3.042497672140598297e-03 9.447293877601623535e-01
-1.099574938416481018e-02 -1.783266663551330566e-02 9.489932656288146973e-01
-5.488790571689605713e-03 -1.361278351396322250e-02 9.712452292442321777e-01
1.527375308796763420e-03 -1.042375620454549789e-02 9.557318687438964844e-01
3.060233779251575470e-03 -1.085540093481540680e-02 9.375330805778503418e-01
7.376254536211490631e-03 -1.648303493857383728e-02 9.664198160171508789e-01
-2.363865496590733528e-03 -1.955695077776908875e-02 1.030302047729492188e+00
-2.032567281275987625e-04 -1.837336644530296326e-02 9.081054925918579102e-01
-2.911596326157450676e-03 -1.323705725371837616e-02 8.286585807800292969e-01
2.005835995078086853e-07 -4.119466058909893036e-03 8.251153230667114258e-01
-8.626654744148254395e-04 1.051372848451137543e-03 8.701807856559753418e-01
3.089803969487547874e-03 5.263447761535644531e-03 8.518022894859313965e-01
1.932677114382386208e-03 -6.202124059200286865e-03 8.252944350242614746e-01
8.637530263513326645e-04 -1.130340993404388428e-02 8.235178589820861816e-01
-1.039440929889678955e-02 -1.546254847198724747e-02 8.289030194282531738e-01
-1.350754033774137497e-02 -2.335631474852561951e-02 8.057900667190551758e-01
-4.447233863174915314e-03 -2.838198281824588776e-02 7.327048182487487793e-01
8.976781740784645081e-03 -2.618285082280635834e-02 7.039805650711059570e-01
1.214838959276676178e-02 -1.942363381385803223e-02 7.547854781150817871e-01
-8.833473548293113708e-04 -1.248821429908275604e-02 6.207425594329833984e-01
-5.925086326897144318e-03 9.329586289823055267e-03 4.877514839172363281e-01
-1.567371375858783722e-02 -4.077716264873743057e-03 4.149101674556732178e-01
-9.080158546566963196e-03 7.144995033740997314e-04 4.884833097457885742e-01
5.872219800949096680e-03 -1.438857056200504303e-03 4.826015233993530273e-01
2.425545826554298401e-02 -1.616650260984897614e-03 6.076565980911254883e-01
1.956260018050670624e-02 -3.868477419018745422e-03 7.336220145225524902e-01
1.246520504355430603e-02 -3.475046716630458832e-03 8.046654462814331055e-01
3.420960903167724609e-02 -4.775633104145526886e-03 7.726860642433166504e-01
4.100147262215614319e-02 3.087672404944896698e-03 6.658992767333984375e-01
4.417534172534942627e-02 1.757186837494373322e-04 6.083876490592956543e-01
4.194875434041023254e-02 -4.730746150016784668e-05 6.252987980842590332e-01
3.790783137083053589e-02 -8.956480305641889572e-04 6.099191904067993164e-01
2.980637177824974060e-02 -4.312589298933744431e-03 6.269693374633789062e-01
2.839829586446285248e-02 -1.445815525949001312e-02 7.521839141845703125e-01
3.838340938091278076e-02 -1.663974858820438385e-02 8.353260159492492676e-01
3.693037852644920349e-02 -9.914970025420188904e-03 9.020409584045410156e-01
3.773226216435432434e-02 -4.407119937241077423e-03 9.109809994697570801e-01
2.995945699512958527e-02 -6.473390385508537292e-04 9.117211103439331055e-01
2.978830598294734955e-02 -3.759112209081649780e-03 9.039654731750488281e-01
3.695519641041755676e-02 -9.925727732479572296e-03 8.644919991493225098e-01
3.596819192171096802e-02 -5.896044895052909851e-03 7.722953557968139648e-01
2.270414307713508606e-02 5.978741683065891266e-04 6.976889967918395996e-01
1.962219364941120148e-02 -3.917333669960498810e-04 7.315270900726318359e-01
3.528049588203430176e-02 -5.474099889397621155e-04 6.805307269096374512e-01
4.075693339109420776e-02 -2.026986796408891678e-03 5.791881084442138672e-01
2.965390682220458984e-02 -1.742813363671302795e-02 6.945678591728210449e-01
3.192052617669105530e-02 -2.329660020768642426e-02 7.351307272911071777e-01
1.478174887597560883e-02 -1.735490746796131134e-02 6.494189500808715820e-01
8.365781977772712708e-03 -1.397248264402151108e-02 6.270125508308410645e-01
-2.484336262568831444e-03 -5.327535793185234070e-03 5.673289895057678223e-01
-3.739243373274803162e-03 -8.719965815544128418e-03 7.870798707008361816e-01
-2.063339017331600189e-02 2.873687446117401123e-02 7.011163830757141113e-01
8.460768498480319977e-03 -2.832548692822456360e-03 5.718449950218200684e-01
1.819551736116409302e-02 -1.136574987322092056e-02 4.863447546958923340e-01
-8.696973323822021484e-03 5.795455072075128555e-03 4.944846034049987793e-01
-2.207707427442073822e-02 -1.763276010751724243e-02 6.007623076438903809e-01
-1.480739098042249680e-02 -2.868717163801193237e-02 8.333328962326049805e-01
-6.882287096232175827e-03 -3.075014799833297729e-02 8.048508763313293457e-01
9.034904651343822479e-04 -1.581909321248531342e-02 6.474140286445617676e-01
4.862420260906219482e-03 4.282786045223474503e-03 5.454351305961608887e-01
-3.464563284069299698e-03 1.328737661242485046e-02 5.379352569580078125e-01
-2.345530083402991295e-03 8.099894039332866669e-03 6.084542274475097656e-01
-2.229697071015834808e-03 1.599288731813430786e-02 6.845939755439758301e-01
2.594033954665064812e-03 2.171528339385986328e-02 7.094154953956604004e-01
1.891339570283889771e-02 1.391210313886404037e-02 7.260879278182983398e-01
2.565416321158409119e-02 -2.363204490393400192e-03 7.054301500320434570e-01
1.993267983198165894e-02 -1.661695539951324463e-02 7.692499160766601562e-01
-7.510532625019550323e-03 -1.967579498887062073e-02 8.526662588119506836e-01
-5.080218426883220673e-03 1.912975311279296875e-02 8.206819891929626465e-01
1.961447112262248993e-02 -7.725693285465240479e-05 9.034491777420043945e-01
9.034754708409309387e-03 -7.392418570816516876e-03 1.080928683280944824e+00
1.560566015541553497e-02 -3.526465268805623055e-03 1.046099901199340820e+00
2.524158358573913574e-02 -1.380894705653190613e-02 1.018675565719604492e+00
1.761019602417945862e-02 -8.910255506634712219e-03 9.933372735977172852e-01
5.612568929791450500e-03 -2.194379922002553940e-03 1.069175481796264648e+00
-1.781900878995656967e-03 -4.309840500354766846e-03 1.039743542671203613e+00
3.065941622480750084e-03 -1.386593468487262726e-02 1.039481401443481445e+00
-3.586625214666128159e-03 -1.726611331105232239e-02 1.081629395484924316e+00
-6.660492159426212311e-03 -1.541792973875999451e-02 1.108531713485717773e+00
-2.895584795624017715e-03 -1.175513118505477905e-02 1.057206988334655762e+00
-2.371183130890130997e-03 -7.340659387409687042e-03 1.075225353240966797e+00
4.718845244497060776e-03 -1.240312121808528900e-02 1.119704961776733398e+00
9.531655814498662949e-04 -1.415582746267318726e-02 1.110919713973999023e+00
-5.606602877378463745e-03 -1.147672347724437714e-02 1.105457425117492676e+00
-5.476674996316432953e-03 -7.512136828154325485e-03 1.123735785484313965e+00
-1.406092313118278980e-03 -6.190590560436248779e-03 1.152251720428466797e+00
-1.675439300015568733e-03 -1.064278837293386459e-02 1.185073494911193848e+00
-3.229829249903559685e-03 2.952581271529197693e-04 1.119914054870605469e+00
-3.243719041347503662e-02 -6.889861542731523514e-03 1.049595832824707031e+00
-3.587755560874938965e-02 1.369673758745193481e-03 9.361922144889831543e-01
-3.046030551195144653e-02 3.360373433679342270e-03 9.132637381553649902e-01
-1.561299897730350494e-02 1.092395931482315063e-02 9.425176978111267090e-01
-2.444924041628837585e-02 8.211923763155937195e-03 9.207938313484191895e-01
-3.582303971052169800e-02 3.975069150328636169e-03 9.394702911376953125e-01
-3.844526037573814392e-02 5.526580847799777985e-03 8.528258800506591797e-01
-3.186380863189697266e-02 6.580262444913387299e-03 7.862525582313537598e-01
-2.161215431988239288e-02 1.118382625281810760e-02 8.186132311820983887e-01
-1.767950505018234253e-02 1.456251367926597595e-02 8.092981576919555664e-01
-1.761053502559661865e-02 3.237080527469515800e-03 7.790956497192382812e-01
-1.219882071018218994e-02 3.639625618234276772e-03 7.711743712425231934e-01
-1.456278841942548752e-02 1.349623315036296844e-02 9.085963964462280273e-01
-6.361710838973522186e-03 1.006185822188854218e-02 9.789072275161743164e-01
5.609341897070407867e-03 1.498801866546273232e-03 9.986933469772338867e-01
9.638078510761260986e-03 8.687769994139671326e-03 1.051436781883239746e+00
8.403689600527286530e-03 9.707415476441383362e-03 1.049093961715698242e+00
-2.476684749126434326e-04 -1.043024100363254547e-02 9.638239145278930664e-01
-5.281290970742702484e-03 -1.076486613601446152e-02 9.710385203361511230e-01
1.061039138585329056e-02 -1.402208954095840454e-02 8.852152824401855469e-01
-4.631572868674993515e-03 -1.590472832322120667e-02 9.368076324462890625e-01
-9.685115888714790344e-03 -9.474176913499832153e-04 1.024479746818542480e+00
-5.080050788819789886e-03 6.789480801671743393e-03 1.119232058525085449e+00
-3.421470057219266891e-03 2.096788026392459869e-03 1.125028133392333984e+00
-7.803724147379398346e-03 1.039881259202957153e-03 1.082935452461242676e+00
-5.607446655631065369e-03 -5.617239978164434433e-03 1.008899807929992676e+00
-4.523876123130321503e-03 -1.083592884242534637e-03 9.917194247245788574e-01
-2.472696825861930847e-02 4.030279349535703659e-03 1.034777641296386719e+00
-2.472521550953388214e-02 3.477052319794893265e-03 1.012125968933105469e+00
-1.638321205973625183e-02 -1.145743299275636673e-03 8.993628025054931641e-01
-9.844923391938209534e-03 -3.610138781368732452e-03 9.497101902961730957e-01
1.340033486485481262e-03 -1.273685507476329803e-02 9.611833095550537109e-01
4.204452037811279297e-03 -1.152102369815111160e-02 8.688480854034423828e-01
8.505344390869140625e-03 -9.288987144827842712e-03 8.575493693351745605e-01
8.054075762629508972e-03 -1.420786604285240173e-02 9.899887442588806152e-01
1.421165093779563904e-02 -1.001156866550445557e-02 1.029341340065002441e+00
1.310154050588607788e-02 -3.559132106602191925e-03 1.036459326744079590e+00
-3.780272323638200760e-03 1.169773843139410019e-02 1.014377951622009277e+00
-8.581756614148616791e-03 2.916171029210090637e-02 1.126453995704650879e+00
-1.010410021990537643e-02 9.671500883996486664e-04 1.083997845649719238e+00
1.301751472055912018e-02 -1.212110184133052826e-02 8.774970173835754395e-01
1.832401752471923828e-02 -9.484416805207729340e-03 8.063982725143432617e-01
1.394339092075824738e-02 -1.109838578850030899e-02 8.318924903869628906e-01
1.544334366917610168e-02 -1.430802047252655029e-02 8.507274985313415527e-01
1.139052677899599075e-02 -1.693092659115791321e-02 8.066986799240112305e-01
1.170745119452476501e-02 -2.458181791007518768e-02 8.986970186233520508e-01
2.107378467917442322e-02 -4.045892134308815002e-02 1.028731703758239746e+00
1.996633782982826233e-02 -3.260431438684463501e-02 1.052919864654541016e+00
-3.597240895032882690e-03 -1.627961918711662292e-02 8.733081221580505371e-01
-1.014016568660736084e-02 -1.652490347623825073e-02 8.612680435180664062e-01
2.808067947626113892e-04 -1.731456629931926727e-02 9.810542464256286621e-01
8.936353027820587158e-03 -7.200064603239297867e-03 9.354139566421508789e-01
1.855389028787612915e-02 1.412500627338886261e-03 9.797925949096679688e-01
3.040776401758193970e-02 8.562387898564338684e-03 9.771217107772827148e-01
4.116439819335937500e-02 -7.043559104204177856e-03 1.031227111816406250e+00
3.794425353407859802e-02 -1.155807450413703918e-02 9.676606059074401855e-01
1.118663977831602097e-02 -1.677055656909942627e-02 8.972637057304382324e-01
-4.269301891326904297e-03 -1.155955716967582703e-02 8.674342632293701172e-01
2.053370885550975800e-02 -5.464570596814155579e-03 9.282326698303222656e-01
4.473021626472473145e-02 -1.258704718202352524e-02 8.940155506134033203e-01
4.745095595717430115e-02 -1.979023776948451996e-02 8.571772575378417969e-01
4.241255298256874084e-02 -2.472836337983608246e-02 8.706664443016052246e-01
4.048744589090347290e-02 -2.339025400578975677e-02 8.946664333343505859e-01
2.611242607235908508e-02 -1.714928820729255676e-02 8.611011505126953125e-01
2.795011363923549652e-02 -2.061210200190544128e-02 8.143647909164428711e-01
1.789908669888973236e-02 -2.756123431026935577e-02 7.425609230995178223e-01
2.393871918320655823e-02 -2.070961706340312958e-02 6.406432390213012695e-01
1.908468455076217651e-02 -2.705642208456993103e-02 6.407451629638671875e-01
-3.728044684976339340e-03 -2.993457764387130737e-02 7.356045842170715332e-01
6.014685612171888351e-03 -3.989835083484649658e-02 8.218127489089965820e-01
3.730438649654388428e-02 -3.224055096507072449e-02 8.612673878669738770e-01
3.686528280377388000e-02 -3.802452236413955688e-02 8.379600048065185547e-01
2.516359090805053711e-02 -3.357467427849769592e-02 7.827184796333312988e-01
2.045603096485137939e-02 -3.064158558845520020e-02 9.176274538040161133e-01
2.805208973586559296e-02 -3.720157593488693237e-02 1.089731574058532715e+00
2.937253564596176147e-02 -4.505753889679908752e-02 1.041734457015991211e+00
2.369390614330768585e-02 -3.476472198963165283e-02 9.718748927116394043e-01
6.362327374517917633e-03 -2.566899638622999191e-03 8.961882591247558594e-01
-2.781166695058345795e-03 -1.518987817689776421e-03 8.007563352584838867e-01
-5.435382947325706482e-03 1.167502999305725098e-02 7.489380240440368652e-01
-7.359431590884923935e-03 1.208827178925275803e-02 7.432898879051208496e-01
9.247726760804653168e-03 1.002952177077531815e-02 6.884917616844177246e-01
2.105375565588474274e-02 2.554010599851608276e-03 6.289193630218505859e-01
2.587790228426456451e-02 -2.775470726191997528e-03 6.438574790954589844e-01
9.402777999639511108e-03 1.699102343991398811e-03 7.119274735450744629e-01
1.591273397207260132e-02 -1.859151571989059448e-02 7.695055007934570312e-01
1.480398979038000107e-02 -2.340092323720455170e-02 9.393959641456604004e-01
8.697831071913242340e-03 -1.498486101627349854e-02 9.340527057647705078e-01
7.392613682895898819e-03 -1.963318325579166412e-02 9.023059010505676270e-01
8.525753393769264221e-03 -2.944374084472656250e-02 8.820888996124267578e-01
5.672566592693328857e-03 -2.975291386246681213e-02 7.876566052436828613e-01
1.264173164963722229e-02 -4.758583009243011475e-02 7.620145678520202637e-01
3.200610354542732239e-02 -1.463946327567100525e-02 6.800131797790527344e-01
2.359168417751789093e-02 -1.459123799577355385e-03 6.914024949073791504e-01
5.732569377869367599e-03 6.975566036999225616e-03 7.325105667114257812e-01
-4.523150622844696045e-03 3.322084434330463409e-03 6.266927719116210938e-01
9.229468181729316711e-03 -1.357015874236822128e-02 7.152972221374511719e-01
5.944465287029743195e-03 -2.707416564226150513e-02 7.452317476272583008e-01
4.562065005302429199e-03 -2.911003492772579193e-02 8.252013921737670898e-01
1.484577916562557220e-02 -3.931705281138420105e-02 8.263456225395202637e-01
2.033515367656946182e-03 -4.094121605157852173e-02 9.012274146080017090e-01
2.489743521437048912e-03 -3.803201764822006226e-02 8.604881763458251953e-01
2.083078026771545410e-03 -2.818530425429344177e-02 8.287349343299865723e-01
-9.368543513119220734e-03 -2.646815776824951172e-02 8.205891251564025879e-01
4.229402635246515274e-03 -1.157267019152641296e-02 8.358744382858276367e-01
1.367077603936195374e-02 -1.752974092960357666e-02 8.395830392837524414e-01
1.808529533445835114e-02 -3.043465502560138702e-02 8.258264660835266113e-01
2.112660929560661316e-02 -3.513558954000473022e-02 7.867296934127807617e-01
1.395038329064846039e-02 -6.314151454716920853e-03 7.550953626632690430e-01
7.730661891400814056e-03 -3.028069622814655304e-04 7.561976313591003418e-01
9.012311697006225586e-03 -3.851083805784583092e-03 7.567341923713684082e-01
2.931795455515384674e-02 -8.118806406855583191e-03 8.231232762336730957e-01
3.025946766138076782e-02 -6.476055365055799484e-03 8.656082153320312500e-01
3.923733532428741455e-02 -1.404569298028945923e-02 9.006940722465515137e-01
4.333824664354324341e-02 -1.423843950033187866e-02 8.487983345985412598e-01
2.795052155852317810e-02 -2.974786795675754547e-02 7.751678228378295898e-01
1.398070901632308960e-02 -2.248411998152732849e-02 7.525973320007324219e-01
3.279554843902587891e-02 -1.698529347777366638e-02 8.073462247848510742e-01
3.815127536654472351e-02 -2.231829054653644562e-02 9.129623770713806152e-01
1.278665754944086075e-02 -2.840453945100307465e-02 9.354787468910217285e-01
-5.977257154881954193e-03 -4.546260088682174683e-02 9.159339070320129395e-01
-8.084456436336040497e-03 -3.969974443316459656e-02 9.113477468490600586e-01
8.008513599634170532e-03 -4.649605974555015564e-02 8.344335556030273438e-01
3.179679065942764282e-02 -5.293648689985275269e-02 8.462311625480651855e-01
2.457078546285629272e-02 -5.536939203739166260e-02 8.673192858695983887e-01
1.791762933135032654e-02 -5.433785170316696167e-02 6.385947465896606445e-01
6.932232994586229324e-03 -2.750623784959316254e-02 4.719285070896148682e-01
4.106974694877862930e-03 -2.319247275590896606e-02 4.527615308761596680e-01
3.049826249480247498e-03 -2.312202751636505127e-02 4.576526284217834473e-01
1.142888050526380539e-02 -2.596569061279296875e-02 4.787051379680633545e-01
1.366890687495470047e-02 -2.857824042439460754e-02 4.962302148342132568e-01
2.104514464735984802e-02 -2.901195175945758820e-02 5.035830140113830566e-01
2.659043297171592712e-02 -2.921078354120254517e-02 5.097094774246215820e-01
3.033560514450073242e-02 -2.931332588195800781e-02 5.179980397224426270e-01
3.159117698669433594e-02 -3.006888926029205322e-02 5.149704217910766602e-01
3.055674210190773010e-02 -3.248376771807670593e-02 5.133819580078125000e-01
2.264949493110179901e-02 -3.530106693506240845e-02 4.907069802284240723e-01
1.184556726366281509e-02 -3.669957444071769714e-02 4.489476680755615234e-01
5.755006335675716400e-03 -4.035919532179832458e-02 4.142289161682128906e-01
9.512512013316154480e-03 -4.053623974323272705e-02 3.605191409587860107e-01
1.314326003193855286e-02 -3.566171228885650635e-02 3.225861191749572754e-01
1.340803131461143494e-02 -3.492341935634613037e-02 3.238693177700042725e-01
1.310203596949577332e-02 -3.847543150186538696e-02 3.195286393165588379e-01
1.341554615646600723e-02 -4.131715744733810425e-02 3.187139630317687988e-01
1.560546178370714188e-02 -4.091891273856163025e-02 3.262978792190551758e-01
1.468250155448913574e-02 -4.136839509010314941e-02 3.440084457397460938e-01
1.242205314338207245e-02 -3.921916708350181580e-02 3.701279163360595703e-01
1.032201386988162994e-02 -3.665615245699882507e-02 3.794044852256774902e-01
9.867655113339424133e-03 -3.567019477486610413e-02 3.708374798297882080e-01
9.623503312468528748e-03 -3.621737286448478699e-02 3.739728927612304688e-01
1.104843430221080780e-02 -3.808867186307907104e-02 3.993008434772491455e-01
9.380491450428962708e-03 -4.180145636200904846e-02 4.602806866168975830e-01
8.155577816069126129e-03 -4.332351312041282654e-02 4.981866180896759033e-01
5.750436335802078247e-03 -3.744952008128166199e-02 4.650801420211791992e-01
5.510197021067142487e-03 -3.392446041107177734e-02 4.232648015022277832e-01
3.128053154796361923e-03 -3.645924851298332214e-02 4.003498852252960205e-01
3.727018367499113083e-03 -5.079976096749305725e-02 4.468971490859985352e-01
2.197324763983488083e-03 -5.263195559382438660e-02 4.666939079761505127e-01
-4.560588859021663666e-03 -4.771212860941886902e-02 5.005382299423217773e-01
-1.950542628765106201e-02 -5.150618031620979309e-02 5.584645867347717285e-01
-1.356503926217556000e-02 -5.110678821802139282e-02 5.374897718429565430e-01
-1.175948604941368103e-02 -4.502879083156585693e-02 5.033774375915527344e-01
-1.619106903672218323e-02 -2.916989289224147797e-02 5.350716710090637207e-01
-2.509926632046699524e-02 -1.880619861185550690e-02 5.865748524665832520e-01
-4.677359759807586670e-02 -2.601582743227481842e-02 6.374614238739013672e-01
-4.311368241906166077e-02 -2.911625616252422333e-02 6.979786753654479980e-01
-4.418705403804779053e-02 -4.056081175804138184e-02 8.168008327484130859e-01
-4.162412509322166443e-02 -4.399124160408973694e-02 8.517147302627563477e-01
-3.128086775541305542e-02 -3.278285264968872070e-02 9.530514478683471680e-01
-1.864914782345294952e-02 -1.694126240909099579e-02 9.358591437339782715e-01
-1.125745009630918503e-02 -1.942991837859153748e-02 1.010444760322570801e+00
-3.083811141550540924e-03 -2.048400789499282837e-02 1.009281158447265625e+00
6.974644958972930908e-03 -1.806840114295482635e-02 9.526601433753967285e-01
7.639960385859012604e-03 -1.075451262295246124e-02 9.640749692916870117e-01
5.020233336836099625e-03 -1.097269169986248016e-02 1.008374810218811035e+00
8.745747618377208710e-05 -8.007094264030456543e-03 1.046675443649291992e+00
1.068730838596820831e-02 -9.372319094836711884e-03 1.151299953460693359e+00
2.170582860708236694e-02 -1.441063452512025833e-02 1.238547444343566895e+00
2.033893950283527374e-02 -2.024685591459274292e-02 1.264373898506164551e+00
2.329310774803161621e-02 -2.253439091145992279e-02 1.258223891258239746e+00
1.727128960192203522e-02 -2.504109591245651245e-02 1.270870566368103027e+00
1.464265957474708557e-02 -2.909001894295215607e-02 1.333761572837829590e+00
1.516793295741081238e-02 -2.779245935380458832e-02 1.342042684555053711e+00
8.040123619139194489e-03 -2.877146005630493164e-02 1.329470634460449219e+00
2.145336242392659187e-03 -2.792626060545444489e-02 1.323451399803161621e+00
5.659029819071292877e-03 -2.473912015557289124e-02 1.324333071708679199e+00
1.593540795147418976e-02 -2.638110890984535217e-02 1.302149891853332520e+00
2.205816283822059631e-02 -3.135321661829948425e-02 1.225279569625854492e+00
2.033916302025318146e-02 -3.407426923513412476e-02 1.147908329963684082e+00
1.393997389823198318e-02 -3.365332260727882385e-02 1.095411777496337891e+00
8.332755416631698608e-03 -2.903705649077892303e-02 1.097732305526733398e+00
7.524830289185047150e-04 -2.203829586505889893e-02 1.109534740447998047e+00
-1.470815856009721756e-03 -2.118668705224990845e-02 1.120758056640625000e+00
-3.297720104455947876e-05 -2.226217091083526611e-02 1.150597214698791504e+00
8.031411096453666687e-03 -2.902057021856307983e-02 1.126008272171020508e+00
1.522048097103834152e-02 -3.193112462759017944e-02 1.162589073181152344e+00
1.702519319951534271e-02 -2.497757785022258759e-02 1.202867507934570312e+00
5.885541904717683792e-03 -1.091073825955390930e-02 1.187700510025024414e+00
2.361742779612541199e-03 -4.342913627624511719e-03 1.094138503074645996e+00
-8.731297217309474945e-03 -1.077469438314437866e-02 1.072247982025146484e+00
1.374336611479520798e-02 -2.840166911482810974e-02 1.137758731842041016e+00
1.883162930607795715e-02 -3.141710907220840454e-02 1.186833262443542480e+00
1.613118685781955719e-02 -3.249473869800567627e-02 1.179277896881103516e+00
2.327168919146060944e-02 -3.100336529314517975e-02 1.160091161727905273e+00
2.229738608002662659e-02 -3.114551119506359100e-02 1.166209459304809570e+00
1.639276370406150818e-02 -3.336510434746742249e-02 1.150995373725891113e+00
1.115926355123519897e-02 -3.962999582290649414e-02 1.102367877960205078e+00
9.744470939040184021e-03 -3.368579223752021790e-02 1.107706308364868164e+00
9.167511947453022003e-03 -2.989177405834197998e-02 1.137660980224609375e+00
1.421698741614818573e-02 -3.296603262424468994e-02 1.157211303710937500e+00
1.863145828247070312e-02 -3.200995922088623047e-02 1.140434741973876953e+00
2.449001558125019073e-02 -2.907430753111839294e-02 1.136137962341308594e+00
3.401607275009155273e-02 -2.412445843219757080e-02 1.114607810974121094e+00
3.766914084553718567e-02 -2.281842380762100220e-02 1.118559122085571289e+00
3.178608044981956482e-02 -2.507577091455459595e-02 1.171927094459533691e+00
2.438560687005519867e-02 -2.352720126509666443e-02 1.150205612182617188e+00
2.074057795107364655e-02 -1.846413500607013702e-02 1.116924405097961426e+00
1.816534250974655151e-02 -1.867895200848579407e-02 1.108592391014099121e+00
1.902376301586627960e-02 -2.688419818878173828e-02 1.081669211387634277e+00
2.234048768877983093e-02 -2.616073191165924072e-02 1.057514548301696777e+00
2.808222547173500061e-02 -2.659540437161922455e-02 1.080317735671997070e+00
3.575776144862174988e-02 -2.555911056697368622e-02 1.102563023567199707e+00
3.448377922177314758e-02 -1.775414869189262390e-02 1.080143451690673828e+00
3.650818020105361938e-02 -2.041650749742984772e-02 1.070590615272521973e+00
3.613356500864028931e-02 -2.625859528779983521e-02 1.059335112571716309e+00
3.250271454453468323e-02 -2.787867374718189240e-02 1.063516139984130859e+00
3.364546969532966614e-02 -2.995101734995841980e-02 1.109576582908630371e+00
3.402116894721984863e-02 -2.795368805527687073e-02 1.132992267608642578e+00
3.717814758419990540e-02 -2.936771512031555176e-02 1.117389321327209473e+00
3.694771975278854370e-02 -2.988236770033836365e-02 1.118142008781433105e+00
3.443940728902816772e-02 -3.853292390704154968e-02 1.154339909553527832e+00
2.050482481718063354e-02 -3.964656218886375427e-02 1.136116623878479004e+00
2.001157030463218689e-02 -3.635516762733459473e-02 1.134401917457580566e+00
1.873455569148063660e-02 -2.516713738441467285e-02 1.114133358001708984e+00
1.161952130496501923e-02 -2.474493347108364105e-02 1.061900615692138672e+00
4.955072887241840363e-03 -3.103285469114780426e-02 1.086341977119445801e+00
1.058789156377315521e-02 -3.250510245561599731e-02 1.122349381446838379e+00
1.639005355536937714e-02 -2.802464552223682404e-02 1.213871598243713379e+00
2.503861859440803528e-02 -2.251177839934825897e-02 1.285258889198303223e+00
2.848809212446212769e-02 -1.973155140876770020e-02 1.312774658203125000e+00
2.736960351467132568e-02 -1.921412348747253418e-02 1.271799325942993164e+00
2.087186835706233978e-02 -2.096297033131122589e-02 1.211500525474548340e+00
1.001377962529659271e-02 -2.388067729771137238e-02 1.184291481971740723e+00
1.162744499742984772e-02 -2.526012249290943146e-02 1.171096801757812500e+00
2.313499525189399719e-02 -3.210702911019325256e-02 1.146934866905212402e+00
2.600187808275222778e-02 -3.389320150017738342e-02 1.085679173469543457e+00
2.674186229705810547e-02 -3.276050835847854614e-02 1.062203288078308105e+00
2.556350082159042358e-02 -2.900008298456668854e-02 1.042995810508728027e+00
1.942051574587821960e-02 -2.599562518298625946e-02 1.021359443664550781e+00
2.246643044054508209e-02 -2.702303975820541382e-02 1.077401518821716309e+00
1.435839943587779999e-02 -2.739095687866210938e-02 1.129118680953979492e+00
1.914273761212825775e-02 -3.034025803208351135e-02 1.158010840415954590e+00
1.397009007632732391e-02 -2.831078507006168365e-02 1.172481179237365723e+00
1.795996166765689850e-02 -3.059486672282218933e-02 1.167772769927978516e+00
2.370715327560901642e-02 -2.570634707808494568e-02 1.137357950210571289e+00
1.889415457844734192e-02 -1.960476115345954895e-02 1.090714216232299805e+00
1.232788152992725372e-02 -1.350736990571022034e-02 1.051057577133178711e+00
1.235499233007431030e-02 -1.713880151510238647e-02 1.015576720237731934e+00
7.298195734620094299e-03 -1.415089238435029984e-02 1.052287817001342773e+00
5.697682499885559082e-03 -1.522440649569034576e-02 1.098546624183654785e+00
6.359877530485391617e-03 -1.483807153999805450e-02 1.098828673362731934e+00
1.581132598221302032e-02 -1.987925171852111816e-02 1.125470042228698730e+00
2.184147574007511139e-02 -2.347640693187713623e-02 1.147682189941406250e+00
2.659324184060096741e-02 -2.196658961474895477e-02 1.117345690727233887e+00
2.661605551838874817e-02 -1.944513991475105286e-02 1.101866245269775391e+00
2.288388647139072418e-02 -1.554025337100028992e-02 1.104511737823486328e+00
2.112263068556785583e-02 -1.455179695039987564e-02 1.097010612487792969e+00
8.011672645807266235e-03 -1.279488950967788696e-02 1.156412601470947266e+00
2.712117042392492294e-03 -4.053127486258745193e-03 1.215100884437561035e+00
-6.901388987898826599e-04 -2.267255913466215134e-04 1.218835830688476562e+00
-5.035000853240489960e-03 3.272016998380422592e-03 1.175924897193908691e+00
-9.343892335891723633e-03 -1.373883918859064579e-03 1.099361419677734375e+00
-1.517748460173606873e-02 -8.352629840373992920e-03 1.019965887069702148e+00
-1.606250368058681488e-02 -1.946621015667915344e-02 9.885819554328918457e-01
-1.367120631039142609e-02 -1.776755414903163910e-02 9.735248088836669922e-01
-6.094332318753004074e-03 -1.520744711160659790e-02 9.581356644630432129e-01
-7.511035539209842682e-03 -1.859314367175102234e-02 9.813646674156188965e-01
-1.104402169585227966e-02 -1.670130155980587006e-02 9.262436628341674805e-01
-1.147082727402448654e-02 -2.159998565912246704e-02 8.517538905143737793e-01
-1.006634533405303955e-02 -3.471243381500244141e-02 8.698857426643371582e-01
-1.360627263784408569e-02 -4.479726403951644897e-02 8.605535030364990234e-01
-1.524420734494924545e-02 -4.465436190366744995e-02 8.000778555870056152e-01
5.072113126516342163e-04 -3.756013885140419006e-02 7.003089785575866699e-01
4.700832534581422806e-03 -2.506146393716335297e-02 5.726737976074218750e-01
-8.531734347343444824e-04 -2.091825380921363831e-02 5.513387322425842285e-01
2.934387885034084320e-04 -1.246469002217054367e-02 5.940898060798645020e-01
-9.236014448106288910e-04 -1.305492315441370010e-02 6.132659316062927246e-01
3.947479184716939926e-03 -1.293382979929447174e-02 5.211507081985473633e-01
1.063668075948953629e-02 -2.864516898989677429e-02 5.079460740089416504e-01
-5.603288765996694565e-03 -3.433150798082351685e-02 5.370435714721679688e-01
-1.030459348112344742e-02 -3.745588287711143494e-02 6.954406499862670898e-01
-1.609800383448600769e-02 -3.026136010885238647e-02 7.158338427543640137e-01
-1.728368550539016724e-02 -2.951480448246002197e-02 7.151483297348022461e-01
-1.745498552918434143e-02 -2.929266542196273804e-02 5.971481800079345703e-01
-1.424350030720233917e-02 -3.883197903633117676e-02 4.866064488887786865e-01
-2.805972285568714142e-02 -3.181128203868865967e-02 4.707206189632415771e-01
-3.487848117947578430e-02 -3.476028889417648315e-02 6.503631472587585449e-01
-2.495896443724632263e-02 -4.458951950073242188e-02 7.449271082878112793e-01
-1.526479236781597137e-02 -4.959097504615783691e-02 8.831233382225036621e-01
-2.903906628489494324e-02 -5.089820548892021179e-02 8.843474984169006348e-01
-1.856840029358863831e-02 -6.175203248858451843e-02 8.689088821411132812e-01
-2.318381704390048981e-02 -4.484828561544418335e-02 7.586231231689453125e-01
-2.699265629053115845e-02 -3.558246418833732605e-02 6.978855729103088379e-01
-2.902615815401077271e-02 -2.106830477714538574e-02 6.432669162750244141e-01
-2.625519968569278717e-02 -1.622042246162891388e-02 5.024132132530212402e-01
-1.308307051658630371e-02 4.573251120746135712e-03 3.131618201732635498e-01
-1.270710211247205734e-02 -9.518473409116268158e-03 3.571618497371673584e-01
-1.852269098162651062e-02 -2.072750218212604523e-02 4.949180781841278076e-01
-3.130469098687171936e-02 3.215277567505836487e-03 5.663285255432128906e-01
-5.434497725218534470e-03 -1.247050985693931580e-02 7.886291742324829102e-01
1.664767041802406311e-04 -2.741332538425922394e-02 9.139443039894104004e-01
-8.565496653318405151e-03 -1.779493503272533417e-02 1.121143817901611328e+00
-1.557790860533714294e-02 -5.673606880009174347e-03 1.243566632270812988e+00
3.436432220041751862e-03 -6.418102420866489410e-03 1.196921706199645996e+00
1.570711471140384674e-02 -1.230623945593833923e-02 1.114951252937316895e+00
8.263871073722839355e-03 -1.637299731373786926e-02 1.036523342132568359e+00
3.646577708423137665e-03 -2.466272190213203430e-02 1.009437680244445801e+00
2.319100778549909592e-03 -2.019481733441352844e-02 1.012703418731689453e+00
1.705757528543472290e-02 -2.487532235682010651e-02 1.096996665000915527e+00
2.285403013229370117e-02 -3.413179516792297363e-02 1.107652068138122559e+00
1.975458487868309021e-02 -4.007956385612487793e-02 1.054962754249572754e+00
1.339758839458227158e-02 -4.238940775394439697e-02 1.070906162261962891e+00
1.740220934152603149e-02 -4.614559561014175415e-02 1.102913618087768555e+00
1.258454658091068268e-02 -5.236835777759552002e-02 1.111026287078857422e+00
9.175985120236873627e-03 -5.690346285700798035e-02 1.060979366302490234e+00
1.632115989923477173e-02 -5.265368521213531494e-02 1.012016296386718750e+00
1.043820846825838089e-02 -5.267495661973953247e-02 1.064806938171386719e+00
9.574654512107372284e-03 -5.095354467630386353e-02 1.068287611007690430e+00
9.906737133860588074e-03 -4.618591442704200745e-02 1.043178439140319824e+00
2.298911567777395248e-03 -4.040348529815673828e-02 9.939203858375549316e-01
1.094652153551578522e-02 -4.160051420331001282e-02 9.690670371055603027e-01
1.253214385360479355e-02 -3.681157156825065613e-02 9.051415324211120605e-01
5.737026222050189972e-04 -3.663227707147598267e-02 8.307440280914306641e-01
-2.521534450352191925e-03 -4.490134865045547485e-02 8.309322595596313477e-01
-1.050274353474378586e-02 -4.662515223026275635e-02 8.413965702056884766e-01
-8.207424543797969818e-03 -4.580477252602577209e-02 8.971272706985473633e-01
-1.013733074069023132e-02 -3.778668493032455444e-02 8.362838625907897949e-01
-1.900229975581169128e-02 -3.549365326762199402e-02 8.142773509025573730e-01
2.149971667677164078e-03 -3.627806529402732849e-02 8.435784578323364258e-01
-1.188154332339763641e-02 -2.849229425191879272e-02 8.690886497497558594e-01
-2.338084392249584198e-02 -2.479383908212184906e-02 9.752297401428222656e-01
-1.608181744813919067e-02 -3.590043634176254272e-02 9.257783293724060059e-01
-5.961848422884941101e-03 -4.371755197644233704e-02 9.183412194252014160e-01
-7.562906481325626373e-03 -3.333840146660804749e-02 9.225937724113464355e-01
-1.910445652902126312e-02 -1.953611895442008972e-02 8.230600953102111816e-01
-2.095763385295867920e-02 -1.244683191180229187e-02 7.898419499397277832e-01
-1.324825920164585114e-02 -2.009493298828601837e-02 8.020936846733093262e-01
-9.615916758775711060e-03 -2.189425751566886902e-02 8.063658475875854492e-01
-3.543673781678080559e-03 -1.808635145425796509e-02 7.941819429397583008e-01
-6.427952088415622711e-03 -1.738358847796916962e-02 7.825303077697753906e-01
-6.315676029771566391e-03 -2.635936625301837921e-02 8.196375966072082520e-01
8.082729764282703400e-04 -2.846313454210758209e-02 8.937624692916870117e-01
1.205767318606376648e-02 -4.198397696018218994e-02 9.038622975349426270e-01
1.442160690203309059e-03 -4.953443259000778198e-02 8.815339803695678711e-01
-1.293128542602062225e-02 -3.673063591122627258e-02 8.128837347030639648e-01
-1.699321903288364410e-02 -3.009510040283203125e-02 8.291224241256713867e-01
-1.483141910284757614e-02 -4.047371819615364075e-02 8.566276431083679199e-01
-1.376832649111747742e-02 -5.371687561273574829e-02 9.051733613014221191e-01
-7.908539846539497375e-03 -6.663493812084197998e-02 9.130961298942565918e-01
6.038802675902843475e-04 -6.405195593833923340e-02 8.037419915199279785e-01
1.986266579478979111e-03 -5.272389575839042664e-02 8.792013525962829590e-01
-7.411878556013107300e-03 -4.292025789618492126e-02 9.415596723556518555e-01
2.191923558712005615e-04 -4.302513226866722107e-02 9.859012365341186523e-01
2.355975098907947540e-03 -4.207252711057662964e-02 9.686387181282043457e-01
-7.367994170635938644e-03 -3.607618808746337891e-02 9.765730500221252441e-01
-1.281103026121854782e-02 -3.429056704044342041e-02 9.927985072135925293e-01
-1.566363498568534851e-02 -3.364737331867218018e-02 9.229815006256103516e-01
-1.149394270032644272e-02 -3.506679832935333252e-02 8.987579941749572754e-01
-6.339386105537414551e-03 -3.642652183771133423e-02 9.140472412109375000e-01
-9.190784767270088196e-03 -2.905496768653392792e-02 9.245802164077758789e-01
-2.116857841610908508e-02 -2.474862337112426758e-02 8.865309357643127441e-01
-2.430121973156929016e-02 -1.334832794964313507e-02 8.057919740676879883e-01
-2.547657303512096405e-02 -2.067943802103400230e-03 7.140066027641296387e-01
-2.178518101572990417e-02 -1.520463265478610992e-03 6.985938549041748047e-01
-2.261621505022048950e-02 -1.651077158749103546e-02 6.873605847358703613e-01
-1.611336693167686462e-02 -2.584465965628623962e-02 7.151764631271362305e-01
-1.970003917813301086e-02 -1.589511893689632416e-02 6.710984706878662109e-01
5.755731835961341858e-04 -1.131543517112731934e-02 6.107602715492248535e-01
4.816516302525997162e-03 -3.961308393627405167e-03 5.686109662055969238e-01
1.367902383208274841e-03 -1.014149747788906097e-02 6.673637032508850098e-01
1.215612888336181641e-02 -3.701214864850044250e-02 7.432575821876525879e-01
7.326982915401458740e-03 -3.932834416627883911e-02 7.486259341239929199e-01
1.855342183262109756e-03 -3.790534287691116333e-02 7.037965655326843262e-01
1.211076974868774414e-02 -2.903093770146369934e-02 6.172806024551391602e-01
2.177874930202960968e-02 -2.151534706354141235e-02 6.323832273483276367e-01
2.752488106489181519e-02 -2.996735088527202606e-02 6.988327503204345703e-01
1.899667829275131226e-02 -2.908209897577762604e-02 6.886484026908874512e-01
1.884742407128214836e-03 -1.904354058206081390e-02 6.269745230674743652e-01
7.386422948911786079e-04 -2.570688165724277496e-02 6.159190535545349121e-01
2.490501152351498604e-03 -3.797874972224235535e-02 6.231626272201538086e-01
-5.299466662108898163e-03 -4.765452072024345398e-02 6.157878041267395020e-01
-9.078481234610080719e-03 -2.316281385719776154e-02 6.174804568290710449e-01
-7.037924136966466904e-03 -1.038557477295398712e-02 6.096545457839965820e-01
-1.628447137773036957e-02 -2.160932496190071106e-02 6.344331502914428711e-01
-2.295083366334438324e-02 -3.436393663287162781e-02 6.298397779464721680e-01
-1.432353071868419647e-02 -2.239226177334785461e-02 6.910842657089233398e-01
-1.499154791235923767e-02 -1.838325150310993195e-02 7.429282665252685547e-01
-1.748344674706459045e-02 -1.988384500145912170e-02 7.233219146728515625e-01
-2.130747400224208832e-02 -2.454498223960399628e-02 7.041291594505310059e-01
-2.779140509665012360e-02 -2.778702601790428162e-02 6.216823458671569824e-01
-1.310482155531644821e-02 -3.749635070562362671e-02 6.145529747009277344e-01
-4.296964034438133240e-03 -2.976309135556221008e-02 6.802928447723388672e-01
-1.240712776780128479e-02 -1.508183032274246216e-02 7.430611848831176758e-01
-1.534795388579368591e-02 -1.357334479689598083e-02 6.300259828567504883e-01
-1.924167200922966003e-02 -9.507181122899055481e-03 7.096800208091735840e-01
-4.032788425683975220e-02 -4.025952890515327454e-02 8.039221763610839844e-01
-4.851977527141571045e-02 -3.732822835445404053e-02 7.763438820838928223e-01
-3.996200114488601685e-02 -1.411078311502933502e-02 7.648980021476745605e-01
-4.072457551956176758e-02 -1.338437944650650024e-02 8.455175757408142090e-01
-3.145192191004753113e-02 -2.297815121710300446e-02 9.088172316551208496e-01
-3.137113153934478760e-02 -2.178836055099964142e-02 9.348156452178955078e-01
-3.009195998311042786e-02 -2.142777852714061737e-02 9.473736882209777832e-01
-2.843691408634185791e-02 -2.207891456782817841e-02 9.576076269149780273e-01
-2.664911188185214996e-02 -1.938938349485397339e-02 9.139629602432250977e-01
-1.791147328913211823e-02 -1.520098280161619186e-02 8.522581458091735840e-01
-3.358633443713188171e-02 -6.768868770450353622e-03 8.060748577117919922e-01
-4.368766397237777710e-02 -1.309330761432647705e-02 8.173325061798095703e-01
-4.530289396643638611e-02 -3.062530048191547394e-02 9.035033583641052246e-01
-3.745403513312339783e-02 -3.714418038725852966e-02 9.626903533935546875e-01
-2.897950075566768646e-02 -2.954555302858352661e-02 9.498935937881469727e-01
-3.533887118101119995e-02 -1.509432122111320496e-02 8.047145605087280273e-01
-2.896921336650848389e-02 -1.002230774611234665e-02 8.935149908065795898e-01
-1.445897854864597321e-02 1.964479451999068260e-03 9.209408760070800781e-01
-2.038422040641307831e-02 1.570101827383041382e-03 9.488686919212341309e-01
-2.431678771972656250e-02 -1.450053229928016663e-02 9.913602471351623535e-01
-1.822528056800365448e-02 -2.092916332185268402e-02 9.063744544982910156e-01
-1.941816508769989014e-02 -1.043694280087947845e-02 8.607187867164611816e-01
-2.608884498476982117e-02 5.715223494917154312e-03 7.999656796455383301e-01
-2.262755297124385834e-02 8.870055899024009705e-04 7.599207758903503418e-01
-2.849315479397773743e-02 -6.024296395480632782e-03 8.442801237106323242e-01
-2.803663909435272217e-02 -1.538754813373088837e-02 9.985231757164001465e-01
-2.379713580012321472e-02 -1.690724492073059082e-02 1.064565777778625488e+00
-2.313084155321121216e-02 -1.318077184259891510e-02 1.039086222648620605e+00
-2.122388407588005066e-02 -1.511361449956893921e-02 1.098561286926269531e+00
-2.615799382328987122e-02 -2.445933222770690918e-02 1.127009510993957520e+00
-2.664729580283164978e-02 -2.517869137227535248e-02 1.157468914985656738e+00
-1.705121994018554688e-02 -2.485642582178115845e-02 1.089442729949951172e+00
-1.192232407629489899e-02 -2.532592788338661194e-02 1.013175249099731445e+00
-1.535911392420530319e-02 -2.844986319541931152e-02 8.520688414573669434e-01
-1.361022796481847763e-02 -2.298280969262123108e-02 7.655016779899597168e-01
1.205645594745874405e-02 -1.283970754593610764e-02 7.423844933509826660e-01
1.523604616522789001e-03 -8.716138079762458801e-03 8.355756402015686035e-01
-4.559076391160488129e-03 -3.710951190441846848e-03 8.372250199317932129e-01
-2.432665601372718811e-02 -7.916245609521865845e-03 8.558440804481506348e-01
-1.575093716382980347e-02 -9.954836219549179077e-03 8.430980443954467773e-01
-1.425335928797721863e-02 -1.309273112565279007e-02 8.292778730392456055e-01
-2.415512502193450928e-02 -4.120549187064170837e-03 7.834194302558898926e-01
-3.254506736993789673e-02 5.254997406154870987e-03 7.380472421646118164e-01
-1.977095007896423340e-02 2.163604134693741798e-03 7.027184963226318359e-01
-9.568348526954650879e-03 2.893350319936871529e-03 6.521481871604919434e-01
-1.510340068489313126e-02 -5.205132067203521729e-03 8.173172473907470703e-01
-1.645919680595397949e-02 -1.666878722608089447e-02 8.548293113708496094e-01
-1.939453557133674622e-02 -1.024009846150875092e-02 8.379478454589843750e-01
-1.769211143255233765e-02 -2.691979520022869110e-03 8.273209929466247559e-01
-1.421206258237361908e-02 -4.733972251415252686e-03 8.481887578964233398e-01
-1.658475771546363831e-02 -3.498051781207323074e-03 8.424517512321472168e-01
-1.335317455232143402e-02 2.298786770552396774e-03 7.807744741439819336e-01
-1.163615752011537552e-02 -1.872190274298191071e-03 8.106101751327514648e-01
-9.168290533125400543e-03 -1.469990890473127365e-02 9.219287037849426270e-01
-9.745562449097633362e-03 -2.065212838351726532e-02 9.654569029808044434e-01
-1.198791991919279099e-02 -2.039815485477447510e-02 9.638670682907104492e-01
-6.755223032087087631e-03 -3.024428524076938629e-02 1.004043698310852051e+00
1.461535692214965820e-03 -3.550476953387260437e-02 1.005197405815124512e+00
-3.769747912883758545e-03 -3.350813686847686768e-02 9.813811779022216797e-01
1.107903663069009781e-03 -3.750662878155708313e-02 9.886581897735595703e-01
6.532692816108465195e-03 -3.418955579400062561e-02 8.619315624237060547e-01
-6.143281236290931702e-03 -1.013152021914720535e-02 6.652837991714477539e-01
-1.324824616312980652e-02 3.463658504188060760e-03 6.556380987167358398e-01
2.787935547530651093e-03 -9.933928959071636200e-05 6.836183667182922363e-01
1.338175218552350998e-02 -1.586970686912536621e-02 7.216327190399169922e-01
6.422800943255424500e-03 -1.454108580946922302e-02 6.958986520767211914e-01
-1.196921244263648987e-02 -1.670324988663196564e-02 7.702993750572204590e-01
-2.780715189874172211e-02 -2.977747283875942230e-02 9.118207097053527832e-01
-1.530905254185199738e-02 -2.976823039352893829e-02 8.748669624328613281e-01
-2.628678455948829651e-03 -2.181972377002239227e-02 7.342163324356079102e-01
2.562539651989936829e-03 -1.688713394105434418e-02 8.539846539497375488e-01
-1.270280685275793076e-02 -7.782272528856992722e-03 8.131254911422729492e-01
9.360658936202526093e-03 -7.569151930510997772e-03 7.560833096504211426e-01
2.181128785014152527e-02 -6.412600167095661163e-03 7.432259917259216309e-01
1.273246482014656067e-02 -7.540320046246051788e-03 7.508233189582824707e-01
7.222683168947696686e-03 -5.251995287835597992e-03 7.576031684875488281e-01
2.464391477406024933e-02 -4.743880592286586761e-03 6.486331820487976074e-01
2.221618033945560455e-02 6.666569970548152924e-04 6.042608022689819336e-01
1.651815511286258698e-02 -1.859421841800212860e-03 7.214736342430114746e-01
1.460957713425159454e-02 -5.549109075218439102e-03 9.700067043304443359e-01
-1.484869513660669327e-03 -4.141742829233407974e-03 8.624858260154724121e-01
1.726693660020828247e-02 8.961334824562072754e-03 6.339076161384582520e-01
2.019536122679710388e-02 9.967184625566005707e-03 5.740419626235961914e-01
3.473629767540842295e-04 1.177594182081520557e-03 5.484802722930908203e-01
-6.736809853464365005e-03 3.064932301640510559e-03 5.119343996047973633e-01
-1.700303517282009125e-02 1.582056516781449318e-03 5.297383069992065430e-01
-1.967233978211879730e-02 1.443901681341230869e-03 5.549074411392211914e-01
-1.240239106118679047e-02 2.089004730805754662e-03 5.637390017509460449e-01
-1.135133113712072372e-02 2.873928286135196686e-03 5.557199120521545410e-01
-9.256039746105670929e-03 1.722460379824042320e-03 5.753762125968933105e-01
-7.149055600166320801e-03 4.650254268199205399e-03 6.086340546607971191e-01
-8.063996210694313049e-03 7.331903092563152313e-03 6.003955602645874023e-01
-6.493576336652040482e-03 8.219216950237751007e-03 6.180686354637145996e-01
1.201037783175706863e-02 -8.907346054911613464e-04 6.322067379951477051e-01
2.059480920433998108e-02 -5.698685068637132645e-03 6.521525979042053223e-01
2.264316380023956299e-02 -5.024077370762825012e-03 7.139323949813842773e-01
2.526685595512390137e-02 -4.829021170735359192e-03 6.996388435363769531e-01
2.262605354189872742e-03 -1.642734277993440628e-03 6.198720335960388184e-01
-9.669443592429161072e-03 -6.931846030056476593e-03 4.963223636150360107e-01
-1.234458573162555695e-02 8.021516259759664536e-04 5.305115580558776855e-01
-7.402927149087190628e-03 -2.929412527009844780e-03 5.736308097839355469e-01
-1.988641917705535889e-02 -2.929777372628450394e-03 6.220810413360595703e-01
-2.517576515674591064e-02 8.428400615230202675e-04 6.707232594490051270e-01
-2.198275551199913025e-02 1.339417882263660431e-03 6.846545338630676270e-01
-1.835346408188343048e-02 -1.874876907095313072e-03 6.513512730598449707e-01
-1.313508488237857819e-02 -1.628298545256257057e-03 5.970165729522705078e-01
-8.070586249232292175e-03 2.791895531117916107e-05 5.798476338386535645e-01
-7.671414874494075775e-03 1.386423478834331036e-03 5.769283771514892578e-01
-6.729179993271827698e-03 1.478535123169422150e-03 5.811822414398193359e-01
-6.116399075835943222e-03 1.477587153203785419e-03 5.847917795181274414e-01
-5.627662874758243561e-03 1.505139283835887909e-03 5.891355276107788086e-01
-5.536665674299001694e-03 1.531471614725887775e-03 5.946463942527770996e-01
-5.688422825187444687e-03 1.506468164734542370e-03 6.004705429077148438e-01
-6.010162644088268280e-03 1.623390824533998966e-03 6.057682037353515625e-01
-7.172569166868925095e-03 1.845158869400620461e-03 6.211509108543395996e-01
-8.605143055319786072e-03 1.391009427607059479e-04 6.287253499031066895e-01
-1.342501584440469742e-02 -1.191393239423632622e-03 6.441125869750976562e-01
-1.235022302716970444e-02 9.669952560216188431e-04 6.591404080390930176e-01
-3.987268544733524323e-03 3.337290603667497635e-03 6.350824832916259766e-01
-4.643214866518974304e-03 3.856928087770938873e-03 6.155673861503601074e-01
-2.476290101185441017e-03 -5.346274003386497498e-03 6.149653196334838867e-01
1.839599572122097015e-02 -6.133103743195533752e-04 7.269763350486755371e-01
2.339931204915046692e-02 2.586739137768745422e-04 7.587544918060302734e-01
8.355794474482536316e-03 8.108804933726787567e-03 8.054465651512145996e-01
-7.489000447094440460e-03 9.830398485064506531e-03 8.017043471336364746e-01
3.458919934928417206e-03 4.763582721352577209e-03 7.593210339546203613e-01
7.236994802951812744e-03 -2.101929858326911926e-03 7.300568222999572754e-01
2.421764656901359558e-05 -2.372625516727566719e-03 7.011668086051940918e-01
-2.519870642572641373e-03 -4.331583157181739807e-03 6.660289168357849121e-01
-1.015489688143134117e-04 -4.912375472486019135e-03 6.834043860435485840e-01
-1.445964444428682327e-03 -1.347647048532962799e-04 6.920132637023925781e-01
-3.671009792014956474e-03 2.180752344429492950e-03 6.676635742187500000e-01
-6.656693760305643082e-03 4.510466009378433228e-03 6.830454468727111816e-01
-4.025354050099849701e-03 1.011087931692600250e-02 6.732320189476013184e-01
1.936238608323037624e-03 9.731553494930267334e-03 6.455736756324768066e-01
7.516896352171897888e-03 6.914389319717884064e-03 6.330783963203430176e-01
8.080327883362770081e-03 -3.495868295431137085e-04 6.633657813072204590e-01
7.697329856455326080e-03 -6.009444594383239746e-03 7.035595178604125977e-01
7.543182000517845154e-03 -5.113288294523954391e-03 7.624768614768981934e-01
3.934331703931093216e-03 -6.020538974553346634e-03 7.411352396011352539e-01
2.489984035491943359e-04 -5.996857769787311554e-03 7.058790326118469238e-01
3.865374019369482994e-04 -6.491020321846008301e-03 6.750952601432800293e-01
8.577897096984088421e-04 -4.254321567714214325e-03 6.667240858078002930e-01
2.351347357034683228e-03 -1.010607462376356125e-03 6.986579895019531250e-01
6.210561376065015793e-03 1.495311735197901726e-03 7.492113709449768066e-01
3.591745859012007713e-03 1.658888068050146103e-03 7.896996140480041504e-01
7.964399643242359161e-03 -1.582374330610036850e-03 8.155077695846557617e-01
2.098321542143821716e-02 -3.469753079116344452e-03 8.104535937309265137e-01
2.753271162509918213e-02 3.526918590068817139e-05 7.784923911094665527e-01
2.908076904714107513e-02 -1.386507414281368256e-03 7.474390864372253418e-01
1.969165913760662079e-02 -8.061687462031841278e-03 7.263621091842651367e-01
1.201124954968690872e-02 -7.896875031292438507e-03 7.449488043785095215e-01
-1.037825178354978561e-02 -3.763502463698387146e-03 8.250960111618041992e-01
-4.325594753026962280e-03 -6.759727373719215393e-03 8.405196070671081543e-01
1.478007528930902481e-03 -1.217562146484851837e-02 7.835784554481506348e-01
8.072080090641975403e-04 -1.357653550803661346e-02 6.838883161544799805e-01
4.688206594437360764e-03 4.226001910865306854e-03 5.520412921905517578e-01
1.991176046431064606e-03 -3.387262113392353058e-04 5.203015208244323730e-01
4.374296404421329498e-03 -5.120916757732629776e-03 6.359239816665649414e-01
7.812269032001495361e-03 -5.553005728870630264e-03 6.373429894447326660e-01
1.231822185218334198e-02 -3.925616852939128876e-03 6.053117513656616211e-01
1.117008365690708160e-02 1.689235679805278778e-03 4.978015720844268799e-01
-2.366296481341123581e-03 1.147650182247161865e-02 3.782901167869567871e-01
-2.577433362603187561e-02 1.441483572125434875e-02 3.519428074359893799e-01
-2.800771221518516541e-02 -4.139648284763097763e-03 4.038704931735992432e-01
-8.900957182049751282e-03 -6.849196739494800568e-03 4.494419693946838379e-01
6.098425015807151794e-03 -1.312707364559173584e-02 4.459458589553833008e-01
-1.202421961352229118e-03 -2.663893252611160278e-02 5.602437257766723633e-01
-1.814032346010208130e-02 -1.549664977937936783e-02 6.917220354080200195e-01
-1.597178168594837189e-02 -4.550459794700145721e-03 7.100772261619567871e-01
-2.145681902766227722e-02 1.572759076952934265e-02 5.867903232574462891e-01
-1.339437440037727356e-02 7.880743592977523804e-03 5.567445158958435059e-01
-6.697201170027256012e-03 -2.130596339702606201e-02 5.865650177001953125e-01
-8.968633599579334259e-03 -3.087952546775341034e-02 6.088460087776184082e-01
-1.974515803158283234e-02 -1.841370202600955963e-02 6.780851483345031738e-01
-2.569523081183433533e-02 -5.899877287447452545e-03 5.781123638153076172e-01
-3.936725854873657227e-02 8.906085975468158722e-03 5.038886666297912598e-01
-2.996274456381797791e-02 -3.412914695218205452e-03 4.504749774932861328e-01
-1.632206328213214874e-02 -9.721059468574821949e-04 3.381149768829345703e-01
-1.932997256517410278e-02 3.696598112583160400e-03 2.700103223323822021e-01
-1.747344247996807098e-02 -1.165442727506160736e-02 3.544980585575103760e-01
-1.038286369293928146e-02 -2.368996851146221161e-02 4.778638780117034912e-01
2.213850384578108788e-03 -5.514388531446456909e-02 7.484771013259887695e-01
-1.894120499491691589e-02 -3.419203311204910278e-02 8.147377967834472656e-01
-2.740624174475669861e-02 -1.658351905643939972e-02 7.638531327247619629e-01
-1.906260848045349121e-02 -1.421979069709777832e-02 6.973090767860412598e-01
-1.890741288661956787e-02 -1.276361290365457535e-02 5.564034581184387207e-01
-4.135674331337213516e-03 -9.991703554987907410e-03 5.666360259056091309e-01
-4.055943340063095093e-03 -1.099710725247859955e-02 7.577307224273681641e-01
-1.338748354464769363e-02 -7.260208018124103546e-03 8.449752330780029297e-01
-3.354263491928577423e-03 -1.800396107137203217e-02 8.628854751586914062e-01
4.859881941229104996e-03 -2.956260181963443756e-02 9.437907338142395020e-01
8.062049746513366699e-03 -3.432716429233551025e-02 9.982962012290954590e-01
3.583410754799842834e-03 -2.876236848533153534e-02 9.875915050506591797e-01
-5.458155646920204163e-03 -3.360814228653907776e-02 1.049265623092651367e+00
-1.452134642750024796e-02 -1.897093281149864197e-02 1.070644736289978027e+00
-1.570815220475196838e-02 -1.466540526598691940e-02 1.013230085372924805e+00
-1.869683712720870972e-02 -2.438461035490036011e-02 9.081243276596069336e-01
-1.523559354245662689e-02 -1.777967624366283417e-02 7.068419456481933594e-01
-1.427157223224639893e-02 -2.325598709285259247e-02 7.670623064041137695e-01
-1.139266043901443481e-02 -3.281509876251220703e-02 8.527796268463134766e-01
-1.939799077808856964e-02 -3.299973905086517334e-02 1.027823209762573242e+00
-2.019296586513519287e-02 -3.131230548024177551e-02 1.031413674354553223e+00
-1.781936362385749817e-02 -1.799730025231838226e-02 1.065218091011047363e+00
-9.545243345201015472e-03 -1.479428075253963470e-02 9.843840599060058594e-01
-7.576199248433113098e-03 -2.925681695342063904e-02 9.627382159233093262e-01
4.667313303798437119e-03 -2.934702858328819275e-02 1.033756494522094727e+00
-9.622842189855873585e-04 -2.323935925960540771e-02 9.818215966224670410e-01
-7.417351007461547852e-03 -2.802377566695213318e-02 1.064459323883056641e+00
1.747902482748031616e-03 -3.086122497916221619e-02 1.114071249961853027e+00
-1.745579950511455536e-02 -2.270985394716262817e-02 1.169190883636474609e+00
-2.552947588264942169e-02 -2.597400546073913574e-02 1.090853691101074219e+00
-1.118019409477710724e-02 -3.561310470104217529e-02 9.947879910469055176e-01
-1.095695048570632935e-02 -3.679091855883598328e-02 9.353134036064147949e-01
-1.275524683296680450e-02 -2.245541289448738098e-02 1.014498353004455566e+00
-1.681493595242500305e-02 -2.838329970836639404e-02 1.094767451286315918e+00
-1.432125456631183624e-02 -2.377258054912090302e-02 1.075315833091735840e+00
-9.089453145861625671e-03 -1.750462874770164490e-02 9.877575039863586426e-01
-4.675019532442092896e-03 -1.783902198076248169e-02 9.384964108467102051e-01
-2.851049415767192841e-03 -1.923168078064918518e-02 8.990687131881713867e-01
-9.797506500035524368e-04 -5.523801315575838089e-03 8.169129490852355957e-01
-6.408725865185260773e-03 -1.712534576654434204e-02 8.840731978416442871e-01
-1.580176874995231628e-02 -1.731843687593936920e-02 1.093079805374145508e+00
-3.386651352047920227e-02 -2.715594694018363953e-02 1.117262363433837891e+00
-1.980891451239585876e-02 -3.484033793210983276e-02 1.102247953414916992e+00
-1.112804096192121506e-02 -4.575303941965103149e-02 1.154520034790039062e+00
-9.925529360771179199e-03 -3.305277228355407715e-02 1.134353876113891602e+00
-3.725373651832342148e-03 -2.654090523719787598e-02 1.045205235481262207e+00
1.310677034780383110e-03 -2.781108021736145020e-02 9.700680375099182129e-01
-1.117149181663990021e-02 -2.044348232448101044e-02 1.019392013549804688e+00
-1.722566224634647369e-02 -1.205885969102382660e-02 9.763848185539245605e-01
-5.276257172226905823e-03 -4.466771613806486130e-03 9.626092314720153809e-01
-6.874329876154661179e-03 -4.584141541272401810e-03 9.372252225875854492e-01
-5.829188972711563110e-03 -2.326067723333835602e-02 1.002891659736633301e+00
-3.018922172486782074e-03 -4.065464809536933899e-02 1.084877252578735352e+00
-6.309214979410171509e-03 -3.669521585106849670e-02 1.090484738349914551e+00
-5.518301855772733688e-03 -4.000337049365043640e-02 1.065568327903747559e+00
-1.677969843149185181e-02 -3.635048121213912964e-02 1.154238581657409668e+00
-1.973460242152214050e-02 -4.490527510643005371e-02 1.123800516128540039e+00
-2.056411281228065491e-02 -4.009368643164634705e-02 1.117858529090881348e+00
-2.359577454626560211e-02 -3.192828968167304993e-02 1.146917104721069336e+00
-2.100680768489837646e-02 -2.704504877328872681e-02 1.075085878372192383e+00
-1.488714478909969330e-02 -2.934787422418594360e-02 1.070598483085632324e+00
-1.838724315166473389e-02 -2.046145871281623840e-02 9.954314231872558594e-01
-2.371794730424880981e-02 -1.857949607074260712e-02 9.369430541992187500e-01
-2.882158756256103516e-02 -2.308855205774307251e-02 9.940841794013977051e-01
-1.823996379971504211e-02 -3.299430385231971741e-02 1.141824483871459961e+00
1.698689535260200500e-03 -3.941640630364418030e-02 1.153770804405212402e+00
-6.473935209214687347e-03 -4.074415937066078186e-02 1.128091692924499512e+00
3.367342753335833549e-03 -4.027352854609489441e-02 1.062985181808471680e+00
1.161375269293785095e-02 -3.236855939030647278e-02 1.073770403861999512e+00
-2.644103020429611206e-03 -2.863217517733573914e-02 1.165642023086547852e+00
-1.659240573644638062e-03 -4.461701959371566772e-02 1.127781987190246582e+00
-1.168634044006466866e-03 -4.513087496161460876e-02 1.043078303337097168e+00
-9.449953213334083557e-03 -3.910255432128906250e-02 9.753476977348327637e-01
-1.644237339496612549e-02 -2.479691430926322937e-02 9.931149482727050781e-01
-7.476184517145156860e-03 -1.572478748857975006e-02 1.134968876838684082e+00
-1.023955736309289932e-02 -2.372666634619235992e-02 1.206684112548828125e+00
-2.090140245854854584e-02 -3.006924130022525787e-02 1.203578829765319824e+00
-2.752007916569709778e-02 -2.704801782965660095e-02 1.078413248062133789e+00
-1.179565954953432083e-02 -2.548809163272380829e-02 1.048725247383117676e+00
-1.212594099342823029e-02 -3.439050912857055664e-02 1.078682065010070801e+00
-4.055155441164970398e-03 -3.285719826817512512e-02 1.065209984779357910e+00
3.222025465220212936e-03 -3.963249549269676208e-02 1.036345601081848145e+00
-8.587222546339035034e-03 -3.806027024984359741e-02 1.060346722602844238e+00
-1.802560687065124512e-02 -4.113882780075073242e-02 1.081436395645141602e+00
-1.778127066791057587e-02 -3.510574251413345337e-02 1.138955116271972656e+00
-1.935192011296749115e-02 -3.709259629249572754e-02 1.091714501380920410e+00
-2.117371931672096252e-02 -4.220009222626686096e-02 1.154567360877990723e+00
-1.848987676203250885e-02 -3.464580327272415161e-02 1.207432866096496582e+00
-1.572686806321144104e-02 -2.947459928691387177e-02 1.115129947662353516e+00
-2.445587702095508575e-02 -3.991596773266792297e-02 1.268726229667663574e+00
-1.448831334710121155e-02 -3.854254260659217834e-02 1.242228031158447266e+00
-2.061779797077178955e-02 -4.142613708972930908e-02 1.182338714599609375e+00
-2.121709845960140228e-02 -3.974248841404914856e-02 1.193372964859008789e+00
-1.064044889062643051e-02 -3.965433686971664429e-02 1.120906829833984375e+00
-8.120113052427768707e-03 -4.407877102494239807e-02 1.090987205505371094e+00
1.046780846081674099e-03 -3.282658383250236511e-02 1.045947670936584473e+00
1.648148056119680405e-03 -3.068480640649795532e-02 1.073709607124328613e+00
-1.818103017285466194e-03 -4.151539877057075500e-02 1.126666903495788574e+00
-6.706994958221912384e-03 -3.090039268136024475e-02 1.150799632072448730e+00
-1.241739373654127121e-02 -3.348660096526145935e-02 1.167933106422424316e+00
-1.531291380524635315e-02 -3.590852394700050354e-02 1.167224645614624023e+00
-2.426496334373950958e-02 -4.027952626347541809e-02 1.001755237579345703e+00
-2.724245190620422363e-02 -4.318111017346382141e-02 9.461125731468200684e-01
-6.934460252523422241e-03 -3.612113744020462036e-02 9.618420600891113281e-01
-3.357357345521450043e-03 -3.362898156046867371e-02 1.033806324005126953e+00
-8.883984759449958801e-03 -3.792123124003410339e-02 1.108066916465759277e+00
-1.069153379648923874e-02 -2.575172111392021179e-02 1.036642909049987793e+00
-2.372890710830688477e-02 -2.930952049791812897e-02 1.014234423637390137e+00
-2.586515992879867554e-02 -2.371236495673656464e-02 9.797407388687133789e-01
-2.073913067579269409e-02 -1.955466903746128082e-02 9.520801305770874023e-01
-1.304189302027225494e-02 -1.514743268489837646e-02 9.582870602607727051e-01
-1.034197676926851273e-02 -1.904980465769767761e-02 9.358129501342773438e-01
-1.452288776636123657e-02 -1.391029916703701019e-02 9.016742706298828125e-01
-1.650097966194152832e-02 -1.160873472690582275e-02 9.003933072090148926e-01
-1.221487112343311310e-02 -2.063339203596115112e-02 8.939710259437561035e-01
-2.105757780373096466e-02 -2.472922578454017639e-02 8.484882116317749023e-01
-9.314478375017642975e-03 -3.203153610229492188e-02 8.473674058914184570e-01
-6.888889707624912262e-03 -3.491962328553199768e-02 8.918923139572143555e-01
-7.266392931342124939e-03 -3.475220873951911926e-02 9.313806295394897461e-01
3.880849108099937439e-03 -4.607283324003219604e-02 1.054919719696044922e+00
-8.884877897799015045e-03 -2.679268270730972290e-02 1.056126832962036133e+00
-7.008342538028955460e-03 -3.792516887187957764e-02 1.090440273284912109e+00
-2.394526451826095581e-02 -4.348010569810867310e-02 1.090812325477600098e+00
-4.092811048030853271e-02 -5.190652981400489807e-02 1.002300381660461426e+00
-4.415832459926605225e-02 -5.224309861660003662e-02 9.304166436195373535e-01
-3.908090293407440186e-02 -5.677651613950729370e-02 9.894574880599975586e-01
-2.370583824813365936e-02 -6.241548061370849609e-02 1.080355048179626465e+00
-1.623988524079322815e-02 -5.715264007449150085e-02 1.071834802627563477e+00
-1.368161104619503021e-02 -6.291054189205169678e-02 9.898318648338317871e-01
-2.827362157404422760e-03 -6.556171178817749023e-02 9.237647056579589844e-01
-1.685879193246364594e-03 -5.829354375600814819e-02 9.752420783042907715e-01
-1.942296698689460754e-02 -3.939474374055862427e-02 9.486338496208190918e-01
-2.421772107481956482e-02 -2.997704595327377319e-02 8.529400825500488281e-01
-1.832480542361736298e-02 -1.891754940152168274e-02 7.769452333450317383e-01
-9.913402609527111053e-03 -1.303145475685596466e-02 7.116737961769104004e-01
-1.787666231393814087e-02 -3.597859293222427368e-03 7.141684293746948242e-01
-2.296011522412300110e-02 -1.001021359115839005e-03 6.841146349906921387e-01
-1.733205281198024750e-02 -9.846110828220844269e-03 6.404147148132324219e-01
-1.572954468429088593e-02 5.332351429387927055e-04 4.724007248878479004e-01
-2.493925392627716064e-02 2.028744667768478394e-03 4.143335223197937012e-01
-3.268348425626754761e-02 3.614220768213272095e-03 5.051149129867553711e-01
-1.779760350473225117e-03 -2.953216899186372757e-03 5.217797160148620605e-01
3.462039865553379059e-03 -7.242411375045776367e-04 4.470640718936920166e-01
-1.263312296941876411e-04 -1.098875887691974640e-02 5.439456105232238770e-01
-1.243514567613601685e-02 -1.825892180204391479e-02 6.190826296806335449e-01
3.169034607708454132e-04 -2.535525895655155182e-02 7.094986438751220703e-01
-2.199051901698112488e-02 -1.738185249269008636e-02 8.635954260826110840e-01
-1.087447907775640488e-02 -2.796395309269428253e-02 9.150885939598083496e-01
-1.546286884695291519e-02 -2.543775364756584167e-02 9.359654784202575684e-01
-2.435603179037570953e-02 -2.321533113718032837e-02 7.695313692092895508e-01
-1.381836645305156708e-02 -1.916588842868804932e-02 7.053539752960205078e-01
-1.828302070498466492e-02 -1.806913688778877258e-02 8.155683875083923340e-01
-2.827740646898746490e-02 -4.589879419654607773e-03 7.002677321434020996e-01
-4.535767436027526855e-02 -1.097292825579643250e-02 5.914127826690673828e-01
-4.514237865805625916e-02 -6.393685005605220795e-03 5.545421838760375977e-01
-2.018952369689941406e-02 -1.353256963193416595e-02 6.293199658393859863e-01
-1.075557526201009750e-02 -9.520087391138076782e-03 7.038669586181640625e-01
-1.670378632843494415e-02 4.281525500118732452e-03 5.498111248016357422e-01
-1.123393978923559189e-02 4.577728919684886932e-03 4.192758500576019287e-01
9.604741819202899933e-03 -1.326867472380399704e-02 4.172561168670654297e-01
-4.662712104618549347e-03 -1.814342662692070007e-02 4.725926816463470459e-01
-3.147912397980690002e-02 -5.741253495216369629e-03 4.771616756916046143e-01
-1.978717371821403503e-02 4.934943746775388718e-03 5.655868053436279297e-01
-2.621090412139892578e-02 -5.035788286477327347e-03 6.826672554016113281e-01
-2.836471237242221832e-02 -1.165815442800521851e-02 7.696387767791748047e-01
-3.006525337696075439e-02 -1.215988211333751678e-02 8.624094724655151367e-01
-3.040256164968013763e-02 -1.819132640957832336e-02 8.671209812164306641e-01
-3.071279078722000122e-02 -2.278974652290344238e-02 7.930998802185058594e-01
-2.629519626498222351e-02 -2.088754996657371521e-02 7.484296560287475586e-01
-2.726000919938087463e-02 -1.854261197149753571e-02 7.393304705619812012e-01
-2.655096724629402161e-02 -1.012557372450828552e-02 7.172992229461669922e-01
-1.998979598283767700e-02 7.025765255093574524e-03 7.434484958648681641e-01
-1.651985757052898407e-02 8.559412322938442230e-03 8.400771617889404297e-01
-1.744467765092849731e-02 2.148463390767574310e-03 7.993643879890441895e-01
-3.027991857379674911e-03 3.054731059819459915e-03 7.249625921249389648e-01
-2.028143499046564102e-04 1.197457220405340195e-02 8.643554449081420898e-01
-1.047368254512548447e-02 8.012047037482261658e-03 9.834599494934082031e-01
-1.224339939653873444e-02 3.230068366974592209e-03 9.660797119140625000e-01
-1.955093815922737122e-02 -1.266924198716878891e-03 9.621980190277099609e-01
-1.480253506451845169e-02 -6.782267242670059204e-03 9.868735671043395996e-01
-7.437665946781635284e-03 -7.389961741864681244e-03 9.549810290336608887e-01
-7.915706373751163483e-03 -6.136016920208930969e-03 9.261185526847839355e-01
-3.095489181578159332e-02 -1.119898632168769836e-02 8.766139149665832520e-01
-4.939326271414756775e-02 -1.035303808748722076e-02 8.330086469650268555e-01
-4.991750046610832214e-02 -2.286186907440423965e-03 8.183043599128723145e-01
-4.248317331075668335e-02 -6.673028692603111267e-04 8.947846889495849609e-01
-2.547668479382991791e-02 6.662912666797637939e-03 9.702331423759460449e-01
4.726036917418241501e-03 -1.081667281687259674e-02 1.014512538909912109e+00
7.351958192884922028e-03 -2.241929434239864349e-02 1.069393038749694824e+00
-3.725268878042697906e-03 -1.847704872488975525e-02 1.135027050971984863e+00
-2.154332585632801056e-02 -1.144177652895450592e-02 1.126680731773376465e+00
-2.463025785982608795e-02 -8.613402955234050751e-03 1.165771961212158203e+00
-1.241428218781948090e-02 -9.085202589631080627e-03 1.192251324653625488e+00
-2.726747840642929077e-02 -1.773094385862350464e-02 1.135352253913879395e+00
-3.460785746574401855e-02 -1.463717501610517502e-02 1.065052270889282227e+00
-2.315209247171878815e-02 -1.376872044056653976e-02 1.097913622856140137e+00
-1.323997043073177338e-02 -1.354791689664125443e-02 1.112378120422363281e+00
-1.247336249798536301e-02 -8.051281794905662537e-03 1.087139368057250977e+00
-6.008577533066272736e-03 3.112352686002850533e-03 1.109465122222900391e+00
-6.243653595447540283e-03 -6.024530157446861267e-04 1.095093846321105957e+00
-2.713749743998050690e-02 8.026561699807643890e-03 9.767729640007019043e-01
-3.171664103865623474e-02 9.560444392263889313e-03 9.849554300308227539e-01
-3.472444042563438416e-02 1.058963220566511154e-02 1.010024785995483398e+00
-3.326973319053649902e-02 8.713070303201675415e-03 1.041311383247375488e+00
-2.492588385939598083e-02 -3.594448789954185486e-04 1.023379802703857422e+00
-2.088197879493236542e-02 -7.455777376890182495e-03 9.489405155181884766e-01
-7.181326858699321747e-03 -1.662546396255493164e-02 9.390178322792053223e-01
-1.698816660791635513e-03 -1.648638024926185608e-02 9.612852334976196289e-01
-7.708199322223663330e-03 -1.141029596328735352e-02 8.894956111907958984e-01
-4.036750178784132004e-03 -3.863935358822345734e-03 8.339363932609558105e-01
-4.303761292248964310e-03 -2.982072997838258743e-03 8.385689258575439453e-01
-3.010810352861881256e-03 -2.370101632550358772e-03 8.545475602149963379e-01
-3.976107109338045120e-03 -5.343258380889892578e-04 8.272550702095031738e-01
-8.451199159026145935e-03 -5.725626833736896515e-04 8.233347535133361816e-01
-1.573250815272331238e-02 -1.832515932619571686e-03 8.212929368019104004e-01
-1.599176041781902313e-02 1.994405873119831085e-03 8.340849876403808594e-01
-1.917194761335849762e-02 -8.651567623019218445e-04 9.128435850143432617e-01
-3.330803662538528442e-02 2.691802103072404861e-03 9.710500836372375488e-01
-1.421003974974155426e-02 4.855506587773561478e-03 9.653407931327819824e-01
-7.509799674153327942e-03 -4.215619526803493500e-03 9.703862071037292480e-01
-4.230318590998649597e-04 -2.163936756551265717e-02 1.019977092742919922e+00
9.761963970959186554e-03 -1.702078059315681458e-02 1.030011653900146484e+00
2.308617904782295227e-02 -9.324979037046432495e-03 1.076600790023803711e+00
1.948062144219875336e-02 2.326132263988256454e-03 1.065700173377990723e+00
8.317402563989162445e-03 5.091981962323188782e-03 1.063937306404113770e+00
2.642559818923473358e-03 -8.273834828287363052e-04 1.007664918899536133e+00
4.600598476827144623e-03 -3.923033364117145538e-03 8.955717086791992188e-01
1.470331801101565361e-03 -1.117833890020847321e-02 8.680893182754516602e-01
-4.376914352178573608e-03 -2.002773806452751160e-02 8.803209662437438965e-01
-9.999422356486320496e-03 -1.917110942304134369e-02 8.872501850128173828e-01
-5.126668605953454971e-03 -1.222747564315795898e-02 8.484618663787841797e-01
-4.636447411030530930e-03 -1.359637244604527950e-03 7.876473069190979004e-01
-1.362190232612192631e-04 2.586488146334886551e-03 7.837913036346435547e-01
8.407004177570343018e-03 7.323447614908218384e-03 7.610803246498107910e-01
1.026030071079730988e-02 2.895121462643146515e-03 7.632511258125305176e-01
6.486880127340555191e-03 -8.522457443177700043e-03 7.676208615303039551e-01
-4.218579735606908798e-03 -1.768755540251731873e-02 7.841210961341857910e-01
-1.496384479105472565e-02 -1.531198248267173767e-02 7.971509695053100586e-01
-1.784456521272659302e-02 -1.518257986754179001e-02 8.317639827728271484e-01
-1.674552261829376221e-02 -3.058890812098979950e-03 8.623094558715820312e-01
-9.204052388668060303e-03 3.142680041491985321e-03 8.711287975311279297e-01
-1.715116086415946484e-03 -8.302894420921802521e-04 9.014664292335510254e-01
3.331862855702638626e-03 -7.635198067873716354e-03 9.192524552345275879e-01
-5.411768797785043716e-04 -7.777890190482139587e-03 9.111832380294799805e-01
-1.121838297694921494e-02 -3.182304557412862778e-03 9.081825613975524902e-01
-1.935286074876785278e-02 -4.172082059085369110e-03 9.505834579467773438e-01
-1.475426275283098221e-02 -7.461294997483491898e-03 9.757055640220642090e-01
-1.083678565919399261e-02 -1.812345348298549652e-03 9.418757557868957520e-01
9.425983298569917679e-04 -3.038954455405473709e-03 8.984713554382324219e-01
6.340622901916503906e-03 -6.539340596646070480e-03 8.890352845191955566e-01
7.015797309577465057e-03 -7.072950247675180435e-03 8.858029246330261230e-01
1.319067180156707764e-02 -1.238699816167354584e-02 8.670871257781982422e-01
1.793737336993217468e-02 -2.255376242101192474e-02 8.387761712074279785e-01
2.047186531126499176e-02 -2.589741349220275879e-02 7.842473983764648438e-01
2.133108675479888916e-02 -2.654787711799144745e-02 8.616620302200317383e-01
1.910501345992088318e-02 -3.241370618343353271e-02 9.567991495132446289e-01
1.693362370133399963e-02 -3.608601912856101990e-02 9.896060228347778320e-01
1.247142534703016281e-02 -2.878616563975811005e-02 9.978672862052917480e-01
2.927780151367187500e-04 -1.504708547145128250e-02 1.054527997970581055e+00
-8.773365989327430725e-03 -7.512251380831003189e-03 1.130280256271362305e+00
-2.012180909514427185e-02 -2.723764628171920776e-03 1.180651664733886719e+00
-1.467740163207054138e-02 2.097378019243478775e-03 1.251900553703308105e+00
-1.182326208800077438e-02 7.838262245059013367e-03 1.287601828575134277e+00
-3.103539347648620605e-05 6.143825594335794449e-03 1.244341611862182617e+00
3.161373548209667206e-03 2.944565378129482269e-03 1.221251487731933594e+00
3.518554382026195526e-03 1.359702553600072861e-03 1.200321316719055176e+00
-6.533796899020671844e-03 -5.609162617474794388e-03 1.170787334442138672e+00
-1.156136859208345413e-02 -4.835786763578653336e-03 1.111001491546630859e+00
-7.337905466556549072e-03 -8.212318643927574158e-03 1.036744117736816406e+00
-3.673623315989971161e-03 -1.080944575369358063e-02 9.289058446884155273e-01
1.391113968566060066e-03 -1.425563078373670578e-02 8.337655663490295410e-01
5.649277474731206894e-03 -1.497988775372505188e-02 7.406913638114929199e-01
5.875006318092346191e-04 -9.612893685698509216e-03 6.732678413391113281e-01
-5.775848869234323502e-03 -1.195744145661592484e-02 6.797230839729309082e-01
-9.404309093952178955e-03 -1.407636329531669617e-02 6.946867704391479492e-01
-1.083505898714065552e-02 -1.481821574270725250e-02 6.987251639366149902e-01
-6.150029599666595459e-03 -1.476029772311449051e-02 7.073184251785278320e-01
-5.376299843192100525e-03 -2.260042913258075714e-02 7.746653556823730469e-01
-3.299628617241978645e-03 -3.051080554723739624e-02 8.929548859596252441e-01
8.716837037354707718e-04 -3.372524678707122803e-02 9.372319579124450684e-01
1.840828452259302139e-03 -4.091356694698333740e-02 9.658530950546264648e-01
-8.202117169275879860e-04 -4.177736490964889526e-02 9.511774778366088867e-01
-1.425179303623735905e-03 -4.469508677721023560e-02 8.970133662223815918e-01
-4.929920192807912827e-03 -4.500488936901092529e-02 8.523737192153930664e-01
-4.449522122740745544e-03 -4.674270004034042358e-02 8.222934007644653320e-01
-5.694388411939144135e-03 -4.699082672595977783e-02 7.917454242706298828e-01
-9.250835515558719635e-03 -4.137029498815536499e-02 7.125706672668457031e-01
-1.273929141461849213e-02 -3.392062336206436157e-02 6.085556149482727051e-01
-1.055871509015560150e-02 -3.102716989815235138e-02 5.483337044715881348e-01
-6.376635283231735229e-03 -3.184846788644790649e-02 5.527800321578979492e-01
-8.462921716272830963e-03 -3.146295621991157532e-02 5.465086698532104492e-01
-1.155324466526508331e-02 -3.095727413892745972e-02 5.513680577278137207e-01
-1.120590418577194214e-02 -3.131519258022308350e-02 5.645435452461242676e-01
-1.389726437628269196e-02 -2.993614040315151215e-02 5.835497379302978516e-01
-1.985743269324302673e-02 -2.297345921397209167e-02 5.693259835243225098e-01
-2.740466780960559845e-02 -1.697393506765365601e-02 5.539425611495971680e-01
-3.712832182645797729e-02 -2.300535887479782104e-02 5.949661731719970703e-01
-4.307781159877777100e-02 -3.277486935257911682e-02 6.413046121597290039e-01
-4.029420018196105957e-02 -3.795918822288513184e-02 6.548348665237426758e-01
-3.596432507038116455e-02 -4.384086281061172485e-02 6.890796422958374023e-01
-3.643135353922843933e-02 -4.140930622816085815e-02 7.169122099876403809e-01
-3.984580188989639282e-02 -3.440246358513832092e-02 7.630150318145751953e-01
-3.731688857078552246e-02 -2.499251998960971832e-02 7.976632118225097656e-01
-3.414288163185119629e-02 -1.638473942875862122e-02 8.029930591583251953e-01
-3.490468487143516541e-02 -1.661359705030918121e-02 7.850643396377563477e-01
-3.581025078892707825e-02 -1.439723186194896698e-02 7.949085831642150879e-01
-3.802526742219924927e-02 -2.047821320593357086e-02 9.117797613143920898e-01
-3.459661081433296204e-02 -2.303307875990867615e-02 1.005494475364685059e+00
-2.499296888709068298e-02 -3.076157718896865845e-02 1.081096291542053223e+00
-1.150279212743043900e-02 -2.900705486536026001e-02 1.147195577621459961e+00
-1.057591289281845093e-03 -3.205204382538795471e-02 1.209492087364196777e+00
-7.242206484079360962e-03 -3.226326406002044678e-02 1.205882310867309570e+00
-1.927722990512847900e-02 -3.113097324967384338e-02 1.160787463188171387e+00
-1.931904256343841553e-02 -3.241719305515289307e-02 1.090727090835571289e+00
-3.436776623129844666e-02 -3.602980449795722961e-02 1.088419437408447266e+00
-2.264321781694889069e-02 -1.982151716947555542e-02 1.093864798545837402e+00
-3.786488901823759079e-03 -2.740108966827392578e-02 1.193180322647094727e+00
3.131657838821411133e-03 -3.963594883680343628e-02 1.267806768417358398e+00
3.969165496528148651e-03 -3.415794298052787781e-02 1.229405045509338379e+00
6.789133418351411819e-03 -3.483671694993972778e-02 1.151516556739807129e+00
2.298163995146751404e-02 -2.618071995675563812e-02 1.139205336570739746e+00
3.658135235309600830e-02 -1.124719809740781784e-02 1.116895794868469238e+00
3.919648751616477966e-02 7.362005300819873810e-03 1.025207877159118652e+00
3.427188098430633545e-02 1.832279749214649200e-02 9.596416354179382324e-01
2.341234870254993439e-02 2.857662923634052277e-02 9.379914402961730957e-01
1.704895682632923126e-02 3.483364358544349670e-02 9.451606273651123047e-01
3.045502584427595139e-03 3.330633044242858887e-02 8.857759237289428711e-01
-1.016368903219699860e-02 2.746493928134441376e-02 8.655295968055725098e-01
-1.118721161037683487e-02 1.348630804568529129e-02 9.234499931335449219e-01
-1.084665115922689438e-02 8.889530785381793976e-03 9.851459860801696777e-01
-1.030616741627454758e-02 1.067474391311407089e-02 9.961207509040832520e-01
-3.669718280434608459e-03 7.729085162281990051e-03 1.016699314117431641e+00
-4.072128795087337494e-03 6.240149028599262238e-03 1.052711367607116699e+00
-7.070080842822790146e-03 2.841899637132883072e-03 1.079795598983764648e+00
-7.792450021952390671e-03 -1.169177703559398651e-04 1.104404449462890625e+00
-6.095347460359334946e-03 -3.417848143726587296e-03 1.118509531021118164e+00
-3.658942412585020065e-03 -6.382374558597803116e-03 1.127050638198852539e+00
-1.620736438781023026e-03 -1.314669102430343628e-02 1.141705989837646484e+00
1.430251169949769974e-03 -1.608175784349441528e-02 1.149971723556518555e+00
1.594127621501684189e-03 -1.615871489048004150e-02 1.155323266983032227e+00
-4.096808843314647675e-04 -1.635509729385375977e-02 1.157828330993652344e+00
-1.102129463106393814e-03 -1.574205607175827026e-02 1.163321852684020996e+00
-8.085649460554122925e-04 -1.528749242424964905e-02 1.166589856147766113e+00
-2.300157211720943451e-04 -1.488499250262975693e-02 1.170328259468078613e+00
